-1.512567643368698
-0.636656943851104
-0.461153118693856
-0.681817317938431
-1.554207628494739
-0.465485872906526
0.065293252310319
-0.943073855749192
-0.362996104872654
-0.171865405875057
1.024106823361257
-0.108291937593556
0.388064810629887
0.620255422767081
1.142060708984461
-0.858260292916734
1.680738283443483
-0.795153628145970
0.351558248430741
0.974400046262991
-0.654015765225530
0.630656105661768
-0.616367066172538
0.031961358258840
0.715894329989302
-0.058403556447811
-1.112339784087178
-1.092345570039905
0.189245309898291
-0.881016974025591
-0.231890481901597
-0.849449860122399
-0.582970095334708
-0.287295175950496
-1.762802968439018
0.978181261626214
-0.288658415156137
-0.548807421287923
0.403678450957284
0.922883562049076
-0.240888744392982
-0.681559577734915
0.220333597655531
-1.167161535036014
0.477050105541137
-0.125631524307914
0.721115995644300
0.688797475857503
-0.745774544565565
1.651013049363442
-1.018137993590884
0.285517498446629
0.856819530260706
0.166214575088693
-0.208128266339898
1.268159603263091
1.711228899009352
0.369780663940734
0.552236512579481
2.251453588298102
0.008637188877105
0.739402212157753
-0.917181754249334
-0.743366069422283
0.701426889727435
1.459711753386938
-0.503739675629658
1.168282228157093
-0.810479506855124
-0.459884416093138
1.628515976471856
0.397801218907944
2.299187526208768
-0.318134342084208
1.366379745820308
-0.623912987311266
1.111875615044356
-1.173009944496918
-1.689152363028058
-0.190913688932327
-1.790077582091004
-0.195090423946959
-2.309407640544756
0.064070465918234
-0.685730127552965
-1.298221160505272
1.567906224763759
-1.643338853718926
-0.259970235417434
-0.105629560150667
0.464410407539485
-0.873843317933491
-0.362751610556856
-1.133280317949604
0.619206814369815
-0.994117608437034
0.952620663232138
0.551606067745714
-2.429208814104099
-0.466320556890618
1.069552046450613
-0.908300359449212
-0.386295900553048
-1.695362416895406
-0.304938762446177
0.429749247566900
-0.334179960526834
1.320472422725841
-1.683652150227362
1.546902391961802
-0.400659535497707
0.484654642851066
-1.367711929665169
0.769153110370460
-0.451687196752560
-1.296586291098368
-1.064839167806221
-0.102472318916877
-0.798609419083145
2.088625534033139
-1.234025060954155
1.871764907850719
1.920258999592130
0.266763581420306
-0.033168079363998
0.098004653317701
1.376639997986986
0.854471348008562
0.633910295141452
0.195059475530829
0.405592108340151
0.654434214181407
0.885291789136626
-0.612343175969148
-2.902006584458993
-2.075915617540372
-1.396058914313581
-2.614993278731658
-1.447209052790571
-0.791839366083542
0.708143777744218
0.417649751255932
0.784803333985418
0.637039365143851
1.701878967860444
1.244400354606561
1.339460814643488
2.150682956860182
-0.496597011250796
-0.939173948588146
-0.713695840910578
-0.979385783222344
-0.708346912336720
-2.682376135170029
-1.588770408470486
-2.536651083949234
0.033870708813611
-1.018499582889706
1.790487093157756
-0.414958363818047
0.660905042225922
0.361669871086466
0.917249221788689
-0.368327654995574
0.704600118305163
0.688893595135759
-1.198802235797750
0.406579049944836
-0.143822556248547
0.983137073724607
-0.900306661059731
-1.622182581339993
-0.822171375406297
-1.123463307601405
-2.295829294174824
-0.100006157009334
-0.377621123541232
0.867821145476835
-1.000655434636507
-0.361723694816774
0.181754449074009
-1.811019420607647
1.703070063713854
-0.239324429466918
-1.630926245795616
-1.008267997060077
-0.527490663347135
-0.233099124360684
-0.635261779534732
-1.447595320241420
0.737354861111051
0.229291562783108
-1.076679694369838
0.270328947277149
-0.218365481703571
-1.911276953415904
-1.342414375669586
0.257310335814000
1.019222155588658
0.980136934519016
1.767217998800060
-2.473150539730160
-2.170349045098587
-0.140072094330280
1.123674722506046
0.159392069125499
-0.062762643418649
0.723676498453915
0.157162631471728
-1.084578445438220
0.378144693527661
-0.594595284845686
-0.273584593767074
-1.741771114161569
-1.083832166585777
0.889728197115648
1.109566428661145
-1.147165615622164
-0.343395784018476
0.468033240680141
-0.211415872826080
0.882541535333783
0.232421967122539
-0.100520696569820
-0.459791955041029
-1.484383052800168
-1.265084235152812
-1.571964260488835
-0.525761229315100
-1.316883844659975
0.444383823824851
-0.445976109690238
-0.249610045451960
0.349516813347123
1.524399237238511
1.017257967062557
1.605905689999919
-0.987839939144868
-0.980928845974412
-0.406405730612256
-0.184150478425216
-0.470816419583956
-0.822574965310082
0.417097556716641
-1.159578350366961
0.168053422482523
-1.314871666870111
-2.402752849142693
-0.403975336117729
0.824563738768287
0.145713653502092
-1.753632572452244
-2.297411510183035
-0.599818077385826
0.155887540351526
0.554982699291806
-0.051234924548102
1.753233017586717
0.346691594548242
-0.827277172147105
0.871463450224440
-0.528150836839067
0.672465386185045
-0.337845594479007
-0.372865237456960
0.528859730526800
0.849652475770576
-1.082642703576682
-0.745315991565558
-0.673715915542531
-0.432488192127636
0.161751222128507
0.989330175240341
0.839670825623230
-1.536421524265336
-1.220515058553580
-0.051156469664546
0.908044741159504
-1.166359462425587
1.432497654005928
-0.240306511419422
-0.299508439607474
-0.488754539707390
-1.286305694130868
0.660625066211043
0.026802612780193
0.010985240166635
0.719876962748863
0.220917127675982
0.602131250656498
0.366138643586985
1.295518641244511
0.968593061169117
-0.402008558702696
-0.080484366535050
0.062860115325024
0.702645603947338
-0.616778187056541
-2.270720624075183
-1.431754892594700
-1.714365212831430
0.266990701435199
-0.346571704095021
1.365660588071375
1.441422934664669
2.338994536511538
1.351884869776517
1.096400403332051
0.612528208838955
1.606523501350227
0.388684480986510
-1.672768557946080
-0.931660856455429
-0.785126051657205
-0.764762571874286
0.128865181442721
-1.554890339159102
-0.008385219533425
-0.131227450123016
2.142282162633316
1.051680536160701
1.443607150375658
0.886660712822082
0.541773679382386
0.693726925327244
-0.473349208412509
-0.535055031931631
-2.473722886807150
-2.503982575499974
-1.999125992743371
-0.338770755570446
0.482642020666034
-0.979254717319744
-0.134839563161422
0.196291898418301
0.102144615196159
-2.128350192578480
-1.234262799323683
0.564466802569007
-1.174988374564365
-2.674457958039985
0.365834726544628
-0.859257455553665
-1.917399098124780
0.973176713911009
-1.059658005800722
0.709486027880709
0.677812722567127
-3.133864433517216
0.655885218789088
0.112133067609788
-0.003627317390418
-2.279193581943206
-0.453174533229279
-0.175467889990373
-0.259444519002658
-1.619390703728870
0.810261721940054
-0.197771953579705
1.014893639680253
0.974915772680748
0.175662939888300
0.570255353061132
-0.534667960557418
-1.433925640416418
-0.620470106219279
0.510791202194637
-0.534264487260073
0.271813378647764
-0.682290503758639
1.430169959595232
0.390412630183543
1.738115862419511
1.023656410085509
1.515894628432941
0.114623490158761
-1.062015992392539
-0.966722266210388
-1.487079577406549
-0.501021713454537
-2.066974092461394
-0.963311441210186
0.561074815468658
-0.149586206582196
1.679882071446790
2.395459713288547
3.269586842803239
2.556643321881494
3.899341011525818
1.129375712183827
0.778429144313769
0.319971817594282
0.134908584945612
-0.957685605111777
-3.675286335791299
-2.807043118945026
-0.601233793590379
-1.260000804563113
-0.250914939114912
0.987856043288065
2.209316036422983
2.380219576542891
1.544233130303548
2.653876283083989
2.900088064326739
2.704505982104249
3.167654977968186
1.077112794591662
-0.198687039302342
0.890870312958934
-1.857167786421335
-3.360555594231619
-1.635583603064662
-2.447207980957003
-1.572094698519036
-0.015300114329675
1.058270049788355
-2.109070998560250
2.167321154544106
0.555372206146345
2.526886769872251
0.480393323817039
1.517963986185706
-0.222772988000955
-0.643682742284645
-0.403174585624994
-0.029134037031781
-0.714714420732528
-1.918870010414011
-1.593014480136848
-1.689952415936289
-2.019403574383669
-0.178268049365056
-0.277453319162657
-0.033424290458696
0.387670154513001
1.187864107046616
0.658515443159581
2.910346211604458
0.441173041279828
0.712086243111569
-0.051021149776245
-0.303967465791499
-1.380204233254356
-1.184244593737511
-3.504932255767945
-2.901323244397883
-0.544147748468058
-1.555282567489441
-1.903537432177395
-2.001512165253507
0.326663574642001
0.216698545080519
-1.569302906026760
-0.954228057770517
2.475393831329783
1.346127319822891
0.307507866867792
0.500264920745230
0.060943612342506
2.302434163228615
-0.205453484105551
-0.681267059405518
-0.755703578048869
-2.002274890938344
-0.159820947348019
-1.358609059806636
1.755450246858461
1.099421995712731
0.688105826446814
0.303336718872852
1.769443056336038
0.265401220477774
0.699598938652625
2.105453260139095
-0.724711022897819
-0.305456614027477
-0.531831840726373
-1.455395409244273
-0.751668938154221
-0.006149309148499
0.385354201076965
0.707685515762251
-0.183812222802868
-0.199999258614493
-0.524334644461976
-0.556910438455852
0.643900828783532
-0.932707620036495
-0.190615040060638
1.140025510732568
1.778064999155674
1.310335972024414
2.750168225108049
1.416188279217820
1.434003402636712
1.129195902437976
1.663601510645082
-0.060219696418677
-2.114558005825569
-1.156365898001324
-0.213883336079877
-0.502876489764354
0.805987324371345
0.681366993475009
0.061781053102848
-1.148813688529907
0.391058880907580
-0.392371774632763
2.820181217307973
0.454937525672188
-0.829017183601559
0.818154526166989
-0.663057466903620
-0.161426281713168
-2.591368869282276
-1.041069236314634
-2.666047548899466
-1.175511802545290
-1.390022001022423
-1.534567464792810
1.410313877831443
1.002061729181510
0.607128025183794
1.697155884677544
1.569593493423143
0.960430931658252
1.189458842971124
-0.820525809508179
1.924268033124655
-0.973800455445798
-1.385879769696299
-1.256124644599661
-0.943814006734552
-0.702544682214928
-0.997584357775774
0.589228690678160
-2.309132684421405
-1.235792225086766
-0.592894296677674
0.724364115272967
1.917365988096512
1.208708854504396
0.421596605674139
0.103802096810741
2.016668447916386
0.025448142074526
0.091490017196998
-1.590549489030248
-2.629567921663618
0.319611770677086
-0.966482002465568
-1.660583128325573
-1.400956513861638
-2.457686790685227
-1.955616133930820
-1.323075131025230
-0.208881350514203
-1.336154047275359
-0.277997678982335
2.164831808579780
3.253821012155939
1.559410251702467
1.301581151436389
0.666165961053078
1.030295500823223
-1.063517444213560
-0.270241858135687
-0.466264523105483
-1.737569301410835
-1.251136336526249
-1.425440868204144
-0.766192825507123
-0.559144198811097
-1.819410108724813
-0.047221935598583
0.185328052669327
-0.236342749739421
0.350741559804042
-0.377302553097480
2.188609575964276
1.578491042257037
1.182390574533750
-1.327186743953259
-0.935899578285637
-0.025943112748969
0.795958884748149
0.709912069115624
-0.718751935625048
0.244970849977929
0.851808590499178
-0.826178898100926
-0.353154828561797
-0.124737998729377
-0.081806329149048
-1.132388622731001
0.192657258685689
0.124505807507685
0.999641929930241
2.212263155056748
0.684657547513223
2.459882901024588
-0.388117047430388
0.257317136733230
-0.035640454636150
-0.639391332894921
-1.410926782526089
-1.715748574668568
-3.264777163939097
-4.238362924524504
-0.895720658376293
-1.375217974166808
-1.165006256184916
0.423554532493805
0.456159218426501
1.098738242549392
1.601683039340868
1.426452726923135
2.620611318598410
2.697041974417928
2.089890575232068
1.962351657586590
0.954445043329128
-2.218898405242921
-1.971949564967904
-2.027229577681774
-3.068694980038022
-2.880311169643435
-2.756902571634936
-0.758981836240307
-0.435718107341610
-0.168122258596187
1.071188091090674
2.237102934374650
1.625831239151252
3.656628727509744
1.545604058899281
1.023365081215669
-0.310202770488686
-0.493302461812684
-1.684866706966579
-1.492669387064579
-2.153585760893975
-0.195337268081154
-1.409771887499430
-2.282620983664547
-0.318562695744164
0.282675064574935
-1.144423262611076
3.495748174290803
1.216529448852140
1.616607119719565
2.409983385793726
1.271372222993223
1.162381706713660
0.837628590316679
1.311257135402095
1.932496762594743
0.678974768808939
-1.357132355262197
-1.981749037079205
-1.176375506264702
-1.863213997415629
-1.582463411490338
-1.452454248543687
-0.955028554587928
-1.425489487220157
-1.636562068566214
1.582201104513523
2.359471174806772
1.316879419683412
3.113677769943312
2.463037235372540
1.845120123950325
2.068407761792698
0.409432182377399
0.106811106533469
-1.397772071247677
-1.725520936599652
-1.164789331132625
-1.542720933614756
-1.241030573270822
-2.533688677065132
-0.597916809033469
-0.771704105548459
0.791651552486706
2.409154976511947
0.876542068882503
1.585147192548339
1.230277506755219
1.490758725921672
1.442874823375790
1.039452245020258
-0.210640730017658
-0.873795696179270
-1.099734721975419
-2.601978568008452
-0.658538384647112
-1.187094945635883
0.077414857392562
-1.655113134424177
0.742166787606673
-0.231108097922783
1.232723353646699
1.276158113069126
0.460941676281495
1.312840670596864
0.265110899440936
0.490691407842494
-0.332210888933061
0.826455760148668
-0.900127872758053
-0.367719756875994
0.471094870504335
1.462800288932267
1.329690628009459
-1.063402357667920
-0.465461733687926
-0.843631595729686
-2.255857062775634
-1.149250998237644
-0.371011448005163
-2.014225917803078
1.388291476760639
-0.409309986214701
-0.333659277133274
0.404871142496722
-0.854186112352403
1.340006423828033
-0.669614948964752
-0.762537435856293
-1.685908842050152
-0.988488370569308
1.383626149415869
0.539447411618849
-1.131444315465293
-1.571205809468923
-0.219228719129667
0.295022553269615
0.645439737917253
-0.084437288880287
-1.253140383763420
0.428390226279996
-0.236347906770755
0.842527789637929
2.050827851497401
0.580277983711363
0.165648291158273
1.773525078014209
0.619951912082894
0.179415740177224
1.504166431315999
0.215989494018488
-0.046101454439901
-1.280286055512042
1.211412746547273
0.326335075589668
-0.289802192794718
-0.697947949847227
-0.126801396529031
-0.584183104281303
0.247832679733709
1.061957796761010
-0.906183021610222
0.487876133863651
-0.968092845537182
0.874685622380679
1.578523715730434
-1.103015445063939
-1.130841998579138
0.541623698117350
-1.740863146217347
0.255819532791970
0.219094831623585
-0.277578372514736
0.936112762779737
-0.575189582907993
-1.099770550053419
-0.256526846833470
0.670182565754507
1.321562379342658
0.424669893262972
0.539423279738796
-1.118735113054717
0.134867306253931
-2.414878132775549
1.008465866098255
-1.099163945709976
-1.869167020229900
-0.888090804536479
-0.455223357070386
-0.832953123992943
-2.999903673098864
-0.649575484526288
-1.041080523423492
-1.547220771470770
0.331118769538960
-0.286042140865498
0.207984952487768
1.330927407363555
-1.308214294925767
0.012943380500389
-0.394598756827325
-1.858076482559382
-1.715649230205389
0.200820770602101
-1.024005114162683
-0.579060357496217
-2.111854374985734
0.767817872723547
0.727204510105459
0.542571806792836
1.696571493421101
2.134584525917691
1.264476825126234
-0.838340922833707
2.017930438436934
-0.116857938617223
-1.569521221282230
-1.166878065079926
-1.903904708280816
-1.241029508764229
-1.476967539417847
-0.456846307359576
0.110428861720205
-1.808341876731335
-0.096092401656969
1.183411660423886
2.342365864225848
0.795168268530745
1.661260186017606
1.841799889617932
1.731898163481521
-0.812129608352412
0.923869342852509
-2.187773270012318
0.746895035605561
-2.336083209125798
-2.657148028087232
-1.919210375344100
-1.491387666933152
0.059897129051953
0.649920808470850
-0.157306023370951
2.955846489907981
2.604918873651633
1.265938122516483
-0.132913147147414
0.142898360876461
1.761683863333383
-1.048510980517400
-1.037977325017380
0.415871484014464
-1.730735046596820
-0.735616153810344
-2.065527879985192
-0.617172437043648
0.012905522999954
-0.498451812404618
0.768107687917200
2.502168224322729
2.508450248828742
1.736701578873842
1.160362922837795
2.585690801624597
-0.228093031633380
1.606260604290739
-0.905542759418464
-1.035896411729012
-2.751976885569904
-1.698669324734299
-2.590214446683502
-3.756872891837442
-0.571257611085549
-1.674740737669555
-2.218183734841419
-0.534618930176178
-0.302508631874850
1.592063126114405
1.124543731777589
-0.164347177929748
0.564627748857908
-1.024733716049946
0.930324506734794
0.549499509300452
-1.441803841781132
-1.269541517808116
-0.059211702496002
-3.342916153084419
-2.265894744970296
-1.371052887330481
0.364372747391623
-0.213529226774783
-0.171908605095191
-1.170602402397973
0.376012523684417
0.877713573942401
0.446596663830595
1.301572702871104
1.519174371214276
0.282431556258346
0.460908789801340
0.541266412207245
-0.446464727179681
-0.368616720185888
-0.747181731770477
-0.874699606296382
0.526974963392151
-1.068472153574633
-0.477705085258455
0.770994063266426
-0.776292126840381
-0.171813230962077
-0.919629144713911
1.140605176298890
-1.085055655229568
-1.274630681785592
-0.696385962950220
-0.868760590090450
-0.211337717116426
-0.039581277205219
-0.956378454134173
-0.785369211666000
0.239762167417072
1.539972932657348
-1.041829693234717
1.311093429090001
1.678119995590593
-0.634295030326842
0.643314345660663
2.547049749064258
0.351449417457985
1.193557885387698
-1.674124520369417
0.678880796995197
0.356695457909882
-1.051237369248402
0.092263427487853
0.560931540214792
-0.282937336045530
1.808150179107275
0.977874008752571
0.403542651570661
1.257861220418082
0.066194291547273
0.059112317679248
1.224681156350494
-0.042637713328262
-0.453314528367386
-0.589726079509260
1.256947036359348
-0.077241156339313
-1.052167037192147
0.474745989751326
0.465499268632072
0.413096458770961
0.549378566775626
1.746376224602831
0.566896491306135
0.838017338382597
2.281296907445013
0.773402178948724
1.508645732933377
0.262626485840119
0.443157455604025
-0.069766363610785
-1.258678166631476
-0.798020291861185
0.323904325907451
-1.873795667998915
-1.073969844989541
-1.130495425986180
0.108921936935305
-1.448990683196601
0.112891208392625
-0.382170099432735
-0.556047111856174
-0.627690021372543
0.134289281153244
-0.303529804815783
-1.450823700431275
0.764773687979015
0.795521936769457
0.682876198846341
1.467388610172618
0.300593207534309
-0.260505708402662
1.319563581488261
-1.252535824040040
-1.240117691929258
-1.390050292751003
-1.366202954268749
0.408010922217318
0.299837493686373
0.785518729201585
0.477932657552451
-1.026292046309817
0.904477695453872
0.636674888616727
2.702660201552505
1.184255736076286
1.387155766528590
1.342055886678534
0.123280899692595
-1.180955585183852
-2.100572147221272
-0.677719248446707
-2.973399956134976
-1.322199063971019
-0.788563638059615
0.259986727476033
0.414402027205943
0.498722168033561
-0.382503018173613
1.448528568946226
1.665588494924244
-0.244686397507422
1.768438252452676
0.925528205268195
1.257286743573276
-0.613323660190343
-0.382196008064016
-0.306605416800386
0.674108608188790
-1.392378065335274
-0.380235207042903
0.864882226984014
-2.433368380859570
0.757481359636027
-0.499589753052151
0.576973374034170
0.377055416320368
0.371470997280128
0.340567967658157
-0.994944403187826
-0.747488200549762
0.860165792854647
-0.038440290969514
-0.105641442246986
-1.086311795145763
-0.215863980387025
-1.042470757637353
-0.649527394229226
-0.829124371586088
0.076273708478124
-0.094821880045894
-0.674034523882529
0.308515929951544
-2.819634683034707
-0.298673941714243
-0.859104901374754
0.118622340175217
0.529238239982275
-0.789868699427654
0.737208734591835
0.301233207411646
-0.247571080166767
-0.120838708926724
0.468829324124513
-0.064555169963140
0.206843513897510
-2.340644101034981
-0.684950972833029
-1.653868351803266
-0.873893670101053
-2.037628058520828
-2.617617880890519
-0.510745837550841
-0.822262032429588
-0.074616692430705
-0.947201546973432
-0.125010799075731
-0.583297957223954
-0.462786002326609
-1.885216970444567
0.016896720015755
-0.312971359148662
-3.102507953164864
-1.746042161150035
-1.045013822310400
-0.550494575921615
0.359362560021634
-0.648889577832163
1.134764643582400
0.767655723733395
1.347548390044051
1.294105731609072
0.788706556606534
-1.157219629939526
-0.783844715938069
-2.856012485547671
-2.560059419026186
-0.019573053133104
1.817505571202445
0.812999294006709
1.563275652537133
0.396044101103547
0.984095497236572
0.472515791642262
-0.186834981843312
-3.810207204102818
-0.822539368608197
-1.845489343575516
-2.521956358666865
-0.202356543645963
-0.586442789804199
-0.169267718401130
0.120536560745010
-0.640168183719765
1.328147482142591
0.883274577698034
1.347784408518484
0.762047439904052
1.076827805111027
1.163781817792943
0.997600263140129
-1.507514155399553
-1.797319879234729
-2.328041134266744
-1.927525322987971
-2.837535265554596
-2.147634115352096
-0.214147575601164
-1.198404744356252
0.567400512882943
0.318689319022383
0.656186794117027
2.479109235196136
1.094038185953295
0.851681008849129
0.685246783193983
1.221942553150376
-0.812228362881587
-2.546311838554286
-2.341108989643141
-1.159269012769726
-3.163011920486816
-1.017862411789530
-1.860541029403778
-0.708043937297798
1.897468426914854
3.986649939296487
1.811001116921711
2.963703628840840
1.559857599429050
-0.083847411595978
2.137037461405515
-0.967445876799550
-1.212858783150410
-1.890013306466271
-1.219120396101669
-2.055050765913239
-2.659587073104928
1.103105131135903
0.001886257829788
-1.725791895302088
-0.715170098662710
0.471234384568067
1.707251789291743
1.813748673055151
0.900637777724939
2.459067867091818
-0.919669050642341
-0.442374717700510
-0.185726533885154
-1.103437381609949
-0.041150255070728
-0.704344184497443
0.412529745873189
-0.015343445067682
-0.980990406808527
0.427687737323650
-0.900879037404975
0.378761177480805
0.516195704840684
0.983572375494386
0.191079588619650
0.993656499843477
-0.483178209829198
-1.574874879740886
-0.432772292556964
-1.077558258651122
-0.729877343417338
-0.107180606178897
-0.459786371004044
0.107439782032000
-1.192491631455165
-0.439044281893093
-1.000191305119724
0.975672918006245
-1.635887086797263
-1.110094354541405
2.602954685215994
0.917376776342880
1.942105405635869
2.070693868683152
0.250475290853677
1.932258269196062
-0.237509489526366
-0.068573942746953
0.465686461071920
1.284731166966744
-1.050877802849883
-1.816067881567277
0.692386231356083
0.018516064690019
-1.030492940617932
-2.121033224990881
-1.705559138778743
0.153626251774586
-1.167063142067879
0.948122188788601
-1.040088012937924
0.361843079480684
1.444092553995483
-0.946806855985079
0.939357560189242
2.006321852097796
0.899246077450132
-0.085202049499652
1.358807681597243
-0.524297689456825
-0.596514055447736
0.884706411329766
-0.165811235608376
-0.814651248136207
-0.272449804595165
-1.270972060700837
-1.533125260626421
-1.465253376953854
1.136890954837053
-1.326892735522804
0.004146296644620
1.244414381089550
0.138059775882385
0.136486747999928
1.024495711422254
2.932736030049241
2.023432292055182
0.325301023061709
1.846978757838937
1.033039532780649
-0.217203574170827
-0.244263720004961
-1.217970460703905
-2.122372470765999
-1.997661216415778
-2.367744923086023
-0.550208463818590
-1.391964560768643
-1.518012655585014
-0.077278788932719
0.459680637015021
2.028583641986724
2.117668755783461
1.358787439965762
2.341301629994035
2.513318749898631
1.280215005399054
1.347258894940801
-0.520639217209173
1.329835452287816
-0.533085544288200
-1.674245764204433
-1.971215853890661
-1.746795386843159
-1.300615717347315
-0.542824008747549
-1.914075233517919
0.457271570963357
-1.334362645624332
3.361420707502935
3.220618562818463
1.828325870344373
1.707968156968108
0.776236964703757
-0.631904955508142
1.248527740850381
-0.554611011959476
-0.259734165356302
-2.138176988972261
-2.831248870007862
-1.895043636621911
-1.103645517107319
-1.615680352550675
-1.979452820172664
-0.165789560385221
-0.977672755397634
0.852605225998727
1.569096706329111
0.357519449471517
2.848082320960057
-0.029028092462704
0.450208207901872
1.406240628131506
0.720036114655339
0.658563869351798
-0.384022721117461
-0.817032005015184
0.374289548337468
1.110015639509044
-0.634148992417710
-1.157753050804598
-0.262964512338639
-1.116940444239907
-0.047799582670714
-0.887296941594259
-0.434272142009232
0.091961775944148
-0.878030163885493
-0.092875063753825
0.499244827647969
-0.214113343613680
1.775000696294334
-0.954570951133731
1.788453135868999
1.930086998977876
0.249891429017182
-1.536874350733334
-0.689266350926444
-0.369811489432980
0.225359387869824
0.523128087261389
0.151367733788036
-0.119531642546720
0.212408224341875
-0.588127224500065
-0.954395177592316
-0.686738097659152
0.346393368952986
1.925015953696976
1.088909390730540
0.648262208341133
-0.007522035700960
2.093329183374765
-1.003389748484257
-0.864273616103183
1.450953188476402
-1.748870568955892
-0.308492936005012
-0.362008640896555
-0.392321612217081
-1.198407770134448
-0.094101597310940
-1.507943656510712
0.275708215948652
0.773858326705895
1.482600453701093
2.324148553251467
-0.757320034843462
1.423453977967315
-0.164211327481444
-0.599909490796553
0.191118922648360
-1.560492988526168
-1.704605448250577
-1.075770625640774
-2.761444790208562
-1.125209155716392
0.764414641680547
-0.665178015279510
2.317046340222087
1.826088889471537
1.183381766528637
1.104176210701729
-0.022821055184386
-0.051392517136500
0.160602619195739
-0.485486967430382
-1.610265495859255
-1.498924895379303
-1.640725369344266
-2.003128985677312
-0.691425239919181
-0.857616781890536
1.154838986516303
1.053728798008683
2.377531582213574
2.034220974458443
1.427626446758274
2.521705599562649
1.894780456209742
0.059249922550856
-0.072254785836378
-2.420908947591579
0.088325429664848
-1.302877855929081
-2.701762306133185
-2.564228009337152
-1.206753125837513
-0.454691228662666
0.424503521530709
-0.766487594704737
2.374202917944328
2.704134173072744
1.937400319300605
2.449833997185000
1.174966243871253
0.373601485589052
-0.354358260307327
-1.829024735472103
-1.415689023682923
-2.958746872195765
-1.853160800481079
-2.423172142373672
-1.834056799065427
-0.973946136210532
-0.240302495403658
-1.371059062318830
0.199984829384551
1.947559341364616
-0.067890114402970
1.029461912720789
0.776201437875375
-0.120564483737042
-0.204100646220990
-0.551577463025030
-0.635711465133126
0.030662946217638
0.404417854797021
-0.197289460315446
-0.541776705980317
-2.033510202062822
-0.627222328573214
-1.091839639405795
-0.402599036958563
0.893279770003616
0.029923805952392
0.361705515896374
2.336510068023444
0.900339567916946
2.551091606569876
1.986741419005551
1.059434341477554
2.123181305307582
-0.205883707733412
-1.488223423612590
-0.412189422616649
-1.581715480638303
-1.679612905462618
-1.094720917360635
-2.570473115263028
-1.563730655356228
-1.414204546660020
0.847104160524796
0.921372156642091
-0.379675850796950
1.474676204857525
1.744087527445254
1.602059012386501
2.185551218899905
2.243790883552911
1.661908101186257
-0.518734105668394
-0.361734982465075
-1.404265465244918
-2.473328916580881
0.010762926196960
-0.081101478840081
-1.742737433709203
0.112625311408099
0.592403740062263
0.242431953451713
0.679591516114607
1.402890844648659
3.255830755021226
2.755484769332639
1.975294610319160
0.273943604087830
0.706412704628057
0.829079309361932
-0.161796355298706
-0.424753238955074
0.717597068282688
0.105621618486690
-1.166373470938679
0.842329792366937
0.928411050565866
-1.230431753156375
-0.513242177226964
-0.338956004078902
-0.047867832916418
-0.379429836242795
0.759743790267498
-1.473463809967644
-0.263334975277803
-0.871174333023718
0.006988491523499
0.009910366762675
-0.520282817185705
-1.367073187265667
0.885896608364366
1.016407899628549
-1.049670346186585
-0.220955256575548
-0.913148134694729
-1.787669381310677
-0.749975307968274
-0.925541388175318
-2.900783134496914
-0.145487996432736
-0.755176642644773
0.495809989303464
0.875652459993251
1.491376525307717
0.921603190488964
2.206096824748109
1.886249891738827
1.436394371251416
-1.128830176168973
-0.547266418430535
0.049580081871991
-1.794807498196680
-2.449024619789228
-2.528754449456739
-2.539502939233662
-3.383909848369762
-0.984168600475220
-2.074957662886066
-0.654033761763251
-1.425155879871469
1.590858332163450
1.139763487802395
1.667398131495374
2.494164295404302
1.696574213188278
0.682495269593431
1.333509044584985
-0.352491317434559
-0.911991074766766
-1.514653286452442
-1.382493538599037
-1.721243233202107
-2.902613710988413
-1.162628207389369
-1.335653261397412
-0.375026213829958
-0.114398149633979
1.875481633317484
2.778334518740033
0.384055704637242
2.476294947044485
2.357300284336153
1.313562106144601
1.320553796535322
-1.352042579229839
-1.262086557017992
-0.883502449367996
-3.161921854277396
-3.608114754921052
-2.048643157454115
-1.711717104012654
0.731772394814155
-0.067185565126255
0.006796809248667
-1.376394061007334
2.232378163580377
1.773986593789525
-0.113527044576525
-0.135780397329274
1.110615667857030
-1.341502532932505
-1.671868225035716
0.122767836006942
0.309509548187904
-1.701013215515621
-0.603582147167144
-0.941838016038599
-2.067258337506377
-0.818819334886863
-0.582739919893676
0.114502567445447
0.365243516579967
0.932969731434585
0.670620985611301
1.103286802916884
1.583627299283807
2.599308999206876
0.604912222350722
0.508925364508036
-1.087853851263850
-1.232727458700602
-0.793867871580928
1.135073567539395
-1.036513979179692
0.297089454367036
0.133392872881507
1.886984495069993
0.634555012646475
0.103526913830577
2.141775210213507
1.428765498836030
1.407973711327576
2.149300609210087
0.309046459643753
0.827910063664965
1.304445147642735
-0.887932971754074
-0.279587037858490
0.472021121151482
-0.659822330770743
-0.823493589776334
-2.380545384618056
-0.207203419944797
-0.526178316680100
-0.968539881919553
1.834131116218143
0.268485900164743
1.049935566364854
1.584651744748020
-0.275306735573664
0.378827225426578
-0.864066317703844
0.395454534922924
0.277018626339800
-0.274457711066091
0.409213778912001
-1.938093747082939
-1.855487245647478
-1.174749908899483
0.498462058632986
-1.184824540885336
-0.595304699017724
0.027314147920790
0.626835887603478
0.549406258046773
0.518072501452038
0.992353352420264
0.406694290191972
1.430797203571192
0.965505194956524
1.653126321573603
-0.363618142177916
0.066556272779026
-0.780242365798276
-1.632898091302994
-1.722109394466215
-0.123193027782132
0.096818953542945
0.619827427057608
-0.356817960675979
1.249384245018692
-0.093987227616275
1.129563530100769
2.225726329622409
0.971374026369124
0.231223909016626
-0.022148670743385
-0.522551139718790
-1.361046639365906
-2.736992450837644
-1.001663563910030
-1.610400328619672
-1.987866897159961
-0.785727108899999
0.085023451786798
-0.252624874167807
0.403485232510817
1.554336581852810
1.830164567168931
-0.305427725100672
0.452834169907433
1.397456048981188
0.245922521891275
-0.025389952656583
-0.672133211511778
-0.272682716799757
-3.165920088918520
-4.384009352748513
-1.017996174898725
0.257622522694165
-0.358427462976304
-0.498260216463805
1.767105270729639
0.259188789475166
1.196916128836297
1.527593030293660
1.912661225610657
0.602694827759750
-1.959692158608787
-0.372080895537932
-0.332313087537409
-2.790118481230683
-1.896451936784417
-1.641117279753523
-0.520939947439733
-0.099980734785636
0.189708809197199
-0.107941440526580
0.066030941342355
2.418334019989605
1.403713564967379
0.490897208557468
1.028673059954640
0.517606181680357
0.640365560658055
-0.330197149385674
-0.097832236613535
-0.552957347276875
-0.491891663683359
-0.885266942715174
-0.999959134454760
0.624602067830120
-1.590781035778954
0.865455105637429
-0.858954545979598
-1.035230030143798
-0.672074278926746
-0.833606850172006
0.183293014786857
0.105712873863085
-0.993215367372164
0.193571007316291
0.407481272459487
-0.282067592126926
-0.476453725095745
0.295224266901913
-0.999603821096992
-0.064600198562975
-0.058429893827471
-1.216124037143504
0.721014933599511
0.975671086222549
-0.072283725132397
0.175774407491094
2.013450760836976
0.201093865559769
1.687250925309332
0.890755823579214
-1.324053358471199
-0.557768080703364
-1.743906576425783
-2.143925962970738
-2.228763245262121
-0.951529715872755
-0.933110320980121
-1.861128265671612
-1.741491717329216
-1.517020500432709
-0.860624141432652
-0.025606138349539
0.079008338746814
2.116063782408103
-1.127365084068856
-0.305504331843128
-0.240059255704664
-0.371419973167866
-0.843493826230814
-0.349118743720636
-2.848490528188615
-1.149387196678756
-0.505378193492452
-1.062577715200498
-1.320489916485865
0.506355367929151
1.082402595925953
0.206086554646356
0.690967532280459
0.768796342444942
-1.699792868753536
1.477330080344209
0.300079492292659
1.292697721696590
0.366861695640374
-0.283258846589437
-0.042569439478796
-0.297755975383667
-2.193615200990090
0.402338908098467
-1.631067657501898
-0.464859760032235
-1.619134016960563
-1.277299807181608
-0.831108887583133
1.097804839904490
1.308310979622579
1.224799602066142
-0.061003476901803
0.033733098594858
-1.200164528283441
0.719412556371705
-0.550299405099968
-1.021661158823896
-1.400626941854348
-0.638180105696227
-0.177216008061007
0.732322319560884
-0.688205170822044
-0.272919416101656
0.648663555313558
-1.087283401866755
0.633073828742095
0.719507000193348
-0.744855597198364
0.991751289276938
1.498001475575216
0.625678159055046
-0.446023363382967
-0.907881792007537
-1.331711573821404
-1.285928627589449
0.362723184060933
-1.308704508573278
-0.333858785011264
-1.182135376273031
-0.597442465297019
0.398623199480655
-0.056742338356110
-2.244346943042030
1.753812857361748
-0.255262850205482
0.244835964243674
1.393022036636147
-1.675189182747518
-0.154869417820523
1.000364266318826
1.528876187044409
0.973860836611289
0.913090253015168
0.969494370337302
0.610503318547895
0.874889132335249
-0.820205441363291
-0.517229303562984
-0.026056038989945
-0.744727386953379
-1.783819364506337
0.934990088418930
0.460937333891427
1.945521376867689
0.490216108156899
1.423135987645770
1.649841579662267
2.033836819619027
0.829463517288872
0.445011086635198
-1.672637699415884
-1.154221996100241
-0.738271652094764
-1.816261678837070
-1.948080712067801
-0.331187811689404
-1.235074313379248
-1.762151251773191
-0.630613857690885
-0.701413457868721
-1.129105287458841
1.766307169667349
1.398166811710966
-0.159634396666690
-0.695695862059651
0.580445110659688
1.816679676803859
0.566399733775829
-0.553119798747928
-1.230483667897288
1.448237228668640
-0.813380337936829
0.036234290855895
-0.584118331624690
0.851908571439836
-0.713290329426038
-1.560320759471274
-0.842995293069497
0.003075179279151
0.836818864743448
-0.759356085061086
0.779088290183939
0.762535340941407
1.769744609935891
0.713682302302299
0.893677044954607
1.959037546603855
0.657381835520672
-0.361434297112065
1.515223571637417
-0.046770860333645
-2.195932933211452
-1.091309022491850
-1.208865132049577
-1.621213778115340
-0.937341442764831
-1.904253359496266
-0.320841688399760
-0.592453110233055
-0.570093236859809
0.542467911717065
1.500735059483551
-0.523128088831065
1.843219102650639
-0.837377241618038
-0.765601618599169
0.621365922982036
-1.102778275586878
-1.398450977518110
0.843036031157716
0.051378942215285
-0.175210767853442
-0.386617098257898
-0.380690034437849
-1.996669765027115
-1.685180124162371
-1.089222461288329
0.139278444876780
-1.916943980659116
1.000210352886060
0.595069318091675
-0.151850945043831
0.239001456299881
0.896487912752051
-1.233896366593363
2.082009973557795
0.889394116724450
1.561266556721828
-0.709913149861997
1.138659080313546
-0.419598507281179
-0.090632242187681
-0.556432262040333
-1.000238507964768
0.290300815763795
-0.369226292083699
0.129514020964204
1.230285559474863
1.243003053338891
-0.633602797008914
1.857347265554138
0.413928975907948
1.020711155887486
0.120729405382567
0.731504206688324
-0.191146879121519
1.030676257503197
-1.304108951940159
-0.605881741893476
-1.238927540081538
0.130704700675451
-1.829971751360367
0.051252253551993
0.142528050692325
0.767994665738899
-0.007158286911139
1.724469974281218
0.617065413238425
-1.290911821259315
-1.620492780337591
-1.900762217531621
-2.328977853950703
0.368369289760936
-1.735610431812531
-0.207433363873804
-0.846106643203638
0.626504445528664
0.491633666195534
1.156526379566249
-0.570742725873195
0.622788153925092
1.162641173389682
-0.116160320386113
-2.028318891970724
-2.435944566127562
-0.721869317785787
-2.598913143351184
-0.429186656844889
0.402243698569855
1.659644842353482
-0.007622936814340
-0.876979916197521
-0.291445162555708
-1.113001147787706
1.201174800625484
1.403169578979693
-0.489764996134860
0.754732069106816
-0.011871562307221
1.997902631858261
-0.346048355808411
1.032236001090259
1.353715645213626
-0.688568495266232
-0.718280195224234
0.114702301113468
-0.975801265223776
1.118308846442571
-3.235702404577702
-1.136469105872489
-0.858649052596607
1.109239855500600
0.456154069257973
0.939094245326813
2.582323456500058
1.266218649450689
2.132005821017703
1.080413899822368
2.227064560047021
2.347554279270645
0.335358814048477
0.036679939145236
-0.026058712500730
-0.307968980719728
-1.498273783741746
0.250051966828875
0.165906952869363
0.019812329764520
0.620247161661182
0.515121372648279
0.042940263072839
0.723975598617245
1.167868384875576
0.499635513625566
1.931858951218964
0.973497798245140
-1.162127045202913
0.641352679827348
-1.012756036103426
-1.662648517650978
-2.393939503716674
-2.572139109027153
-0.161825786857368
-2.729772659486527
0.032658565426470
1.227379695144856
0.623990596066671
1.634110549064936
-0.250228552847270
-0.089181007516103
1.233510382484944
1.241219437844634
0.265327681005260
-2.159207666305669
-2.118562683870990
-2.204437645080724
-2.769271598321717
-1.664619513181597
-0.694862161077682
0.224391317837763
-2.766605042996181
0.596920912876179
0.541304813734024
1.547411843242276
1.123870042850546
0.789062210250664
0.393071552226121
-0.343948064898772
-1.077215758106316
-0.955774490052825
-1.455818175581922
-1.333354492670085
-1.899247221597827
-2.208355727843182
-0.514499658468606
-1.756837275828481
-0.854831712619741
-0.141187341833088
-0.689136102725852
0.609222867874499
0.264144598318195
1.105135695346907
0.510639598890209
0.318686424619381
-0.099643168938030
3.697398907681487
0.736889694201436
-1.606735879078370
-1.331498251725223
-0.781945786558770
-3.115026208290638
-0.181557048376463
-1.552342938833906
-0.193876102086454
-0.996751427511484
0.066215330933672
-1.132165417165417
-0.377378271915938
-0.232910963194954
1.361505578228964
3.083750587138664
2.327348277583137
0.712452218679190
-0.286509586198576
-0.796131518403613
-0.872981676080628
-2.149964308501185
-3.611509711003588
-1.872920644263532
-1.391632423882485
-0.759355558941505
-1.494392523990145
0.291200553486265
-0.597103425454628
1.258886561962980
-0.272533037521915
0.360959832354675
1.067161684935627
-0.111487996730277
1.100325717262331
0.041622010727508
0.352226399794430
2.923286611485370
0.353958733461430
-1.999895947406637
1.028388337406097
-1.280514134299453
0.498049383703383
-0.330515572023175
-0.104054806056610
0.127045159892545
0.457062676526234
-0.150313979002822
0.958375818033434
-0.146122628824122
-0.317058021104340
1.382795564886233
0.588869134639116
0.619266962961547
-0.536038995730713
-0.493913353957267
0.225927229945927
0.259370968854622
-0.177553129959098
-1.030986913029162
-2.316505590400625
0.893269467378237
0.767737471840649
-0.645438398232034
-0.085166540070763
0.037211627657602
1.222052686920704
0.724546053318218
2.203743096279002
0.248174650115875
0.839864943208497
0.111603382373251
0.521933012650571
0.750760339138310
1.514310050071481
-1.727281591357741
-1.608883410406842
0.935690570396898
-0.886392106650494
-0.079618508921228
-0.133176024766514
-0.983679871404134
1.121229478879835
0.968813430496588
1.304983563155891
0.965667017536186
-0.264723166259068
-0.025883813047850
-1.003410772199235
0.557814510678594
0.000256454040347
-0.755248810649091
-2.276737487378458
-0.608210704193144
1.454082440188075
0.463748808521404
-1.378430826990615
0.047186848951147
-0.373458842126175
0.831178757428536
0.996364318670812
1.255003716898890
2.350463184563028
1.555925615668561
0.137808315591138
-1.259905198694256
-0.616332097233072
-1.086358491674742
-0.510114413274770
-1.206766536913971
-1.440918022941138
-0.125673290359744
-0.812992967044281
-0.542250960588039
-0.074544374950797
1.280263331335835
1.394284076587166
1.846584024686189
-0.217408737662510
1.344406048421573
-0.614359232420215
0.586449970919562
-0.617199119173739
-0.234648117315407
-0.331131220187074
-1.112142184448606
-0.789406919239169
-0.415111984972201
-1.610279659850190
0.367605070276909
-0.789364253107843
-0.013470573486026
0.694739567500731
1.686812166995730
1.357017783835162
0.680058080325461
0.004564725971505
0.919618040080841
0.334226589489151
1.234658369335959
0.295498836138317
-0.880446537972995
-0.792869893939353
-1.312669475868964
-1.164298379610314
-1.723356734529106
0.110807508579060
0.844137910842080
1.868265226103449
0.514356292619555
1.484610374593443
-0.170528149647525
-0.809839420062096
0.633204867636506
1.608643859098048
-1.374480803428703
-0.361843571169600
-1.251179223150583
-0.037629632233748
0.018799471229904
-0.902784339506616
0.364866383855341
-0.312183534354836
0.428276874549246
1.813075319647451
0.112889150118096
-0.080852641173764
1.466208571134471
0.043353463268792
0.419670389147115
-0.213241691677279
1.978844494463373
-0.196230321616749
1.197244649575441
-0.087788344014683
0.134529279978198
1.407653334935085
-1.609812519837137
0.416697805511313
-2.450216811724345
-0.870027102370578
-0.710937274960840
-0.341362656393062
0.430144409297894
-1.263773386608130
0.437794110858255
0.288478953886778
2.159887095631987
0.808684675779217
0.546900853723189
0.822771757483188
-0.865269246765853
-0.021684267664190
0.579958887684810
-0.632865327179368
-1.073019916263737
0.348850441525813
0.563806380142787
-0.999581705328144
1.089120410207637
-1.533781065592361
1.199658717230565
0.349783050640917
1.893568089654960
1.206600632590849
2.472318146898459
0.715197953535296
1.034547956494143
0.866138428881553
-1.014675046834893
-0.454174480329710
0.101449170755560
-0.917600955282123
-0.384260814919229
0.262195024481955
-1.089122256546255
0.690236036956438
1.431661304245397
0.281265137798879
0.604674498124945
-0.330578917956537
-1.007251704397272
-0.690217185335587
-0.756992121405752
-1.336993310104692
0.871123789692969
-0.561474653737887
1.288545655047825
1.518334989032490
-1.578303867750487
0.642351703303184
1.231101545640587
0.788848480610176
1.127979436808014
1.061883527932513
0.554262788325394
-1.032352317564930
-1.660840599099779
-1.103217564837148
-0.824460193524543
1.477625118958078
0.202462445317772
-0.364629278541716
0.547636958892432
-0.261390546537135
0.092869951453966
0.689004118875044
-0.732285744842686
-0.676606619729617
-2.026437526321983
-1.669933102575690
-1.024231448055288
-1.114787453009331
-2.232004579845661
-1.291405813102087
-0.322088355032765
-0.787461561383668
-0.892409805674381
1.102310442645356
2.084230676638059
0.515744356842061
-0.487135068754053
-0.329049681969518
0.111733399764711
0.453944924348232
-1.475459664262585
-2.572331635101912
-1.406898719133428
-0.944193381633112
-2.427631916762699
-1.640500696203251
-1.364636334728397
-1.117937204808028
-0.456964356658792
1.018851411665758
1.042127482711045
1.676826127237908
0.449868316671664
-0.976364033644344
-0.856191660872729
1.231384821590225
-1.400376466779001
-0.284987812391822
0.361843399620258
-2.263154706758411
-0.650690771250965
1.211468491183276
-0.279368148887204
-0.090611223470304
-1.996225616259319
1.264744139812722
0.419197248915223
0.164428621121427
1.418379123953176
2.066003250682391
0.963144745672950
1.919576545520683
1.194863446304285
2.671802567463738
3.004821256808082
1.090098950189453
0.921607248173112
0.459703631108755
0.719449530129530
1.233497570926067
-1.488096032010874
0.008762473461409
0.766359193518208
0.790749115676948
0.483817487975460
-0.539059972051879
0.434849910072053
0.990683147736724
1.008369693277249
0.762888993957943
0.628433630063318
0.246872210733374
0.621506472935297
0.314653393376793
-1.052634605443285
-1.285524341227331
-1.872900445006226
-0.260225901566320
-2.046154122598474
-1.429572797261681
-2.251336183671873
0.014445709133467
-1.270904629364302
-0.258741947112046
-0.685574578177643
-0.572168075451185
0.202974373958250
0.624445726102814
0.119292354287829
1.558131319309397
-1.844206901552736
-2.124808359882699
-3.046143049552484
-2.249567429844218
-1.494232341790448
-3.620832559281380
-3.202086674005774
-2.301809598423187
-1.196796742649557
-1.128430357363844
-0.241601049575961
0.392156668372959
0.821833136565288
1.529046734126023
1.168173545374827
1.191236586487949
0.329367860231350
-0.360971108836006
-1.340134517172480
-0.568750621371806
-1.620264757503792
-1.244240212120298
0.479847920042996
-0.281191693931357
-1.800573074060790
-1.677294768271211
0.298229725884238
-0.605959369057250
1.439100660342429
1.859921680560791
1.838525245173066
1.709449504417460
0.598712009281716
3.288202958101301
1.596308039377320
2.495065252643213
0.114673185636753
-1.500941227408182
0.503095999842196
-1.501231398696336
-0.003502281999303
-0.794200426706555
-0.361063565429533
-0.039578051416696
2.711485981791695
0.830185257381220
1.805663553597662
-0.012522501011904
1.506247087270408
1.382427974152852
0.358096205587466
0.630720388763671
-0.027207407594259
0.550991591895939
-1.068776968783208
1.289297254101502
-1.463457754370780
0.130263474756473
0.650681091111264
0.323670795123971
-0.137594840753732
0.921635823524117
0.466826585353476
1.580252508094584
-0.776939615073220
1.437049190475210
0.377406104997978
-0.465160364213139
0.531304832826766
1.165814430122787
1.515786281154697
-0.114843435444975
-1.664072601802445
-2.278965052693813
-0.779426492738437
-0.687921840414950
-0.207485094433440
-0.783223131728196
0.715902344416078
0.796741608887173
-0.677197553207635
1.075713812224524
0.484375608735390
-0.245353613512277
-0.487679793109946
0.264704635841722
-1.226915531639677
-0.077250408516708
-0.812894088297473
-0.835162504663438
-0.800748604018116
0.624486300838563
0.419266829992189
-1.436508355027770
-0.670924665768102
1.481966773081757
-0.438710019412052
0.807244842979743
0.557676362582603
-0.773469620507228
-0.429207971690566
0.149053820680248
1.403179299304737
-0.391696630526719
1.081662037524114
-0.574499163006396
-0.644385921608629
1.216076172522441
-0.746863384957660
-1.077724684022306
-1.603091386735013
0.679427619608877
-1.071904866426205
0.301546293601781
-0.133250172306145
-0.789606408994530
-1.277621548677801
1.193114241913723
1.378758433793954
0.870376771508999
0.688578219553918
-0.352046570234706
0.068012386921571
-3.286371334172917
0.732739733543919
-0.832270902460920
-0.633814699391145
-1.008289439015751
-1.537164702543805
-1.006353274257642
-0.383385994316600
0.236564541244904
1.084328412080297
1.019586779841280
1.458579896666920
1.382514237072219
1.776890552072816
-0.025821034814507
0.248852511810250
-0.486866584817639
-0.798030998027425
-2.484962232984291
-1.523054717900042
-1.025954355423817
-0.600077634067979
-0.814710576890886
-0.819799956398269
0.765251614603140
-2.036328520536763
-0.882034360100845
1.667565949478833
-1.063183471140000
0.425203601475095
1.062254270298487
-0.733567102921312
-1.218125308808236
-0.884023472841783
-1.299507069179018
-0.514661483612660
-1.995670829384800
-0.764017133954989
-0.582886324388890
0.425088705176316
-0.749099139514394
0.248915319653006
-1.090857234238388
0.558172917811585
0.713215787663573
-0.695832579362451
2.466516686314804
1.494683096406924
-1.116294063202838
1.086887559003489
1.452556850873318
2.197820466163505
-0.002563332212250
0.372104298814719
-0.935102432363478
-0.344170721674588
-0.179713149888391
-1.480156515883553
-2.035015142940045
-1.445904273121876
-1.222222898935011
-0.930866093489630
-0.105177416793119
-0.445031026030792
-1.634248821584456
0.422040991416131
-1.129983023068884
0.274703080662961
-0.144660733138947
-0.237736096753207
-0.202838860973613
1.284455844618601
0.518180450198608
-2.153778109885346
1.397702470145080
-0.227614514052956
-1.097009601127742
-0.252166342907279
-0.571321911912614
-0.515719850261836
-1.579728826618103
-0.422343598798886
-0.512428475156158
-0.036889974378157
-0.146492224439529
-0.842573278539812
-0.836939166619090
1.363899149583676
1.856083380780563
-0.133631678902151
0.492766221605632
-0.082432392742084
-1.795028562159980
-0.212490213611606
0.066405126461646
0.956282283828150
0.038179463171871
0.277904368504755
-0.097790237199804
0.197903534716743
-1.260801279500586
-0.441375971995817
-0.649556687935139
-1.435041436363267
-0.438666462694147
-1.410442795743867
-0.795372747339074
0.769568096786288
0.094193762785260
1.145816327225152
1.903627073112306
1.994851681107402
1.912838412168064
0.479901817006927
-0.752240474948256
-0.765420920140588
-2.256396107798132
-1.720163758357147
-1.474957157333417
-1.336438855971283
-2.040253802837760
-2.414399476289875
-0.579564398677056
-1.546896570233852
-0.248383488033656
0.052666623762730
0.633190843617455
3.052636852981260
0.717716230317891
0.299210914035882
0.242683510343680
0.438576408434999
0.333474632936931
0.080690388492931
0.473409740198199
-0.997438896282894
-1.120791363420093
-0.467428209089958
-2.952650823052474
-2.397986418916918
-0.213784502128193
0.018870923123890
-0.609138510376633
0.244702929831279
2.527878103043259
1.212506434385995
1.906370139352316
0.934320096614602
0.267484774248798
0.950253561886443
0.748190337600694
-0.939095458715745
-0.396380724353883
-1.800195849665336
-1.556332402217067
-2.006849837947302
-1.820903822159895
-2.031015517681134
-0.931846468432852
0.103706463948896
0.602380546757619
0.835794799977165
1.113723609283487
2.789590454701131
0.739076694488548
1.657684801398015
1.737841170709979
0.149599861503575
-0.570122567757153
-0.539090846128741
-0.460077894416626
0.990268606047806
-1.498185093823536
-0.612684047228790
-0.226165095893270
-1.265207343999170
2.044048280843373
1.548483300866628
1.584096294845361
-0.460414818977180
0.579599722389330
-0.531314146010602
-0.990152328941906
0.751424351170646
1.418210030801709
0.334007768306333
1.319827568711230
0.407986059405772
2.035799537936263
2.583945034294186
0.221668965825246
1.664380573516738
-0.040587035159899
0.977987087089240
-0.677359542720998
-0.165594176197417
-2.916904381768971
-0.466194561141920
-0.273621785613623
0.768872496370472
-0.669345742025867
1.485322409886472
1.927819972581585
0.237610606013152
1.102696266335895
2.513644404542641
1.298691111216342
0.439293582956641
-0.218656786532425
-2.037665283013181
-1.123656497306716
-0.281786544768333
-0.666594533318862
-1.410605948319149
-2.007934114778704
-0.469173373327185
-0.805652372456418
-0.659305293114842
0.063600996407761
0.154515846566425
0.937010248968248
0.282596543010963
1.071352331979770
0.464005980286346
1.236488083973890
1.209456065926845
1.788283989541283
-0.647884006078483
-0.125975297809146
-1.626419270816176
-1.330901715132367
-0.647601957719063
-2.126135920505413
-1.011947801202719
-1.020217172531846
0.492330045230799
0.848721432336572
1.557322977620140
0.244410421922125
2.401759126537085
0.269512307737080
3.241948821903131
1.953954040857125
2.528444616465672
1.614290858376209
1.312708795852435
0.949272579265549
1.332768750566800
-1.578823201024582
-2.066732901913091
-0.532861409335073
-2.219722467600422
-1.060678225203351
-0.104238367800928
-1.940107168570704
-0.686434612158513
-0.227358969498227
-0.822078062535647
-0.243290688329244
0.184075979692837
-0.109162563520460
-1.083225413245374
-0.215661139857816
0.126835222916296
-0.962038911219346
0.508651025147337
-0.612642250047042
-0.800810767495042
-0.879655996449714
-2.501348371459478
-0.677308930411569
-0.901734301951713
-0.755875247122997
-1.006286052488908
-0.200814296077480
1.100801602002947
1.074490933184114
1.153369066191402
0.479452322820639
2.216551044867378
3.647533491706626
1.779392035069544
0.716488886775917
-0.685061541824768
-1.261950418257339
-2.096728966816930
-2.564350276992471
-2.995249513171023
-2.442909946659195
-2.515277080135793
0.278152956493477
0.546316089777064
0.291371215524501
1.409823723243443
2.636175113765612
2.099544037243665
1.472170145272310
1.376499780376713
1.146572499254475
-0.784161888862309
-0.421512712405481
-0.913716122796685
-0.092184863854653
-2.473508098451078
-2.784930566557026
-0.873519597442902
-1.038311343950201
0.873058479825497
1.146298253621699
0.599188841207939
0.534049773829393
0.408528454258761
1.910555497341343
1.260646401561439
0.281657465624370
-0.419791724754187
0.465715103887303
0.956827616027262
-1.253523867558002
-1.531254360036590
0.142136178745153
-1.901986522806034
-1.997106020760370
-2.223069396130471
-2.646555270890805
-1.889046663540342
-2.305824868228648
-1.183767533789594
1.219213400890776
0.497045491497978
0.314241534758913
1.198123220357033
2.246621422015129
0.768342809878016
-1.493249980482076
0.932661703513554
-0.456322269013094
0.022471560218727
-1.001971439007938
-1.893553433627176
-1.318667245065091
-0.494002592900189
-1.657614413408947
-2.534695084447023
-0.786894366193330
-0.157677505393636
1.293660968702159
2.636726368878905
3.642140404027624
1.244059465165368
2.263932235501116
0.383215806968530
0.914483032153006
-0.816460669671690
-1.772882446969366
-2.439825902735568
-2.426790751112181
-4.812978813230449
-2.705934981412601
-1.447995423975852
-0.949639278878679
0.350445516014488
1.678508664137363
1.737161338860604
0.899495387602824
0.966980485875510
0.007813376029527
0.620898815146411
-0.834527144280263
0.616530779946699
-1.335013447799478
-1.060420226772285
-1.702088318843137
-0.681778152100326
0.218921162997228
-0.139943437961612
-0.244727300569969
0.009606523327249
1.790257096004439
3.243262914305093
0.319764596623383
1.463795499447284
-0.497191902402251
0.787480742748962
-0.541666023712054
0.322903227500157
-0.738479901237818
0.883428348593734
-0.973112871558976
-0.939937950029913
-0.042672034884142
0.066965744410602
-1.069024343657709
-0.148924295168925
2.267760125577657
1.497156456468901
0.023011777159423
0.928710055566290
-0.920762466155046
1.416293749851682
0.219244762891256
-0.615719590933532
-1.649482055384016
-1.523775655145046
-0.637008487552382
-2.141716772049704
-0.361313784163045
-0.973638002295441
-2.084298437653779
-1.533004044414256
0.413996069438963
-0.229252868226506
-0.312904954885696
1.233950273857868
-0.726065780431895
0.005074571613864
-0.164664908950333
-2.054295231751593
-0.141397808622810
-0.524102306307601
-0.006020125363451
-1.637833591762864
-1.125558198031053
-1.656400717120014
-1.373970532736041
-0.790352299750718
-1.018496369888320
-1.836040013092167
-0.217689868974612
-0.885082552020250
-0.125869006170191
2.740031538038351
1.317373104465960
1.199605635055641
3.214880418422937
0.134605544657396
0.338793076031567
-0.749684031711416
-1.492059950228149
-0.482021517202131
-2.345428847325064
-1.031543310381933
-1.121523769373656
-0.360523090986194
1.179055113151373
1.462114257128414
2.145996547871752
0.642399054601432
2.064256532094024
2.984968577512565
1.663998612264172
0.863892422556160
0.813054858835934
-0.019206563196644
0.572044491324401
-2.693296373727790
-2.131267204613541
-1.532341456415507
-1.102528066248122
-0.898138065448062
-1.093711228177262
-0.243472376012112
1.384204010056860
0.356564991878540
2.002628164670162
3.081469702083503
1.175175914659957
1.267657407001649
1.607890690855701
-0.290937838945794
-0.395544638375725
-0.140659534983710
0.374991578364490
-1.760868720727584
-1.436665032677099
-1.318180664873767
-2.496619375512438
-0.146790546677936
-0.358729895801313
-1.267999497390868
-1.076802315580174
0.722586314475346
0.927171171143931
-0.654521494464266
1.739600582937516
0.334884222360965
-0.683665728825087
-1.022988772466538
-0.501163356974305
-2.180654320076043
-0.345007135124364
-1.590833444615332
-1.403989873578983
-1.334117859994119
-1.518893931411101
-1.424122449646179
-0.637034449489802
-1.555660904860912
1.205436593382009
0.796043600853841
2.086807907562715
1.339809889947232
0.688609657012531
0.801522438535245
-0.432235988148050
1.002924867650216
-0.726307290216027
-1.598309204527983
-0.985174642633794
-2.291961571049513
-2.257291120165265
-1.985004250973171
-0.485419200796401
0.965815430713558
-0.461869445328718
0.758238232156459
1.528969174312317
0.470381980995462
0.296683797914170
1.192698397732849
0.010641612427848
0.591407565063705
0.143779642593843
0.055445916529587
-1.490626261649600
-0.148396361081041
-0.101557435852154
-1.655066977043756
-0.825486139493301
1.177627720358959
0.427238228960985
1.215439149910366
0.844898277466505
-0.657485359851607
-0.366453708145999
0.396651575427570
0.863751816997377
-0.597703496307500
2.365270799613539
0.541591806031079
-1.009650770046842
0.584330040559575
1.235870152172431
1.007137923066626
-1.194181813414713
1.287459874911033
0.932712695689980
-0.902882076412333
-0.272389264583761
1.612259942734960
-1.622133255318141
-1.475870742504743
-2.239761120796464
-0.518865205332098
-2.014483536356792
-1.862769135544435
-0.908718016229033
-0.282105900210344
-0.266479688577979
1.064206297704623
-0.500366177629874
0.146246009882042
0.244098331974379
-2.099410927870439
-0.727912209717122
-1.154618272361154
-1.384216184737125
-1.062410574914229
-1.607805236128205
-1.008502415212793
-0.361744925438697
0.114098502206991
1.797063412949415
-1.166167583054396
-0.325747299505085
-0.705008943677237
-0.825349011445109
1.182653701338716
0.992746398440420
-0.650397938434435
0.170638336300981
0.731133124005952
-0.571001087855289
-0.944511670423077
-0.124101756168815
0.218385728087497
0.241274256943955
-0.088753635467810
-0.873552921097911
-0.032557053715279
-0.935007829739496
-1.143898677509899
-0.469988940238396
0.492439512091117
-1.682760366450569
-0.225400919340595
-0.653175998745806
-0.948042681449933
0.340320293117455
0.284171803771580
0.213599497271491
1.529820119596576
-0.689588497297579
0.247458144841413
-0.590978580612661
-0.789604599867671
0.141301428595369
-0.122410806188902
-0.395232185132399
-1.885225101605950
-0.128733659139633
0.724437506434956
-1.655425663910753
1.448532469254691
-0.743429341033518
1.679778409428085
-0.907465106837799
-0.346951574574744
-0.878677796878697
-0.128359579734450
-1.082306657286513
0.083396031871433
-1.452224879209342
-0.778936784225967
-0.233519946597073
-1.475179225703036
0.008885293984845
-0.163094288327178
-0.964984207306105
0.582044528167543
-0.929166006734411
-0.774404658369017
-0.383690231528950
0.955156226864897
-0.838292205675705
0.108325738622987
-0.351683830524385
-1.236467299877919
-1.287414606458321
-0.535435212102532
-1.217633887916435
-1.711389976107432
0.691605638707390
-0.292346035666180
0.042734753106462
1.701694362256854
2.026663417709306
1.791144630334004
2.482367127858042
-0.583338577466956
-0.112295567020656
-1.821150476546523
-2.661849096856976
-2.313640794901712
-0.940391378011811
-0.471115195713169
-2.427071146733369
-0.859783982596934
-1.158766611681294
0.884903825408623
0.252997043299512
0.311086865445910
0.303352362795083
0.256750662443625
1.930282461246571
-0.604812722072072
0.718378282245915
-0.215448899229337
-0.813826547501133
-1.129596038483486
-0.668733005495783
0.832977045606243
-0.357452058274287
0.656708724507881
-0.753519683814208
2.159941630211429
0.763655276134839
0.460259001744621
0.253474489787723
-0.619983237163742
0.699943435454414
0.699077744515668
0.395733025397315
1.192474065707967
-0.017340844415285
0.347385889537924
0.072833747706833
-0.750109999804758
0.470353462416041
0.730964244053344
-0.348980924742782
-1.267691146628972
-1.261467690937051
-1.369173985710510
-1.360160772266201
-0.947372425411463
-1.433482639431738
0.041014365581179
-0.952967605063483
0.936623088116944
2.070045867033925
2.877310012711722
2.253060630274608
2.268507108087129
0.455780058303605
-0.150097736964064
-2.018554668968545
-1.482664946906396
-1.517296956998012
-2.055714986752763
-2.729281191471143
-2.401638213018305
-1.697649120090521
-1.159647729473884
-0.284999031044309
0.430303679655644
1.957422311212290
2.169587181727725
1.105083134479756
1.103095191150111
0.282666179904681
0.142186459444192
0.177696506625246
-0.150340248430740
-1.063176721545215
-1.329006271178012
-2.001519967340179
-2.972191060705906
-1.250348443295251
-3.866181310278865
-0.651148225360753
-0.100575358874587
0.341361062622318
1.420448774931509
0.682190994401099
1.573647288396822
1.609556269546414
2.334934772078189
1.273585752218751
-1.331387276244987
-0.370686836375175
0.910635769458848
-0.681742065082781
-0.539275442706272
-1.861858811840432
-2.335667273395831
-1.246368643981631
-0.524008252870238
-1.093451805669194
-1.015913129030599
-0.183225479717163
2.143690789588709
2.727878799790604
0.897662071499367
-0.492070479527689
0.672356606775820
0.083845600114625
-0.357423405316923
-0.881521433122443
-1.775782170832256
-2.633771263575710
-1.588924761031302
-2.239177804264792
-1.296813467297393
-1.402196944855053
0.538128190676775
1.717352686303953
-0.282031423011166
1.180635046361532
0.268005217786939
0.015149740204362
0.949929868985750
0.343759702927891
2.170545205655500
0.101942113989707
-0.148894177420081
0.420326541931726
0.008466788764488
-1.336371935700618
0.093726755887723
-0.798393792331905
-0.678743513331753
0.679725002582142
-0.073835141510001
0.917479546135883
-1.008302492065952
1.092615566408587
1.897117510106170
1.034319445498063
1.103168031654626
-1.051627750965567
1.905681025656393
-0.364724916549865
-1.037682364088697
-0.378698544930893
-2.669842702483426
-0.985753329992969
-3.304229085538667
-0.396538295204701
-1.803276976857286
0.155787631537003
-0.690273353903809
0.730717640165414
0.285005756042803
0.685956096381850
1.355776157202423
1.622584561462830
0.291499822412814
0.837388021761686
1.595606759525932
-0.324259239817776
1.195192026939605
-0.857230310293220
-2.277626959288256
-1.391504913334922
-1.538176420269045
1.387700021726452
0.380200563677935
1.057335530510471
0.762452348241774
1.105873320824155
1.283087616839835
1.223950925430983
1.813126196999295
-0.438475107978326
1.714996904443230
-1.491908922449510
0.458089279218671
-1.648285557012404
0.679289966912800
-1.488115207321029
0.694275385067562
-0.035069034684149
0.346383704629020
0.429053710554361
-1.529015596073682
0.686516763311083
-0.370384449733233
0.129226846085846
-0.523596928668275
1.726132496955820
0.693962816012855
-0.158070410085585
-2.046015757290971
0.189512631475310
1.643094313093440
1.340869553691635
0.326543767535993
-1.921965681803286
-1.620599631866872
-0.713710877319946
0.933028641160583
0.548391828345487
-1.072619225459159
-0.040776610046625
1.705143269084862
-0.346716716517403
-2.020301957878338
-1.000127457029995
0.311357664535134
-0.400729451624349
0.564462952338879
-0.906230325611061
-0.602391048772569
0.060469423528427
0.781064574328505
-0.982779130435327
-0.692675995845621
0.676415799821588
0.205527959264103
-2.703990793828225
-1.456608844902191
-1.354992510314756
-0.432302416318388
-1.176714414469629
-1.426312035760126
-0.424505015652836
-1.172184229784556
0.573005469897562
-0.650181087332605
0.324803854513899
1.623184979422768
-0.571440723679699
0.684722412767844
0.167401653787375
-0.244096969919087
2.669912077996482
-0.920806162092009
-2.205128597478503
-0.438397807772105
-2.006930989467222
-0.019439352085156
-0.693118032919635
-0.060690702392346
-1.747253427744309
-0.550738214178632
2.068300294390127
-0.686355926332685
-0.440604629890379
0.603820988751375
0.340823510730945
-0.143199226639342
-0.506292023250942
-1.078202870650455
-0.046453227441690
-1.943997508003639
-0.379318281023709
0.113755830728378
-1.693521702676847
0.745799169626419
0.432472962137167
0.692526740539132
0.994759994203462
0.113710548468844
-0.843782932539218
-0.973273330649555
0.666950008805242
0.045113175704964
1.498930501147767
1.656169641450980
0.378190659931254
0.929543428010788
-0.529653105337393
1.244361388203247
0.008160874209013
0.261853119547723
-1.784201887221707
-0.030978497273575
-2.638251543687803
-1.191014695925669
-1.944320971096896
-2.114049952556247
-0.893445922745755
-1.909661900827115
-0.223735958087547
1.504895544357397
0.111163294767031
1.624491500598933
0.972318606107253
1.150887844737195
0.623285353142478
-0.732215194447827
-0.662902924284736
-1.161378725725521
0.023099959579949
-1.880430024769077
-2.754374973098879
-1.544762459957302
0.303509047140798
0.178444768305149
-0.680756794831282
1.102599027764203
2.082465782136329
2.177656661187076
1.622202025169653
1.944352670668108
0.339768044847575
0.183057427860215
-0.280570239612936
-1.010178106804080
-0.967514076314436
-0.984914257114053
-0.136569195023993
-2.736111516905056
-0.550532349449800
-0.964433421529006
-1.088622699434700
-0.177495602902366
0.900320874819718
0.068885499441627
1.269975818610285
0.013311411657516
-0.210699777203324
1.383183107450747
-1.618497031426615
0.732169765385320
-0.497399894352249
-1.163992806481224
-0.068829744238384
-1.636576986109307
-0.281114594077375
-2.194895233593923
-0.138462382498947
-0.568706911953811
0.206739093008882
0.559232056831684
-0.030723602152854
0.378329139924643
-0.597278257392375
0.606638628915350
0.797120232643028
-0.597994225550405
-0.632934418067759
-0.492470547638895
-0.264010233262626
-1.204241304313368
0.306196499118434
-0.513799289149189
1.419251809108875
1.107290226225141
-0.883724759574446
2.196239574499851
-0.888762983770495
-0.798601456297272
-0.434449047590573
-0.840017750431214
-0.374030822962209
-0.654628905337797
-2.072225315965357
-0.840804184996515
0.324716790603496
1.491564218646028
0.960423517975103
1.065867811722449
1.598753867096109
1.171022334930736
0.653788870655285
-0.453373711211429
-0.589482117647354
-1.442406305204109
-0.731352838263879
-1.125545312460777
-2.396774738968414
-1.437548366347171
-2.938410917582735
-2.070819196657447
-3.216751510101255
-0.668440985660844
-0.478809010692442
1.342111157322494
1.401740248562644
0.016277780569152
0.023143639545464
1.314739167968503
0.308158765794298
0.407410857488281
-0.514488920034051
-1.459311963639586
-0.684603165120052
-2.261055763815495
-1.435015932110841
-0.628939158665295
-1.746958913508451
-0.436559498249502
0.431970697245627
-2.110455691436485
-0.035909321221165
1.221510577358585
-1.021100890989894
0.247399105169966
0.502190665729051
-0.504644731023042
-0.241801629572020
0.556565536340261
-0.897157006959768
-1.357183431035902
-0.462594000695781
-0.104371859303772
-1.137156240043973
0.628268750012446
-1.760519253012299
-0.324149358475490
0.894695017247655
-0.349159682689425
-1.322659751732326
-1.238702789690737
-1.208347727218887
-0.349759065261193
-0.671221304653371
0.332011542379635
-0.517657861731698
-0.751139703704452
1.125387375376012
0.682572695972336
1.440794882428217
0.762237968968803
-0.109777867826170
1.363953575834074
1.533682243137360
-0.751886077423855
-0.375521369326771
-0.105358316873037
-1.678039509691948
0.076019988672157
-0.665224588785854
0.410200549324230
-1.267549772323149
1.667007136142615
1.591101447864356
0.420864080349229
2.787425260178319
1.807617407667165
1.486159987781750
1.196017007709188
0.572881464302617
-0.620176096595458
-1.077870573692026
-1.223527607113137
-0.219675022024516
0.109960122767810
0.252418577219869
0.494608570544812
-0.305587326947875
0.453635063099156
-0.828051582653430
0.856285601108773
-0.721288848153890
-0.808231765203340
1.190440194127094
-0.182439360283043
0.300119694373323
-0.197969169158945
-2.747654776347399
0.229939368753246
-0.480223840838501
1.006601502511317
1.391389969880203
1.549870585790760
0.382445175125183
-0.731618076489791
0.533792185477944
-1.192570426139583
0.427679845504188
-2.021821374696830
-1.130670111745816
-1.467255768759246
2.125230004337691
-0.496491067497269
0.759800054516534
0.689390275212920
1.768189261870110
0.745798740688127
-1.611507828669353
-0.406157168534651
-2.442353732587113
-0.735276242193774
-0.403592196191446
-0.763951683931569
-0.411599014439400
-0.718829796267601
-0.372326345397194
0.236900051224245
-0.357026000831929
-0.543662919708839
-0.189075018642541
-0.746849959489514
1.528785247849743
-0.867442257057776
-0.061328460819509
-1.255387949946420
-0.028530820073694
-0.758889053613983
0.728683231031306
1.085821029869414
-0.750739637967647
0.325641964981106
-0.108993623792102
0.826316808507028
-1.518245449116169
-0.063810663455148
0.177682056884871
0.862761703389004
-0.940661994313147
0.915314328136906
0.450859275431194
2.339635167322991
1.196468368058653
-0.399883085552699
0.178468546169107
0.049541102673171
-0.538111112446878
0.240070102074615
-0.245056093706402
-0.461428525966666
-1.715505575433567
0.515496046981667
1.241274908446676
0.670473355901993
0.578588155294835
-0.600386380474979
-0.321440533900066
-1.401905477937186
0.582219995387308
1.488048924544880
1.313958581052497
0.604632815786252
-0.128424079708636
-1.167089078398834
1.071569628581061
1.474860505391326
0.748552641742101
-1.480646501801125
-0.621975045742394
-0.050110436828029
-0.859178852482307
0.154879954772575
-0.224971624197702
-2.059574611126628
-1.074344882241520
0.630160094258531
-0.286412376934175
-0.408989886274648
-0.492289128571945
-0.875652683638554
-0.435086636358472
-1.147146752602153
0.664572797077317
-1.159716849940017
0.428413931868047
-1.040132634202495
0.053309579100501
-2.638954765071006
-1.589877814414845
-1.389982707788653
0.243221318522652
-1.410541448053038
-0.396166829699495
-0.471547052603149
0.289436713079258
1.745704249037090
1.220605070378363
1.564136361282439
1.156645261896154
0.437258031308649
-0.056354922559356
-3.042183756878416
-3.052133067218795
-2.515496706684096
-2.687699613556076
-1.372798773130761
-0.885007422893000
-1.058398320790641
-0.164121760175469
1.536190679861102
2.133327572557861
1.071418448285880
2.024529410739965
1.170070138073350
-0.401440411468555
0.151681117017332
-1.039706395003920
-0.672006944319702
-4.230561941371812
-0.545639959507970
-0.368298849339695
-1.473099329282361
-1.412492239277027
0.470120301894702
1.014751457945615
0.531964826748572
0.582446193772641
1.976547401273016
1.863132275397523
1.843754528290615
-0.694743066328637
0.785309015430270
-1.242411116520411
-1.608111619244817
-1.056951666251023
-1.772370139383189
-0.849587008399208
-0.948627996479319
1.177926356747441
1.081686486495809
0.557218434410858
-0.089843668185126
2.571178180736776
2.367995732824429
-0.052518306175539
-0.689127891181947
-2.211466075079958
-1.286307064810054
-0.220419633922489
-1.842771150414438
-1.722100696473402
-1.336243510727275
-0.193650893110472
-0.561875460722179
0.365016182112019
1.331998864755557
-0.427097782107493
1.780836511278035
1.044791432952495
-0.564515018111004
-0.403464803313796
0.312396290378346
-0.046529681552040
-1.136462691501195
-1.441457741043245
-1.000438874091585
-2.010546386484864
-1.951120872491571
-2.508398931016747
-0.594894534132544
0.201595738214501
-0.503069415730150
-0.676378271027550
1.199070502018711
1.410939146334586
1.628473036336598
1.395021301763072
1.311407821030257
0.495080475058313
0.025669659590092
-2.094330831334521
-2.304672797121071
-1.217721407474746
-2.541849300271638
-1.193054256997427
-0.903204885786666
-2.478385446049625
-1.435590846767630
-0.217042062319329
-0.630353443004764
2.492628616164676
1.822218549657329
2.406136355169780
3.383095173197280
1.800371934263594
1.176235260333313
1.137277403346505
1.432595631496869
-2.449927523368541
-1.183750189743645
-1.885359747051468
-3.882871217521969
-0.651622601930940
-2.718220405406715
-1.475689409113599
-1.206077537249971
-0.786889468547970
1.007061493357665
0.589056445339306
1.724054998674184
0.369785466788627
2.017921475724255
-0.808202074069122
1.265152026227823
1.121705920477362
0.968693430338212
-1.837420735870035
-0.593049353606569
-0.596395991740519
0.327538823134546
-0.177830914368596
-0.789711409124610
0.509936744013744
0.906389917805387
1.967613475018116
1.259644976706747
0.698104650884496
3.143381028158544
0.548188241630674
0.824079705859595
-0.081942580477237
-0.977370921081569
-0.666151658742912
1.428369155786597
1.070431346203192
0.195177979731437
0.400184186281603
0.914931333521301
0.078374917632751
-1.468455194418718
-1.389437622640477
-0.380950568842154
0.186849973545324
-1.654223317185709
-1.415418814673828
-2.028494080265441
1.050603727600981
1.624001552271530
0.302543796609424
0.565839822098154
1.005180750558957
0.531796726352228
0.702254658024039
0.628563403097709
-0.917797487208782
-0.754917406764828
-0.463942580163500
-0.641804694812502
-1.310456561070676
-0.480995792173051
-1.641376936270932
1.860762624764126
-0.276295580984430
0.697440876304593
1.063863798630599
-0.153856829329949
0.332178469518285
1.886659083050328
-0.064648260687014
-0.620641682288227
1.139260297071194
0.989916058330250
1.032670720040036
-1.869120570203351
-0.881203132520107
-1.557965515364394
-1.204534230950152
-1.971666797353173
-0.779830955939426
0.251357355304388
-0.560732596402272
-0.651506534899449
-0.386247609752215
0.966454069066086
0.115080122035825
1.166592875205428
0.576837548795271
0.449722796687956
-2.573253039458583
1.496844733092725
-0.484432553264397
-1.550475012243386
-1.424827040489592
-0.951067779068526
-2.958748152906729
-1.643106634032471
-2.556050047315928
-2.374108511305499
0.385199288379307
0.558938426135830
0.342666586946210
1.735307871055940
1.644023350580102
2.367527040713187
0.932392324814671
-0.699394899031135
-0.720313802236986
-0.865653533491251
-0.647413639311469
-1.100402470137865
-1.984185602047777
-2.836037161518139
0.269778305819044
0.589139737715018
-0.768524124617803
1.841841188963500
3.096111063580808
2.372687729339274
2.551064054607152
2.424749126215562
3.367522214316629
0.740164013607831
0.695079934590990
-0.104952220986060
0.038328396035710
-0.241228574996977
-0.295927539564278
0.160572372894553
-1.796134089098648
1.100747299259796
1.416441747709978
-0.071575682121470
3.554233689482885
2.471913605207067
1.891529478048265
0.686315142352424
0.072883593349012
-0.656512596519167
-0.471236410991222
-1.111190012365303
0.019186643934788
-2.401405107005598
-2.587315687064860
-1.939641117702249
-0.276415515466170
0.267583036216911
0.433013144739014
-0.365618128693233
-0.913240833679275
-0.056349214675140
0.328060083737412
-0.252064485132888
-0.023279838907496
0.208537816847571
-0.160133676246882
-2.207146859543812
0.428344887499413
0.163908299389485
-0.745838585705060
0.212328111721932
-0.651039361470847
-0.504638798830233
-1.468059296015753
-1.876776715053939
-0.952389117620852
-0.637026512451850
-0.467841680971365
-1.199898970051114
-0.995845842347314
-2.110357027267905
-0.876121136786773
-1.149186424692213
1.088366863530045
1.782982390570766
0.768464576799222
1.341257171139842
2.212089325753691
0.760607648151532
0.729908540983779
-0.272040103366651
-2.464524159778640
-0.261644484896143
-1.473356229414865
-1.869110831872731
-1.408974861339841
-0.354942454447071
0.542147781068514
1.771868814536089
0.999001674433240
2.287149073782897
3.105804632878144
3.030313394189003
2.282659966073070
2.563595453069319
0.516970808889573
0.839071466218018
-1.137799119461188
0.447968934561987
-2.345594674280247
-3.583841994018602
-0.949129120790225
-1.027870134554533
0.447306012722569
-0.885408459505310
1.499138230544537
2.639636614753796
1.261692104245247
1.597145723511434
1.667241186234644
1.694222868103358
1.781977512698570
0.711563982101568
0.886360658223788
-1.543950270783707
-2.062402304230881
-0.804208996307026
0.005371499283796
-1.663437634392813
0.092610361619964
-0.609747110369169
-0.308790010525485
-0.287781881697927
0.594889006095356
-0.491929181681828
0.493728130347989
0.040284047980964
0.678702370221233
0.940788191532734
-0.343264600463812
-0.381979879171281
1.254426967420761
0.251303580463278
-0.051466560367401
-1.614260986394640
-0.247512435040078
-2.696839627024312
-0.108604969978945
1.649968192250018
-1.103265372635073
-1.521694507269985
-0.609426663463504
-0.869731690526000
-1.552320081909182
0.246193633828954
-1.030971923033221
-0.157420087099152
1.418961648581416
1.087930611628934
0.748501327529319
0.532399491310220
0.430142099287318
-0.421999528528774
-0.061434274264117
