-0.367158558924949
-0.472236801134197
-0.068499567381072
0.631285367330089
-1.595220649725915
0.669440807715820
-0.061845836540437
-0.897711107127710
-1.380689960808791
-0.392822278317378
-0.906450374925032
0.179864359853219
0.075159027033013
0.835581331638001
-1.028810193314638
1.011612515224723
-0.114410326431986
0.741589001616574
0.196825587430506
-0.513147242294952
1.204940908671644
-1.693541010149951
-0.073095205837737
-1.319440079362863
-0.276932748856184
-0.192057080641877
-0.656254917686603
0.244111553125354
-0.186147012361833
-0.031987613006789
-1.118444211731825
0.549807315384504
0.752894628914932
-0.569157468160469
1.680875482507244
-0.391393095629098
0.047456884609873
-1.015464407688365
0.832776963980245
-0.197281328938746
0.374549201258348
-1.377826841725811
-1.554491038436763
-0.834096177438526
0.873357170114671
-0.837499041954062
1.475482091460991
-0.520365590953515
-0.292954744201791
1.362953743067822
0.872847913517055
-0.356407481178044
1.023503822414612
0.060929333550915
1.643301866107707
0.442704837435515
-0.333078387176854
-0.453760677082090
-0.311756123063944
-1.054378733450952
2.336001117637303
-0.724986873418100
-1.261402539464107
0.935514211564760
-0.529505052287741
0.952435544767088
1.018839565644864
0.364756929575069
0.125460828843542
0.056066385814260
-1.424381232881073
0.325852129274467
-0.897794411464304
-0.914287272855714
-1.133924924485753
-0.759624596168065
1.351140009904226
-0.504788526466421
-0.751195495655663
-0.681662014813033
-1.957241860995627
0.413980835402855
0.209748285161985
0.553473342468197
0.228331640403135
1.347519866039479
0.149759174707040
-0.026987290100795
-1.065215774279380
0.525544638982130
-1.211043161302372
0.301850828115790
0.846282491957735
-1.383712852904761
-0.379860568847968
0.438512145844062
-2.313076249167948
-0.106941125567992
-0.209311151567354
0.821596221638055
0.067625866469700
-0.554580377488075
-0.225573112566199
-0.675717762767648
1.335133014652257
-1.809496195409315
0.893777658627424
0.070990786098860
0.473169030287505
1.823399294134442
-0.330807470131499
-0.752800321456972
-0.508352231523285
0.158572885375231
0.169039059601570
1.094713019141657
0.814617842354320
-0.769020736197586
0.635057708579561
0.526750482799111
-1.265556721563147
-1.627216298787177
-0.705002992249707
-1.349336303989401
-1.758602808538695
-0.962589237545417
0.966758531598569
1.231922014731803
-0.565933534472172
0.407770360879269
-0.032411527107043
-1.204887139631442
-1.546698717735968
-0.059673730285876
-0.450224853728553
-1.284260937534781
1.195478454765047
1.088262553117700
0.684994602275913
1.691402892447012
2.104292292963819
0.372719087930322
0.091370957905329
0.506585195569146
0.824024744950027
0.135138501084474
0.711483364548584
0.517620468943210
1.264581038223153
0.594398667597663
0.022086633423919
1.034906750841631
1.097046119100583
-0.215569233507678
-1.566469386207810
-0.605958769391917
-0.571188720455729
0.562571721949342
1.040343348509509
0.491224819816658
-2.265889714108432
0.146400603218806
1.823430341799305
-0.764352706275024
-1.102602634967115
-0.138884765356649
0.523806952047334
-0.084746566562505
-0.858840933471833
0.027134359292959
0.788610487045480
-0.619170178693684
-0.154356578275444
-0.185608034313052
-0.609860695406297
1.297409686608053
-1.737652509199447
-0.302081528686595
0.792446662172174
0.881805991408509
0.269730552105530
0.884179355671387
1.058796372269685
-0.364120302326026
-0.682486063914752
0.883038991380891
-0.726255225627753
0.785292502677274
-0.422111334812561
-0.049878998848778
0.670115889246156
0.207783121115490
0.035057938687340
0.366680140417409
-0.105160528619271
-0.750749770006070
1.237615124297535
0.860068163498859
0.153495831932969
0.654396454484169
0.714838455959718
2.113499919707365
-1.317596848606612
-1.545073344592531
0.632478058047057
0.435666081855640
1.594822605094092
2.181086259889892
0.555789312149922
-0.766592582968412
0.267341736107146
0.424664973709271
0.348443507129199
0.557221641526015
-0.925458036267919
0.477687584949289
0.123927318036364
1.930777946751468
0.993700092223852
3.243955666922882
0.734372178673844
0.512833692085026
0.031730129052072
1.221617087464356
-0.350459763467244
-0.607120409818403
0.509373161080035
-0.487522367613175
0.978654057304451
-0.976075753772263
-1.043175133625952
-1.604987214652562
0.295990059661168
-1.006577644157678
-0.240928801436253
0.064036166963624
0.745884272939637
-1.742088442748785
0.285493730325693
-0.406087569007346
-1.186714009562166
0.334699528006140
-1.215194704000573
0.810544228701473
-1.165934374896003
-1.068566473205929
-1.156522830937442
-1.780617740597580
-0.862949875280183
-1.908406005258064
-0.684645178847796
1.207733671873469
1.022480506298459
-0.426780784111286
-0.425203502820313
-0.437263047599846
-1.458370871752331
1.446188343548077
0.665302450155475
-0.474631294108473
0.822266871330374
-0.402466323151112
0.557343823685161
-1.181170400842701
-1.788712023082943
-0.372687695220142
-0.420033013907146
-0.844961906269093
1.203524198606130
-1.089185456706364
2.464350056505329
1.418347873923416
1.043639865632018
1.600036032842455
1.531703764124588
0.602156917974516
-1.450404137543195
1.064506042733509
2.261937233339155
-0.547442317481937
-0.536949841557272
-0.212633819886302
0.368582765358017
0.463067951450157
0.647494236748990
1.664401949125130
0.529360804382793
0.241779308845079
0.894641527911026
2.486567754199634
0.402720771371170
1.915188102190199
-0.673045571356340
-0.570470894328956
0.822334704962857
-0.594190774918097
0.715901705366674
-2.456949157230071
-0.976876976507550
-1.573671743164901
0.005090404065525
-0.235624448416622
0.765103595480483
1.587198274666243
1.583784491684245
1.383436898364656
0.137144696108638
-0.256776336078104
0.586145693363457
0.750261653063205
0.736190417569281
0.579577484807259
1.017151550513462
0.419800906351115
-0.513924223096676
-1.253180326370879
0.956786826473173
0.723315805648968
-2.548433004927130
-0.535549384389438
0.530967009025103
-0.842727286836314
0.797649845422548
0.432695539018580
-0.700673547454647
2.085188975949463
-0.401718559618561
0.515632749891975
-1.245997295027037
-0.773928707551030
-1.867268899112814
-0.592048069260456
-0.980690217201952
-0.642045206183226
-0.513979617547123
0.553670149868414
-0.298661100448744
0.947168937791807
0.838025991017859
0.022660504803858
0.068704474581490
-0.094365878998184
-0.724879796019214
0.147763476128579
-0.783331637560442
-0.589840147417191
0.474133943684971
-0.318651810715950
0.716339835939983
0.212225501849937
-1.439502467599958
0.646678054387666
-0.244343648850606
-0.516097581207681
-0.376245141245896
1.678493734317321
1.394794642707033
1.045746059910045
0.281988615652006
1.042989435643773
1.036224297216839
1.127831395987520
-0.210436096632974
0.697486761551562
0.941313491679953
0.182681626658716
1.961549361077755
-0.988292323715510
1.458321942924831
1.382720870289944
-0.316288204696167
0.511767904440721
0.250195753239359
1.306954642814427
-0.969797648251551
1.151569701570985
0.336391425707308
0.482234752650198
0.956098099087273
-1.724327595692437
0.418507931252260
-1.408795388537343
-1.539553839539784
-0.376341160412939
0.195319370780928
-0.047015562630551
0.388661158127240
-1.038396199574108
0.433915767645800
0.627102006470269
-1.265419193702245
0.507063610879786
0.470358956208868
-0.505029212193738
-0.737073245870882
-0.390797447172212
-0.671048430316559
-0.874039976701746
-0.838070864546806
-0.569710232872212
0.836513645151019
-0.859595888955481
-0.387752021657234
-0.054529157790910
-1.189841179268655
0.301986717132311
0.272420211989695
1.412255608291557
-1.140878357184671
0.064900639353622
-0.011490365033463
1.517494354043149
0.792786422613390
-0.074588069179267
-1.255099618848188
0.399393209120139
0.586153592861196
-0.757964115661025
0.980122550282453
0.207107080108876
0.102050019475208
-1.016964392547132
-0.593528420803227
0.043789175255674
0.539585902279620
-0.175564486870182
-0.165843222233262
-0.592740869149802
-0.636624293990865
0.341546109259974
-1.286339798924409
-0.896716675416041
0.789741684378148
-0.129290237118626
0.553393854728777
0.304802357777612
0.702297850293576
0.476703924219134
-1.499462515105816
-0.191779442396880
0.735230969228041
1.217108910889121
-0.630780012735542
-0.725798396068676
-0.859087575211620
0.267089748936354
0.390784029990644
-2.490476182464325
-0.296146755754911
0.243717461433763
1.459134490068610
-0.063435810562085
0.283303384980467
-2.097638086756644
-0.058035237140193
-0.348087760580001
-1.915640875239507
-0.432682335430509
0.239026925240860
-0.643910021234849
-0.159859847137956
0.279887142053172
-0.265337309592577
-0.471627513725917
-0.347057308478515
1.499159041023447
0.551480282175446
0.374488016344153
1.060226822752934
1.432275492538230
-0.347591697131226
0.247024192637085
0.577255854820287
-1.232883198323489
-0.125484166399707
-0.191782242762392
-2.693706443043562
0.145212166665994
0.102205039161575
-0.798965517458572
0.533987464369578
-0.622162470898121
1.357334731901038
1.028024752733952
0.459804478012152
0.448431545061122
-0.019772823269640
-0.300282592856393
-0.640538583890048
0.229530811188631
0.032774706420360
0.423200893262391
-1.423131027728937
0.503046938228452
1.169846395014837
-0.517708431952291
0.970421912675812
1.516976131501822
0.680956842535528
-0.086720913069766
-1.161985148884078
0.427794664546937
-0.228831438393469
-0.164009560442594
2.257818981234987
0.493601918681132
0.013643174085166
-0.580870168345450
-0.623703148097345
2.759606627012787
-0.826013015906498
-0.532116264442043
-0.890368265105178
-0.311622179656130
-0.539569945156512
0.860572947825356
1.438528159205909
-0.015157997612573
-0.260128196651497
0.167566029023971
-1.696715089281212
0.180953066453241
0.175351153069487
0.454463634227086
0.106409481344416
0.397060702219861
-0.558494094274071
-1.702552116553310
-0.801152606730345
-0.065794941204102
-0.549129309121904
0.245350125728254
-0.160550477199235
1.246874158430651
0.345723482711090
0.065415667677071
1.779484870716429
0.611902175411318
-0.602259062843296
-0.652616570813768
-0.411726292837422
-0.082864620592261
1.723228093938597
-1.169397571984482
1.530149143570991
-0.707617435235109
-0.322548616268282
-2.725357426350431
-1.244086187464764
-0.550719035046326
1.079509478535358
0.054106420554861
0.495847144774336
1.015080095062206
0.106470033462921
0.097435897952181
0.369262596687958
-0.029801191774975
-0.537966044423332
0.139839135930230
-0.475594225897832
0.909196231652693
-0.707651474561968
1.506386415116510
-0.091302050738052
0.212944475536205
0.362198918520329
-0.291795434975976
2.408627075587997
-0.908937363770997
-0.563798535505408
0.483195659288974
-1.184273490342712
0.841976919655253
-0.253942890067398
-0.680354411700309
0.848595676851676
-1.254214089053016
0.831782442041035
1.195586104495598
-0.874841397177447
0.868479471016204
-0.468711279984607
-0.196465799180780
-0.740037671008095
-0.016307259831116
0.833467328661693
-0.392855537908376
-0.901578587684729
0.316022527995853
0.118250011206713
-1.171104235792714
-0.459773080541829
0.365366339405116
-1.992120181227694
0.444931453857407
0.099320771601886
0.287959316737995
-0.799818566602224
-0.896716348479118
0.532382415786083
-0.639983201634660
1.064569706117525
0.049299544999576
0.031747445000040
-0.198050187735593
0.377680459042399
-0.022178001489728
-0.595282268204020
0.141833387899660
-0.179881177699990
-0.062005152396325
-0.281696133519921
-0.714292951935655
-0.090801102079314
0.472497300868293
-0.470673041403664
-0.899313860557464
-0.356385784837982
-1.475511881860630
0.740386591125130
-0.221453434610181
0.775153075976448
-0.446109232429344
-1.181409833758408
-0.974273909023214
0.191360947932492
-0.365755578895001
-0.995987816051947
-0.052625878770079
-0.821043144691625
0.143272486195296
-0.039949920699478
0.345518818929683
-0.554061154240254
-0.185869161696154
-1.284155694203021
-0.142154870321923
0.788931564296043
0.140064835152063
-0.564139783667212
2.021381352809354
1.469520591196347
0.285308159363731
-1.748578810916078
-0.403880048618102
-0.378159411611925
-0.533052354779273
-2.528082722300343
1.548401405931704
-0.901007794793200
-1.977581831635643
0.242669339326940
0.442165802619164
-0.046889538928214
0.558151808096988
0.592021599417884
0.542613758679249
1.646035679683284
-0.207196986402075
-0.875653888482608
-0.604414101989151
0.568559655041587
0.184656868274219
-0.258952128365294
0.943476933648360
-0.104781016147985
0.490427761121613
0.609213026158666
0.559145131813675
-0.812218953224011
0.151099728357302
-1.756991982211983
-1.041229839125215
-0.420950606559443
-0.533896683788992
-2.569226219065973
0.532834595078754
0.757457649512424
0.847357247650825
1.830301137587649
0.626900470809605
0.975276036850486
2.033003093717926
0.575222440123272
1.192671868158428
-0.246340219458923
-0.077958899448645
-0.712524669521203
-1.123689331238205
-1.335965626556058
-1.433942594453251
-1.347783564321987
-0.172738464201848
-0.239839011443536
-0.415888348273227
1.210759459044140
1.216345251351485
2.752179313542355
1.099061314913707
0.149074383364280
-0.672458236048009
-0.036914143196228
-2.193261971317582
-2.067383354234213
-1.175913765015913
-1.826284108225995
-0.939098814678929
0.136393841941982
-1.181592806937678
-1.655711044077681
0.518276889658195
-0.074162635014410
-1.689035859763786
-2.000083828768316
0.097661942317523
0.189728465626911
0.779159315450798
0.382452372594598
0.671977848613976
0.567333197893489
1.221836294790839
1.377624629711352
1.220132033225604
0.306476984567395
0.666434493104495
-0.132311358539993
-2.242673967404557
-2.886525707648619
-1.013474044812766
-2.102749043039521
-1.618688650494619
-1.649614478629495
-0.104647823370362
1.489516538532570
2.760888324092540
3.985999022280969
3.655478638401745
3.493147054034099
2.813197404626812
2.945459393727436
1.811309300290798
-1.405564145642983
0.168829266465484
-2.012247909742145
-3.492658434441507
-4.373803386522173
-2.566874091577683
-2.722029614017782
-1.858741296721931
0.278164414883434
1.951843628769264
2.773010089699484
4.450068729112488
2.619509106735411
1.966079900903289
1.863800068458347
1.562817653595125
-0.089864573120341
-0.305230426536972
-2.081755790514068
-2.213346254237684
-2.712477851820487
-2.978774422933247
0.150050431757290
-0.498400553253722
0.952074708072363
-0.655659730671591
2.645367171697804
2.160647521054629
3.267074112434496
1.850031140587138
3.105940157375575
-0.156926107402768
-0.019922063931420
-0.566116095710591
-1.453689302193298
-1.207051809000510
-0.996046306317471
-0.856107136959536
-0.917981496790206
-1.172020822327731
0.172147384203633
-0.489200998227207
-0.209357724161269
-1.844604000263153
-1.235364719065648
-0.028022367595139
-0.582620420379579
-0.745934496611941
-0.965234947087267
-1.378606535892951
-0.874056576449675
-0.780297926528686
0.078516770785501
0.970813643699660
0.162485206873046
0.927254961779718
0.701181406729275
-0.690025969943635
0.185273811461992
-0.013281005293174
1.435513399818394
-0.622312859412756
-0.843268139316149
1.234267951638644
0.230500866363534
0.667169083016700
0.594959793434950
1.618913698926527
0.229681269147074
0.240964183951198
0.250337492400220
0.211464419565846
0.620596538227987
0.612797315973686
-0.837607999249015
-0.321355129593888
-0.300678423810014
-0.776331333723439
-1.838015507735899
0.215442616305066
0.332205282195886
-0.232630131485359
0.005391037489445
-0.342424271164270
-0.229356295143502
0.593283218439518
0.770506152688140
0.337253623737926
-1.263895458243384
0.081549915432208
-1.397735021830220
-0.987471897512773
-0.605626339002053
-0.866544653273909
-0.091849928510188
-0.155352256166041
1.005594106397366
-0.028413647903258
0.253271917306824
-0.460506322330570
-1.162866976957966
0.462213142359682
-1.196504694714551
-0.430093609339800
1.326973428113690
-1.938132655244489
1.433507885940843
1.273913288462366
0.717423425904984
-0.008729917162634
0.345451708989394
0.678408403763268
1.088644571378329
-0.763142881052673
-0.212277584852448
-0.520960074908824
0.099275746692685
-0.966561902857058
-1.737693263966097
-0.326359703848124
-1.510068217261571
-0.300058195366384
0.284982727056763
-0.960159798584433
0.249813289661841
0.610776771055836
0.272735667208203
-0.555870110277923
-0.040583707995806
-0.055057482296639
0.499489715829962
-0.006590298506318
0.578922290651211
0.265442740160280
0.715946009374437
0.241277012818371
-0.080456911670679
-1.491092880472899
0.305957991346327
-1.322343636355805
0.164010188134892
-0.085951629194990
-0.845676494659676
-0.114019598339884
2.609324052097121
0.925549387996776
0.475182244247617
-0.882313052561773
-0.680172583638661
0.409827968705565
0.599240472715643
-0.389922646762879
0.868711829215241
-0.383648408326757
0.385482006523628
-0.165792798517297
0.996294560151800
0.265840994892392
1.520663645081573
-0.235672355445594
-1.735524141075725
-0.264056434286041
0.496794967330929
-0.141519411912792
-0.638226451063192
-1.260778910132330
-0.405234971873949
0.889267471648401
-0.274785843524013
0.130241275921134
-0.317773075247495
0.527672520657637
-0.229109702766454
-0.046686344894076
1.603306681446865
-0.156201800810593
-0.319689723096750
0.665793038797375
-0.330621916671285
2.134430687480694
-1.924064383075916
0.219851517549612
0.523776592450480
0.273215896391828
-0.760941263901637
1.249575306672313
0.754258753014185
1.855654694286295
0.733952366403689
0.029560025971334
-0.075304881486226
-1.391387576888142
2.537776384111126
0.455945933493039
1.151461854132098
-1.155602599512704
0.745377535397419
0.691618112126795
0.482680878207536
0.669716231164815
1.324668383726646
1.121658954774391
-0.512158057587614
1.054359575316952
0.141365300866694
-0.140510109373978
-0.708686247552071
-0.364731987114321
-0.616096187924580
-0.639249234118365
-0.657910469995308
-0.743071195323533
0.675213527428407
-0.289804713724435
0.528433592244759
0.623232817016043
0.224422205328582
0.110588894499836
0.636051429770351
-0.146262863543450
0.485392931924200
-0.662046925960659
-1.331932229428907
-0.682848838889206
-0.490054905665961
-0.733493276160474
1.734240428851487
0.643732670323340
0.657932823023947
-0.242100155279469
0.029711864667889
0.590549795962450
0.041835140715230
0.804649775962202
-0.203323588155987
0.390358850730345
1.241266289119870
-1.961078374569946
-0.663851381829685
-0.382624910611171
-0.541752583064562
0.344102861737225
-0.969118009195181
0.087652153074571
0.167839500283399
-0.991367531934043
-0.019204892947838
1.368090732326918
0.212051507835537
0.928459361680620
-1.144740432922800
-0.113524392734518
-0.221134500938647
1.235988782518955
-0.069388317966553
0.081009786249733
-0.523813547625746
-0.935957712494061
0.286484461355390
-0.140518001111577
1.908940875583601
0.557886630422515
1.227536906743566
0.037994580800247
-1.089323815488549
0.597116063280632
0.640314022914285
0.126648871679554
-1.552491481587087
0.207393347791182
-0.095507585605480
-0.930858175300299
-1.027207060378342
-0.260039619314283
-0.642613763249516
-0.911051868846508
-0.297546309822235
-0.463296512536677
0.976172245655889
-0.253575200016353
-0.833270849194565
0.770720686985370
1.214520593936183
-1.110155205577471
0.093836685356236
-0.835108181223048
-0.807833106926944
-0.309490598844404
0.194402537152640
-0.221063715294620
-1.716063116193143
0.075389386479611
-0.598803621608218
-0.997444838576464
-1.444397117722105
1.159442022279281
0.619911895089389
0.579073385959670
-1.811331181374026
1.868570541978924
0.610396817600824
-1.038338947968216
1.107622954570880
0.831435127267803
0.094965160088439
-0.161584853770863
0.847050417139390
1.319264233601266
-0.811862856763048
1.473495857085355
-1.563335487408967
-1.012763963658477
-0.352321752548967
0.782715025042601
-0.042847981335704
-0.428931884326650
-0.548453459899135
1.508832037715453
-0.253571173970647
-1.058866677882948
-0.836578796332689
0.314003180106480
0.382295261648844
0.138592539452651
1.093268340832685
1.554654421353167
1.648326302144278
1.410361236427103
0.815294764548004
-0.031167251594062
0.829730755551062
1.215386844033188
1.229042757997956
0.834803184785893
1.000461636175510
0.443466819709743
0.564685218526775
-0.054433867353512
0.834017264360311
0.123049430740148
1.034426652083902
1.079965013606315
0.001391970228392
0.646742065827145
0.775129529178638
0.152843730463975
-0.160193518173189
-0.639144171075439
1.248111528582639
0.914898778362042
-0.313995608309930
0.860477878513815
0.036815429312813
0.550255433570513
-1.209841334029044
0.865721216993885
-1.622988549227853
0.926957980108597
-0.746087292464124
2.140258402358913
-1.598429123265582
0.015197781271741
-0.574268082797632
1.013556221879728
0.894277021303298
-0.707707141243299
-1.294220743669704
0.086149435937863
-0.275747063897732
1.098947181232091
2.152097949952609
0.421634209466724
1.951196684712915
1.982177906365023
0.449680466375581
0.312382432548893
-0.103067361096358
1.325873851504264
0.063891504199722
-0.855396575395422
-0.842955139867275
-1.822727761261302
-2.908322830886477
-2.062480854824274
-2.535009599189336
-2.172730099877908
-1.480316857169592
1.432518788439418
2.761056707827657
4.505557140454778
2.501917271115363
4.456826020443206
1.167020926152107
1.696718358532454
0.570336526008405
-0.277080995750890
-1.555221923434283
-4.976359153732322
-2.418555653528614
-4.974838306525086
-4.495934637247371
-4.610731955552845
-1.764999440937684
1.113867668513368
2.380259263501299
3.338503305006466
6.830215265167437
4.530376257019316
2.471945490849020
1.543422380227696
-0.792691627846660
-2.448724696723496
-3.661172426769410
-4.795079408204405
-7.108158085422863
-7.975655406633332
-7.476235424317467
-6.453679826699489
-2.936148971775023
-0.448125359959005
2.519709071575974
3.941842231852887
4.992530489795533
6.098290616202814
3.200996187033271
5.040826122633910
4.257513195907614
1.278597802326553
0.067808908949039
-2.081793280517574
-1.166554302385068
-3.777974923226807
-1.808823192983964
-1.530982689026907
-2.707735034031361
-1.291967810316248
0.163535962077377
0.933745868528619
3.294998337206853
3.860642194244228
3.905163939761187
4.826477402802064
4.568647445084113
4.945248586405851
3.016062409820598
3.390509156820048
1.984133656290383
1.332814260766674
-1.902141920536463
-1.065082807165866
-4.515161866406868
-3.839466924392211
-3.722202286935441
-4.853087374665362
-4.101357610883877
-2.938162998856288
1.287276079760175
0.779273001290380
1.795007378088649
4.075725410392890
6.456923605488374
6.053810908667834
4.954566943813248
2.330719347855158
0.596531442554105
0.282475333745683
-2.002591599809168
-5.580490409507395
-5.573194066239496
-5.616565216850872
-6.810649276176381
-3.530280159903556
-2.185335130831159
0.435473607937430
3.705942598226461
4.411874663858982
4.850702373610894
3.538523458555972
2.765827199166629
4.136615773407006
1.635127096190963
-0.515694029901939
-2.263126333986998
-5.667306874148914
-7.460344244992444
-5.437171234912574
-5.352859116760058
-4.472410570611400
-3.002441062500472
-1.411593383090296
0.175882359944652
1.602132591974273
2.168080790738513
3.503685587604010
2.773494665807458
0.387520214621089
-0.978375830152540
-0.359929209104612
-3.350200480071425
-1.476474602316314
-2.599600924729969
-1.944711327622141
-1.569215536456300
-2.307360897560614
-0.648500538681924
-0.489440250897727
1.113271447916823
2.290600323044518
1.836356594100547
2.275280111959793
2.286653384917828
1.681384820265218
0.983129257801516
-0.164846208569214
1.244236547511304
-0.414797508493469
-1.076288616449416
-1.338461196368397
-1.368867140392088
1.439147937077887
0.296843810500035
0.457554342421952
1.987334662816288
1.122437847337073
1.008658839191073
1.202911885020850
1.545606101875890
1.255539950260476
1.426389785755596
1.048732357081382
3.443634354650249
0.165214727164855
-0.014369608067545
1.007397587009917
1.121390895825530
-0.589035683456696
-1.785433277374566
-1.092161447223444
-0.508381481275299
-1.411431500955339
-0.511196156268127
0.476531824462918
0.221539864530972
0.435575421619997
1.421156476480090
2.441657131521824
2.815229111662510
0.356489954620712
0.770046219774620
1.348527545774804
1.257312244615195
-0.663062898071348
-1.402536115894014
-2.681909815634926
-2.502184518292632
-3.059694451520592
-3.756666099239484
-1.583223246887536
-1.118610115600020
0.553974799803271
0.711016706360349
1.633830719862983
0.902800112057070
2.339522154816707
1.396740787956604
0.256547477455622
0.755966876947253
-1.235067735431763
-1.757957305531727
-1.524515264192656
-3.348439555957371
-3.133402890562706
-3.600645687471029
-1.707929793756972
-1.436041771350844
-1.298775855968807
1.410570438311020
0.555458998904631
3.388736429411061
0.751486759798563
0.074727929743486
0.777275347860567
-0.204605987462005
-0.466012248312860
-1.156918961904160
-0.576937172327043
-0.958570514617120
-1.579003194548347
-3.141201992346728
-0.587933131575446
0.656485832686863
0.256897450484363
1.609731989088538
0.064711509789073
1.461468214191890
2.131125578637703
1.543633148926846
0.023186788048639
0.325407118940353
-0.250071422959741
0.748319278227247
0.011058720632053
0.837026292567553
0.296044373842353
0.651934112785333
-1.334064298961743
-0.154037109951935
0.496662873593690
0.526722707534402
0.681464279310744
0.188714038100422
-0.151075023092890
0.062018426163649
0.847996585815992
-0.228951273653604
0.464535273729598
0.708580174053877
2.272268737104357
0.460775153939546
1.906878006228143
1.607947268060402
2.051384458555987
-0.190302364412795
1.687180894203174
-1.743644134868698
-0.267142018677670
-0.240700060350909
-0.418719619101050
-0.722945630170513
0.011933217472783
0.650467285553460
-0.110740736260574
-0.200180284663683
-0.306001661592550
0.537055936135884
-0.023168052813133
-0.509587579723958
1.486908687983771
0.128618086281208
0.541551726916298
-0.703776640540920
0.291690046747327
-0.345075558476642
0.213218382940701
0.592879246005666
-0.216989084779790
0.049301965087662
-0.060247496627448
1.414102464010573
-0.031758326765262
-0.830009923425640
-0.219014111281296
0.948588397926301
0.210106023057090
0.182930190428579
-0.279485993246419
-0.469705044187348
1.610431133190551
-1.246120796430658
0.197978522950674
-0.577200371133752
0.424877197520823
1.114485874945546
0.161456263755555
-0.854131018061321
0.287397398491685
-1.670263849263270
-1.916474596488496
-0.980913454427340
-1.190585852393493
-1.858638335955876
0.812535595605162
-0.610678256327950
-1.261667635946445
-0.267402950237084
0.374177862590346
2.115850076568245
1.097523820445100
2.001708626279978
0.961281921963147
0.441169216442510
0.114345188786738
-0.381011327626282
-1.665154637627070
-1.191368085782571
-3.478486357410090
-2.282877854612232
-0.305290287904894
0.425459401772191
-1.013340314960465
-0.850298558422799
1.209413865876806
1.007689584371392
1.350159975571880
1.914206851254470
0.957380985883674
0.972172485005471
1.659193308876888
1.271076214997891
-0.007397209954074
1.075356529417509
-0.477740963762111
-0.231060710586742
0.706227632672394
0.594118866071800
-0.672760305293963
-1.402715099448495
0.166383901638653
0.772090951435166
0.378406417606763
1.458013257418330
-1.753263050156030
0.974646479506914
0.400365869855126
0.782046546653886
1.000174517011782
-0.720768880614302
-0.128166367182953
1.311190008652462
-0.034638864264786
-1.975577797263845
-1.251048033732242
0.830754491709026
-0.802030228523588
-0.638758689604172
-1.399920132807378
-0.551313313651816
-1.860159281449006
-0.546244217392097
-0.897235365548410
-0.134165789393031
-0.769498864965602
1.297889431620213
0.727017891527375
-0.118725150097797
-1.294728361131932
-0.741574679021577
1.373644165074431
0.480840399923790
-0.321315970056134
-0.311336626296738
-0.034969489324819
-0.381829245915754
-0.159031085410712
-0.371619237613477
-0.307711557026928
-1.940727785473441
-0.674780675663313
-2.258678443881989
0.866361600785511
-0.421743531219633
-0.131216933976470
-0.907051601978676
0.407445720293288
-0.347516630351703
1.787090460943030
0.201451079643045
1.970628935043700
-1.255412288829800
0.392638182015704
-0.291904361219646
0.018244901177569
-0.079505630991716
0.166241066364948
0.819877906897073
0.649726175650790
1.022957749116394
1.248111977379366
1.463615771508109
0.780972917429474
1.301287088760615
1.200422164413687
0.330956784110277
1.640220477016241
2.416692855039506
0.354510429089608
0.227165027875339
0.973501692792790
-0.713656287197493
0.562613608676437
0.086006813511799
-0.503273955465292
0.044001386235393
-0.592114128526110
-1.665437700578939
2.016962150729428
-0.604392864733697
-1.129357798097934
-0.539301479548904
-0.140047509546241
-0.758531472076518
-0.711208779515270
0.903646964841506
0.054143361795365
0.051097518916862
-0.334390756172786
-0.697950463439220
0.797129417461813
-1.323261106441759
-1.483831949276541
-2.363756053534787
-0.234688474672936
0.471096659647204
-0.310591127602602
-1.992406206208879
0.026911800199444
-0.750290798391734
0.181183448203966
0.943077900455810
0.674462784314176
-0.416049936628187
0.726986383048791
-0.389981738165274
0.812102361589507
-0.941892279099478
-2.415254035253386
-0.979792810894598
0.080137139214150
-1.237852705424404
-2.055502131682957
-0.353895435654660
-0.515798371062046
0.786465590438812
0.285667880816354
0.262222114817160
-0.251999724020515
0.747139480228051
0.775477677835403
1.307016504331577
0.987482287275130
2.011591159738185
-0.383351913219552
0.953216145687282
-0.617468357201639
1.082161686639838
-0.420507819191407
-0.729835594234766
-0.827169707204137
0.280807934599760
-0.545219150146754
-0.076587796904839
-0.817745839744819
-1.228323255061321
0.335443330937060
0.784006965904118
-0.266134332361185
2.917802711780808
1.208660111023029
0.531185620112016
0.091876059636284
-0.135075825056637
-1.747186643316318
0.018614254936435
0.914106876300865
-0.422512562895758
-0.571391456927272
-1.277354009927364
-0.023520439203804
0.615992856778381
-0.604590739149935
-0.877140907239701
1.006904659009558
2.944712845251920
1.423458700883070
-0.365602097051456
-0.231829809490427
0.638829998425127
0.805861122791715
-0.800964788164243
-0.999358774215593
-0.102749472304499
0.102196633278574
0.225083254683469
1.777853623453482
2.299490143159329
0.571130684364736
1.851946166374750
1.506334903038677
0.138041183852611
-0.305732330360055
-1.145154886651098
-2.177001811792279
-0.604208381767688
-1.709387843850356
-2.645505379862765
1.092130182952065
0.018407432405230
1.797375314866728
2.210741013210106
0.784116063062659
0.726991146138171
1.698144232090157
1.618232370920645
-0.060862446115803
-0.449497923243468
-2.307264325662475
-1.216084470244239
-1.856701312242073
-1.129813035124571
-1.509278968947545
-1.457126466587792
0.317862014673450
1.014096286212201
-0.988881059113928
1.215347653023284
0.624361432407892
0.651722955917464
0.538926253327045
-0.228118596193202
1.074876919909564
-0.150345130171696
0.161310870748367
0.227939317901256
-1.619615655504031
-0.118127768365641
0.546275984878286
-0.328845605951332
-0.367669926480928
-0.518817303383191
-0.638497425498231
1.038709946523579
-0.095955581368187
-0.805640498704626
-0.623418564252907
0.033224673698799
0.313943225498256
1.761932658392421
1.916811398585045
-0.668434198612757
0.144438665019902
0.876082181194079
-0.143162920158398
0.595094597532066
-0.889632562921769
-0.261308244557595
-1.264008652639105
-0.073260505854965
-0.102096658415569
0.721026885114038
-0.705353474950700
-0.128199983247716
-1.242964970974556
0.934383963925726
1.515457365420286
0.763158833277319
1.142189359437493
-1.192835840071752
0.970716774171209
0.953803948791813
-1.336253145793459
-0.278842575795937
0.676174849700559
-2.366854940383404
-1.300745096052673
-0.221262678724868
0.213507088930918
0.828657609536392
-0.072404186761498
-0.179781215165067
0.576546646337874
-0.159209745442366
-0.048649548815176
0.616491914141063
0.826881693899904
-0.732159064977036
-0.114336764366756
1.231805904976356
-0.590106157860389
-2.096668494410918
-0.693096136760777
-1.001640892766847
-0.010205353781736
-0.301582411679837
0.079717760088920
1.484482019783986
-0.010161980427900
0.620891791654555
-1.150166067992286
-0.064455942039707
-0.559614875838048
-0.403547297555976
-0.123518797007736
1.076448275595608
0.231885461759490
-0.505700116196656
0.901851350007617
-0.136408240710786
-1.805583201128580
-0.303491838426424
0.426767169006675
0.064905803315647
2.548919791382481
-1.341210074593032
-0.930117223224640
1.516029020792137
0.810837898152235
0.557158749618610
0.811254978468247
0.901480201182145
0.138018154522778
-1.236482824005135
0.125888266848258
2.077045801023073
-1.549821134932011
-1.073157059540864
1.092997704264862
0.271588257725913
0.568862682579702
0.494272209080377
2.589347230088454
0.607747544712218
1.212323016804653
0.518012982409327
-0.377292459888605
-0.658656376456142
-1.385110298571909
-0.566884581977725
-0.251204193258006
-0.752468008001620
1.414594461687204
-0.288562059870522
-1.218245528893158
-0.035499440128744
-1.293096803968055
1.156094674514309
-0.367244828822971
-0.508460464118080
-0.861804653555352
0.261940392018539
0.762447949860878
0.225172863882491
0.358807360045005
0.246397804378749
-0.672479718366416
1.205482947992264
0.330297210807749
-0.029656102332021
-2.081392714230967
-0.681286593467106
0.775332765409670
-1.020315460637547
0.601232649716269
-1.230581818965580
0.321188783657492
0.062306134562546
0.053426988139061
0.717388331516120
-0.723397954983619
0.212721690755269
0.764239083598515
0.074095715768353
-0.556685359941849
0.136996349929051
-0.375522829166732
-0.555865301237129
0.167677764971554
0.171437160911485
-0.459858314047893
0.441588883086167
1.379029220455992
0.501469116380856
0.707531341556615
-0.020675657979634
0.394289971335587
0.668829529889239
1.640738618127012
0.236761828328860
-0.802843049949968
-0.394143320613285
-1.797915286246789
0.161873412464970
-0.091262380228176
-1.058471117956364
0.123432548668987
2.211555957394762
-0.139244376754415
1.205268720105677
0.840266125596726
0.929299408131733
1.181702312234290
-0.498824758707813
-0.522053078580799
1.098448636912343
1.675972644311753
-0.374951357178381
-1.007948693985792
0.758818681723420
-0.306061156188615
0.132982880000197
-0.332291718397994
-0.176089684751565
-0.840472659164201
0.515283281815553
-0.008681456885005
1.321006811576975
1.888541386104336
-0.790998323013336
1.746492272905434
-0.103293829455249
0.446341053406326
-0.397038034876757
-1.633257696234894
-1.162581475012922
0.379634303710324
-0.735172520847876
1.539710284926133
0.331863512205910
-0.845955900846506
0.534607437806846
-0.487716580897828
1.652556592690378
-0.373180142315627
-1.028788437191628
0.312709233043392
-0.145298107934981
1.020059916029919
-1.138242452200847
-1.258716223539953
0.877984859235604
-0.448043691068604
-1.066967258285463
0.161883608316463
-1.256776767521512
-0.096907346990869
-1.372262038312211
-0.926037786012728
-1.302006045503068
-1.746810083031593
0.464095049078428
0.153914544455503
-0.183189818923042
-0.354269861413627
-1.239937933255647
0.646837313590782
0.008290823432290
0.239932916062649
0.792299295822942
-0.061044131450261
0.448957851059282
-0.868922881864493
-0.431098055726167
0.729775764807016
-0.453872056821595
0.274273825413086
0.206144274299252
-0.395632799501880
-1.153966125466425
-0.442142326781113
0.270424907405738
0.662623193058664
-0.970271810293167
-0.646976273492951
-0.319742078470601
-1.878178582820646
-0.400415305456916
-2.195096559973451
-0.312101539468989
0.124631539916827
-0.671988988905179
-1.094213962894395
0.884201154088037
0.499635381818779
0.260117238841051
0.118859813136789
-0.536060403659673
-0.702094797907290
2.147411865676584
0.629163027247619
0.204068192161234
-0.855332258935363
0.277818539411926
-0.044005588741250
0.065279708689122
0.391051163146574
0.875515197670643
0.738918553029775
0.515222155366289
-0.031159673914245
1.834820248930934
1.242099432615173
0.610430652062665
0.045146498666829
0.997869841516350
-0.696170056642302
0.717570148587081
0.799336533272722
0.958540714353084
0.648184300190119
0.080744730147659
1.306991184633956
-1.464007521413374
-1.189334937305204
-0.354319470364084
1.947351231542298
-0.110767578605043
0.932386391171891
0.562546386335559
-0.281532163953657
0.730838850011956
1.146648494265751
-0.970209080995818
-0.176221670171349
0.523940022646476
0.964346173442447
-0.036538644058882
0.475206807888082
-0.577217301588405
-0.310505858089192
-1.454429282055252
-0.472773065786639
0.279572881211270
-1.046114161422651
-0.176528937346452
0.401872928662952
-0.655862167352267
0.590718858819691
-1.073612738743700
1.562377159156969
-0.005058633079058
-1.814670280373472
0.042171234787962
-1.356399886562116
0.214582371264173
1.163954175521212
-0.134186011934750
-0.464859781814539
-0.989640391933434
0.450554080672732
-0.894052105581105
-0.036256566353991
-0.651367144671491
0.221152725441274
0.530648821663032
0.558293682882018
0.418572758687634
-0.372753680545604
-0.838906600459753
1.524315222155669
1.327744268887490
-0.694423852984058
-0.662820940624117
-0.627568251158395
0.392401351283065
0.710759082179287
0.338282741570910
0.547016606372345
0.939153735849083
0.686519516715029
0.565371060682967
-0.018429317532792
-0.634890317105681
1.662938042136457
-0.380309229657029
0.876249870494769
-1.469551783359722
0.872745185392647
0.168958519745284
-2.045261679402536
-0.987393180784417
-2.067019169468761
0.755466665607333
1.805494652888927
-0.272117640673787
0.752735268867119
1.054993462314915
-0.284387256291597
0.840476631074167
1.305503489238826
0.425590244117106
0.361715755759933
-0.180240659205099
2.199547876278206
0.510316666735532
0.274030658719534
-1.083861366643783
-1.278488768992802
0.517097945259911
-0.979112461769180
0.137570809501689
-1.289874121694707
-1.322384737062476
-0.927921976986617
-0.773411109680772
1.102701675299469
0.121871991264164
1.294470488625393
-1.066431327685986
0.808256816853563
0.726162453354404
0.559559193612537
-0.007041867537979
-0.537632617932970
-0.731874902056321
-0.720630015865224
-0.912306314893587
0.820976759473299
-0.088246756084697
-1.689148002329436
1.377517496754636
0.396364302328262
1.047168437818044
0.168103011314183
0.640621050267424
1.459985651935901
-0.151200336274532
-1.062663784470940
-0.836573491948433
-1.062665614532446
-0.874878020658620
-0.628313571756311
-1.880368120698249
0.327697320941788
-0.774060360651652
-0.604021047892232
-0.757442038059778
0.628343811127750
0.288857819246189
0.797543089025144
0.629670131961729
0.109555185538624
1.112143781401951
1.886403606285119
0.526435766564273
0.320321858362131
0.368265622522066
-0.162646714352313
-0.682371833022301
-0.920038689710122
-1.568296466535762
0.367813094734358
-2.163403225008237
-1.034089042072737
1.253509481509576
2.055265492243682
0.935157255013358
1.860392883754834
2.957018125656683
-0.384479739927417
1.664649398531610
0.493498635054587
-1.197548091999488
-0.372440077951979
-0.362475412044698
-0.543785570142969
-1.953831430847184
-0.871900092026451
-2.020294450119454
-0.743794244926101
0.014764727109623
0.947853359210877
0.124027412694826
1.146385998291557
1.328021194688717
0.358054468412863
0.561051717998115
1.027752872436144
0.723584767918029
-0.069403906554267
-0.881733590895111
-0.899902417123925
-1.598082399841898
-1.408431928311876
1.213283885339754
0.094727087678144
0.665853515562464
0.419454756245755
2.484412689084689
0.158343945445191
0.420514540933284
0.026381291843046
-0.754527431908872
0.165598787661293
1.054885903352443
-0.267854273115112
-1.502222296435734
-2.820712525503735
-0.344059367996512
-0.101756099902296
-0.224824904841344
-0.206652563673288
-1.636349734458401
0.588816565179259
-1.200476140143028
-1.483734891253851
0.771241839955776
-0.245729969595045
0.512572766041527
-0.590550129960061
-0.851696785196813
0.639216660757938
-1.680282224361371
-0.523745796012532
1.961205979534654
-1.228810500853742
-0.945897315743262
-0.408525676736976
-1.051627034775718
-0.701553941434208
-0.864705144266922
-0.830934704794776
0.539002579546406
1.965693081014015
-1.301983513812431
0.369214349031585
-0.568310461763664
1.013467411944546
0.221237440175722
0.673052046450304
0.190197884939347
0.164606762371258
-0.679474350713908
-0.246687250468389
-0.141109598852936
0.248195080448365
-0.047138879495551
0.021155374603096
-0.119681521774560
-0.469892557371904
1.739370964639842
1.685985214716219
0.562961452062212
1.579755213124358
0.408786216123935
0.391144687015677
0.870120949994208
0.628615849858163
0.288758778801749
-1.591610805495120
-0.085378029883932
-1.556871262587361
-0.296895323591478
0.240062238507426
1.629099531055255
0.414626251846088
-0.916015522275124
1.063785127945929
0.436732440154529
0.774387045568823
0.213256626643794
0.247902480277084
-0.781692671754414
0.568281078029980
-0.035923898527092
1.625514548847877
-0.990950642288087
-1.071697851560253
-0.833921206611322
0.839411686422571
-0.397106954517754
-0.390926927401620
-0.476229609758105
-0.682226690897664
-0.224165317014594
1.005529304469327
0.067641361568553
-0.581306382508869
0.738254004048807
-0.553010219623329
-0.647775923223649
-0.059225677558494
0.486049099082737
0.090322359958533
-0.615120733793822
1.519100504797432
-0.282770569203107
0.342765330751703
0.066253423926329
0.619874958731332
0.075460890575372
1.098334513092574
-0.165263847165014
-0.775683949618658
-0.984618904419702
1.013566650948198
-0.223130563642920
-0.711809869522801
-0.579842158005625
1.355521137527169
-1.375652171232242
0.582002598842635
0.336401748515447
1.081621561549958
-0.878992486117393
0.183170460587829
-1.015702052367632
-1.519627780569925
-0.716870979807296
-0.648847843314228
-1.393711539837178
-1.776630203106345
1.178474688234913
-0.190263578380022
-0.335351593427594
-1.200193289093281
2.355996114616851
0.693893352936069
1.832212201440891
0.492499513494445
0.274934698152251
1.240919739227012
-0.049391355002788
-0.108231962292918
0.660282442597620
-0.854033938252660
-1.031743632352125
0.553615661814510
-1.034474643243755
-0.735777978063380
1.413851656411756
0.834810101395908
2.011379495920061
1.699842441034401
-0.232324552014546
-0.085380416083925
-0.310224001035094
1.016505253110859
-1.771439759974654
-2.614944260104310
-0.892316546169273
0.542391406524260
0.449238966953470
0.531562314783641
-1.604683229389501
1.461640471734363
0.318033099643690
0.046198445254088
0.844038492088006
-0.716030292500038
-0.349571116565001
0.434403972692313
-0.016379931381521
0.352024221786176
1.113317445602491
0.651014164355015
-1.133885155004105
0.273555737188623
-0.864117361050891
-0.195526353522751
1.611305778490782
0.800135123417660
0.577644068546019
0.094766165626037
-1.022239121344832
0.244757309078355
-0.119201935557737
-0.514569739953967
-0.211537922111900
-0.879231575518711
-0.713526772917750
0.127189514882793
-0.166421043422510
0.142350562597895
-0.359478331327874
1.307871846804147
0.161992367055442
-0.584092753035959
1.099225095857084
0.480738642994812
-1.786364216031341
0.558393003845505
-1.056903010551909
-0.134959585194927
-1.599464256957755
-0.250687415574973
0.207928425055185
-1.281504467894728
0.005611791049315
0.100111598902939
0.891648450406318
1.343766359176336
0.475568402831360
0.272733054568858
-1.217070852133067
0.283009711484354
0.764692830413099
0.252919676848071
-0.649467974089840
0.688717342855807
-0.321475735964110
-0.374232383570264
-0.515852689530518
0.111647542529006
1.704269305481793
0.040065213241275
0.866971729155577
0.056375448995214
-0.466816349197712
-0.040201908051566
0.925491897837689
-0.386348708842420
-0.319839517712975
0.750591028070674
-0.461864128568686
-0.164632368950359
1.069007030179322
0.735276466690803
0.491993518445680
0.731454332994640
-0.184557541650194
1.057406711016499
-0.447257941470584
-0.740277640899476
-0.261253186514130
-0.650565491546511
-1.378790176250520
-1.206983799719229
-0.202995504980184
1.935744838061265
0.576906461443476
-0.461971055730412
0.196419091600265
-0.940545536717877
0.678141710553878
0.117166845050120
0.935979345776710
1.605295396248515
0.498374069257273
-1.332048847180408
-0.140203248336359
-0.462583014039117
-0.354061026397597
0.832192099696029
-1.048871664404451
-0.109568538644196
-0.777430370349157
-0.307483173829737
-0.660138897066043
-1.538511484936919
1.190292404495623
-0.808812054891738
-1.054392093868700
-0.952296264908256
-2.751045288700233
-0.553204775039952
0.111239330440815
0.227086534594910
0.026182444414590
-0.528769419877177
1.137787096170567
1.105661135352116
-0.359451863187132
-0.996740022807206
-0.666254715025065
0.459657580125093
0.018780954798329
-0.398844891719640
-0.508311899648476
0.580765969147868
0.026094595388366
0.831015500966453
0.577533778775892
0.668198937297677
1.010865066079679
-1.983211495707127
0.080734813520171
0.142095553800902
-0.380849672188464
-0.569241706914216
-1.895704107949585
0.472897468147701
1.257078227267923
0.913638396581309
1.055210552154527
0.017418454866227
0.475473198460444
-1.803670435187523
0.274991795976681
0.091497304033247
0.815617030453974
0.250309231269923
2.207540210995158
0.209882455523039
0.251778930392896
2.116222259370395
-1.040807712561631
0.474576043428480
-0.522273125591133
-1.040868832016872
-0.051285707455958
-0.617487060111785
1.125066232068418
0.515828114938593
0.759012284889159
0.229052021632176
0.621308736998545
0.037697774532025
-1.303989811137492
-0.539136897991963
0.630880244834464
-0.852940378772471
1.231743918587591
-1.322670217325598
-1.427712397690445
-0.291430510408431
1.199152863875922
0.411028138517423
0.316786350183699
-0.603044377986609
1.620452733728419
0.021996167591158
-0.570839087704160
-0.366511563505794
0.940893207837421
1.691617739597972
0.489380127082875
0.372129302235125
0.338947652035873
-0.987282497260718
1.989757226487433
-0.030571916753763
0.659904713916795
1.843992952283637
0.233108771846550
0.192289868585765
-0.802894579527816
-1.065174036578078
-1.689162616847035
-0.875386059900273
-1.211926839497436
-1.780177563426504
-1.402877191419044
0.263796557511195
-0.096682020838430
1.514429140398066
1.171301137925083
3.584955683732303
2.210153483039895
1.483232310727192
0.579643157854441
1.032204167558842
-1.951295051689804
-0.698761995484757
-2.714168008178703
-0.774708785993700
-1.605589341998733
-1.709870254525262
-0.598215939867195
0.885277165406654
0.531255211335304
2.652177595811694
1.184399885344854
2.674931577204860
2.003949413661251
1.732561995426401
-0.247092098179481
-1.749269137736055
-1.844253810052324
-2.011930643591467
-2.772167172560100
-4.684423819099548
-3.038628158570448
-2.558754318380586
-2.052797785277845
-0.746847414673118
-0.340602274520897
1.927840908380908
-0.346555950291380
4.234181707291286
4.416113115302585
2.930227598736728
2.373893300397418
2.327051514206501
2.267735129180649
0.311357746879891
0.744901537435503
1.291583491370025
-1.047814337297823
0.041926145816988
0.025508716091446
-0.857874976257601
-2.793468751658058
-1.420435397383667
0.485526994960440
-0.076384622356279
-0.243195707304131
0.553939816564151
3.062731964928286
3.361387465967393
4.532000798154778
3.177304904089138
2.205490311053014
2.377267992994077
0.491904112181533
0.005944532338308
-0.875826153821795
-3.234924089825791
-4.748172630333176
-4.270577356227571
-4.322737964751748
-3.106178279930817
-2.341059480189811
0.862472851646954
2.234360355489196
3.706644100408375
4.706359572988386
3.480841277080110
4.639788385703305
3.234002006448751
0.510950007734392
0.195026039671922
-4.277201017645769
-3.600987007064500
-5.205196259349925
-4.655731225674575
-3.089548937096374
-2.207351601982043
-1.099415484881640
-0.294488353856057
1.434902963441285
3.034388868876929
3.652099476050072
2.897821436636338
2.967099196388654
1.551139535556068
-1.020710593501830
-1.894056955545126
-2.955802667023011
-4.622574840786116
-3.591123652905838
-2.616806945148492
-4.786805402860129
-1.618723056372338
-1.152634726036006
-2.529202248084442
-0.400169978639668
0.733307872823616
0.033995597242066
1.497698060194270
1.091348742256002
0.687059559480239
0.843914111100756
-0.269578540534486
-1.885979679945442
-0.977912269785275
-0.860318824651983
-0.172344856374063
-1.070886125538932
0.867870839207103
2.137870301065532
-0.021643170072522
0.711936999074009
1.739692530174637
0.397269025428524
1.142511055969424
-0.311527944489662
1.758039923244423
1.456595878342179
0.698321495459895
1.544255300785825
0.965709710016300
2.028448134457200
0.616287659991521
-1.397389043327374
1.216491750740896
-0.122431927351234
0.136897407526140
0.969934614524833
0.250066202789433
0.917859287543831
0.795879661974314
-0.386340974846130
2.092607074851772
0.661787522975664
1.416161681181690
0.094331210889368
1.190124189195278
1.333241686412473
0.684809176861706
1.254231429911477
-0.003830741014789
0.172494375649487
-0.599691761434749
-1.652941624002169
-2.190021088634603
-1.420210381002444
-1.323759840727570
-0.160608035590359
-0.745936153335258
1.126569860009003
0.451372054180551
0.986087965645473
0.908069733249343
0.675949482634354
0.668019272949055
0.858240742362110
-1.006863217997850
-0.562674157800373
0.403283863614880
-3.078998769295263
-1.156143092504794
-0.090980457275205
-1.651702779019161
0.042808638063092
-1.001617968385943
1.576096390808065
2.123071380441197
0.908788692817939
0.493777827067571
-0.633670746998211
-0.440992643270102
-1.263501418574281
-2.178467248262547
-1.592622048057819
-2.329835066576288
-0.650768158614719
-1.209091065810470
-1.079131788560489
-0.124207574579942
-0.470574953418566
-1.269072471429621
-0.466758239713719
-0.371796783662667
0.240175405611013
-0.673590502621799
-0.930341025402439
-0.775389679813363
-1.540107043056949
-0.382489120163838
0.522753169578136
-0.739466262850926
0.293490371315217
0.303380378656419
1.185556788883525
0.245154858628760
0.460914583160201
0.558708392222265
0.837282148646014
2.102627500713845
1.869800104892175
1.187377229318522
0.322634118144260
-0.348886834170581
0.941966910772057
-0.007691063512250
-0.414169359541278
0.227280274634888
0.215551245211064
0.429913498068723
-1.155467783999640
-0.915298590502322
-0.409527785249030
-0.355127214411746
-0.188206422597893
-1.655028150997816
-0.818364744907977
0.665757271367340
1.411851680162457
0.291664172631725
1.300246848590652
-1.631362331284172
0.657247079142043
-0.141372969315829
0.094107914587112
0.426081127144454
0.440801370631457
-0.621802968207696
-0.212808928081117
0.647033369638751
0.782609057581570
0.918497250328403
0.129414772413722
-0.194797290337323
-0.134166819003546
1.211359033956732
-0.616019919946545
-0.045596504195896
1.224262558226986
0.484160724384735
-0.834607741002818
0.087544321131269
0.079261525664186
-0.968945057125598
-0.974224463452701
-0.428743639796536
-0.868594452909822
-1.537979834922586
0.222817509058370
-1.047814743422037
1.040695805902512
-1.050709945590228
-0.300208224535154
0.897541518549794
0.080838782254763
0.031432978284781
-1.279661935004281
-0.402398593941432
-1.157559852907682
-1.478795827956501
-2.555239734796553
-1.906639690250899
-0.339143531988498
1.314293321979992
-1.200391944354392
0.383151207285784
1.136964927293296
-0.414447916382107
-0.673258064217412
0.592488411092291
1.799804527841268
0.432706538406832
0.535337394346632
-0.772058516755926
-0.345188587582597
-0.829522824409355
-0.128168181363645
-1.657327918052361
0.863324498363045
-2.472457741016007
0.850103522316231
-0.308914363676914
1.027182400154956
0.963347132146412
-0.451045957349575
-0.188261283109776
0.001551941854475
-0.289500713269042
0.024070651205242
1.013499650107961
-1.655585431471244
-0.197107952045508
-1.771838371546332
-1.243380242486094
-0.029250175089994
-0.833028527292287
0.328084346207776
0.277371901212463
0.498185478855586
0.409113495376111
1.810175178425790
0.386868488689802
2.033952541126678
0.868290147404375
0.995934404430295
-0.397171078251550
-0.190727731740090
2.123354470835356
0.708088594144693
0.153432958404644
0.662940300091817
-1.189388828050339
0.465755066493803
0.370594774504298
0.299932932396695
-0.276740827518499
-1.254605155206275
-0.160041779755065
0.440566558027756
0.490603766335875
-0.077208080835835
-0.150667379771863
-0.221254858722745
0.282352829154140
1.677748172328633
0.269229221285729
-2.107498968147571
1.251379465333663
0.304940903024598
0.746958986336218
0.862120133155306
-0.934612471870433
-1.741406762708831
-0.894780075461074
0.564820782097248
0.380645637894512
-1.152691314236067
-0.245178434349422
0.150767518127837
0.502214419981881
-1.408123135740112
-0.500455489610450
-0.936593509710332
0.387327246650401
1.824472962711174
0.422705748697160
0.122047599797314
0.498402108350153
-0.669500547138471
0.190063908071925
1.243231977126908
0.567697693190658
1.064253918117062
-1.010683213073132
-1.336314971250168
-0.163720327489119
-0.747160957687662
0.110786386679126
-0.544505590849433
-1.451850058546818
0.205708916184161
-0.385907468317602
-1.779678024997042
0.968002794976702
-1.009325893000848
-0.041597456565996
-1.157416674338036
0.527574432407027
1.670455558304008
0.251942964965671
-0.710351609354038
0.527226859706414
-1.018112186495136
-1.271136356003709
1.092560528556664
-0.025567116166598
-1.130025558370686
-0.036377150461746
-0.609879594964147
0.841275700636091
-1.061181368993718
0.582908793257914
0.568974407835888
0.864343346140735
0.763459447851562
0.520668340456609
-1.012783938249046
0.397388296419231
-0.018344438392078
-0.927164445929203
0.335981467065366
-0.805822004468206
-1.100051055161170
-0.659586648155916
-0.549519259077395
0.040397960699561
-0.108510454898338
0.327222167709190
0.279271390027106
-0.149925027319481
-0.256286161231434
-0.467653752617797
0.160301156428645
-2.398016441843061
0.133891988024173
-0.731701596623526
-1.602387578554660
-0.947384086390419
-2.673552450958749
-0.282819792649967
-0.603442727764014
-0.426496755048308
-1.226896052650589
0.485060191401241
-0.172120295144695
-2.457342045642755
1.365365510359179
2.833442804750796
-0.562290270705091
-0.806952361522595
-1.134027431789231
-0.498000591679598
-0.372963164668376
0.005128351619143
-0.260404362052647
1.380263567071669
-1.265915375816983
-0.401388303878161
-0.521209077481461
-1.329570260578693
-1.443979922533603
1.166327218398341
0.275531331272216
-1.293298092462863
1.024123877031750
0.734762185834038
0.595627149287446
0.522623411481529
0.838844275692827
0.840092059005341
-0.148384352650529
0.743779482779360
-1.067800143648964
-0.583445479242188
0.387597059322165
-0.973113875352444
-1.680227018482788
1.361812642568661
-1.528108944965999
0.492969550089179
-0.271639913301071
1.815074536143574
2.266623240023260
-0.508660364030297
-0.157552360509022
0.012508517575688
0.397158127400715
-0.642913865507793
-0.903022139511047
0.556047611677854
1.264201494036673
0.253100539516428
-0.335573589629992
0.317181575263757
0.823714385344821
1.226919011485379
-0.023014080567392
-0.684573735209377
1.562059439047603
0.495293841208827
0.338736537100761
-1.636998081292749
-1.712338967834941
-1.973178340503918
0.782861084296112
-1.240555133293488
-0.461287217544758
-0.934509543777604
-0.479198844194803
1.976562507464465
-0.735103491067968
0.835284981023093
-0.342481391575536
0.737768335450843
1.386994918872374
-0.694912172313890
-1.373397717594093
-1.259034956263113
0.545754126545000
-1.217515950975373
-1.466419233385284
-1.451722791511687
-0.876889096217289
0.371118769884334
0.383423682835264
2.661048708417096
0.341066418965781
0.833150180191203
-0.556833076231223
0.690576712650414
0.419087596765815
-0.232741037707709
0.081341564681271
-1.554856279403431
0.240393825784695
-0.184085156745840
0.159121593068139
0.743551792842211
0.721373057011359
1.041893799558536
-0.350790783947820
0.041514989720153
0.081340510652854
0.897228377766430
0.921644893721455
0.598305894425479
0.335862543538673
-0.514507379157545
-0.822192987155140
-0.466733100375375
0.558066101120941
1.843442619636653
0.848312774286464
-1.098208738551946
-1.286928513571772
0.837207768814922
-1.305148620069374
-0.398764983311101
1.038561677021212
-0.716321568883298
-0.064571906149285
-1.622482930422519
-0.008830335666202
0.066874624092459
-1.014774901504201
0.998080257064724
1.212748684101585
0.137092529178440
0.244461184398925
0.792142850578692
-0.644624913915386
1.516116584835909
0.154760161616714
-1.580228229178926
0.459512059878088
0.168346757548290
-0.917126150062971
1.440714060776663
0.464905206404278
1.000713493328398
-0.866318899489646
-0.030391571230293
0.737627423560803
-0.850074714856671
0.468793560384852
1.553660604278107
-0.740223997096121
-0.789581508090342
-1.061997254563737
-0.277375477084783
-2.105927230237174
-0.663904953289811
0.202996886061081
-0.748359465378513
-1.034901867629776
-0.856235520624124
1.549697384083543
0.851917122348504
1.826212076001610
2.501484340264932
1.819290072840269
0.674878313371670
0.603669112130514
-1.266661378046145
0.081654613617893
0.939131768975422
-0.466327969695708
-0.565138279376323
-1.664586021823051
0.011839596286578
0.527182540013550
0.214091248439369
-0.287605462840444
0.389481908724342
-0.118475182966721
0.393920018479721
0.943974413564607
-0.149698351097177
-1.527758660491826
-1.928751604734917
1.282464877752304
0.543858876571015
-0.370076484564811
0.786497397286003
0.204291152269960
0.189554128610531
0.601470090249825
0.601050915813024
-0.857118208587255
-0.284718366478604
-0.453019387957827
-1.043890019332032
-0.491860132723891
1.172965605999045
-1.315765459949397
0.490972099406013
-0.473231678117636
0.015734269445010
-0.774456289234061
0.698115343174551
0.434056093301581
-0.831069481696271
0.739610284441128
0.942232515341672
1.345053416376589
-0.410991637392347
1.201347003808210
-0.265372241027562
1.409063279541136
-0.661796003360828
0.430578616942577
1.317531526692507
0.814228232302284
-0.919785179493246
0.970148510841515
-0.832203084224679
0.877141596843388
0.420388877695053
-0.223540530512977
-0.992514450122623
-0.433607053101973
0.285679509877677
1.227520114161060
0.866189997958165
-0.686721867934629
0.264848695324941
-0.429112588540124
-1.201491401000039
0.045071706991503
0.055255626652240
1.564922103722103
0.743629653014640
-0.092856574424618
-1.643284279095330
-0.413024101319970
0.196231792789398
-0.843953670323384
0.534716992435307
-0.591951283390940
-0.352635225334832
-0.765108697435529
0.157822999501808
0.466947172409534
-0.835626418958976
-0.158262721707084
-0.243049632803598
-0.484236674574076
-0.249666606424225
1.167429677829666
0.736069440674197
0.596126702431483
-0.708656817311569
-0.903526287364493
-0.203149411590135
-1.884586058205431
0.586631069412681
-1.694984297964845
0.607439572340087
1.387120921100021
-0.682387299559145
0.548192529258920
0.336444719913002
0.218310957717591
-0.181828321710293
0.086711940020354
1.565489623527147
-0.937838565334277
0.077993742597471
0.718929055052529
0.487845065020456
-1.162419573959806
-0.106020748165661
-0.985385973499014
-2.047067027103820
0.242736461743228
0.368997844483605
0.897316253609228
-0.065581385687728
0.510066423485693
0.805719507926713
1.783546217830009
-1.070038739515882
0.595468134276917
1.420378644039228
-1.329153522467537
0.108238682488695
0.026110537680138
-0.715433391850556
1.264796140235631
-0.276780471331955
-1.002632374270113
-0.398465122782681
2.020007297188226
0.886008437158414
1.371477821988949
0.636665947675366
0.407361327659892
-1.155509432882264
0.619851690409994
-0.432309300417326
1.842098225102137
1.504075577419145
-0.272431120947922
-0.374020710508028
0.776921741544830
1.310575776941816
0.708330351288821
-0.128979761223920
0.976877978126873
1.554628924723918
0.907315688285077
-0.574503003488124
0.463726510025622
0.013856675833753
1.637190019187518
0.169925610222905
0.319996576651018
1.333143181365430
0.278090256841867
-0.018217095689203
1.038305194297618
0.318599297704691
0.654846140578056
-0.860137256500691
-1.227860006437438
0.997647344600914
0.087893500960046
-0.408176986106191
0.798850975086213
1.053296910313840
0.210004885022258
-0.495345371975729
-1.311173627314370
0.218352639237303
-0.142443280046679
-0.672723885837431
-1.439679768093379
-0.021919376575900
-0.131476394120452
-0.040919255916273
0.234608148304061
-0.771380544974380
-0.136713876834053
-0.643698204185959
0.157731347066478
0.913768615537922
-1.012113395366921
-0.660535439488618
1.258564344203802
-0.798267222871637
-0.519611462078532
0.074781730273294
-0.688511896163491
1.496365158382192
-0.566313584457787
-0.986984862207400
-1.714393972099294
0.104626626035552
-0.217990276341954
-0.434764609191656
0.932240174848269
0.092784132619954
-0.247542499332735
-1.031690167013227
-0.109004274269865
0.655911271449320
0.371111187994163
1.104558163736316
-0.788919396696951
0.694984993393567
-1.727682367281409
0.208419468292123
-0.434933702841961
0.003759949333038
1.168795208087615
0.976799424852082
-0.331559136763220
0.727824154503161
-1.256461007412796
-1.214032967283842
-0.650719724598611
0.328151349402439
0.578996689913539
0.287619004327587
1.677566375638955
0.794833055606765
-0.496028609633009
1.095817943619933
1.032495187001632
0.906260050465142
0.790147229506060
1.129413081904235
-1.238414952920310
-0.698780754804635
0.941301318108509
-1.132040909711004
0.585694147820430
-0.319505687294244
-1.144928053122320
1.344562276676009
-0.889873361142989
0.516682702550377
-0.155453862903822
0.762805541329136
1.102501010009554
1.394981027870975
0.417323108299777
-0.896598651557277
0.794201181574753
1.041860824629942
1.001852900706171
-1.078525301785665
-0.746897048288312
-0.856325786154865
0.977544056490642
0.581701947856943
1.221645281295824
-0.380665033108669
-1.114976047606014
0.099992407657233
0.573223028656156
-0.529198249537376
-0.512596524792537
0.005847506055180
-1.285812588767586
0.109678841457806
-0.289683886422700
-0.488669982241299
0.214351674675219
-0.354718584024716
-0.894366600115021
0.666057936356663
-1.310148420833459
-0.055316255267549
0.592963662976433
0.097084624727545
-0.275399875278362
1.257987098414003
0.172380029153039
-0.454699844337318
-0.100221600871793
-0.874420452661039
0.846271562190186
-0.414939059357985
-0.565095572556238
-1.330511784858482
-2.085283702358880
-0.547594417058502
-0.654874962065349
0.007383350576331
-0.391985605425746
-1.142553814335150
-0.654115368626109
0.785813454589942
0.523112062990383
-0.615624469425145
-0.138204037265746
-0.627104243175674
0.306335687839734
-0.365733008611627
-0.788630409972115
0.577506323391918
1.575853398039051
2.019529696850261
0.626026509354424
-0.352027973710665
-0.098204152712038
0.989031061453486
-0.299489689529483
0.563463827546627
0.992733100885089
-1.021480833374025
1.085915656247159
-0.916898513454163
-0.315725573279635
0.386717874779115
0.220486535332483
0.525275928341037
0.325796662691782
0.475901433232722
0.639627916616848
-1.819646662369994
0.486575563882321
0.129486517497689
-0.080744871217779
-1.028940051394658
-0.749921824750793
-0.092365531822652
-1.088271410346515
-0.068123133061145
-0.109242749125714
-0.301548218008016
0.619576661045952
1.415147588953070
0.384771185207810
1.080617595072217
-0.011332111393700
-1.269820478063595
0.876147794123894
-1.400195230262044
-0.673862290951001
-1.170049281790675
-0.776752304728186
0.837317015949046
0.035649794557825
0.495157441083274
-0.158616048749030
0.426824394774301
-0.300217805513529
-1.184150985968605
0.321437945628119
0.252607051385455
1.338253642351805
0.651446322978425
0.040019013303461
0.705461274906649
3.245694168868928
-0.582167744317277
-1.385457581223350
1.637953557937193
-0.792143950681533
-1.237460803866454
0.567285749880983
-1.752910567442492
0.690627570728022
1.164185635301471
-0.083786251003356
-0.558677384731970
0.696737671114701
1.110603208075241
0.783111794014440
0.686610099216469
-0.974861775158699
0.417661463510967
-0.970081460534128
0.661197342789829
-1.263264858865009
-0.809602055712148
-1.067579796355717
-1.196256837230598
-0.363604425718234
-1.097358926233851
1.688414916023459
-1.281552983396727
1.519752061502856
0.950225301371727
-0.440543115093472
-0.556115789657720
-0.242171484089046
0.704136038270611
0.846223189819066
0.035135306834571
0.307656929004233
0.727603115334035
-0.613313907914344
-0.436163560424650
-0.000448162219248
-0.095122628128899
1.185989713649871
-0.244687376073230
0.302139430588326
0.955673387714815
0.866943836790615
0.490215846029937
0.315393714357608
-0.301615167053366
-0.742594517981673
-0.543337836177935
0.806545047191544
0.129434319783035
-0.358813809233949
0.315127538654510
-1.181074695242469
-0.028665384376646
-1.664406775263809
-0.698076824544389
1.346493335403697
1.009514510318821
-0.376740653756246
0.786529919703807
-0.690869886835497
-1.795262279701856
0.564502051686648
-0.330173414233703
1.546388962354376
-0.807950511684660
-1.027994031745034
-0.528111063319678
-1.052954202908436
-1.191540308629746
-0.656720534969198
-1.535764323986547
0.500613130999365
0.867559629585487
0.979095131176710
0.651428503968408
-0.121176368794087
-1.446202268612309
2.859546901590821
1.019130911868703
-0.127003613502043
-0.072136746443029
0.313928857983607
1.390092303471125
0.255471125117932
0.208866658643019
-0.195786153591696
-0.117072740666740
-0.182309492449652
-0.599828617872734
0.405435814931736
0.241727036146922
0.212519815703457
0.125331103150775
0.473853660441154
0.150005208214546
0.253086952201893
-1.299601039157389
0.847541104118326
-0.687242984695589
-1.058229438987571
-0.539038454164524
-0.291522188494050
0.376010440000413
0.201010736879388
-0.620318283540761
-0.282900321189437
0.145229609840376
0.697183885766669
1.369714161812018
0.219612981181370
1.532932980746685
1.249372827785820
-1.862653646693073
1.658940499337441
-2.069028814566775
-2.115375278702163
-2.149342564171789
1.299631471990198
-1.179694418017450
0.190908187518196
0.052991101905738
-0.220302573869171
-0.055895566797566
0.529308528280769
0.517942901391184
-1.434849714124461
0.422675535446478
1.174227549207654
0.316884128217109
-0.799868883074998
-0.217924619009029
-0.441298706993975
-0.596734271043069
-0.205140897305415
-0.104382826125257
-0.344375613353112
-1.435824185081470
-0.871763668089593
-2.513474572831747
-0.769224799443396
-0.346936029596349
0.877164251215255
0.093072057554050
-0.769843619234824
-1.519747829757726
-0.695549841661546
1.153914405990006
1.733442952137828
0.871495008900154
-0.261315428245250
-0.712975924842657
-1.058566048663411
-0.276607321479844
-1.788473648687447
-0.234969435991633
1.106261130826922
-0.907051468081885
1.195103549496626
0.148730392544608
-0.683427350091070
-0.647335042481707
1.105180922130977
1.117740151725902
-0.055104964106805
1.008398856903853
0.590399238723823
1.364961399096796
-0.296795716055110
0.499436723813277
0.263407871986379
0.013700430408864
-1.108936480687750
-0.166973360948734
-0.209900128468341
0.820221488935160
0.102832496281162
0.206811207292318
-0.669534690505276
0.778107112525912
-0.252084392750378
-0.476390914104292
1.299524101117016
1.132363292908570
0.022259748372015
1.020632803129880
1.431851805756742
0.841262196285434
1.247834465723844
-2.001410632366334
-0.358500091571580
-0.803220310403780
-0.149035193011402
0.468866370520402
0.507089715311615
-1.023379589574914
-0.360244059589110
0.632972410397909
-0.419346246635761
-1.001997320237187
-0.430736707796889
-0.716448624611012
-0.829552693247843
0.696286384156742
-0.590432789868869
-0.435843031599521
-1.365101087858094
-0.053191986766933
-0.406526457590132
-1.250610047250795
-0.768980730680796
-0.730899434556940
-1.857896408263315
0.530847895188618
0.293717100054568
0.967298327451695
0.651515967345452
0.044714109302738
-0.527769945248722
1.035585271057649
0.934373553826013
0.340092877831053
-0.587248946981680
-1.678537938482539
-1.549827998046001
-0.409716037867382
-0.519812646338788
-0.797190559104789
-0.222375541889798
-0.944249764794785
0.104317146934148
0.940768120370224
1.936451978190746
-0.623108312280358
-0.395460174530349
0.180775591330249
-0.961630194300248
0.618032590459522
0.471208724962959
-0.333317164099315
-0.158917625660660
-1.175533578029287
0.935060259703952
0.895179890483671
0.212217217783234
1.850491074690266
0.784816062502249
1.685872020216008
-0.533840334144023
-1.185778089930200
-0.918116896287326
0.127440401040229
-0.823926481015103
-0.745666511993100
0.698409647451513
-0.112668332952943
0.245405764459727
-1.346165135277455
-0.200267533552183
0.037984079920239
0.246442340730786
0.452490092504870
-1.351956142658410
0.729461643737112
0.677584817345635
1.853039977706362
-0.197294171133528
-0.210393373066837
-0.712264268706466
1.280456743914133
0.773920860648349
-0.189898930116456
0.795870319125980
1.411679653131299
0.335838836940507
0.192629038030115
0.365979370125171
1.349228997229024
0.445688001263493
0.051102307052610
-0.398694023293526
-0.159506024888577
0.395857716923164
0.247274230778531
0.288019281956439
-0.101272328752459
0.884429085285485
0.533887662602104
-0.957983039321906
-1.737596191787637
0.354341912717106
-0.135555356738445
-0.576787647363601
0.010159726467467
-0.144843230549317
-0.722354655446419
-1.499218364864516
1.258240704354321
-0.543184694144189
0.902270845875347
0.382565581273930
0.469242984229085
-1.496858910175154
-0.193652673917333
0.749469514311713
0.815628710029326
-0.248292010008213
-2.302230595436836
0.370939692806571
-0.237275700920611
-0.843291129570412
-0.504888276825925
-0.020993151175126
-1.479708395637391
0.579107138076648
0.747801037206719
-1.016568048336639
0.881258301894599
0.366423198095179
-0.219692537653379
0.043272164178519
-0.984218669590135
1.306520795699613
-0.429661887138937
-0.993848825891061
-0.347211621150793
1.869223240753502
-0.086078921846574
-0.153573867966953
-0.913211787602485
0.681822743619405
-0.684860317894621
1.533154734538702
-0.744509088590931
0.053486084468255
-0.734621755992468
-0.274389194853998
-2.079659760970105
-0.519350511008926
-0.422930533152968
-1.176379640466578
1.703570761596603
1.064258132535420
-0.277066361269680
0.472176382058237
0.738356723582311
-0.526601909981271
1.085692912280717
0.281330570031013
0.350818146532684
-0.391811098153507
2.055171546922245
-0.672798328558891
0.155521252200920
-0.787767533273856
-1.969741535874002
1.390275484947327
0.719939288941156
0.788136678336343
-0.788673802515990
-0.133329002776609
1.334583286960291
1.742880989303399
0.363690634360296
-1.424182984158548
0.593699682107486
0.154261097751638
0.111406051655993
-0.900694711404091
-1.545470724400377
0.726147183181741
-0.491700127338462
0.013540821069241
-0.879836244111493
-0.065762754805237
0.726850580129654
-0.248782005457583
-0.228654209576783
-0.619850316940522
1.497606850505818
0.133705538107240
-0.850982339628260
1.725185705260445
0.904791568594957
-0.361084898239755
0.684522036720082
-0.513117204540425
0.343441580777735
-0.218132878544417
-2.034746614244450
0.738319018043144
-1.026298561424208
-0.971071356202757
0.332800674860779
0.008257564058462
0.690834904564431
-1.200803048012373
0.429257535310497
0.554719379730025
0.026439669872149
0.920797788888996
0.914893277612197
-1.967012357258932
0.562163415569878
0.085655104320016
-1.558513578408707
2.052930144687040
-0.716847373280221
-0.230212605022065
1.897622245220039
0.134030026537317
-0.310514004302762
-0.020811996812965
-0.237305160829248
-0.562876726612275
-0.868789466278779
0.212244437941759
0.389760204226944
-0.169923989098431
1.169648734940742
-0.787184996287850
0.765226064125337
1.807728699007277
0.801867210451054
1.091241327364008
1.611403580167623
-1.064269991034836
-0.362020422606155
-0.253464438282989
-0.020524685073009
-1.465893794483066
0.140285923786628
-1.649923623472884
-0.969550046906278
-1.126807569369204
0.789490782958556
0.192039059557953
0.293332524700051
-0.321964331671154
-0.492530197665924
0.256669307910622
-0.578145194711252
0.770850715109787
-0.407170305151829
-1.205276532414991
-0.466166037291268
0.502459154249135
-0.900072624346696
1.170078159359634
2.048410787502874
0.312210928177177
1.317832912539854
0.858311011934594
1.282895726312554
1.575789181984652
-0.975143279816677
-1.811058901268183
-1.593647925990335
0.982545417863494
-0.594764868332252
0.184325616782197
1.058372336673935
-0.593474924119428
-0.162347319976764
0.794906823822924
0.340716352475628
3.104620280987118
-0.091736109919567
1.612142237194615
0.083603943502313
0.652069574500701
-0.292490261751650
-0.601714605330899
0.715665005588690
0.222047398525120
-0.936051130899165
-0.019026452826621
0.325150419366173
-0.015500358790140
0.798141602967932
2.795041198044784
0.976984942141206
0.168851157339724
0.678653478417625
-0.139430982804991
0.359771563064718
0.456928087764679
-1.175840998833152
-0.149020816669569
-0.265798954023943
0.513995629233135
-1.242089751908443
1.081007360753424
-0.479636919466115
-0.401175752465372
0.112118321366027
0.770058809535207
0.005744237678779
0.068298003644892
1.269218904844956
-1.542200694009760
0.947680404552658
-1.053351639372574
-0.432834000943946
-0.622038870458202
-0.125396420645991
0.357889161508972
0.587889705552002
0.503152696014881
0.636808937856726
0.031969343314224
-0.509794865608739
2.236485703090675
0.221761384927955
-0.862283750327661
0.862330034354835
-1.781043107665147
0.007902130408042
-0.898211172474408
-1.207735777567980
0.142826561047290
0.744780922828032
-0.636393966274472
-0.332552392473671
-0.043506934280461
-0.607464986375846
0.184779977174351
0.427094300237846
-0.420042625719335
0.054832922328451
0.209021397273737
-1.292013613777895
0.426141810526121
-0.677941826878635
-1.389980675472651
0.732855236330653
-0.259737582270488
0.620139763369515
0.328069710214436
2.588370256849184
0.081674158555584
-0.761050976343318
-0.427909541336337
-1.253864375578415
-0.634391182174487
0.255387631786925
0.066982304775737
-1.160885685649783
0.701272818970180
1.109634969300642
0.192945242264829
0.469348417188070
1.180600589750213
-0.044209064831161
0.597875618210419
0.260322872640977
-1.447273519651081
0.847708268567900
-0.133696582595982
-0.247636523463523
-0.060470838120289
0.334557594492765
1.202911654826909
0.437838241818899
0.144785836230451
1.621324870695422
-0.401648068506630
0.315508934435514
0.512626700029249
0.450013480395400
1.594577743549422
-0.304166991680174
0.335029416978446
-0.384680389316415
0.269478562188410
-0.422908753229096
0.121495319082960
0.191563304803148
-0.101718125370973
-1.627685245285581
2.463028304322294
-0.344024961817731
0.444950902397345
0.962122027286350
1.018843767051568
0.151643286143877
0.405749994817919
-0.333923447222628
-0.801826938113710
-0.356977802364110
-0.862505785578846
-0.038145811119025
-0.550118869605615
-0.242106723359654
-0.155239388598859
0.074478697559477
-1.100594162034043
0.802920429108682
-0.198845947054809
-0.946629199069649
0.811408043777493
-0.763336346872133
-2.268599084767913
0.485396635634502
-0.902553409691498
-1.141009012609723
-1.494605813938267
-1.158885706658335
-0.163306575824486
0.396532043123605
0.544813366892754
-0.466031538235209
2.044121270168334
-0.368388030892043
0.063526681459291
0.549125139716005
-1.809512878291790
-1.568643886840409
-0.921675119580011
0.084207931462253
0.439755192647630
-0.626679603164681
0.336600707982307
-1.000373919699831
-0.951931312348196
1.022799393860391
0.037886086590754
0.590459244744067
0.480620299265593
1.493224840426991
-0.957671601340514
0.171195812420528
-0.948847662265450
-1.320747955717538
1.226611752015186
-0.239509095989483
-0.042983520653421
-0.796485618393860
-0.488586443632791
0.241170304893009
1.216027847712751
-0.311196439307817
0.574642939502013
0.735782612810406
0.369839849530652
0.827192155339261
-0.268115289694843
-1.419615880658936
-0.867969949283925
-0.788818435091111
-2.895634342283852
-0.833170886654868
1.068867549698161
-1.008942171291787
-0.129914570618021
-0.207915809598281
0.856694979752905
0.138517165775184
1.012135127413642
-0.032708469795915
-0.168964301566509
0.351712394315902
-0.313278999139447
-2.356677629014391
-1.117345460347207
-0.485797965442886
0.188749126031736
-0.119387274054394
-0.875022180864719
-0.263813694338514
-0.242824937589989
0.760217568853098
0.393834046913801
-0.826152600664308
-1.158677362350941
-0.517909566746077
1.574369218152970
0.573793904333933
-0.521865217402124
0.187349086798360
-0.104182856673683
-0.622086235074966
0.140423457778008
0.295672006228908
0.327020192663128
-0.335157875863086
-0.493213672129648
-0.744309193631069
1.275175103296861
0.409613659505691
0.984521867972810
-1.094756450802376
-0.215541921287720
0.907438383138201
-0.039575476573802
0.280384336540128
