1.027557696333015
-1.399208275096387
-1.268412202233757
-3.867252221893989
-4.461166247428805
-3.022498348664370
-0.518944544804238
-1.716519236228044
0.225184580102362
2.147225038673571
0.768131599765765
2.305862491760731
2.654229381665274
0.547773686513870
1.743581851985888
0.563334504829479
-0.781442058730427
-0.768461590861375
-1.054379059033360
-0.691130384512348
0.597174969210210
2.403422224125698
0.068354341280638
-0.267054017554498
0.500075157860507
1.146770469849256
-0.034637698417040
-1.635238298196964
-0.336148461411041
-1.045066284391116
-2.226724144846121
-1.218702345334523
0.702701479178803
-0.213315552369714
1.276070041662484
3.631713675977064
3.088673138983751
0.673868682964502
1.757226662987879
0.723254406523536
0.448888078424472
-0.164053472865798
-2.907473882951992
-4.433714599614630
-2.650375200225429
-4.170619631606823
-2.479773461508118
-1.356099733053743
-0.541499927450384
2.867367699919271
3.822579861487684
1.283407792190183
2.464616553093356
2.114281200920649
-0.161675475069826
-0.280568972931284
-0.408007656253725
-2.773662206834687
-2.383194762737379
-1.589131193769312
-2.313861473235590
-3.716655999950628
-0.964195991813281
0.782716216061150
0.892949138266675
1.133710817695146
2.574504020413155
2.970372208810429
3.179767677553406
2.679791123667719
1.093108479993507
0.479687376823773
-0.405111723114812
0.441830946945499
-1.351154545531982
-1.300212123899975
-0.696628698486815
0.896593517869788
1.448953468242939
1.907485729345068
0.801252578996207
1.153761623847077
-0.298600093570989
2.303165769908274
0.917094023325651
0.662113415861645
-2.307019541404196
-3.019397461420888
-1.579343536615780
-1.114785019257860
-0.631988072340788
-0.714141757414966
0.558363665213126
-0.185236605055678
-0.007095416780544
2.091312900582844
2.466500062176901
0.100943008299128
1.124362245633379
-0.604241808511477
-1.901762493056073
-0.218216012643277
-2.528660894575647
-3.080310656821225
-1.303750052288535
-1.995602362932922
1.050954191311420
-0.044454169891516
-0.631311005887946
0.608126653196245
0.930525277343861
1.465825704871498
-0.632492916747543
-0.732623737581594
0.750218913732396
0.204560474402022
0.533681265765601
-0.192722406814839
-0.848693916184263
-0.218030050914819
0.054989108473247
-0.449066049203531
0.393442072672755
0.708775601655272
1.158482380638431
1.205398740693079
-0.521680664174823
-1.086397855154267
-1.279305604715786
-0.032458298827795
-0.387060926177758
-0.414773217519940
-1.032321497018128
-0.582936035857224
0.469423149939037
3.289677347943091
1.705618813670365
0.512214631238547
0.004778780394518
1.019367082988725
0.246655262478988
-1.158987990544668
-0.105739753628616
-1.471016235066184
0.035626386339791
-1.250432868694364
-0.445781180052871
0.403730521061407
1.034781000636531
2.661309577916145
1.959222670275996
2.254715152209178
3.347266530223334
0.173507627008178
-0.571976330790866
-0.751948886558804
-0.563824030609616
0.644288696042448
-1.974007237118547
-1.251525111804351
0.557186399227114
-0.295259852247451
-1.259041818633245
0.573855801367782
0.808096019541737
0.526597363309490
-1.066079455913260
0.027719154254735
-1.167109988671949
-0.243943938774841
0.732834448094379
-0.514409300811735
0.569395687465393
0.114476207757626
-0.103023781380951
-1.918478613003416
0.601945735116589
0.077578625387540
-0.258757473001519
-0.232257602388509
-0.666045580795065
0.891208329552298
0.572905966527772
0.485017980570072
-1.055403498093131
-1.927158043397897
0.162935130840614
-1.155810434342341
1.635085455620182
-1.990021868697553
0.132157956423204
-0.715870447244984
0.158572753722254
-0.972718884452972
-0.868570311229447
-0.627294426058649
-0.907978371599633
0.538628145315315
0.283213353919650
0.702525669197682
-0.305682145287845
1.040536268425982
0.282766182680851
-0.458787994353967
-0.114990526277179
1.007458774100905
0.742601631866691
-2.282949331526021
-0.647979754207114
-0.967279713212221
-1.401468983222053
-1.153681527850142
-0.495751039352547
0.084377084174713
1.420234273208586
1.248742377175590
-0.859113165029135
1.174302049995223
0.520993899160985
0.406165208668942
0.678502973959305
1.263955329100983
0.107498931624362
-0.211183561065832
-0.761783166358937
-0.476848104024779
0.881347994701256
-1.687040179290031
-0.817435103112036
-1.055136822407710
-0.945335106948292
0.365286288348344
1.076840429263845
0.500517977687302
-0.132569653982856
0.742901765639982
1.217941378140209
-0.013023629727510
-1.770857143510469
0.317474141210581
-0.122566103901541
-0.643461551206904
0.080387582537245
0.362731815491430
0.127929750924569
1.484651019863902
-0.547294429367840
-0.672456739233291
0.592159837928541
-0.785140782180574
-0.607887263851587
1.763803729856922
0.137141077227071
1.243820726367600
-0.629711322237231
-1.948034942858957
0.246735771599745
2.346463639640571
-0.620369143523812
1.026361585490167
2.084517274111655
0.051274514486133
-1.525701071139383
-0.039621778784479
0.159497095817373
-0.772112541715103
-0.488272191349747
-1.399088912264113
-1.784052022001230
-0.604387582430659
0.103188026479035
-1.323396379837605
1.575819402427225
-0.364814388054711
0.382181436121613
0.236277112343866
0.322336966100080
-0.031265246172709
0.791054829136712
-0.971580187238380
1.078546895156629
0.017645341891250
0.581182072625501
0.075383518827960
-0.930007176741894
0.466925744579483
-1.293282058072551
-0.863372337408080
0.467731288458160
0.257107732530810
0.216921772084856
-0.232156324899590
1.630364070118367
-0.730367465406744
0.190231337375671
-0.256820560902607
0.019117045492506
0.759314413392888
0.140746352734646
1.791178192270405
-0.376725409366756
-1.264898747455532
1.304308233814089
0.050624918789147
-0.893566868753648
-0.236297149672253
0.539386004563913
-0.749975001400876
0.603195990336560
-1.229091445729790
-1.887042458675549
1.128687154557471
1.211154595759076
0.384107264827076
1.001818819099205
1.344618613643678
-1.490115698357355
1.444969896997021
0.780464242056262
0.663921702302826
0.427846464738319
-1.402884707348590
-0.895460210363171
-1.541300215448465
0.609678678912169
-2.105892302775148
-0.021708374231080
0.027438871664942
0.177160956946066
-1.005746266499536
1.209144775953708
0.314004478389092
0.962757991664853
1.373041537325439
-0.245404232989680
-1.062760485790374
1.972003448699732
1.812625121151456
0.376954514452642
-2.173819772369473
-0.092321243527274
0.167081159729402
-0.925430513856054
-0.720578377248295
0.730918561408651
-2.110571234480239
1.550783037495791
-0.102765585396679
0.161208808615690
1.313075969093271
1.093994338430460
1.408132967642762
0.519294802424740
-0.360191731060509
-0.912443648108448
-0.740242177036320
2.543182079976274
0.836187360251432
0.594462541606378
0.339312710057827
0.777043823808651
0.867896803118091
0.294740940808159
-0.091967462832531
0.077584560298961
1.187510732159582
0.373075330135410
-1.516143483262695
-1.149044236843100
-0.283370631392860
-0.690600679260149
0.847376030873395
0.692965367155892
0.876646941286465
0.716724827900749
-2.068895538942908
-1.542411540445572
-1.821994329346688
0.991720826912396
-0.974724469943869
-0.088064984175803
-1.070644877268442
0.432117499629064
-0.896334205536703
-0.135960931571067
-0.805944814122383
-1.120406858463916
-0.111576475849280
0.363321201454689
-0.307012735060490
-0.173976573883581
-0.421561761881606
-0.878794805074084
0.027178358207374
0.503650992128219
0.420917686294842
0.461581271587666
1.732795528002844
0.138351190376125
-0.156110812748372
1.316763115646523
0.845884864186186
1.071410617622423
0.777046373828043
0.195240573941117
-0.105265474051124
-0.968854161174122
-1.418082472897039
-0.842238991913822
-1.703262718329459
-0.984482039939169
0.867870905079714
2.123183763496316
2.282013024032703
2.400922169867942
3.858199573003900
2.004909514743253
0.440993636325842
0.014335403287090
-0.691174795527496
-0.456034885158537
-4.032259456095377
-4.430554545788945
-3.917118930504578
-2.019255503973847
-0.623050653390901
1.096003714732221
3.582116104739327
4.222561789182691
4.539147828861536
3.934046251229519
1.430422120340123
0.926862546088618
0.758367116511903
-3.094332751257780
-3.437475540775930
-4.321198479316989
-3.964485591771481
-2.041048211896718
-3.209488716340814
-1.455323686390884
1.269995599534213
2.986187944085876
2.911187811867721
3.803411541296397
3.939471844712786
2.306465944107384
0.121024290556128
-0.663528097740557
-1.326206556239650
-1.655268917146032
-3.815339880629222
-2.898066176288553
-3.124764611907660
0.545889052475546
0.256019985746414
0.175329506917483
0.774282876614412
1.488956653193216
2.571147160595478
1.927486802214527
1.532354530795486
0.658726245378144
2.262823314456198
-0.309827744849469
-1.869876294652404
0.217131815602285
-0.581759640595331
0.383282590141056
0.012355713397945
-0.652026397141340
1.450223602161888
0.278703724000757
1.154258165919989
0.869560957313341
0.984100990560776
-1.311073679592692
-1.710388635519694
-2.346601273835101
-0.581888370315264
-0.802646918910035
0.448774014335765
3.099391015971606
1.591380133406115
2.165420807128116
1.823871354407593
2.633191387916691
1.168769933314560
-1.417951116827707
-0.838234729984797
-2.694448016548174
-1.315262467002901
-3.405847407179180
-2.189060896551317
-2.025762623241295
-0.301020826618897
0.032171162620519
2.265057211964439
2.049654193149927
3.118555607770378
1.954264776085413
4.082139987887787
1.212886222807878
0.037583642836456
-1.747372482158876
-3.165593788190490
-1.462164695706676
-3.887176685132356
-2.458387434875560
-2.036120140034699
-0.034338318309175
-0.410753394845319
2.279440132520357
1.825247584044467
2.388710773920420
1.938085767204829
0.645144574100047
0.745367813183788
-0.775743839447522
-2.043758653759598
-2.522980659521314
-2.615764729210054
-1.810334961581649
-1.185823629699010
-0.887513606298399
1.094522973829161
1.272187672807880
1.499090013545245
3.585230623691539
3.060305500214544
1.135992392400963
1.322584301571111
-0.246596991062789
-0.530870453118853
-1.530813310041360
-0.889435166889044
-1.461377750642705
-0.523125648488916
-2.786081119373675
0.067910581888346
-0.572067445391384
3.056499623928128
3.533659371936551
0.130316327279335
1.397962411808237
-1.333050039896484
-0.920562319065660
0.548390755780793
-1.869322806804152
-1.772825940531870
-1.595803589114513
-0.825041964503728
0.114259497324948
1.419994720292498
-0.260871128772314
0.847759065900386
1.452398094400976
0.367761685503897
-0.439232955176180
1.009856064142145
-1.333818568245982
0.314774074946600
-1.116113020077552
-0.462695660941451
-0.326070585599277
-0.449727458528934
-0.883025424894983
1.888870848142101
0.591364434373760
1.670878958301324
0.452245325377095
-0.032121619608980
0.076946419616215
-0.428055899000560
-1.452326031888730
-1.273282287626654
-0.445663881045443
-1.161723188638729
0.076667883330428
-1.620182434382433
1.404678860145306
0.147806585145537
0.740796076498433
1.019182752242394
-0.681872633941901
2.011227883108156
0.713528975039043
0.679840354478821
-2.484602816823498
-0.064376857421795
-0.375708689194689
0.272370403638135
-1.049360133467120
-0.379042744238750
-0.234743525482392
-0.786120553087437
1.192128588722540
0.270729429211563
1.576955829869724
0.659488603107321
1.043539086376766
1.986086694175777
-0.151486416694852
-2.153230603124224
-0.286550561073855
-0.357128443399412
-0.255659217231290
-0.409606047066325
-1.614691244224500
0.972198743039105
0.638951195207604
-0.131865910106694
1.474274480028372
-0.911593229227169
1.333240893985133
-0.218871997777932
-0.741965386537225
-2.306555546226631
-0.114655232611080
-0.042602012634651
-0.491071958731176
0.406498387780504
-0.529619798987718
-0.041275250401523
0.612134728394810
0.975822094114108
-0.016738059999831
-0.580674742850979
1.172445075959764
0.561054774764841
1.597926663051707
0.528612096595685
0.225737967349463
0.009820555993588
0.303179006520204
0.547315950791836
0.016329784941258
-1.227013543531075
1.991491202630812
-1.230827213855300
-0.119778457479804
1.219573487285829
0.716246864735803
-1.368890588827048
0.433831599051889
-2.416796546702817
-0.215929964276309
0.695041856205269
0.588457365968162
0.309304383593046
0.279471032645050
0.806070232367032
0.840274629127003
-0.779163295718241
0.115871531742761
-0.966929204500441
-1.934545457690371
-1.967542244290127
-2.235273174038647
0.158039843259438
-0.903247115360589
-0.773533063606043
-0.797740951472297
0.767173894666014
0.532842624606778
-0.159744018931247
0.645723365666784
1.594988608052517
0.063366295860985
-0.424072118675494
0.477722873456849
-0.276845084133509
0.943769212644225
-0.454091293705298
-1.034753255195203
-0.313504050874284
-0.861005593143110
-0.339145318278913
-0.588035097858629
0.761036863914756
1.485093514094150
-1.284372320798200
1.261972648125499
-3.207415129389079
-0.679003144919388
0.300491709902529
0.109403445994560
-0.425082052724285
1.285386996349693
-0.619888954304330
-0.250067680762648
-1.461303269769169
-1.122619671660809
-2.042203259751038
-2.763062236938870
-1.898427652899735
1.492018210499028
0.551774566360033
0.965497897418455
0.412304887743155
0.862714516326248
-1.622125596951782
-0.860148874468549
-0.500673885213037
0.237702950714416
0.537130258627608
-0.104558472867310
-0.373960889784821
-3.073086135699919
1.102024164075755
1.346223050969127
-1.139383555435649
-0.251698046082156
-0.390350900622468
-0.612967817805350
-0.977009914394427
1.797209257822972
1.073140142953989
0.025422048857009
0.946905381093573
-0.468880908896297
0.081657310146769
0.407268559753428
0.455221087485655
-0.592818920234536
-1.595221086405635
0.299844725147373
-0.908853308220548
0.598437145446826
-0.247426464246600
0.011183129264794
1.103355556704657
0.581867334869689
-0.962617470724206
1.441324560192597
1.444287763201419
0.448670530892652
-0.239974547244935
1.269512073479503
0.294456027065336
-1.320441561099907
1.164541154638032
1.792791309957110
-0.414408366374920
0.068455122629920
-0.396019463138275
-0.659584581894624
-1.738824549921084
1.044686970023729
-0.673738131234009
1.267045294342461
0.705216927370546
0.521915792634219
0.615558875026405
-1.411850337394870
1.157717631269255
1.843990221895865
-1.123911315601788
0.308049521875106
-0.376083595518693
2.247619891853986
0.220261565347165
1.364474022809200
-0.151663273435218
1.307194487038563
0.456717201327605
1.364693186093394
1.172262269028461
0.354662462618733
-0.324746745570234
-1.452451238381539
-0.492684679506131
-1.102567884192661
-0.243944487406955
0.533350776248780
-0.397111122820155
0.778394494696374
0.020885938228165
1.016229516020390
0.202576341451228
-0.276635037993128
-0.512438480950218
-0.376833593951230
-0.470966830937294
0.015082433166322
-1.492217605302813
-2.257003387751884
0.450609982810120
-0.285869650491028
-0.817886320815686
-1.450064909107067
0.299486499187596
0.252812686822047
0.056655986775668
0.738345183975280
0.789893019209747
-0.938670211106676
-0.777876136428363
0.535983589660404
0.493900543818169
0.287601254733724
1.066829791155350
0.545514902085064
0.037631966705492
0.549352239454646
-0.613915675764554
0.907098205046988
-0.075170467185230
-0.375048703011359
1.165939642016027
-0.555123980439899
0.312785271906599
-0.636374282931934
0.767282100467539
-0.048277506839077
1.171318993481732
0.896645117099561
-0.018529275985384
0.428510817806677
0.858689176642754
-0.664827368792579
-0.656898681691587
-1.930731660011552
0.643115184837781
-0.396467319138001
-2.004060790001478
-1.935870056962981
-0.054777401687915
-0.731216782268303
-1.757692611560084
-0.645226412434606
-0.269193467761440
-0.441761164985788
1.244026501907723
0.791404168527168
-0.757074750226385
-0.209788656895238
-1.035628346244901
-1.712632945639233
0.122489467148383
1.160090613401984
-0.195649813905086
0.779433202058360
1.478095824070052
-0.025160263790633
1.039639734059212
0.400326363361237
0.577678058822770
-0.487125970021427
0.030464232020702
0.300241711665253
-1.558842059668806
-2.306601935347987
-0.059651900985938
0.131742762548307
-0.390265022702286
-0.830158448827956
1.399202209053122
1.916566119954222
3.362354815956032
3.937974406886595
0.318495388409466
1.316600707487170
-0.875561213926368
0.534535840750023
-1.892990932215374
-3.878761447356538
-2.572927283601626
-1.721538505007499
-2.407360477023186
0.309273154263987
0.589819399130364
3.533324024902115
0.769065800008702
2.714503171812910
2.806926023288984
1.859277938929782
0.102224438298151
-0.805190010036125
-2.289581532931400
-3.062081878583987
-1.716736461435141
-2.161116413989569
-0.784484247241777
-0.769133092710482
-1.054055602121506
1.981854152063758
2.168402857237091
1.620382284100713
1.237262582053754
2.313106194123635
0.027974560900223
-0.828959150681245
-1.314655586796585
-0.146602223262865
-1.472535196232784
-2.352848635061612
-1.623059779330340
1.542426000159414
-1.281507442078008
1.405187970474921
2.435916451254530
1.694711815425566
0.067080232946780
1.525920698842910
0.199201353053122
-1.257850891047356
0.033965001747819
-1.653281565952168
0.092899901472789
0.217178788099749
-1.179034943486311
-0.562558781372217
-0.415257456048620
0.821034253845631
2.268616086450848
0.970378321762122
1.940197371374198
-0.424121208787993
-0.619499693460450
-1.232927722728168
-0.967822995260547
-1.642219793788361
-0.840675376300410
-1.659800136701349
0.658639349399648
0.066544883420123
2.333962659780599
2.896647932371907
0.961198347312869
-0.393631018571556
0.489113851775997
1.671066405665567
0.090614402988393
-2.844186259408904
-1.662900443953961
-0.458819038969332
-1.399614751307888
-2.462612060478077
0.058757670906987
0.078336176842102
0.824057854221426
1.944957544143255
0.748969534290724
1.629798129069801
1.890454342666679
0.550200441456772
0.118821233251437
-0.431352441548500
-0.674138474092991
-1.287436483861416
-2.906274012044938
-1.048173938864502
1.162971828973161
1.099632600467608
2.482088197161573
2.620932757079542
1.664524274754219
1.807360186982607
0.739731632026720
2.050548424040944
0.006727838116967
-0.696078846343496
-1.857880931209291
-1.539305536204581
0.315780584003080
0.017255350728473
-1.570482257262145
-1.526951932394534
-0.375091765972926
1.033578385427398
0.343791563983311
0.101626677504024
0.019862467226742
0.577018216762255
0.137546020665913
-0.131523254641573
-0.025471593161800
0.524453043424621
-0.194456466430695
-1.513586831001740
1.143910605319972
-1.096673407712798
0.347181536722161
0.411368849278323
-0.156697996564031
0.390317787765041
1.141316096522597
1.135966943927543
1.694350487823208
1.213377029361228
-0.079032739187427
-1.631291587453179
-0.742972758953782
0.258050466899985
-0.247442597196226
-0.957385168945268
-0.427241468171310
2.022854525600163
1.048680513010318
2.341127509398450
0.505846080220460
-0.429348619092441
0.607350717080150
-0.424744079907811
-0.082052244069821
0.532312821016411
-1.970129463506012
-0.145539443423816
-0.676433701198863
0.412571133713458
0.063243392891023
0.988657395297198
0.535621103013334
0.969487427904762
-0.583857413515417
0.195280926480471
-0.138586041716696
0.998582907269737
-0.359496242314729
-1.177097609302837
-1.067568773572775
-0.451873821408988
-0.693998087157258
-1.592080068456795
0.165547250395765
0.119594450777004
0.317427869343247
1.273300898861035
-0.768589040503934
0.717988173257149
0.839642351452345
0.633568175290112
-0.270821045797825
-0.497892279689546
0.411335796914689
0.572904313552271
-1.373281980161607
-0.272719196677534
-1.067275195971234
0.887955067161138
-0.092775811009937
-0.196883074874418
-0.665440223891546
1.080830896093020
0.030659470892580
-0.804930720990226
0.112956369342984
0.201143378710995
0.073603531819313
1.244197663671107
-0.182165398866770
0.441865880220015
-1.593608163363202
-0.421498160154814
-0.189301100907856
0.737988549715571
-0.183377761044354
0.811331611506235
-1.063683259673321
-1.015454942937669
2.133734580532627
-0.225439899512143
-1.569420491194266
1.309810812198059
0.323213896818890
0.266901296934462
0.564107006840962
-0.801807927376862
-1.063888445836107
0.919234328443245
1.334227733153333
-0.806357058344710
-0.420961040769282
-0.461186454297401
-1.711076151664846
-1.207783636395615
-0.501636197758342
0.243475077089171
1.142074656482917
0.516438226206003
0.998493232827518
0.663061872753342
-1.080516624686354
-0.004442752106213
0.780174212412573
1.309743833271194
-0.731124863899045
-2.543985116301353
1.792705043593114
0.616456945209232
-1.080288686310533
1.089234263126988
-1.355339251693135
0.358287017971372
0.312411116920469
-0.811276228413882
-0.922647529357119
0.942928445808361
1.408911641240800
-1.683480014571646
0.392020853632522
-0.389770003331322
-0.448047944695134
0.728603999447469
-0.930630034016115
0.305718833620988
0.610458494281536
0.101919901975093
0.505014598475368
0.633136833481902
0.232023629894983
-0.150881203966767
2.025386240094769
-1.785969998604445
0.208745229539342
0.099878617891316
0.297829541427260
0.988315551593413
0.036844285397316
0.092464038118788
-0.507704246576595
1.126776153482232
-1.700715088555140
0.506449821569389
-1.577459175601997
-0.975595883670251
-0.220173308566076
0.063685089322000
-0.114404217829052
-0.023054890682208
-0.033295097696798
-0.417667429748342
-0.855957267932431
-0.876991838921694
0.689331269373161
0.167363747335483
1.425750801395066
0.644612029849647
-1.187917889315860
-0.796905076117985
1.001517496962517
0.282888329172357
0.237563609568075
-0.297786484752754
-0.214883178856791
-1.840923957869215
-0.300692996613453
0.101073440270436
-1.612712711220184
0.034420598529344
-0.602935572053098
-0.463534780306368
0.502934464936519
-0.179269635192302
-0.261255495968657
0.952557732474388
-1.034854101756997
0.326811609195064
0.069621442354291
0.644333400878603
-1.034138710661250
-1.134675132380535
0.005688132766340
0.219964513809805
-0.197818526159572
-1.088090824349360
0.628106129680347
-0.592217459954825
0.233724769575934
0.708926905959690
1.154932806454946
-0.674707066464563
-0.109846108185933
-1.002339970905953
-1.237492394418371
-1.324970469854971
0.627530928302892
-0.504375156342476
0.029206334394167
0.223285254464441
1.263087591692600
0.084113531716883
-0.889522675781863
-0.478251269286019
0.693512592407135
0.977867268173763
-0.230772979473801
-0.196627311389878
-0.011378305586595
-0.835158903391086
-0.167990167094421
0.152724231501999
0.213761990551148
0.287371203571041
0.539157871185224
-0.076326640179636
0.116227510335831
-0.115581123178718
0.955259248751367
0.877179535636752
-0.248702866633932
-1.539020728007793
-1.410769159695187
0.714326998445388
0.246916064533469
-0.897006037860060
-1.083716626086282
2.356296573717768
-0.737344201662731
1.111223195131587
1.274637087435337
0.849538254059671
-1.393070476934287
0.298147360044629
0.224123111581972
0.579048914878025
-0.990512391729162
-0.555430692182877
-0.358554434730452
-1.105241907739054
0.776134604002208
0.765086556762070
-0.009032902672504
0.929099666482335
0.880862873011739
0.814428875039197
1.554624263374156
2.588697851023190
0.741273524075030
0.549329059184865
-0.480190277096627
0.525526417928849
-0.130159865713488
-1.467407960785323
-1.015293792258932
0.312493879246394
0.578976080511720
0.185976730455633
1.676671309182683
0.216729376147180
0.423500265572441
1.227706257459847
-0.887248612637161
0.024034305052011
0.898832164593331
-0.579284383000445
0.198868810767571
0.397335936667819
-1.502918844530597
1.182725143893228
0.203891227520787
-0.896120173317661
0.411160840938952
0.675449431065954
0.116984281942250
-0.773761461399601
-0.769161137298884
-0.123318322598158
0.340456631182226
0.957478707047403
-0.927299408685047
1.344732588370589
0.018854270239834
1.284718797140846
-0.721570986267465
1.333591167452804
-0.216851099270613
0.630094183739459
0.031331653194851
-0.048294061962934
-0.445743162539178
-0.673854053296538
-1.459296394423977
-0.348938101000192
-0.325924293008135
-0.140754279085419
-0.252441493850935
0.431763134713660
0.382393712697771
0.652574749016904
1.503416095869534
0.655524627250270
0.258642324319626
-0.031797232330103
0.010838485261109
-0.572516721472685
-0.763812614414122
0.224136038565255
0.518361672466659
0.199440971739101
0.275752611728564
-0.624642580195151
0.009544002729802
-0.095409949306377
-1.049937034917666
-1.089893032806689
-1.439047697285482
-3.382212650171225
-1.444087356998844
-1.313029348258467
0.329998429999470
-0.858435034819710
2.026241412965868
1.919887291977006
3.245346595251240
1.743067104353169
3.162090468522691
0.228769150822189
-0.634661912300395
0.330346084621758
-2.338733959068063
-3.725738332381412
-4.072067401351612
-2.008642973250978
-1.388401253755089
0.479363224313563
1.507941241967694
1.808333524306340
3.685096815822544
4.086560500434595
3.486328633507856
1.369857232201163
0.519494137143312
-1.160053903769241
-2.258823884082373
-2.829672640365829
-3.943387099734196
-4.008449661926357
-3.314665248163695
-1.762891342669962
-0.025564880178950
-0.044361836559208
2.842722804939231
2.778395802701785
3.857927339942011
1.879988234857829
2.205111913551443
2.200302276235688
-1.038185480191204
-1.541312009304182
-2.183021828165062
-2.040529840340624
-1.854163017304542
-1.511904580915705
0.896286660466890
-0.673017262631107
-0.234513546513894
1.712508391213764
1.181973927886301
1.922783823781959
2.070178737034081
0.388343638989838
0.117529106566276
-1.841105609810116
0.241188008557360
-0.269263113716086
-2.225668338418696
0.387987944654453
0.184000320784584
0.559315768204522
0.048675010881241
0.085096665587690
0.300884392481870
0.822435633641109
-1.705951795118899
-1.553302966069404
-1.589386128767462
-3.063947155433147
-1.311421480028514
-0.063365656313513
-2.119900084627755
1.189477405874381
1.470465497789338
2.439107379733179
2.432812784888781
1.411923939536790
0.843499915533694
0.914130195450850
0.155668344952524
-0.490016513930615
-3.576548389972239
-1.367730279278814
-1.155566196117973
-0.914962314927019
-0.847297364866565
-1.173385240179964
1.369024968663151
1.364426203850000
3.088589608088449
2.005918796082910
2.470905479543988
2.491365450441489
-0.577215040912869
2.144183689788549
-1.275502926487435
-4.687199461982634
-1.133753219351447
-2.450056779480033
-2.680031264394906
-1.793671106469751
0.115259362814425
-0.642109571753982
3.991058059868843
0.984948291127189
1.654056705029599
3.519751635520843
2.277912573020651
1.660239494748769
1.006901632058197
-0.720779465673214
-1.700830332727105
-1.680974555768819
-2.543755261282384
-0.233722088549940
-1.151765093366547
-0.016642167698365
1.315467195026576
0.917202102724885
2.072342831489646
2.870478344939435
0.429575488266321
1.881366973401234
-0.967483536032109
-0.105170385578368
-0.076658851935184
-1.104661820118425
-1.527329742123635
-0.249343978835318
1.519481512551250
0.879842235586001
0.219610399734494
0.856334379249675
-0.650224490966788
1.454365261465002
1.219888657888895
-0.671361870553621
0.592672131423662
-0.297666766494494
-1.626330109575778
-0.521458970134076
-1.606556933890624
-0.539427786732179
-0.497646360986015
0.527428581441880
2.275250154579883
-0.208349770086378
1.633001476027098
-0.300182008326785
-0.436875284767314
0.395328640253440
0.804960734054421
-0.762272811191798
-1.484867540019843
-0.609939037804118
-1.465564158291442
0.667740626085695
-0.628232936942236
-0.587933378061664
1.980770720901697
0.579050148026590
0.396323131325179
1.324378392353604
0.580812343136518
-0.534193989970478
-0.887686827885264
0.058504393336491
-1.053120232360521
-1.424187395085025
1.107008834143280
0.860607802853630
0.388768769328557
0.291362389948930
1.198321370557234
0.660000440084684
1.529044419711576
-0.340759272759002
2.672354233748249
-0.380708244081003
-1.673997375082619
-0.584398556506948
0.331342752631754
-1.102404742377214
-0.452152872447717
-0.828113693629873
0.310455652830039
-0.081084856285276
0.629972612131672
1.247763630692099
1.933323024930448
-0.627880580512724
2.200511269178167
-0.247057107729643
0.103284084892635
-1.717980339865581
-0.223382284788900
-1.064352038166086
-2.464386651265292
-0.978011752459546
-1.622741621715044
-0.794252736666582
-0.156658252622320
1.271878884322788
0.488824135925422
1.780134461197165
0.139158672013794
0.659565292283180
1.546815365129098
1.237704503086966
1.367144354657235
0.455538765726869
-0.060872205878490
0.304249916193044
-0.441193805413123
0.152730557990722
-1.258527772401862
-0.917666369476578
-0.731174481446102
-0.407062642634182
-0.207877683845593
0.118920456430781
0.493429143095684
-1.631898472256875
1.406478193271560
1.389278321914911
0.124367354684867
-0.335671758927917
0.103102326862044
0.920217914823841
0.168866112306936
0.910849658861759
-2.701607720658937
-0.844726987514270
-0.200630181080350
0.329194161952301
-0.869427457421626
0.676616299369616
0.166405522815089
0.864626765286917
0.680577754248952
0.485427347201707
1.087323607265546
0.326322111143952
-0.451312288478420
0.086395956977572
-0.946957105257187
-0.147804136185056
-0.124569695511664
1.252396042408532
-0.763023764714480
0.269304195294461
0.047421959672498
-0.541621519784999
-0.958364401818012
-0.737485427968088
1.149847924889025
0.749688732970388
0.837706279803814
0.041458903516966
0.688087307048837
-0.919149122751432
0.843114373928690
-0.121212930538246
-0.241384587940812
-2.139886329189399
-1.644261677549896
-0.318167770912774
0.777431805722782
0.734282773369470
-0.361350602607324
0.156515677353507
-0.971971391365608
0.116608486877139
0.508922654096937
0.442555451848429
-0.385101187457361
0.531261517356863
0.746245608516630
0.075045509637309
0.167482472001160
0.662603334670173
0.369905329333791
-1.639001781379668
0.136005734042734
-0.339452480384914
0.115763468538413
0.538602269958566
-0.082518321075986
-0.833156790020385
1.128552881691559
0.719091651629939
0.502903761963276
-0.899261286533691
-0.097781317591327
-0.205335069941176
0.448117932716040
0.262718408547396
0.784582842661401
-0.829000476792509
-0.735637258146132
0.985002767631023
-0.799203055929844
0.670253115265267
0.109131295879079
-0.557404845494448
-1.191363075445959
0.595835507121509
1.732615228783671
-0.379208363261226
1.749799151627399
-0.500610837779212
-0.507843684744608
0.798240109476468
-0.462952769526223
0.719067686278234
-1.987813500154081
-0.000772478463189
-0.499958686505582
0.092512968110519
1.046711448185908
-1.224841403808105
-1.132047158276624
-0.150164117487980
0.537840013716733
-0.093901197091529
-0.534492615656754
-0.833724920157179
0.129942310120784
1.112831247574943
0.925009525764050
-0.128162385721640
-2.317456341877040
-1.245566816804355
0.360755968120109
-0.013771270327133
0.028739171425194
0.393833236051295
0.035875144453570
0.646260338316294
0.505409743701201
-1.069295282095461
0.783426613755076
-0.635730689463718
-1.181210287126407
-0.084285134506591
-0.969717596923705
-1.563068438997111
-0.833029054709495
-0.981631103886122
-0.570220025033231
-0.361893351584530
-1.373049386097537
-1.185479256873299
-1.004528845939968
1.380237254323638
0.851896084129986
1.022436201167123
1.606767849406505
0.701336684456771
1.540335848427368
-0.089829484313306
-1.119194307176692
-1.107516745551298
-1.795794721637399
0.723175246641413
-0.795249967081427
0.548789260436989
-0.558351997845977
1.503821974763056
0.997611363173266
0.860485993507603
0.000838891605375
0.626764889432384
0.112389982671026
-0.243130235102874
0.401546617676059
0.022395897059222
1.063610161505554
0.395220936870027
0.151561541955145
0.605796722730543
0.801716811021932
-0.440381479837462
0.939056897414020
0.396419829417478
-1.552613252388440
0.295610247216511
0.564773406967882
0.428256790863167
1.129146059132293
-2.274229024894871
1.161548892947047
-0.809874932909161
-2.161568867245533
0.125443879743228
-0.968372468161946
-1.500514908273267
0.272727426290833
0.248787876906850
-0.642325186920524
-1.229924740142351
1.020835564774629
-0.626687840560469
-0.093017129184267
0.031103952936886
0.521047771493505
1.426999761264950
0.256988338378367
-1.357819132243558
-0.535170975288226
-0.188943125123496
1.425427821806763
0.385721088101224
-0.549536680261627
0.866020121601208
0.250283856561552
0.397234249278954
0.418048877162594
-0.004698205853342
-0.699616994297425
-0.362880593816447
0.525026398618525
0.000104592009406
-0.408343783958102
0.965926843017509
-0.717513496756149
-0.272003431575750
0.395237627757782
-2.345394036259687
-0.343039912295774
0.351057227351266
-0.072355979248491
0.749204844295626
1.026906477422799
1.139525026623160
1.236036830730353
0.309465334759658
-0.450016604705672
-1.154100268560077
0.760342284740111
-2.273757497995981
-1.314184415280949
-1.367505702452242
-1.253600336721920
-2.074173639625823
-0.891713473973014
0.624925727885106
1.500490013631007
2.675292320753724
1.611193479702730
2.848720998338721
2.859508224818431
1.209615329224480
-0.341025467161957
-1.910616634222964
-3.088784639828376
-2.131128356855397
-2.745253821370214
-4.454272381620560
-3.407989496413022
-0.836759386415596
2.480493714648868
2.740336344645744
4.307265871233314
5.038282931689996
2.503437201785022
2.017292666802779
0.977187835382042
0.056763379454748
-0.402457164208544
-2.954884429885109
-2.625369771952950
-2.846088862650586
-3.460213407328187
-0.428851071044061
-2.109491141345839
1.476143889917538
0.253575944830630
3.399904964728756
3.298953991007660
3.103726091613364
2.353516177316320
0.875526188361618
-1.295734714590455
-1.928525252634107
-2.102341868818169
-2.274729989642688
-2.189737469392098
-1.647043773155346
-0.885290396248011
0.172928953128995
0.449361563799315
2.789248129897675
2.022530965957483
1.522224733728921
1.168344123692953
0.167373480855841
-1.871975166881140
-2.388456257433652
-1.087013960423370
-0.391457672542498
-0.790185296379327
-1.462875220372490
-0.769173129983947
-0.028150464676719
2.651683207434263
1.236161519193926
0.306700682433429
2.358263526795609
1.060303572096174
-0.708332325613879
-1.943944417946844
-2.094558198205580
-2.329657400715682
-1.600176382726904
0.020209396694076
-1.588520709756021
1.385355178829522
0.650470455063807
1.665762316338432
1.730630505675333
0.798805589404567
-0.192665810236091
0.389889649278578
-0.358432144669643
-1.319299306584355
-2.865559694548902
-3.872507007203976
-0.883422410461002
0.416017263427911
0.522775715085072
2.082023659305244
2.262717058931015
1.012118530841912
1.541455111397227
4.001463303472847
0.352441184969125
1.701795148814299
-0.557022645198398
-1.825245301263254
-2.317550530869563
-3.452795906474229
-3.735405907473163
-1.819686246691925
-1.320608676936239
-2.908652637226727
1.707639266555493
1.031124397142734
3.271575184826713
2.866576857380262
2.764156225518555
-0.033415258428969
0.044015895017277
-0.890478906060145
-1.743254492429813
-3.430742304415467
-1.924193313648347
-2.897139239340396
-0.406984690027941
0.281656514452253
1.026473512687895
-0.877371937656057
1.363628642729854
2.159552591720788
1.723843141031898
1.584229144359840
0.067373642593048
-1.116089572653214
-0.267276056360641
-0.928880690303097
-1.364906083318046
-0.815249123573219
-0.712885063553437
-0.777797129308629
0.044878803082372
-1.851027751551491
1.707830530317364
2.028968569155810
2.337925750434975
0.313849777733249
0.747164657961922
-0.200970660679818
-0.188671857858988
-1.214169960233900
-0.736998261181802
-1.647908585052730
-0.862440720384055
-0.801549721384603
-1.017181907688916
1.533379621915825
0.780792363979042
0.250089337144314
-0.074602942892091
0.621102826791786
0.758441819654584
-0.192916337611202
-0.075007399122279
-0.950894506096374
-1.981337192555657
-2.105647495438579
-0.502002961862580
-1.383678537629991
1.309396730895843
0.979365633336911
2.570218296193635
1.555125516715770
-0.179361337679277
1.030583545860599
-0.523735052577006
1.430027445358090
-0.184821578876414
-0.799316088744206
-0.135494489975971
-1.285909746530186
-0.457147110866263
0.001768677715683
-0.472123913210367
1.407418638851599
1.582394868933243
0.688291746714776
0.091114124655354
-0.701219927923354
0.108893542078148
-0.346097902785113
-0.056517782280392
-0.828079363401270
-2.476749513314579
-1.412725689405147
-0.586982778552604
0.353980170539425
-0.279675363617277
-0.138285599988418
1.422933141080316
2.737938988538801
0.923389015056438
1.850971815901042
-0.293151020800618
0.308496132952053
-1.231295762161366
0.539347746110490
-0.487868071379091
-2.372892787012804
-0.407730398631804
-0.665460498539037
-2.295601529600590
0.781932097386646
0.846766270409056
-1.178294440908940
1.000222139482062
-0.048100865200157
1.654875173987965
0.807800187583383
-0.055167790857925
0.722026591874088
0.678746147895831
1.054072773179421
-0.178821144794345
0.102591406029887
0.365752991125123
-1.652479800088130
1.050804087396689
-1.308956434191890
1.041097085503381
-0.923780023274923
0.907459029589449
2.324023705266447
1.707293382231183
-1.106851251607430
-0.416924976139093
0.413107832401391
-1.413539265225029
-1.009937506374868
0.803619615761991
-0.820250999833205
0.336261525934290
-0.399556302119371
-0.481428840667996
0.441378130688563
-0.353280747315016
-1.060549076238105
0.266974826551753
-0.820098934529004
0.344478277280915
-0.448576730997432
1.300814691425548
-0.969851596152361
1.296377980139287
0.419023358048134
-0.746549404846648
1.442015006044443
0.364568791545009
-0.822713583459485
0.109076925193061
-0.760773585697225
-1.424998818822599
0.278335694539373
0.514405118088577
0.348873575824475
0.996201143928071
1.012446497750188
-0.650963078680196
-1.104783910427755
0.082564034020708
-0.182464513412247
-1.014579321777074
-0.628755932886980
0.308107340846784
0.011829773187837
-0.509710159456696
-1.457798475995870
-0.754014798209199
0.875487665195163
0.120590846644760
-1.749457738377777
1.940388719863935
1.919663024381966
-0.482518877055446
-0.912922592840173
0.977375804042398
-1.608347119139607
-0.587647420721334
-0.903337660285542
-0.403634606845619
-0.031141584877227
-0.094713351828904
1.098731318686495
-0.667706681029983
0.919992768614347
-2.448325477902208
-0.615994566774182
0.178552851144031
0.970793172629664
-0.146718270293564
0.080964382572575
0.609442829853880
1.572370156438297
-1.233704033399566
0.455946200306272
0.593743068001035
-0.013329029282292
0.132670186894652
0.703597607052338
-1.741884745608544
-0.651221451124918
1.120503563617113
1.259369130377036
0.101698500373871
0.536636532626367
-0.284289121477097
-0.126643686105613
-1.013621722632205
0.311674574868079
0.996561035719797
-1.198140988784954
-0.200752981738408
0.677038934287370
0.483898700462322
-0.618571622557678
0.546533986295859
-0.514782961435832
-0.526886481746392
1.654080455781872
-0.177588742137110
0.007901457462158
0.951354583417754
-0.161796723305547
-0.287304147957390
0.341502642405451
1.260853062193827
0.295926021883661
-0.932224416369888
-0.081530121433277
0.959817391125206
-0.490808575461199
0.391850349588379
-1.386018979937939
-0.386352718397212
1.573850742689086
-0.015751754427957
0.722332588659122
-1.062331739919718
1.866714255225942
0.673034584373504
-0.514330996576030
-0.472074044648033
-0.579551806085245
-0.455192685527693
-0.038208286508596
-0.168827285539455
-0.341834992545747
-0.174192032630230
0.058148320165725
0.275145003540336
-0.421958356304951
0.570678122664014
1.473437006801947
1.111384530351995
0.099670780442201
0.386174946278677
0.229102718749769
0.689060306102969
-0.946216548811515
0.682466707656664
0.376366050882944
0.557874742644724
-0.261773856400365
-1.480209747399435
-0.002463936065961
-1.785226405866470
0.809453104987405
-1.168230741246239
0.770955608096267
1.320544165718597
0.229373832761563
-1.598187847297800
0.428596099026002
1.638680216958874
0.886250878898699
0.888275510259805
1.217764605535378
-1.023030389361467
-1.159089622572204
-0.083846710433814
-0.110826465101577
-0.614739206836505
0.285814823448262
0.320519023449729
-0.269575544165295
2.219862610987553
0.261294882143320
0.620829493742469
-0.682499670504087
0.586410577688793
-1.149150918411387
0.244537351804191
-0.190531105501668
0.580405215900156
-0.897059392784965
-0.900786366481835
0.060139899125084
-0.464232986256403
0.789016012439157
1.399812103808853
-1.260585590484564
-0.007085711707567
1.133948956119672
1.679407860994176
0.451382413647161
-0.304102133130562
-0.474619597653445
0.194791426534955
-0.013956160207522
-1.032707831551278
-0.919383238205274
0.354888519941531
1.311179728800287
0.288207754002652
-0.024941002837780
-1.245064616108295
-0.342264429436090
0.153931240023028
-0.533159170538637
-0.788681471043942
-0.704487152595273
0.639505824143755
0.552280942482046
0.456206120937902
0.201171024568428
0.519334334677156
0.138077939394540
-1.094660605054066
-0.803262218516190
-0.765543703487588
-0.511683117680021
0.123920650899986
1.526545450501817
-0.547836497144154
0.935065042105255
1.097550041352748
0.511054252639674
0.108341478612030
-1.678587044356016
-2.254275996924681
-2.159292763932251
-2.229669421106059
-1.780424909848261
-0.213666074938600
-0.749305580829979
1.154767681755754
0.256714197198520
2.238153699687762
3.337349813585523
2.400138296192282
3.213474466429046
1.468736031003386
1.802332399967471
0.174657579174712
-2.781627935395087
-1.978939271330966
-3.881984110033593
-3.240493141878268
-2.466911010480715
-0.493979357991442
-0.819432839239284
1.788657849205833
4.555407072031656
3.133303857381294
3.754931359412923
2.428002853947019
1.110841291193276
-1.003922354831258
-1.577392977224567
-2.587095294456221
-3.766082892838293
-2.533195219675128
-4.443751073905120
-0.519131384302119
1.195520525597889
1.728003506576801
3.258812945769112
3.337863848950594
2.263694464905059
2.160720970937370
2.498987125566215
0.870949073335948
-1.521223212677996
-0.802180028992832
-1.994444529423065
-1.376226345495762
-2.709218417772931
-1.044397534846533
0.500696443422699
0.056279648431700
-0.067759442099293
1.100525095540075
0.516489452314231
-0.942346260722267
0.873573504866805
-0.419753005990664
0.127579269189686
-0.018631877201611
-0.474848463248536
0.382915320530242
0.406508708009234
0.638237899748862
1.570952974289826
0.988108156733801
2.581458751970882
0.696933680019486
-0.220942440826366
0.050073353643314
-1.384251220390760
-1.435399478341260
-2.199801694233690
-1.282657078163760
-0.192553263390047
-0.577455518653353
0.479144305464600
0.170187051309295
2.118755300167966
0.724486477390604
1.882102985606580
2.030846946938734
0.064400248694913
1.816156343345093
0.256862825870763
-0.131121580289270
-4.236397481122854
-3.656522379975891
-1.873429367371085
-2.130615749531113
-1.682021868634807
-0.360256002805303
0.749129654677047
1.765775638606659
3.288362679433031
2.378487196227290
2.744032201324806
1.628728818818255
0.894096097112772
-0.063347717114371
-0.438057039863353
-1.737033853429144
-3.428057824075878
-3.712250076735004
-1.898236750135819
0.642699949325736
0.980931625173903
0.468158009366390
0.285513137323520
1.229268806907376
2.101376743502701
3.311324492998780
2.763868235917763
-0.696914267902762
0.295298293964576
-0.996783044037023
-3.267368957143387
-2.808963736581835
-1.559753824125490
-0.931144429591732
-1.424616167461439
0.114909912526270
2.808348243225167
0.795455729617761
1.303588175183020
0.486333554350349
0.132840420252607
-0.661656717574423
-0.641205863548256
-1.107257690792276
-0.148871333827870
-0.537197801398953
-1.776572119425238
-2.028985218571679
-1.443599489460702
-0.663422216370108
-0.934880054479338
2.685971525291084
1.879439332817635
0.955157434666048
0.407532667927767
0.763669723910722
0.299841358769771
-1.023571673555356
-1.529062826203165
-0.569853196525934
-0.651943220341412
-0.746946658486486
-1.093336821668425
1.631509941688778
-0.516160730804001
0.394580711122426
0.722673170292280
-0.039108692257370
0.150321905761926
1.165960617385331
-0.728748122294734
0.149323979567491
-1.006433689651967
-0.217891669777752
-1.191552509792453
-1.522260219748255
0.767735166807974
1.173517116053809
0.292697290010616
2.491911126143909
1.341684143398433
0.354737253788721
0.060032863517885
0.374268708047384
-0.383924684431145
-0.299058662748232
-0.940601416074172
-0.094654194967679
-0.767617734790936
-0.369188652601233
-1.573584340514304
1.177241174631484
0.254880426383231
0.307731531496634
0.870853771642490
0.619892689629241
0.771603851220342
0.405682407862833
1.520738094963107
-0.144615015836274
-0.471261105175533
-0.703942559303423
-1.437335271162160
-1.217175509912511
-1.073339986566034
0.817800573953132
-0.313118167227599
1.344066679299829
1.337224792380768
2.288731190008604
1.629149672889318
-1.109758809511567
1.614785027204486
-0.511048518662053
-0.332616601375214
-2.035100806293054
-0.051258370792042
-2.554916789126444
0.077655542631470
0.405343403443989
0.614211078628731
0.813828195547188
1.970944580761330
0.060825768060521
-0.136796216126294
1.536599619236769
-0.141499098751107
-1.143205579500077
-1.748915094072977
-0.608874656110731
0.065732385246900
-0.466860494446180
0.493756205449499
-0.588555190497744
-0.399966645558312
0.294220395544817
0.523972817102235
-1.452374293396356
1.402202614606971
0.732131143674406
-0.104386550939306
-0.873577731566517
0.156113914689399
0.294536409909460
-0.512926505780517
-1.836729816304803
-0.683731638019595
-0.464139154996144
0.604774479526038
0.040783370768562
0.737035259030503
-0.365825701567728
0.295631654315681
1.568622802510222
-1.428602704682136
0.477666594784872
-0.350038071804173
0.946128588811774
0.141752010776974
1.263903851281409
0.565938405836018
-0.139298635401294
-0.606103018427833
0.795671678066731
-0.784962259015403
-0.874693914330505
-0.806939806747220
-0.033771983986100
-0.021025664753826
-0.566054854235178
-1.111387558280408
0.174280839767871
-0.322875918894584
0.620952587566455
0.832528476882559
1.504650691020466
0.777974410852863
1.107576033780996
-0.934883679118603
-0.549167640514854
0.193181977235602
0.410185154240811
-0.042848416859983
-0.834113932084285
-1.104141924197858
1.739788442272093
-1.385997228867239
-1.239930500054324
0.506568360796068
-0.792724257275277
0.232037607059956
0.418051611215782
-0.751256850823589
-1.048831384771122
0.984167061070193
0.729736922318946
0.392641759495031
-0.229291580989925
-1.052898802677154
0.046678172884477
-1.473660488832320
0.131731700512177
1.284565023184225
0.046541159339833
0.507270019114238
-0.745650200950263
-1.344892758317237
-0.328766099449410
-0.609289731852064
0.871405445679282
-0.485907021264456
1.168568435627379
-0.950246968343662
0.858651725251314
-0.289338177300815
0.075268375719482
1.260489429653286
-0.632587630179508
-0.977811254583400
-1.490266915346048
-0.352412201779564
0.462683845693739
-0.305474648952938
-0.313383127729990
0.744845770899066
1.638984110058935
1.162127251918011
0.288838119709346
-0.350087307024350
-1.113354127415576
0.767483000031282
0.207070731221600
-0.557778857138311
-1.662958165313931
0.137116136202593
0.379277480186826
0.139874142983693
0.690242912785873
-1.254709007769894
-0.873137437781794
0.121076342757200
2.167489987080808
0.368429312913402
-0.157117345148645
-0.410567308779283
0.130539570592217
0.307036424139517
0.338860979621694
-0.386321141397969
-0.659977941921694
0.358292480423587
1.560671631727160
-0.372881074490601
-2.683483192337652
-0.757335601508987
-2.442415177279043
-1.295013110211005
1.115561909445178
1.308445449390650
-0.460114881209905
0.973350112979108
-0.761316950540411
0.148462701591454
-0.417533453089067
0.396060500119415
2.150257669028214
1.140423572839480
-0.337372420149257
-1.222283546442242
0.270201345613342
-0.978195063727374
1.309073506955756
0.041315354678721
-0.048130998887474
-0.658949287744599
0.625480927422413
0.301068827840142
0.144814937200239
-0.189773754487487
1.753795996467315
-0.400453147616883
0.076844924859154
-1.456932940768438
-0.449190490649296
0.337599101220836
-0.247601279601679
-1.038531817484058
1.113408379581524
0.613402454510822
0.328715872573154
-0.264414132436396
0.812360712673173
1.291723269452946
-0.758535237873119
1.746077112912507
-1.715543790291730
-1.549972500922358
-0.881180529709741
1.277226999804404
-0.188618487244992
0.928265498798103
0.358983824758748
-0.266951274063270
0.768773208153596
-1.370804654410061
-0.769487320602854
0.203749110608635
-1.107771950302000
1.094177873748874
-0.406994495866853
0.010064796820187
0.514243499524946
-0.249105593623696
-0.200332486428954
-0.031879172705110
0.074864397470073
-1.141226160202369
-1.496357153656784
-0.801734705304502
1.727292005872324
-0.376929998604742
0.618444387246258
-0.851926191491749
-0.057390699343449
-0.338517999341535
-0.002763521199513
-0.686649292944015
1.052372985749142
0.457416852610369
1.285395890312637
-0.770797650098940
0.493914056097502
-0.411650761681188
0.211175460323681
-0.196306037631835
-0.078961528900758
-1.822033478428410
-0.504073238409954
-0.443746571201871
0.028104113577937
-0.887385795361759
1.110815374857879
-0.257922941549477
0.796925238066345
1.904303590078960
0.127709943308133
-0.029771601373452
0.056505348717631
0.596319414498036
0.458845375429608
-1.352096568601821
0.943936917375403
-1.143060019602153
-1.123743977882393
1.209694099777128
-0.563090948004159
0.832667031788810
-0.383789050656907
1.882228448081552
1.231058194758278
-1.385539827555298
-0.473342604305604
-2.468971044597432
-3.539884746322556
-2.472994756321603
-1.264551650449223
0.548104815340324
-1.511232900901172
-0.489557135411341
1.309152430745470
0.515418871536617
0.807275637621314
3.136527418841576
2.398980604159188
1.433713855819417
-0.823857107919500
1.241358151211341
-1.743135794118913
-2.532462627205009
-3.428474945131789
-1.962272495444952
-1.217761406451119
0.258097599907861
1.246249863448803
0.706362734837137
2.451552767170518
2.290464181883987
2.479220970869038
1.057632297318272
1.049018302909795
-0.678613140681802
-0.822787733623374
-0.730340673125479
-3.659502229678503
-3.656456193378600
-1.500668069802477
-0.195516192980784
-2.005340969269331
-0.004606238767157
-0.260512353650244
2.220286982307883
2.880867197031174
2.976433457828392
1.182391117456493
2.515365397111659
0.563114059658923
-1.483554618650748
-3.010161789162732
-2.179317135014657
-1.607355036912137
-0.766283785414816
0.554479656938600
0.008258077895663
0.892986084155601
0.998445065694507
1.049699986061205
1.418491493703145
1.827359662907800
1.152684700219860
0.084474912540880
-0.536244803047160
-0.716802802805583
1.018740139899064
-1.260362662899918
0.629819312318192
0.019800032280132
0.632244210135472
-0.811994841219583
1.083718489988747
1.010369099458062
2.713718070419607
0.229769379648763
0.423816016800747
-0.487138844507989
1.127671177821417
-1.323272473187398
-0.983380286336962
0.091858024072025
-0.235660223379856
0.238638949934799
1.666190541898626
2.953829347477213
0.136481090874674
1.110298665079171
-0.320437241339182
0.210472388636265
-0.933773832488698
-0.062639456821538
-1.865008203110073
-0.909867928594462
-0.977739759911472
-1.228681177285690
0.044593812577628
1.643548918614700
0.472653599951684
1.316647637842810
1.775953654488842
0.048132735632222
1.127169021592090
-0.532254148379556
-0.371916967838824
-1.594080655499365
-0.337598277524914
-2.848714824924111
-0.758855717505076
-0.750114013903987
-0.892749184605695
-0.743065075032695
-1.017304108027431
-0.949179323670158
1.704703774939853
2.049185503811332
1.533290996426257
1.867357574622933
2.808702898861062
-0.545506856101968
-0.105537168258661
-0.108732833806971
-1.587788049305206
-1.495777883644761
-0.634891786017566
-1.241233199958579
-1.028221154874526
0.679690828372804
1.620716856133452
1.824465852880961
1.233994773548654
0.263288173825793
0.427087651361188
0.917600478195512
0.517851289275387
-0.398738961399321
-1.182354205081547
-0.910620409934148
0.032618934546988
0.855269042791673
0.135939762912883
1.176973804957475
0.468034547428101
0.328383888706222
0.001842701954542
1.043457087585808
0.037911238038111
-0.733270529860081
-0.788415017992656
-0.873994572814261
0.810950848282344
1.154707331238058
0.593016729722405
-1.344159073935937
0.612348181619924
0.461460206950440
2.045593995395692
0.553707641918274
0.173030540128329
0.370976943299415
0.637677277715955
0.514004425555898
0.055548237673691
1.155158784811745
0.231820719186180
1.618121597207553
-0.609423169712371
-0.653096635048261
-0.076539519644297
-0.458135424345317
0.527501670162692
0.371341140315139
1.760100188084318
0.257848427288561
-2.038844523507394
-0.395889497608848
0.161624402944422
-1.225682858240947
-0.755287994618876
-1.559175963529756
-1.962422060549606
0.287789392643707
-0.417663858954927
-0.282960588876149
-0.143658671956803
0.382049040018534
-0.556961788846640
0.634452263821577
0.934083353648802
0.573677725163464
-1.832057038556141
0.418477409621359
-1.939031108987539
-0.122117422652973
-1.501202462630917
0.727545594903895
-0.321632503446231
1.819981932166028
0.863237681163750
0.751941919057626
1.244010236977368
-0.456190945371115
-0.110043485397707
1.503153411578019
-1.751133077206376
-2.119107924946588
-0.305867577408677
-0.944938171395634
0.461956780223971
-0.152261294121091
-0.414604391667735
-0.002755209105407
0.332617801809360
0.665541574833740
1.038220862572965
1.241883980629602
0.430114064028615
-1.735197742406243
1.428874506060047
1.436272241899877
0.808669059000226
-0.163265568728996
-0.943907701297875
-0.066208755063307
-1.108611467920506
-0.432078397273313
-0.331626718401895
0.043255948605826
0.523661996619669
-0.976147973176062
0.542810537785143
-0.488416906931212
1.286716517848708
0.997397202989017
1.969516979034133
-0.057243962580413
0.499839437007196
-1.056851645485306
-1.050836583090587
0.113383339120356
0.324989568729863
-0.012789689616681
0.079209204938826
-0.523653214081150
0.260038894808580
0.145914904912456
1.050400123140623
0.989509334635094
-0.180958919365573
-1.949493982009163
1.419493069216419
-1.378927626910024
0.616278456297639
1.689949676703690
-0.252703626249950
1.338944066339296
0.180773176259510
-0.241170782828356
-0.405531030126109
0.606850112927484
-1.761709861245150
0.355635770912032
-1.304055471921146
-0.090654583881335
0.541766666328845
-0.633610453758666
0.691608178268030
1.224047629678310
1.293630943931258
-0.597832501848527
-1.003335908974912
-1.033590630190452
1.340924578958099
-0.508696945459466
0.658380433947362
0.952427309828423
0.596277757281100
-0.368790735012501
0.145337707703720
1.103726463197577
-0.050061247966941
0.228763332650176
-0.773068615112370
-1.022010738043674
0.124554557280615
-0.022227298056924
-0.857523145231813
-0.746204454952109
0.264592568070260
1.652498260849183
-0.626243011964174
0.154432820928514
-0.628785174100716
-0.679807632548454
0.845558329037836
0.054890945156744
-1.202654296115602
-2.125975294995936
0.143284091224464
0.873057168931857
0.428568333773387
-0.433346266869411
0.200211811960900
-0.352453248326914
-0.335848890284034
-0.874012483628054
0.834957151222684
-0.916345530477543
0.140097177390871
-0.176085236603897
-0.997871422046933
0.790156756594279
1.080199032697611
-1.146246804224878
0.145474252186462
1.087429074452016
0.507119219053062
-1.117547382046340
1.227268702989264
0.871619356213648
1.592416897515390
-0.017431319444235
0.896583193877794
-2.804929454873726
1.480854943588551
0.349116674822619
-0.509794896151628
0.996388872593031
0.715361469738823
-1.192810195908468
-0.375173244753431
0.078140172535128
-0.838589164266971
-0.719423227825462
-1.671484610083802
-1.049609040331773
1.019517020438890
-0.126705890035849
0.954821987944956
-0.407625515839206
0.362602789639610
0.808260393656869
-0.673536138095223
1.133746385650376
-0.518138873853136
-1.782148845220710
-1.586307525596284
3.677795201457349
-1.741672504150028
-0.063866123940894
-0.609151326711090
0.126695158312994
1.288875627718266
-0.975620296581023
-0.887243705158299
0.405611738539610
1.380293982417494
-1.273138070668998
-1.102430202086594
-0.808138277150618
-0.275214412207050
-1.375883968033792
-1.793622223196767
0.354176657381982
0.227702681538473
-0.237108298492351
-0.391559532115268
1.283354688196108
1.261701440302126
-0.100162226394517
-0.489353329678512
-0.658104141627742
0.300315305774123
-0.643218421791057
-0.897161935653584
-0.706982386590787
-0.333729718112925
0.426454714999930
-2.377214534088074
-0.663942259862738
1.186331766341106
0.445315925733191
1.104472224475385
0.858090414158970
0.489121775705533
0.433486015044316
-0.048677651973569
1.523730446290470
-0.172039534417647
-1.315258790491591
-1.488755672122937
-2.604467270329557
-0.846840352717482
-0.795619101740311
-0.359424011187803
0.478541783936732
-1.713117286900413
0.572533013519402
2.693516360421632
0.266080624882425
-1.525603580117379
0.412576854012944
-0.692092753600215
-1.317628033107492
0.629711195058274
0.534956980827233
-1.028561442216503
-1.422986886699628
-0.759103445210173
-0.794599392285077
1.446923110327658
0.183910673309075
-0.628376306377713
-1.144877841300413
0.708235659507548
-0.415966921318511
0.877516799363981
-0.328909715266878
-1.533130973890079
-1.323662913224827
0.564717920345503
1.267027288573491
1.249022148923889
-0.814614823840353
0.173131013182073
0.320173735508974
-0.920095862703419
-1.430633485521154
1.805846483334465
-1.208636766035299
0.192855296105408
0.906286228856730
0.854826051687106
-0.194181211757202
-0.005107203001773
-1.964342968781227
-0.418672410744130
0.192335399567416
-0.189451753517504
-0.374459085632374
0.531415843310185
1.621746893495618
-0.352244030868587
0.604281245843040
0.194555653771471
1.207680801638767
1.293018573163719
1.269031667990538
-1.142732572004410
-0.080127474426964
-0.982403629575847
-0.091712076067114
-0.783794523025375
-2.689634337192087
-1.717881605845445
-1.790185369468870
-0.400874792577353
0.330501710305348
-0.239317729320785
3.903519915818687
2.791780024259656
3.109646237337677
1.657480027379678
0.698226660604520
0.322238382996141
-1.434374693594624
-2.491514284791874
-4.265654794689810
-3.542073297915471
-3.737844650474980
-2.877556847247277
-4.738150272175170
0.202039699691941
0.863497982803638
2.379611936231559
3.607487019246800
6.047548433212811
4.924693366636658
3.195083432266501
1.826704245267903
-1.558780071512748
-2.360500933819976
-3.122471498053013
-5.076937926045637
-2.820805112461255
-4.123412320635849
-1.787491166248279
-0.291767628241469
0.188538920182470
3.012450369909129
2.405547706631072
3.551522121718472
3.470253570963455
2.843935723880247
1.563883873366422
0.472571688901222
-1.057463945311490
-0.320904056010879
-2.027562220007960
-2.608928357611521
-1.735999881648450
-1.527643307999505
-0.445150353968619
-0.377177793171255
-0.293691982949992
1.751472938128585
3.360465041612439
0.883412025634484
0.222532867007301
-0.536808611091225
0.020219089211431
0.309860243284893
-1.806551260943384
1.315539666572413
-0.670444026985114
0.533330097318151
-1.164076572703201
0.756525187625149
0.829473072932021
-0.637984342740839
1.647947533907871
-1.377688541349565
-0.956372643884809
-1.754498668963444
-1.758603934413091
-2.759648975239960
-0.420398789145628
1.671413375806015
0.120340179204032
1.908995507798533
3.306163609976722
2.036569627336065
1.877458896951102
2.312292473531385
1.241131391288079
-1.623007293904828
-0.919252366018376
-2.203659253166227
-1.631872198194053
-3.167257348387650
-1.310434273873031
-2.522568162130837
-1.308874442389291
-0.066704189931546
1.360316106131843
2.185133326716729
2.517472842781041
3.781466244453566
4.409388218766491
0.424708337934925
-0.754643287877041
-2.216657565808458
-0.705882994888576
-2.662604489146556
-2.533562100757187
-4.027353336773710
-2.312638014897705
0.438464893771914
0.760055537583394
2.052604497170978
2.501205485017177
3.183366159160332
2.850628553118431
2.168437127953985
1.049006712908070
-0.850424450398610
-1.819171443744255
-2.075083579465471
-2.458788095995631
-0.182090084517877
-1.769716813859669
-0.658775372031934
0.332138799671992
0.888690300567645
2.106972055836936
0.175532202706261
0.800269144073840
1.656752396456883
1.945040914012880
0.540814280387566
-1.786982490419737
-0.186437146104748
-2.749640499798399
-1.827363880385567
-0.236294246532375
-0.944739365315078
-0.076597912690935
0.456461553709041
1.580693822664724
1.817190513243153
0.722300672588764
0.863893679405854
0.252824391981475
-0.164940254907174
-2.119153467922467
-2.166004127373468
-1.342764304220359
0.104653178979405
-0.813312413717442
-0.155975524111030
1.084586570643614
0.386507733234967
2.058308262131480
1.175298411793978
1.061852347383955
1.804315845408484
0.122571217391431
1.791132787606237
-0.915655712147481
0.162930100403411
-0.743952098032772
-1.954631914164151
-1.564209480446895
-1.435077415787537
0.403574362954267
-0.576361947845100
0.500790804963234
2.218057892923086
0.830727117404115
1.223540842584675
-0.328130891771424
-0.577925988301456
-0.706349647350343
0.329033494862714
-0.139085953988619
-1.337310078091862
-0.015317692682912
0.026323270046325
0.739729499544893
0.054368922095904
1.879056426424914
2.568248497258118
0.441826924038642
0.461406738326673
1.425777701341754
1.268253985791871
-0.595089672609395
-1.108404446010574
-0.741770481988043
-0.838205200410650
-0.823215312680154
-0.402288408335953
-1.331964187910788
0.923470876050650
-0.408198608421530
1.242478617041448
-0.745827760592970
0.128896554533553
0.425564196908879
0.552194530443103
0.117534317982553
-0.048616328240634
0.020167932020516
-0.276436268620598
-0.405752149191790
-1.507061491101069
-0.842620678622635
-0.352801250299417
0.341899726050526
1.917242606032995
1.808532752953523
0.615693143794598
0.461417360917232
0.305645995643539
-0.838575707542132
-1.585931919794311
-1.272032106772325
-0.966253467510594
0.776487678464515
-0.968893991841145
-0.007719948721941
0.029066692872604
-0.070609471852897
-0.561226993819528
0.498076490267587
0.325629350044620
-1.115053399520344
-0.446942736111952
0.591427811890292
0.460046466182673
0.199697760254447
-0.531644715396384
0.090088586482705
-0.027446206947272
-0.965109973975072
0.092022472435711
1.311592701286918
-0.705082470465982
0.305007042869526
0.930144052989711
-0.197679010696697
1.888153099432343
-0.778107531036081
1.368170460031982
-0.994178042673231
1.750763110073667
0.707014994528693
1.166749769895699
2.039249468381438
0.257176240447345
-0.623222418599011
-0.220352525106924
0.712044394691175
-0.010701106892361
-1.131386483651520
0.744267554310871
-0.360661651702082
0.185300594986069
0.578787079999446
0.736794656211402
0.790898873708377
0.914587276657466
1.581769185763642
1.691816621410566
-1.133990506602180
0.042339224385448
-0.942695251114794
0.504312622948123
-0.667452882545150
-0.481144755015360
-1.216600517418074
-2.138218844822205
0.506818645874617
-1.313915717493108
0.010223658338245
-0.847764306907133
1.433950125962723
-0.209219226746059
-0.258100195384044
0.429017554329492
-0.131885092825342
-0.366592004865816
0.806977183034469
1.083983584543712
0.614565477167450
1.323429895632702
0.952905745527854
0.234859793772765
-0.571138228476299
0.293546154871464
0.196685462003302
1.373125346783629
0.504913256729015
0.581974867912824
0.694301908534189
0.225608325838723
-0.201909250338394
1.305547076115428
1.417757702616605
0.943469062079868
0.401483369797938
-0.520619482702267
1.659550944755295
-1.628407321539073
-0.295766511823066
0.612812520628226
-0.632503882297306
1.030878240622739
-0.868953566908794
-1.447408121178382
1.772730425222669
-0.340331767837065
-0.541741843366494
-0.092497392619699
-0.252399263546727
-0.617442501452294
-0.458094871009472
-0.787654280646898
-1.349091030305532
0.455453673878110
0.931878835270722
0.216750359409861
-0.502632615410758
-0.150786661950059
-0.067602292509998
-0.394090751103147
-0.737332856329808
0.194190691903722
0.272517911005298
0.640859663585066
0.610853577220597
0.764560235833242
0.597485911578116
1.364777581144724
-0.323297246880323
-1.300328993840234
1.223764313875893
-1.356648417386228
-0.956887300433532
-0.628774234379701
-0.455152394125245
1.309228523088032
0.522597303628961
-0.090836990421116
0.337577072593236
-0.502920242769612
0.899671323987909
-0.470997880450956
1.986462067367677
0.352386831793448
-0.092402153283879
-1.293152339922947
1.124597444130201
-1.544022866813746
-1.047328500751610
-0.522059118740768
-0.378345537735630
1.119605550761149
-1.220774084758619
0.480143465012420
1.000761843005833
0.841003489569156
0.599063470757905
-1.462791294080715
-0.162713949969211
0.272149967745186
-0.280481612838244
-1.044004581307814
-0.060274744776048
-0.670463587460722
0.701983406624729
0.162991192893848
-1.127516854889298
-0.233920141729337
-0.340105260906549
-0.914214223554760
1.020665498818873
0.575894780189574
-0.072158228858704
1.603617566432535
0.934403401538855
0.452269684068188
0.292405994709992
-1.297199631613716
-0.376279951607880
0.574328497107073
0.539071346898089
-1.842978779159092
0.086884024487337
0.139920213685464
0.350370081500331
0.037932292428721
1.608117038086406
-0.567767507143951
0.732181571759505
0.162316346823499
0.656626393839392
-0.303876561290105
1.005652641976752
-1.558859406827168
-1.380890408832785
0.416405613574935
-0.761656166075242
0.630188903590565
0.469098972885862
0.538570189508967
-0.030828150476219
0.988516907917832
0.209625870769085
-0.420360823225677
0.081057293921648
-0.292114872206989
-0.293341842809286
0.692576779253107
0.294080997590707
-1.452710686500019
0.065976568197751
-0.490034578687569
0.023795454618205
0.388857919683492
-1.773391070311464
-0.578171033407799
-1.948092934660627
-0.806275035613106
-0.322394099531290
-1.515193479282840
-0.597354749485712
0.280145460799549
1.431814394848560
0.079283840471135
1.649718240218120
0.849933618040009
-1.526249697252201
-0.707376067129924
-1.792983142554914
0.248289443019143
0.125893500485720
-0.732348413323525
-0.098003374288719
0.474464217490940
0.554905225795679
-0.797209195555614
0.421590904867199
-0.680031671652570
0.498042068181517
0.233050261808196
-0.062078334247288
0.503169078060800
0.600934913783712
-0.831824950512743
0.621187118250681
-0.983433275578099
-1.370193637073974
-2.531625228662074
-1.348236716896664
1.067461543582962
-1.990838076869997
0.117298704558867
-1.599310543329682
0.766580552574039
2.533040396956868
1.983403233850165
2.394758877318926
2.787849638098812
0.597448094902881
0.003026620074771
-1.883887784037603
-3.718454433289419
-3.245320675203427
-2.313434115707400
-2.925618944981067
-1.885072535989024
1.745022558959784
2.161600108453802
3.467595302922992
4.214962787046642
5.091052037810828
3.813072736747672
2.384953961212231
0.167185587031224
-0.453264992926123
-3.475030367263833
-4.540204627937422
-6.016960969015901
-4.530559775979899
-4.604573004706607
-2.583211700617819
0.606444347202425
2.203007486963485
4.578301378317439
5.619322792394928
3.572715429415337
4.569891753555952
2.844749998009685
0.196233216665427
-1.260999268289452
-0.761119506244604
-3.911696389955509
-4.085238181723722
-2.070681785928761
-2.862801543093280
0.025990306103274
-0.007467214947214
0.610723523897938
2.293900900279547
1.617194296123718
3.945335540284512
0.901543173630511
0.360197413349093
-0.874591334159921
-0.581141554154679
-1.493314712367191
-0.404505220798000
-2.955804231086927
-0.406961336236799
0.180990402443243
0.950673017951393
0.052904715556453
0.505855186776992
1.758231349059822
0.913782927184295
-0.286447057118932
-1.522918551421748
-2.185256816389673
-1.483962676302105
-1.653578006896572
-1.014070292423364
-0.056495175383083
-0.056755277680527
1.116071978341274
2.700824508883938
1.794079905380326
1.614890933021212
1.478449976116165
-0.412527319197844
-2.134333637158528
-3.269712814493182
-1.518684085781689
-2.805267248599566
-2.673004713337019
-1.729069627048575
-0.650265700932757
1.355042464659732
2.684992544690336
3.145291402645639
2.527479144446300
1.700123755923753
2.926013788762994
3.372824213475037
-0.448629289576879
-1.837040178450130
-2.278764879226515
-2.536063787792808
-4.415992159123071
-2.971700626722736
-2.638432451382156
-1.611423023290073
-0.002021425728231
0.775183145134648
1.428694522053041
3.489882699618132
5.032890220083087
3.091897866451313
2.325488229808756
-0.138706491117018
-1.922000785204095
-2.415436120533713
-4.350534481004017
-2.399980090533030
-0.662891557635982
-0.685496609009660
-0.660090919932375
1.389574961501699
0.243092036041782
1.532285240757452
4.017554721834887
3.841724863842863
0.135315897443367
0.614817680938166
-0.542350811709247
-2.097098703361032
-2.436338030413778
-2.070030655270656
-1.208445279974102
-0.930946452309348
-0.026234699396650
0.151031598761408
-0.627522863752585
-0.523993141288664
1.853165328937260
0.568604065667887
1.117950348474155
-0.828794129159797
0.833813861008101
0.462626744883195
-1.482577410130876
-1.635317907112011
-1.701202510397780
-1.408800972174406
-0.231174738932839
-0.248332470433490
1.945061357841352
1.046602299690162
0.369271841368943
1.226683264163918
1.722727326943345
0.659604384431783
0.957193071156944
-0.477234781341044
-1.898002170849453
-1.771165190367216
-1.086496779345947
-0.383350889126338
-0.015007149787267
0.195080040006082
0.921897851321653
0.759164496881312
1.054075979306194
-0.840298005846865
-0.101774781634434
-0.559834095374000
-0.263001103485915
-1.325294369895681
-1.936237096903465
0.563347848337716
1.179531113993699
-0.765171249897101
0.802665385651698
0.262953058873619
1.057256677539722
-0.272651183143775
0.368720440891129
1.653572654144537
-0.742472949297775
-0.416292767066276
-0.697695379030382
-0.870254789433147
-0.047493929412664
-1.915938380576136
0.126198828576524
0.662981276683796
0.113293976583425
1.028471133298238
1.628583488267265
0.028045351118759
0.905557943525607
1.371358380801091
0.069093536644868
-0.669739937044198
-0.591279813976469
0.351272638269959
-0.873746736231553
-0.386750560467442
-1.884768048253523
-0.628179506396655
-0.394459492040675
0.374766773861291
1.440439177677452
1.525009759883530
1.429476642198179
0.010225442973317
2.189446793169187
1.261958406193031
0.421575337328333
0.865198626490741
-0.555021577079749
-1.647525113045087
-0.394433005519495
1.513719923737926
-1.082759630094290
0.541829343318745
1.073114809314467
1.180304889716939
-1.376688602885334
0.370762720496770
-0.185358906451253
0.224281662805799
-0.794447966810635
0.301555627340486
0.192622376235761
1.842145742910147
-0.479893264833329
-0.247775363014821
0.380480767519242
1.516399809594091
0.040484885195326
-0.233616899402286
-1.472572433444067
-1.946452140338098
-1.736132272878766
-0.164305345956031
0.990156479585300
0.323091794816779
-0.584794140698035
2.691774359273068
1.729696547420327
-0.239333316101393
1.705024639982817
0.821112215514262
0.257370539570974
-0.238327250109506
-2.031259905454098
-0.530508725743095
0.009705794376623
-0.827918867654162
-1.256917333984446
0.220503753560073
-1.178927455416803
1.765845304930503
-0.094893061734366
1.505262056699095
-0.058118920397930
0.688141909298201
2.367214713114050
0.853051860539695
-0.674607735991376
0.058140108412572
1.944576801550012
-1.200124314588940
-1.832342174320967
-0.608479798376258
0.510403314136205
-0.488504758271961
-0.158044912069499
0.098105242196097
-0.415725108334322
2.086504516570280
1.907663954765685
-0.491620515125546
0.963252954718114
1.714980156391931
-0.743311174519953
-0.226223648986240
0.926591434297775
-0.683155035486971
0.597592059415667
-0.075235732123014
0.247859373557670
0.298577545844314
-0.628231508013199
0.097204500710378
-0.029461090021008
0.575019468441844
-2.451308515236438
-0.256027094672062
0.977814035027136
0.434510961557656
1.540401052531093
0.615249331665568
0.010571104470576
0.448446264023730
-0.232980209005374
-0.044123012089655
-1.146884288384838
0.159361639265359
0.429475693609303
-1.949355258101057
-1.546310426268410
0.417207416115675
-0.858818255145877
0.094651680691475
-0.752516427470349
0.124167907215787
0.225418770596103
1.759549998978554
-1.077111107176173
0.849763256407532
0.013215981623440
-0.491602431499680
0.272788953911351
0.479195453991055
-1.103722086660708
-0.939439465706449
0.399696771126434
0.787336604369495
0.710488433773859
-0.702141426898590
-0.883998105700127
1.895645300983338
-0.692484008548495
0.607831135944554
0.737195957457603
1.072899439130196
0.070641927558364
0.699766539582010
-1.458286910313010
0.306921572582477
-1.652107212094536
0.892108710367064
-0.231928780096480
-0.978057125017834
0.328179936286566
1.212530602963345
0.846531106544531
1.589558728654266
-0.648961995640112
0.838689730853903
0.299038024832254
0.200330897717470
0.719540205180129
0.815994713324762
-0.231522954140028
-0.680401224548840
-1.406271912664396
-2.292464360820257
-1.251046216528724
-0.130001987831217
-0.161493643390837
-0.874538142342817
-0.932882268979226
-0.021986597382703
1.231015941013785
0.756324433013616
1.844634732598127
1.037140948734957
-0.520231101342791
1.882549495866801
-1.429934793771609
-2.283068713581236
-0.204649642024273
0.067963746150137
-0.846300889773540
-0.360656941713558
0.251692118386986
1.022418237729904
1.441925025757166
1.009547591647943
2.166316905776166
1.311560663198134
-0.304841559122337
0.631932461691079
-0.266810749520498
-1.184192875626025
-0.701056762064390
-0.331531872529236
-1.564506289366442
-0.621459239350674
-1.132053468660116
-0.333573838444005
1.380380320435721
0.664128792141421
0.651914838341627
0.574341903588363
0.060084308513835
0.170943636802293
-0.202638161295677
-0.928909611953950
0.422770473408224
0.882482275100573
0.298627396729912
0.322251526564513
-0.059412756603945
-0.324394457241362
-2.044333918059345
-0.495370519375779
-1.653064913466808
-0.657086522605295
0.290282277843352
-0.402648994343681
-1.302648394673998
1.554559683352637
-0.401931259367658
0.663114501269055
-0.092739291302521
0.858454103752530
1.248224921185724
-0.860101404515894
0.779733883945908
0.507017056187049
-0.722820920212847
-0.010747026606911
0.436897197628292
-0.390312220893355
-0.382566632001850
-0.436796849151512
-0.778069095341934
-1.489360570515336
-1.777648362291697
0.787490605120420
1.533877366321026
-0.507959748437320
-0.924285135926440
-0.454067536657225
1.184544710936625
0.892318038414723
-0.500978390182201
-1.248852500964040
0.769850271385344
1.193470158735680
-0.757143897835271
1.513482347955192
0.421604967953522
0.760614313598465
-0.580792585114520
-0.757679721983335
-3.811831088444948
-1.918868550123935
-2.197009554188166
-2.707373776077174
1.013289536799378
0.113225602960102
0.427240229506133
0.790648743054877
1.825750554315405
2.373868280937645
1.918847664533649
1.046791804563938
1.070885241271132
-1.233406236007888
-2.877677379889644
-1.788280129094310
-1.984248958479140
-2.593513529661349
-3.354649823129564
-0.328491996383413
-0.773033713645829
0.190985020369844
3.025505927828823
1.619724578254304
2.959515596897223
1.663389882236782
0.278928844845185
-0.463124111873379
-1.441046387738580
-1.467947673293998
-3.269121259443183
-2.102698566985355
-2.267873031630781
-1.670355837838142
-0.100517547419555
-0.861322284060759
1.831423679356095
1.904250288596731
2.001577984145559
0.975896218653841
2.859918475803964
0.621402075540593
0.775907110650814
-1.495557166277792
-3.097477940873769
-1.164600466402699
-1.303699533287286
-0.068283854574184
-0.492457924088381
-0.021374142975479
1.385548005291282
2.699490792381685
2.570299204229539
0.824426316692633
0.412567932232646
-0.248691838433459
0.558668337693337
-1.426077933233612
-0.211651604792626
-3.234763640059613
-1.022161698885336
0.009514039428476
0.112137897596926
0.374263828580396
1.686399726270706
-0.012327103901731
0.850137870009673
0.593619369055352
-2.245719493926894
-0.978214446435248
-0.986198223726849
-1.026403938435506
-1.486437079716311
-1.297150523246429
-0.002590455171582
2.793802520009989
1.058709505186880
0.815539830434015
0.821727808185321
3.041711242209221
2.001477583983117
1.720403436536435
1.166259807886741
0.069024270946061
-1.624394929903139
-1.342978591366931
-2.045507006985219
-2.580323288622279
-1.581612214448046
-0.313080758056232
0.691163521450293
0.566267447802256
3.074152780240836
3.231190138901757
3.272568072000696
2.605120733238366
1.632434338077317
-0.471260609345097
-0.606109569773646
-1.561537646262652
-0.555448610484125
-1.205428906556161
-1.072433999072413
-0.057742974411131
-0.136675806749705
1.179664689356167
0.304799150193652
1.497626231296766
1.025243459703576
2.103573326815819
1.386135275294196
-0.304947429556002
0.054799926566250
1.444305221744866
-0.086799905913322
-0.349782679120401
-1.895786407223686
-0.562123117939793
0.354509887685559
0.675419725230271
1.106465169913221
1.973413962968476
1.251663613136353
1.851910550831296
1.393142327540801
0.638618676608317
1.079114060464107
-0.595031061004496
