-2.484328294404582
-2.617512116249794
-1.639355333308469
0.120374689724090
0.270647090825719
0.217498726680447
2.385704507871298
1.680009571461176
0.579467634545564
0.559088865478255
0.449032048415563
0.962156427611868
0.572758824686434
0.777846182332820
-0.797724005594068
0.592376370555894
1.165011359102821
0.010347131118572
-1.301390373230013
-1.028297072342647
-1.737471749544333
-0.507449345051110
0.689384514509520
1.130453404419571
2.222578153396746
-0.815951633341113
2.058462674982105
0.961590518813094
1.095276235080183
-1.240804031569693
-0.711611618562759
0.602531345777834
1.070359374208700
-0.007760944211542
-1.050707908423207
0.099993475454641
-0.983737631485626
-1.571244587998014
-0.738986406324984
-0.922106609440326
-0.517261393369465
-0.662575980317741
-0.694213008054411
-1.355165244479839
0.618228687894802
0.256104836367161
1.155073357884831
0.835042965383540
0.640318041185749
1.524813697470731
0.158877459657615
0.783478668031164
-0.766785360698240
-1.633502172174601
-0.024642228412523
-1.350823681719264
-3.175292424875836
-3.205791008080297
-2.332917369987607
-2.415931881565182
-0.569356328647392
2.643813894991534
0.258828146580470
-0.945558796901213
0.570129683965727
-1.255703974795979
0.940432794352155
1.150270468369552
0.790473721800607
1.948347863228033
0.043095317347091
-1.008175002208717
1.220595697679982
-0.999144452631841
-2.031795754210768
-0.422691385668756
-1.484047076539289
-0.441785961038419
0.117520689778802
0.102125673676570
1.937895656382080
2.355737440919508
1.492684100429547
0.614883490503585
2.433236834902973
1.457700528718914
1.577465989999925
0.896684753615269
-1.427866610639058
0.645156598618729
-1.220111718152565
-3.023472552391435
-1.492961081776547
-1.928576482229948
-0.799751171512440
2.220694422396535
-0.098644146049682
0.512988669591513
1.839441032203809
0.832294952302054
1.718714067137452
0.743041785462825
1.138197426168009
0.655493791743373
0.112215582171078
-1.258225962216354
-1.035823748591780
-0.974409392733388
-1.240490164709333
-0.806696095958882
-1.124424911974316
-0.054653698130367
0.880207450905944
0.029695799313988
0.886198815596282
1.559640849726772
2.275209720112093
0.864529272320535
0.444999339749283
0.081977197047224
-0.444477144585257
0.221691247578950
-0.894611001768014
-0.179233951182693
-0.659095154663638
0.475862584722610
-0.384776419658884
-0.047187350443780
0.182138939056621
-0.911479814431077
-0.919241918111993
-0.793976945375019
-0.026534672466252
0.251610623203020
0.156965391357609
-1.157107159944484
-0.752090744099616
-1.039696599435685
-0.662539039860042
-0.810100131604395
0.216927278708153
-0.882210991150235
1.641153665584005
1.824854474134105
2.266938615060312
2.616166257619193
0.366622718229074
0.564695096572225
-0.501750436457117
-0.387887372227351
0.635302929254773
-2.191619062858744
-0.140260386023222
-1.349278513388018
-1.682546024063269
2.383181431202633
-0.339153677737240
1.301096580604439
1.599201494590454
0.885724712445315
1.419312315134721
3.001356703306451
-0.196197586562889
-0.457359338454730
0.552655344746037
0.022435799211367
1.347081643533558
-0.418123374631455
-0.731655810279414
0.435582555375050
1.783665935901157
1.152109420779700
1.462940272526428
0.704708253694173
0.702885821273673
1.082422603564935
0.692568549102543
0.159137610384819
0.006265063041288
-1.752779809319940
-1.674285280403822
-0.657947781604981
-2.872606432724068
1.088673419932328
-0.565243688190102
0.710598187737062
0.182346856917050
1.047587910629968
2.671390703616177
0.265343779834812
1.100545916056844
0.051289679471772
0.660689914518897
1.004905882254846
-0.438390885670165
-1.369796789422421
-0.529165250846984
-1.069916644542992
-3.054071341580936
-1.234054079930351
-1.238443940089047
-2.053324753988133
-1.869586624462185
0.240037511910838
1.363857294360820
-0.839289228730288
0.561742825202429
-0.516591671807852
0.889521461344008
-0.174922394134626
0.162211187647128
0.612873121713374
-0.356745874043494
-2.081933807748487
-1.318637532292597
-0.705623054751157
-1.609874106353268
-0.901597932449954
-0.441046329749081
-0.207705530891531
-0.919548896334202
-0.016833139974904
0.565751907193715
0.907168036317279
0.077586720786380
0.882179846520080
-0.396274844335181
0.095162710795481
-0.470339530837443
-1.034569548258517
-1.846532387808808
-0.206016847889097
0.881869423864624
-0.270645922719252
-1.250300841484994
-1.357863726846648
1.017450371034540
0.986174862399405
0.475445803881280
0.414195028517340
1.036876818240140
-0.148862093576000
0.358256609225507
1.475101808380283
0.269983616792905
1.155644029620784
0.770676339479091
-0.110738769210795
0.235307953860410
1.951493971680141
1.794999381722096
0.652338466640114
-0.198380292385221
0.038455265192462
0.091087941955543
0.373516315492771
0.861681513297435
-0.254541004933778
0.921321221548234
-0.991468300948330
-0.850435518505261
0.220238854117555
-1.512690993468816
-2.152668989418443
-1.347477548109054
0.276840098452205
0.079698386797872
0.397655281088934
-0.199323456509403
1.133454571167881
2.886399557470317
1.585860499885343
1.484480966729024
1.064051865533864
0.061487504400877
-1.558654561487651
-0.463110266422705
-1.115006814580705
-2.015426335654453
-1.738787555311323
-1.637088751292852
-1.715593549562217
-1.778723966156950
-0.749176665109637
0.940614129553643
-0.460904245858080
1.833029544654645
2.707147175362456
1.065386802729544
3.109807774805571
1.725897712785470
-0.659839342825588
-0.521086137039109
-1.633951660922592
-2.215106830217448
-1.593856731318595
-1.101269607206934
-3.060792307096632
-1.783710448691144
-1.121081636718563
-1.585617347238778
0.260337525153576
1.108099656352601
1.481287602669742
-0.141875899902065
0.870479623546805
0.454666757510154
0.229006272178241
1.066150427491370
-2.199137634844118
0.416848627351900
-1.878202089907673
-0.162221262461546
-2.061714539695141
-0.833873366484936
-0.129684131631677
-0.511035981184363
0.201340396820528
0.182297767421823
1.105331182326347
0.152333142154914
0.782201174441801
0.216713996510075
-0.022429722216423
0.608642564249744
0.654600381936779
0.018125534728847
-0.583442745613996
-2.252754013542722
-0.176322701059607
-1.870601221703164
-2.914758897013090
-1.281024116372412
-1.327847412544090
1.125417137075454
-1.723009677283374
-0.352027508140207
-0.428384335605240
-0.355813131573122
1.096207093436855
0.274344291751271
0.865703986706952
-0.761910969538436
0.143509686334309
-0.316164283731909
-2.369901953685863
0.743893238196629
-0.391638385285896
-0.012172011337682
1.542598581715218
1.111979538724668
1.377733650171116
0.293950675151739
0.497389868395357
3.388031813256456
0.491411487017767
0.920859095709989
0.764132416852883
-0.420848305941630
0.069240592093694
0.725472252946778
-0.127247875819413
-0.501867911177704
-2.202436921052434
-0.892729947568613
-2.486210779206997
-0.703385099096157
-1.088373548971582
-0.130388536481119
1.659271219371258
-0.336417670305737
0.720849921315350
0.032840325524521
0.388538005015314
-0.853194786798126
0.193081644243840
1.800106202677193
0.498690411355522
0.615962867976316
-0.841249345822146
-0.212798233945826
1.302917381782745
0.328940539148139
-0.759156774306481
-0.235058876294750
2.313827003019401
-0.063103276573459
1.446080981900591
-0.294216353910283
0.029020548574944
1.582251016284584
0.729900296799302
-0.767506947071880
-0.257667643812063
-0.503844842285332
-1.561369075544482
1.003389998419244
-0.224074531967365
-0.207776470066644
0.474767313812474
-0.214579241633312
-1.633834865869333
-0.769513930030418
-0.987375270434395
-2.069368442708084
-1.294622156639892
-0.144142947446434
0.010320527780685
0.116969850841549
-3.062740016604463
-0.691234526831720
0.381001124095131
0.366995849466929
0.836670336539684
0.139049670044013
-1.219823177940577
-0.272171353096620
0.659597556103107
-0.687870108918216
1.184016797223985
1.049559786948093
0.252099662017993
0.211434378660319
0.485671787748980
-1.483085857418203
1.109952118623514
0.526294144547257
0.874970310538735
1.215073808010863
1.080955544779454
0.582853799279929
1.986275974243883
1.146816886025525
-0.749721030358287
1.029548369339973
-0.346984171394498
0.486542532201310
-1.153332221209776
0.077243626242276
-0.559497804448995
0.781109241885769
0.603060723300360
1.009639533817531
1.309122436697972
2.151267997916252
2.635724998058493
1.993179260972589
2.511845754089935
1.360098887258655
0.946483073618674
0.268382466429185
-0.587477955422819
-0.591191476788815
0.592891347667660
-0.769968776688201
-0.170925729081182
0.176221604625313
-0.673281985041170
-1.846624904143284
1.415780744987454
0.109342413026053
-0.102707997137073
0.686888108316932
0.043441455197704
0.499908954469858
0.011466008007329
1.496993530847092
2.115424432565102
0.059964488278317
-0.745881464771726
-1.270870414143154
-0.313841672703610
-0.133461729467521
-0.729055361606993
-2.475380203693049
-2.433931799224629
-1.013261384236922
-2.344292348794647
-0.650001789902292
-0.891296382149082
1.113246561349923
1.256048835540194
1.568866367059274
0.580985126907052
0.343980811008949
1.398093247457445
1.139176107547033
-0.553568759171383
-0.034572100739901
-0.257434411628694
-1.652554689603708
-3.035742476794338
-0.601376023826082
-2.940229533642005
-2.645449436338467
-0.210555284519611
0.746555048866709
0.503769996918686
2.697033527255427
2.198742618257963
2.056610513133200
1.915677811279850
3.130562846967683
1.495774335995327
0.780873104476404
0.020200850326053
-0.577100278258734
-1.889163589249190
-0.788561902816469
-1.783009890069196
-1.842029561541165
-0.582602819867106
0.307282353539850
-0.334502211286778
0.231302501848085
-0.122616839079636
1.116482429255905
0.581118524146918
0.096763546503224
-0.130390051335855
-1.528735639535876
0.648440023391832
-0.213014532966760
1.223727429647881
0.494051726917661
-0.254010263007098
-0.247220142732328
-0.239961933118118
1.830535095527832
-0.535336848585577
0.679856786255414
0.382642290104889
-0.069615219587168
-2.380905549349560
-2.252257994126881
-1.393566546509058
0.934991204682447
-1.288839389852941
-0.149382609873479
2.325291129908777
0.566049563918210
0.852897663982315
0.760907517071018
0.024514965336206
-0.517482229167435
-0.277067579762683
-1.198655421504667
0.127745124366062
-0.479410915683336
-2.261295063427251
-0.168160618043302
-0.328232070004407
0.625017715907303
-0.300908033834010
1.222272254919099
1.054091516777788
0.807883392069186
-0.437701965058904
0.170229528218519
0.522763048205323
0.709120413298924
-0.237063360385660
-0.211255618337853
-0.110900744531568
0.011873420334317
-2.942890270677704
1.044813321843510
-0.574279730767092
0.125813855924304
-1.058135647584738
-0.562536617478725
-0.335242617325472
-0.671408054965375
-0.489895273469268
-0.633193974468492
-0.150584346042832
1.866402825084475
-0.852223483557133
0.707391858249093
0.607588360508909
1.000832958293923
0.196157808296119
0.626702252915852
0.145350870471344
-0.757217355251450
0.324326193347266
0.587116674402093
0.112268239060297
1.382438828403876
0.992073094394846
-1.024263040159901
-0.090466945934263
1.074912213776360
-0.594297620896388
-0.653429546743512
-0.631126140499652
0.564664849011454
1.191145470862142
-1.502284391169352
1.198125034655999
-0.549156776256497
1.734277914673691
0.936131739486285
-0.301333552214338
-0.082086309104381
-0.233099441835699
-0.144817604332642
-0.483916228192472
-0.402067151027696
0.600395696402762
-0.995665719823306
0.632120550911439
-0.316205679551804
0.961454869423518
1.665134005701813
0.665761336939290
0.567203617664574
-2.793878975580898
-1.581834580519710
0.195736951396891
-0.402541792861913
-0.643097379481970
0.330538714195285
2.098522889943955
-0.947408063795468
-0.368468592943162
-0.556551488253780
-1.511707551983057
-1.036319095512246
-1.162742818635518
-0.557612439556738
-1.091235174380138
-0.368031120738049
-1.003898513339425
1.590654204420735
0.572189708235057
-0.151934465489219
0.000422422677103
0.031810175708983
-0.390059596984346
-1.192044430454247
-0.045601512880769
0.246176614275267
-0.846003443302806
0.654511401213666
1.311324922911321
-0.578998062777655
1.233788760924158
0.036417871758039
1.195224262308146
0.623389787677478
1.024942644241525
1.927081677696332
0.990374628908706
-1.298738679326622
-1.367061634760997
-1.005385215266304
-0.687183648094498
-1.841793922386455
-0.681780383823530
0.112482177298091
-1.391337543145239
-1.280484928152334
-0.399204466008381
-0.213165373614175
0.395150003074919
-1.279378410937108
0.325446543159189
-0.083883742492016
-0.406359025936498
0.399247964857855
-0.806623707029534
0.036874501611595
0.224263496900670
1.011798645553969
0.699349472693666
-0.604976146128107
-0.014636744314732
0.735662503716794
-0.346442838820542
2.131878272281353
-1.961698522159164
-0.814273527273997
0.856456050219511
-0.896602781389510
1.027065879685480
-0.860256614579955
-0.360921216209988
1.884034455338850
1.647705279060657
0.622797298004171
0.110363741546612
-1.491963439480184
-0.821892388934808
-0.403025704507843
-3.203865344888208
-2.700350950259826
-0.236272315070680
0.021236842982881
0.451342955343710
0.892884229948965
0.330659418156585
0.811579386907245
1.588751758444410
-0.551983909951728
1.396879914950746
-0.045568452887964
1.808554564386167
2.185046406898142
-0.075065398042267
0.883697143988817
-0.294082254803942
-2.531243810988064
-2.388279647090840
-0.696557573802188
-0.414521911764483
-0.709953273333624
1.271791176614393
2.034983941481110
3.438626994320728
2.368605913168983
-0.579107778913323
1.603518740647131
2.013533032133314
0.043907251663443
-0.139243538608273
0.535875172491125
0.745929915309469
-2.871732921306340
-2.029123870246835
-1.027885708016815
-1.977184077856430
-1.049932821682884
0.071477821855961
-0.278195791371260
-1.032808399240789
0.210311103939960
1.155264178843108
1.822053757272975
1.091528069054889
1.386556471634326
0.913796968434868
1.234325771472329
0.100170894139875
0.338922063640671
0.206618895696023
-1.244093445401923
-0.540173489394725
0.416246565447720
0.089004656783535
0.097803536386776
-1.691505451838508
-1.104843621382804
1.509593859324153
0.598815494829924
1.007074104306483
0.584247085113416
-0.398297679505489
-0.229216912312122
-1.224195474944084
0.934696852128380
-0.184827491177470
1.266686876447411
0.811658102007421
-1.965819243774410
-0.831298555581513
0.173122443081887
-0.250909824473538
-2.058252350201166
-1.929508617880758
-1.658663478184648
-1.092830663118053
0.017138403217427
1.834735153302520
1.512605939941227
1.902917986793846
0.580985966321537
1.178756748041235
1.547859360191029
1.252967730469000
0.169519559491129
1.491545816389491
-1.531570027076155
-1.911597644167682
-1.473243555411994
-0.206941156732745
-0.615774579968780
-2.698522556765360
0.121643501645023
0.108401486831507
1.219979283804530
3.054739916382903
0.697690242643068
2.881979547881886
1.216466308840127
1.825680787641340
2.717067145067630
-0.895993392702469
-1.423385651869065
-3.777331844666588
-2.779452649133678
-1.748575444833008
-1.428713206868769
-3.289756762036242
-1.379459477321606
-0.637463334371102
1.505139093204239
0.877411948052285
1.055246234090386
1.812289528842988
2.386085452713936
2.389053148140313
0.603061752089189
-1.710209028697653
-0.854680430984026
-2.478428779758556
-2.929704050313245
-4.645839846079837
-3.555855808818944
-3.251658172408452
-0.233919039013542
-0.752269519300111
0.660242268744199
0.260881967623885
0.527919370192282
1.446818470361558
0.559648978923150
3.564037964061968
1.551812231297811
0.166950183510398
-0.525265816870606
-0.623137395020060
-1.332526759523336
-1.688855661939254
-1.792500593434674
-2.651037143316385
-3.601176323833793
-1.868625553678624
-0.262016670368297
0.556512348200261
0.549628607186848
1.427765815227276
2.405377159441637
3.289317755483939
2.784038980726785
1.679377129183917
1.077048261566520
0.902297328160111
0.695563913570325
-1.527169586636647
-1.436128291395911
-1.041021726776767
0.622129184193811
-1.608289078035850
-0.814869836506968
0.907765536080806
-1.197202647054610
0.055762210502018
0.511556910992405
1.364995796536435
1.410060965514048
1.448678492802354
0.362022629982750
0.274755503906495
0.094351414462198
1.574675777782280
0.728970402074628
-0.716606146083758
0.735382927604813
-2.259069852148649
-2.011732930062989
-1.512276676541194
-3.041817219322485
-0.105201383959480
0.890170912512646
-1.076289116457467
0.188874134011642
1.758665467058765
1.155813957864914
1.138834050682161
1.533030133159578
-0.452675059477467
-1.190555783114600
0.252654242270928
-0.247822810783316
-0.920215800623438
0.282408530245977
-2.597823201266099
-1.286760066994458
-1.626704547994894
-1.133096935064901
-0.047792599073989
0.107972115206864
0.449800873337934
0.215716727084553
-0.134857593065711
0.111901208529850
0.894701320884103
1.520121472588287
-0.528901350279930
0.914071869154187
0.182189837580932
0.600434160803631
-1.340677250213195
-0.236482507685472
-0.253923083462643
-0.493789174113373
-1.439842041576085
-1.455029963840533
-0.092444250798753
-2.315831852210215
-2.953429902274363
-1.598524250773520
-2.257271678281380
0.451977755646081
1.032642476261848
0.685152220002114
0.909959417648838
1.772796824476264
1.665457778927354
1.548852766207640
0.134677654324715
1.204459632943544
-0.115714865064013
-0.283461446397050
-1.500946981161941
-1.010474544100088
-2.303798422774699
-2.638819713716212
-0.637762939922221
-0.221679130861543
-0.682466855540041
1.860354242602978
3.253396173096995
1.279198289845453
0.881348812122132
1.958165809412726
2.610593396570777
0.485208358906447
0.683582783969487
0.141870258858230
-2.000866012251298
-2.812195473012503
-1.044695379553485
-0.467365792912784
-1.794767724195877
-2.507617010151399
-2.201940258352702
-2.260675449351654
0.140275744794499
0.522321740331082
0.888826025406266
2.353649752959411
1.657766337322705
0.268075119531040
2.395275948319236
2.868011963567828
0.780578167009490
-0.708258677174214
-0.890444531122844
-0.577644636146802
-0.550639001035788
-3.197409529402638
-2.691093676467211
-1.127665053463824
-1.390881466267362
-1.890874920996288
-0.751598845393414
-0.746691614590699
1.610168095073488
0.940386367827474
0.302592027159011
-0.106224646013279
-0.010761088856679
-0.144079767345089
1.561022448675087
0.781755275065605
-2.344494495859646
-1.367748674896975
-1.635238184693718
-3.025807635678338
-1.174860603323058
-2.027952456809615
-2.465418827220454
0.513203773219828
1.000966053688401
0.960720042945960
2.173866115986806
1.690034066010510
1.551568178708133
-0.381638468132236
0.179745837930572
-0.386225815897714
0.036146734225643
-1.342921685319816
-1.643075585514529
-1.770950257169342
0.085133353796866
-2.166641132194180
-0.102836399101125
0.335218228841559
0.056356617864031
-0.213939896520768
1.607938542600201
0.509573502832801
-0.132934267018938
-0.101124757493555
0.588341453530566
-0.669075780227417
0.591938928268064
-0.744572099125437
0.945211322909456
-0.641253199865914
-2.257345930738477
-2.991256602962707
-0.608779653654818
0.429014370428296
0.704058014083993
1.292058249122813
2.760930767710178
0.159917276174375
1.787064715841205
0.969252253552758
0.885626022176666
-0.300153470589747
1.003794450852939
-0.910870696202437
-0.078634934594984
-2.713261837351101
-1.839738654477450
-1.787382841408523
-1.310418834310810
0.872845684026102
0.830440097535927
-0.948839557868701
0.980940906033987
1.645552645318201
1.658901071907565
2.042434335665628
0.781533027762234
3.588296250892494
-0.797510390453161
0.362189840620704
0.231723231012412
-2.032412285429719
-1.988373980399837
0.512993085018423
-0.846585435591670
-1.495659214822827
1.733518453925571
-1.015657488186092
0.206004370065148
1.207902003189220
2.670219708875489
1.281339303106278
1.718777684436039
1.785135166074212
1.216504229311081
-0.621841460402685
0.178905970511432
-0.331992477243242
-0.282148207800695
-2.113598386037044
-0.106191648972889
-1.174602639201327
0.115927261930745
0.938190314982278
-1.732974371592103
0.043603823331618
1.415333988139970
-0.158369565930077
-0.777088144990155
0.487825504899173
-0.808935429304014
-0.397954153787668
0.751116336972832
-0.085355390109989
0.674022110453444
-1.635264328017981
2.179035149779131
-1.025632459329128
-0.729549153264196
-2.384349539539673
0.138021144286991
-0.795630363970724
-1.192494233357717
1.113344647231686
1.184890100940209
0.851017325067027
1.488994306621517
0.684837952141341
2.426686824531478
0.354292081212219
0.704921296855217
-1.060827500454312
0.717453608177035
-0.235042172299776
-2.263145078816671
-4.905055717202532
-1.134257593734959
-0.510122297629583
-1.967992329961615
-1.630837418939781
-0.607862942127371
-0.480835760436793
1.411435464785366
0.615006272570965
1.330183981166173
0.123308517941817
0.930450226807051
-1.746834307594616
0.520858431604336
0.689585939685418
-1.613780875252991
-0.664164533971448
-1.539262617061203
-2.122955893900229
-0.567034472266488
-1.377278978294025
1.161706052646752
1.345344699138733
0.640466032677240
2.023071939648374
1.633920645919708
0.615422626143214
0.128294489432432
0.135058274088587
-0.821755341244597
-0.207893918498913
-0.845211498393444
-0.223998625545076
-1.178399252063955
0.291056585013224
-0.552926910770700
-0.304753059225491
0.378659467455902
-0.401812629390426
0.021251761872243
0.085100341530474
2.136538175064076
0.672230075005706
1.538936207429021
0.117413966892411
0.429368878515400
1.043438003537234
0.463272315464582
1.365816347304507
-1.032251199464746
0.361517534301324
-1.233901329608838
1.164267555507720
-0.374765417285746
0.982760246395214
-0.994396925465251
-1.144986134363127
-3.404425175902061
-0.140443125568921
2.067443048004157
1.389671624421171
-0.027375641251056
0.926341308913011
-0.074250283222208
1.443074359764156
1.033532244856900
-0.645982440108595
0.307976025814684
-1.299510049676395
-1.484550166886079
1.062783234301571
-0.586304589382782
0.462740936610559
-1.303440211262916
0.195454689327921
-0.898751214740058
-0.091766957334179
0.247458493858869
1.595695533837312
-0.558056709652919
-1.456978106793933
-0.467364381168631
-1.459871899571912
-0.125736514823327
-0.892722743287214
-0.172929436868991
0.236770177187678
1.519683184248426
0.760669982057707
0.686373020776358
1.490107494184642
2.479182777293669
1.739312056704098
-0.404822309849033
0.618153413442136
0.217542676516093
0.889600439791245
-1.298029878049833
-1.216615017446215
-0.073579564463848
-0.483183012338206
-0.961005438982493
-0.943020203011124
-1.712647625139476
1.025977191873449
-0.173680859727489
0.085889115020487
-0.252811308218761
1.704136574128021
0.483826303132045
-0.231852551929147
1.079377103960750
1.181840206396600
-1.889675564653905
-0.947851293960286
-0.106892148900614
-0.461093145491282
-1.786691708367101
-1.780589773939603
-1.401970133131474
-1.557286463438480
-1.153773868131444
-0.141309433169420
-0.831155042629872
1.776868046521070
2.551551026113489
2.065356891226874
1.781031099397205
2.479369622505610
1.832605404953073
0.228466523702615
-0.277358701184464
-0.545376042787117
-0.466331552449774
-1.376754964794726
-1.112935076942203
-2.525790135201341
-1.529452319822531
-0.259435558466768
0.381605517046042
-0.593562291296446
1.438137431895934
0.550505131057263
-0.372202802168538
1.420049034014471
1.748538470811487
1.298116323967812
-0.267484688774806
-0.475127111483143
-0.615977047924027
-2.426709359381400
-1.157526853051657
-0.754953657571468
-0.794882904371373
-0.393817187890828
-1.281572353906685
-0.618825947137952
-0.452048382366684
1.123298227749364
-0.419125070543646
-0.007791816754596
-0.924099402431039
0.221916034526074
0.412890008649391
0.802365133614948
-0.455296657060509
0.372840163443479
2.222569866594485
-1.111932417852485
-1.990279980661998
-0.291359353571325
-1.438083656844144
-1.104159466527959
-1.179819819865254
-0.475545668351514
0.333337157702517
-0.437854956608653
1.330411156281598
-0.824587314903942
0.936558413222469
2.306559600927387
0.673714899351400
1.361587627503931
1.160995359590139
-0.768817009950543
-0.128733084923381
-3.117931923957909
-0.584074599610246
-0.448503829366120
-1.719736888122918
-1.245190373238474
-0.794550180685495
0.359804582110714
0.908092405705436
-0.216298140980943
2.347267471558870
1.893579207040909
1.458274451427886
2.383630578241399
1.181065355119292
-0.234513935256051
1.542044858825504
-1.388598693909226
-1.966064294364054
-0.892255402384202
-2.168363459977766
-2.016072161644251
-0.219659836558669
-1.260993483841643
0.444942036604061
0.727973591262816
0.409366874041857
1.446680900587865
1.396235423051594
1.031956917163296
0.388013849012062
0.759566822728290
-0.987751316870699
0.447126784630061
-0.008300762668133
-0.734731707422288
-0.313104628538896
-1.816867174605072
-1.103413621111109
0.866396503801662
1.149213586595659
2.181715828650472
1.167919613907087
-0.603233190942731
-0.764540204657409
1.043970390933210
0.367627006752973
-0.388011310621153
0.540564110439099
-0.395773512044574
-0.682761312723842
-0.192643774655481
0.149255551380731
1.097169033472936
-0.062718835737657
-0.525807890383218
-0.974992339008763
0.200612256403370
0.178117778606639
-0.485485870509177
0.460553976631142
-0.547146588705699
-0.392696722102575
0.663812885174021
-0.014641593759622
-1.292639404740153
-1.033169236568228
0.110677930322088
0.407027298984776
1.331763274429459
-0.397971950645595
0.762576722340677
-0.277911498812447
-0.030340281989260
-0.005411869087565
0.342731661084652
-1.466490668682211
-0.682349990641880
-1.312882745599155
-0.546471013855912
-0.559647594354510
-1.604231028630387
0.940791379842004
-0.070570630876699
1.261915577460042
-1.281169626955719
-0.670616564644772
0.350453887791583
-0.787969023513793
-2.871089969583271
0.045860877793347
-0.407828632218121
-1.298753559536342
0.748593395222391
-1.169915078455644
-0.633542884764478
0.267928121562846
-1.364186050535853
0.348976366717866
-0.256239688437436
0.750860163145134
-0.713963403105991
-1.932976061855580
0.724911801090902
1.346642235115759
-1.765894633627573
0.759523942507261
-0.687291923879017
-1.739741238077615
0.363445683546993
-0.002654441770792
0.306314144239311
0.009483459291799
1.023176812333112
-0.074946571133709
-0.596179217818881
1.222944594342667
-2.003526626847298
0.601264117160168
1.859128125252355
1.158470167696931
-0.128541354032435
0.906812824223976
-0.024020914972539
1.005753896453619
-1.406333547598291
1.321611834134330
0.172171465466647
0.195706761592413
-0.456313277062757
0.220801558310124
0.545845219350988
0.765097341498600
0.641955403786754
2.493369188404549
0.793382314689805
0.183777960103125
0.750113162849985
0.835174483672492
1.179929043033983
2.211606904292635
0.727998440938578
-0.481280595476556
0.585181710548040
-0.733629101696646
-0.278405971850137
-0.849833779041847
0.979571234446114
-0.201583720658777
0.404165113731890
1.497707217183827
-0.495512552232631
-0.253270593512098
0.839558034019152
-0.127467333805969
1.527510115767075
0.082062037615239
-0.431752857780791
-1.836142459795621
-0.015976371557493
-1.380228783295660
-0.360454572071105
-0.135483943830450
-0.094096750564542
-0.415405776477096
0.957340711469101
0.073233228828208
-0.029848831105271
-0.366039471298397
-1.015590599985639
-0.531991077404045
1.245190292729330
0.522084459552856
-1.669906890513388
-0.121154301630995
-1.702410162523824
-0.153486242011220
0.141960599517972
-0.360693808466867
-1.355281506927878
-1.069479320985123
-2.332586617301005
-0.950647602594943
0.232393422009313
-2.118049464720405
-0.017441615079358
-1.063594852862161
-0.467635414379813
1.375774068525100
-1.079883684238082
-2.707037414393924
0.219635816542603
-1.003580908861660
0.454135704348477
-1.089776014247910
-0.270847250667189
-1.002604270453048
-0.000719219093041
0.046091155415179
-0.008445295219118
0.846967386181670
1.777536970739489
1.779435706742029
-0.530590941477653
2.602077398751002
1.095962512022626
1.205362166604800
0.806523542388863
-0.620142924548885
-1.172742318562633
-0.772882858625334
0.703391128715878
0.304770049033081
-2.401167296114496
-0.635376678351615
-0.125366113419088
1.002921306164645
0.492135560054356
0.930525721929632
0.697927902511531
1.881036971308005
0.388946499286988
0.130486973512080
0.424511704381778
0.183378878708660
0.907863987028268
0.278500079195301
-1.735587767315748
-1.348965811245099
-1.378758527998240
-1.188985452927240
0.435222587783018
-0.737341484384014
-1.077605401896083
2.023452320487330
2.589686525924848
0.520547527205474
1.893098515976926
1.091888277224531
0.497468186574199
-0.369233369047016
-1.352567519909890
-1.147501390594792
-2.222229896085407
-0.899461403998488
-1.611666563626680
-0.340262576445731
-2.923714405258912
0.212691842772822
-1.957136505817960
0.429920019563605
1.406151820098637
0.131961979886863
-0.064661619211202
1.670515213175077
2.761184266165873
0.303045022226303
-1.383799449044212
0.165491394814818
-1.481765431245154
-0.097958232679869
-0.772724769117730
-2.420968727138100
-1.462364382974306
-2.834089639826852
-1.673857606027234
-1.628274824861715
-0.189696194337091
0.580037045932733
0.809999232792872
0.948184884402948
1.821776195184660
3.282264809405832
1.181522009743506
-0.187994825142054
0.631775758957742
-1.145548219999359
0.890248299734355
0.355007788925374
-1.117327507692897
-1.834115854418368
-0.299155559803717
-1.898804589866466
-2.233612348584682
-1.313116524367975
-1.398317656328380
0.853395048713673
0.241609100311044
1.533152320267293
1.590055100896371
1.686966037948013
0.891019526132073
1.651476374659771
2.826391092947222
1.777100401590442
1.436485437947274
1.127767297944206
-1.045280715543491
-2.168528962500696
-0.892373303893272
-1.967262133709059
-2.943829928478942
-0.836574191445548
0.495383457264430
-0.178212444904193
2.067047101732830
0.802372758065916
3.076199915939366
1.959350360751600
1.160370705304619
1.523233619184741
0.609321822328953
0.000812958168786
-0.552534419619708
-1.399525051287281
-2.178969394964019
-2.110956437560651
-1.408811386478426
-0.597193554767935
0.288669492692822
-1.225874428468062
1.839205078378956
1.560352866066445
1.874297730974749
0.084295146991500
0.850470251817139
0.587303760409378
1.463407981855569
0.221482862004466
-1.207180384685112
-0.614980605660940
-1.554974059153807
-1.356913991274955
-1.357889065664788
-0.386418643858699
-0.144814961604944
-0.509661442260494
0.033949980763804
1.065153590772165
0.110316869455576
2.291271613443299
1.336781388442061
2.333072013887934
-0.622235027648531
-1.057462451879269
-3.089346543914873
-1.007421301743979
0.064177742305196
-0.805004585140257
0.498778663475340
1.248791884785173
-0.041565127502996
1.407222953622508
-0.765849110400180
2.152678435621663
1.107604130902991
1.826539630673198
0.760327259853890
-0.981361489952763
-1.113551282316665
0.576552756105020
-1.506517867371179
1.387553715137518
-0.934800498479529
-1.530842369574941
-1.072270947494449
0.026760630923873
-1.626630738253503
-0.118408683071553
-1.555777759786639
-0.419463290684461
1.165120085286231
1.258856729958620
1.805037554989970
0.077352574454055
1.148442290849973
0.813581271357323
-0.238342230152617
-2.277942069146780
-0.686750736031008
-1.555271003289908
-1.465716454036707
-1.712581335876427
-0.873689665186046
-0.987843118938084
-0.500788674987096
-0.317525900576831
-0.388363179624246
0.595217202725497
0.927798426733763
2.020437167379368
2.507330830657775
1.789808435146739
0.527662024573697
0.462673722777340
-0.405537448920339
-1.265697222987399
-1.979122453925590
-2.596567748588845
-0.947207193852655
-0.391482489149646
-0.507674987541137
1.000358504463386
1.208088423358376
0.905804461022036
2.343601837071591
1.338863700018248
0.768992649191237
-0.091830065482904
1.738678357717631
-0.065090501493251
0.256838042937257
-1.354200749052352
0.964342659144454
-0.202587245720023
-1.582648637350081
-0.996544585161739
-0.224146748989511
-1.504978999679175
0.629434360108446
0.838385887432026
-0.299429617608056
-0.118545870377494
0.199060678043874
1.387631303388880
-1.651210091083042
0.552502369027008
-1.217645707465880
-1.137240762834003
0.674022711431990
0.368287760560629
0.317245200372826
0.613985363524415
0.784376012446606
-1.442986741389491
0.352440960981220
-0.414351697970989
1.067079111052705
-0.461775855096004
-0.376662580217542
-1.045618125825213
-0.365423319052588
0.488933288904780
-0.200067181577026
-0.251075950842973
-0.209941987261080
-0.466536596478467
-0.890387376150321
-1.736095029584918
-1.092150392850837
0.916900211810664
-0.224430596556520
-0.486600770189505
-1.001998498100291
-0.038548200867278
0.943515146597443
1.150511717115467
0.259647742517693
0.329532131394818
-1.979622770672008
-2.104690665906170
-1.675644116192714
-1.772430093056711
-2.316946368519663
-1.044976424312922
-0.131692356860790
-0.964714041989974
0.425793188245369
0.576739732763369
1.245221540514061
0.523107663426892
0.223058295383286
-0.009295104045082
0.523574796430241
-0.105090842593791
-0.906853307871357
-0.899610367070827
0.629168853516270
-0.728459903404558
-2.557742380421460
-0.092608397163799
0.379085261888982
0.240145285783563
0.192922303725618
0.720223944507546
0.885392676574225
1.594162563193596
1.455165427628345
0.768882899227840
2.213796425401255
1.654042495076200
0.934729529826145
1.253311728141086
1.721495357161819
-0.261406558451277
0.053265129850749
-0.080003781802316
-1.751684866356623
-1.379307045386178
-3.233430959988589
-0.667278874377887
-3.133459082100980
0.911316728463972
2.017561454516485
1.774470112252377
1.335520803962283
2.860371333600582
2.512878208417316
1.109495599152215
1.908912849648014
0.829371240579729
-1.646640673858015
0.554184896980972
-2.652617784683106
-0.503364621773134
-3.837329559214538
-2.146472161619422
-0.555388119090314
-0.814026844542860
-0.875320311190186
0.999963358887047
-1.301502872739275
-1.252469085187781
0.351313233649593
-0.501364249687739
-0.361339068576692
-2.229309900038818
-0.902265244052698
-1.102890514943708
-0.915553075352633
-1.320873737262946
-3.344501078670986
-2.085811824298555
-0.439909793160052
0.602328721966872
-1.089503765028339
-1.871685805200517
-0.605684615509471
0.808172884438486
0.106585466858782
-1.900771388642913
1.564611325989244
0.360116215870858
-0.146978184792634
-0.385311312749399
0.993811439603285
-1.513092216312124
-1.551567243664274
-3.409528035951727
0.450484375042696
-1.212863944069709
-1.023701882387394
-0.874101844841421
0.756101951177489
0.923318790808321
0.341757619055073
-0.107972418452199
1.226851187728258
0.199071244950625
-0.636049294049475
0.888492587922823
-0.581596485800255
-1.308992822573663
-0.144235061959588
-0.343187576615304
-0.634704052660631
-0.637493142337553
-0.551131038166256
-0.127232622970003
0.158553069757559
1.667372801255458
1.596725594872633
1.705826830378125
0.792653292917786
1.381625336823873
2.173410983036689
1.021900422696943
0.076430487571820
0.203104184975601
-0.758663819183780
-0.142090703358767
0.448465403862155
-1.193262311355454
0.947758352586087
-0.778634654192149
-0.963881846666267
0.148322491010914
-0.177461420423516
2.164980218791696
3.664279222315986
1.231915526271937
0.143639542511838
0.900998442683022
1.056675784079430
2.163957259331972
-0.352530310529874
2.136916685439477
-0.991309334836758
-0.453473280567999
1.199695045751504
-0.084223063096080
-0.415087546685941
-2.500145505493484
0.488421978745204
0.710053427255111
-0.247681138284333
0.526120697926373
-0.598885172369841
0.261816791922602
1.449659425521491
0.665580658417055
-0.339131842006118
-1.219860847182344
-0.718814572152247
-1.211588514024748
-1.803909462858631
-1.326465939084166
-2.338550048244919
-1.507913039732124
0.990922792831937
0.762790111073030
1.290107358948260
1.520497990557816
1.698869728190568
1.773044468363495
2.442404232675691
0.601680959912178
-1.503903940506419
-1.450988901242418
-1.676056492413382
-1.046614564814274
-0.312930644619535
-1.497171908327811
-0.771905950187619
0.009267946334427
1.240104827388922
-1.463823837912368
0.904403050673633
1.812303216910107
0.062565439482196
1.968193133429680
0.226502837735112
2.699815251989323
0.743601873600504
0.030826570233902
-0.624561243575589
0.699380512456739
-0.610836825772506
-1.280032308092139
-1.267876537484363
-0.091374925332657
-0.173300234410104
2.196800263152043
-0.250984747367268
0.476597336121092
-1.593741650114950
-0.011384872000381
0.496306754566045
1.985188753518521
0.211227260555809
-0.723738943985125
1.445351211301488
-0.318296000479314
-2.061469893053171
-0.281616248661059
-0.109428367965818
-1.407677928053141
-2.492449583125749
2.175544707119727
-0.722742115998523
-0.299280750045023
-0.102016667724565
-0.254881745937508
1.653854188244403
1.153191446476713
1.861670022588217
1.035760313831756
-1.335384297333104
-1.212354239642858
-0.654057683467469
-0.148452778250481
-0.288046586622898
-1.947931665354142
-3.308649808211585
-0.808365806442813
-0.790438989928642
-0.372647845460823
0.373016751186447
0.866234029586642
0.364942033126154
0.094549533700414
1.523034663355072
0.318724077837085
0.881826698018005
-0.382379991232672
-0.785424929155245
-0.641338716260484
-0.818030430424771
-0.806775970577982
1.841986944250708
0.064422939177896
-0.199779367641545
0.547271802845210
1.396812398497449
3.077039916157577
1.404421537427434
-0.111549919358508
0.968446123925556
-0.118637244047911
1.535128603715201
0.784883634089590
0.067912195820563
-1.920622790906460
-2.288419412232809
-0.163801821083341
-2.189271751015092
-0.065834870160972
-0.465476532777831
-1.641746311357890
-0.166643687463547
0.538549643923164
-1.020216238254130
-0.235907813150214
0.088515416039332
-0.409264896134605
1.181422862599985
-1.343246180287586
0.027294416163821
-0.403625819274104
-0.063830221113318
-0.815913725666148
-0.978665498918399
-1.336918842787305
-0.814773479446376
-1.126972200094734
0.644783523848419
1.026696207712655
0.781447398362438
1.105383833018187
-0.999456685037532
-2.328465599060495
-0.328591861535877
0.451068587209023
1.148512713763092
-0.528542538263135
0.697773656093705
0.357915999497113
0.551157191675714
0.573427009210479
-0.240710341938585
-2.429101693003646
-0.358976071424762
-0.862106877314689
-2.016252869974177
0.110950640146226
-0.051573022683005
-1.982664604291547
-2.253441135466649
-1.014733432364472
-1.069976697086386
0.393472322368652
1.528095809925630
1.179271606140990
-0.435258579353071
3.015021487433480
0.695992730921588
0.568758283751425
-0.491150061233531
-1.408009567009735
-3.373621424370931
-2.043024520686342
-0.814669871862626
0.314522894805260
-1.405270231446223
-1.730906969140876
-2.175583013659946
1.283184853475950
0.605935533680770
-0.220747195954483
2.418703583799206
1.574799479848677
-0.718789743810512
0.294538452850809
0.975090510319277
-2.812471609829224
-2.847005655874287
-0.634406248907707
-0.941869807531331
-2.557029022145525
0.323467073447299
-1.165428760993780
1.429521714306775
-0.007400703665739
2.629778105298898
2.821383504239954
2.142777154370001
1.709825442402352
0.268962148848348
1.163720299626859
0.387864109750146
-0.244941103342196
-0.148552662662070
-2.430832182670748
-0.670179741768139
-3.762056708254361
-1.557707065840911
-0.564264041085764
-0.088671249983433
-0.860069700301737
-0.663221559009914
-0.919172640213250
0.509318762602793
-0.690168087098771
-0.577198536391351
0.179449130461171
0.189416802618344
1.039416554734568
-1.273384649303779
-1.726427314961142
0.010424118942833
-2.517671906971694
0.030546714900970
0.678289972370785
0.138402432684056
0.832496081086725
-0.582217154790959
1.850643445524711
1.278957220541871
1.682410815731866
3.278954182505680
2.084715122431503
0.774860336769877
0.491228116402810
-0.093212136796136
-2.529186934808771
0.325085739718074
-0.027822507841523
-0.447637841912986
-1.156657911425952
-1.246122943955515
-0.871349303060816
0.743144849934396
-0.192671504656310
2.853171022952197
2.267433214624640
0.892692681061556
0.498473045736862
1.978375224462247
-0.603246527958610
0.150054475668765
1.673352408219846
-1.457220798689662
-0.289950384611533
-1.344843896605312
-0.151361532435405
1.496690485142563
0.121250596847999
0.273075463293835
0.231041589302948
-0.616538921963123
-0.007977122044316
-0.013560785357273
1.693479928534233
-1.055308697507572
-0.516340907795944
0.107989656965825
-0.562831627242491
0.816077219541132
0.524413019579395
-1.373112440351139
0.003993505764092
-1.219311981776966
-1.907951686101010
-0.764779630762524
0.836310186458207
0.810933298032248
-0.839240552385578
-0.809483883333843
0.024772760661510
2.544380138077558
1.643667687956333
0.873718235052961
1.757349102415566
-0.392967096189047
-1.377228042157639
-0.911990194394936
-1.373206624851501
-1.487711416461068
-1.267605777553876
-2.659438928325263
0.152667345090448
0.763670774059763
0.128646325403417
-0.095312066832443
1.575006111614696
1.503728962040196
2.530361693275874
2.654955402182549
1.813901677976509
2.341674216989999
0.276067888615097
-0.199152232882940
0.743488517002294
-0.274497690128639
-0.520792848419606
0.629182553976179
-0.949108326801440
-0.692543969315300
0.601232881486039
-0.310182123955290
0.493028219688087
0.986459583653598
2.777228947899653
0.634069294461230
0.934614224592200
-0.528018159851586
0.081857299273557
-0.750864558971440
0.607476130387916
-0.568079611800972
-2.701987624989013
-1.320963933933810
-0.136329143309505
-1.132360394033527
-0.960322171474211
-1.583472465635837
-0.166281307249368
0.724913741301144
-0.240299703551661
0.736064803024817
0.246296874597246
1.691581171159321
-0.197693922576505
0.545654390888090
0.997802195860702
1.678003694292162
0.999719206036979
0.101680154613951
-0.028017797595595
-1.906718897667350
-1.384051271321848
-0.790524631392895
-1.206302942542137
-0.264973604362177
-2.050823922241594
-0.614636577718677
0.091328190046587
-0.393802120866230
0.732037129378342
0.529740028983870
0.647729700765063
0.658263399148495
0.666785297651362
0.639450452148093
1.034392668586964
-1.266347799276872
-1.131411094193055
-1.977943651326107
-1.201043574083001
-1.358577543061487
-1.488055066900634
-2.426511025587284
0.787490317490144
-1.002272312276357
0.192463139062938
0.787487554589641
1.698203219909102
-0.286964184030650
0.009166506092718
-0.204416395167161
0.130152185060534
0.227218007775149
-1.291209147454332
-1.296730678609406
-1.116917824000590
-0.701610277176246
-1.425619701532893
-0.578196630896005
-0.395638021373207
0.740106599361292
2.259278541194782
0.414105260616913
0.941885273833409
1.687738299251366
1.229034202343710
0.798233442971618
-1.665869178969690
-0.968728462878969
-2.731366467957033
-4.224932821524636
-2.902328256546479
-3.591384757221953
-1.666363556922930
-2.115817149652113
1.261946835791824
2.168584954114070
1.913475254420170
2.276790159821979
3.189220837202089
3.046140085380275
0.908950933584348
0.724790604882694
-0.171969330273859
-1.074170223121051
-2.569920644157909
-3.071874673616412
0.201361519405771
-1.920208666336192
0.178692783017210
-0.257923027865715
0.163878291894675
1.164040728439744
1.817319742422004
1.196714762624088
3.055720730563529
2.043937541915725
1.097794831120216
1.344069281217257
-0.912231520060717
-1.845557001422594
-1.557600014203978
-2.995472820407517
-2.182408610749955
-2.810879650008842
-3.421190928629516
1.755148544705951
-0.753871408198066
1.741630361039651
2.022774224958066
1.896080809972561
-0.100689514952975
2.214316706117342
-0.563015149438736
2.081709759791185
-1.077379330702223
-1.537758836401758
-1.785554509341924
-0.785950787062009
-2.829551489375060
-1.772357623101548
-2.362055505346961
-0.725463396292908
-1.187939621924290
1.512209595635235
2.393529350353926
2.303867530192306
2.224820208506266
0.967056036575874
1.213957825081980
-0.752900461919228
-0.670465855984370
-0.899809392618970
-0.339652141063953
-1.977005988645153
-2.313410832735683
-1.555115988317095
-2.513342248975658
-2.043923069876871
-1.359333021122859
1.255241186520376
0.373845405999724
0.324180273901843
2.492590066689481
-0.435160648671464
1.135389191859979
1.254859514103555
2.204409632891105
0.573126054990811
0.132075256363964
-2.000509315098851
-2.692958181464799
-0.951129208689818
-3.594959315926132
-2.997836522912059
-3.207425496808630
-1.599124394626668
-0.691813726556740
1.536202601960227
-0.421664094716039
1.281126607850829
1.607645101428028
4.014488857701927
0.762726125088124
2.323575731308988
-0.614465260791018
-0.495357898068759
-1.434203090006200
-2.740050130107270
-2.514638965043401
-2.116836746130951
-3.595975998610685
-1.222018800091465
-0.774502511125747
0.560186650402212
-0.280443416703371
1.941195545926215
2.679381541139310
2.374609285852747
2.900025984315254
0.397341091017597
0.948704599812865
1.623626811424754
-0.537483072114222
-1.596154551639865
-2.120936210882204
-3.040122414105776
-0.789258498051139
-0.828477550042854
0.770002461849352
-0.991704229917561
1.094478618297913
1.970769088146315
2.507792670088132
1.821661003189184
1.359665902473808
0.270612458435581
-1.901617993490907
-0.684585927825913
-0.944003177708255
-1.128145712451270
-1.409450014324914
-2.087667606924474
-1.603209863443870
-2.640743489134240
-2.948728366902445
-1.916808438459193
-0.327646263316965
-1.028133260701186
1.223627559540911
0.610276614396616
0.713160996116938
4.034037717644005
2.360417166689699
2.097165756408987
0.434582065209045
-1.044088304868686
-0.589573486208252
0.955205417272369
-0.061650923602051
-1.808859189896371
-2.340186687233597
-1.756393276733297
-2.263369433182805
0.364653335808511
-0.455290401722939
-2.154150060388059
0.256564866768201
0.791146354906088
0.095860579129174
0.465656212125627
0.262383084654796
3.423498692897240
0.616125333488731
0.362465971488436
-0.132514440213362
0.002478299999567
-0.807949164294934
-2.096370644934256
-2.424410804407232
-2.380770775384621
-1.997421969793835
-0.398611560637683
0.664253752580245
0.985997923696158
1.183384162924422
0.808191058974351
-0.050153816928832
1.512731405380527
0.533037137496124
-0.051346046556993
-0.595155467457060
0.838171899271257
0.835889611140977
0.823217071356068
1.155737631414443
0.354080814784510
-0.277931771459723
-0.065202651297523
0.472331452835009
-0.640747611019713
0.298595573580695
0.549492779293020
0.595412539693172
0.245585824351232
0.626581008944772
0.628646627544754
-0.719027057338829
2.053266606934456
0.000872732238001
1.562506335164533
1.281683067969760
2.153652115394171
-0.425605243455604
-0.621090969134953
-0.206419778214107
-1.862512735099116
-1.034371502688798
-0.973961612906632
-2.249376449663709
0.122814334915943
-0.978704184813100
-0.691067313317335
0.448701086914271
0.401921496321135
-0.849590714068629
2.496633520518411
2.772060324767220
2.645329124747548
1.371309624185686
-1.166679153942657
0.180238660046543
-1.770226639967449
-1.696102950820009
-2.010258532456771
-1.656472024438477
-1.930027030442887
-2.065371950953867
-0.691423924257030
-2.185617412271964
-1.099726026198167
-0.013713914525572
-0.347780546509873
1.559723536023108
1.285171732447669
2.316809925028164
-1.099828910395832
-0.670546813985228
0.822667383855699
-1.904188869418624
-1.187756303132432
-2.758291172009729
-1.491117246229295
-1.546939426196212
-0.314624747591366
-0.993490551480775
0.248211957522530
1.038635248250132
0.997317976940609
1.440065474319457
1.206102546210637
-0.556228840218740
1.394624837575071
-0.096736153490728
0.642160297240654
1.713683554342402
0.475897057667970
-0.130084755525466
-0.894818461462522
0.554611333945890
1.420821727526483
0.742321997220750
-1.125813138885005
-1.123195544048889
-0.708007039995520
-0.566093427604806
-0.464214961256654
-0.755974042164214
0.185405257964848
-0.057705792546724
0.142781351372770
0.450418137130525
2.185157262658675
0.904611168407653
-0.804564310203501
-0.527336973523023
-1.156654979770947
-0.080500062644357
-1.358712368238901
1.063200269018178
-1.017289115834441
-0.543940959136665
0.739317992918879
0.515928009091538
0.192672470014657
0.926106735497890
1.440969849875648
-0.443038053274531
0.423360342882793
-1.913683079576362
1.099129258752931
-1.046606556235508
-0.186697969699488
-1.159962191018599
0.491734192921900
-1.465855703514118
-1.524402455039308
0.935640822547757
-0.606584773633586
0.397380731380342
-0.399011977453465
-1.196948882382104
0.443618112136187
-1.054875687333863
-0.780347145777580
0.429525611822648
-1.684071613588455
-1.455430213424737
-2.598144618691471
-0.858540551162672
-2.103505484780125
0.025051033166676
0.957354493251022
0.522363546964148
0.358004121160460
0.748742316358596
0.761542296022718
-0.334027924595977
0.042704790947042
-1.225987189521129
-1.490676140011432
-0.527748431631682
-1.589092777752569
-1.593603324154026
-1.453596046350747
-1.894058631211482
-0.254083617754220
0.072982351565474
0.558095143742239
-0.581918857343645
1.427688791336810
1.130949601758835
0.134551134412662
-0.041368369691200
0.337297235419079
-1.307412384568403
-0.546656412991694
0.465896573234939
0.795268403229223
0.044898650190439
-0.100522854375229
-1.054000924546137
-1.263923066480490
1.174503041707451
0.631189648479741
-1.513949509615585
0.678326429877248
1.267762682665839
1.316630063879771
-0.560103910728278
1.524238756365241
-1.266410705308021
0.440929458606860
-0.289386285411474
-0.928953261542844
-2.884537616025167
-0.897089785857268
-2.259655516703814
-2.965181474841470
0.015593019335135
-0.762086781507982
-0.444383308023671
-0.179385674795000
-0.021489493749306
2.578028535268784
0.530378481038936
1.715079697912548
0.908140736616606
0.751201805029063
1.276418721438128
1.417196386803963
-0.912299429591966
-2.286233779808209
-1.291590514269412
-1.420957864181892
-1.217564175731083
-0.112352308983288
-0.427900879052096
1.846636763465737
-0.434957462712505
0.995943456040990
0.246672681753372
2.234240547082125
1.449349783884529
1.954478000643771
-0.370907639638869
-0.303096624929165
0.421681504711325
0.568732137758617
-0.310159874900109
-2.023170640899033
-2.148117083959070
-1.569512359501897
-0.378958545419756
-0.737753028462096
-1.450974112661112
-2.865294621093061
-2.106815717048995
0.799078032421343
-1.466403954990424
-1.098841764376643
1.438095775520928
0.449903689297434
1.651924465444244
1.506000465566611
0.444744955155906
-0.639812134014776
-0.003681915447259
0.308385981797349
-0.500917458804721
-2.977135123023824
-0.584519020969121
-2.023580121187987
-1.468872131030437
-0.106962149724680
1.190125705568948
1.086136210269192
0.990923137593161
1.649129358819647
1.318594270760520
0.544078957846091
2.012158599543521
-0.328961339261166
-1.848254113394305
-0.699560915384071
-2.470357773338237
-2.915838311867751
-2.345211974357992
-1.886149182894948
0.673749331331151
-2.136364185297575
0.318928238332858
0.900755780331673
1.457698632854890
2.874167718323209
-0.114042037044055
1.415450468518844
-0.868857109005689
0.937068526819247
0.162973548259053
-0.678715289939334
-1.020552851216862
0.246651554026651
-0.263838865971504
-2.106499805868473
-0.568235288963090
0.142864050160392
1.451322293453647
1.628961118942274
0.282826589089785
0.912674980533944
1.824637850958149
0.614809142314057
0.172228484046888
-0.720377662273094
-1.048050509584451
-0.802689201840224
-2.258481297145983
-1.284649952407156
-2.190656291171325
0.465025949306941
-1.456981559391148
0.874103867309801
0.960226525448020
1.565174115157436
1.239386979454370
0.332293804050072
0.772362013130649
0.273456078193317
1.116588365714224
-0.057851339455280
-1.418371943379281
1.055372769495861
-1.254723927515347
1.804989049970791
0.012976423487794
-1.204836294579354
-0.413885596962366
-0.823589938191084
-0.133226786339690
0.957301044137628
1.238501160365336
2.509241646022782
1.250563289485270
-0.671784619313234
0.835163280547017
-0.676907551215595
0.293855744877038
-0.778247996731832
-2.170185262412441
-2.100962145782824
-1.078383556947027
-0.176303321283918
-0.197894464523746
0.298750442508523
-0.695321363945960
1.693028474629374
1.962496124833379
0.221563402930083
0.625066689657481
1.740148195868752
0.638711650374313
2.330280846057580
-1.421125894577358
-0.893152200684797
0.983464865127694
-3.107499084105250
-0.626316949692931
-2.954773032692918
-2.046998511443568
-1.763573242752505
-0.170328209051556
0.152700184432395
0.226220396103222
2.171036973580095
1.974951311158767
2.368579273237855
1.206254290323683
0.985405647044284
0.714249909690544
-0.779665317173270
-0.504429978133810
-1.533356001675674
-2.436752746131554
-1.432919427796251
-1.183192557060857
-1.853036526640788
0.235275913868902
-0.825065993719518
0.672099593761364
-0.278117331875736
1.460489037830515
0.494673401532998
0.234503023770051
1.998853485444502
1.456700679715392
0.724388784919170
0.251611113891373
-1.154410733950845
-1.003050238100788
-1.299012888407738
0.665991796629532
-2.570078081127844
-0.038397715563094
-0.857023553559053
-0.516698961909249
1.330284436818681
0.998808434062442
1.137725349773186
1.729034417422801
1.640553504407546
1.314577906350961
-0.926909938006997
-0.223599356617423
0.170616465077226
0.543494618203204
-0.198246575770298
-2.535862676974256
-0.370435552090528
-0.825549841791725
0.740924099060250
1.433794112848768
-1.012914806175008
-0.635638364995273
0.022487933468724
-1.100494538010286
0.428946284221984
-1.247915988357968
-2.412989696539850
0.360449528529599
-0.847286117296616
0.019370216061936
0.452447752821608
-0.015897580596236
-1.111397566524706
-1.657264592604099
-1.899405470835485
-1.468525436193429
-1.772025521330713
-0.934651064158356
0.002429666304713
0.591638699768278
-0.194586259453510
-0.421169697310149
0.428332183944197
0.310840535494627
0.321915237348825
0.324215719762012
-0.922415471248334
-1.531766107186521
-0.658060793479363
-2.443466698308286
-0.433534363366131
-1.312975114637076
-2.480022797677519
0.671869196198116
-0.164601796781815
1.810230697412726
0.210847272494773
2.091000711378181
1.630331306182632
1.168718229486094
0.057232664857028
0.913919022810533
0.671248437634550
-1.661621480592989
-0.384533262341910
-0.142879269532152
-1.393271994777893
-1.450694400200168
0.511819376845596
-0.863459720815607
0.199358256336670
0.817110121069501
2.037042979488567
0.318936094834374
1.315720416102526
1.257874631769417
1.905391092179179
1.480832428245819
0.410701599574504
-0.318729979602317
0.254104945939049
-1.102937277139078
1.193659498101659
-1.405287436357798
-0.206480531026766
0.228899126830344
0.021945202734874
0.954762957041874
1.683031630223078
2.075916487904398
-0.575140898317723
-0.257486671998057
0.973533940014272
0.860228177127094
-0.760590974820984
-1.178501787599955
-0.193089994980867
0.432800484292935
-0.193727829458468
-0.099892930534369
-1.166913318466778
0.020099307145728
0.453016526417618
1.410366494528433
-0.589408297870885
0.931120990187901
0.508542256502631
1.467676674880693
0.716101924969554
0.009915577440564
-0.073407979445712
0.081544777177801
-1.605960322397412
0.585061109015444
-0.014536474079726
-1.157536860988380
0.177374844661498
-0.364150680410965
0.499556413669881
-0.376945207349827
0.098117698938489
1.259966330471810
1.371452580604663
1.360707073609924
0.310332026633640
-1.991590666906848
-0.371791249912208
-1.539368876144527
0.488380787908586
-0.831622499581020
-0.551749071829417
-0.061514560730148
-1.273191830081788
-1.735746973577318
-0.318837842742776
-0.934502753573635
-1.119539144577067
0.615843817569031
-0.781649573518046
0.799035985239871
-0.012521718303950
-0.535530172830081
-0.212242294832503
0.166272358038063
-0.405057936644241
-1.901485079770340
-1.344762697126908
-0.239865047514960
-0.062089991014160
-0.270722628845939
-1.723305450510824
0.004059470605664
-1.230535358422402
0.934575180794552
-0.327121637826838
1.609097683683047
0.190078705495183
0.048508527227435
0.314937045556507
-0.652381555497652
0.259620668516190
1.277692484276884
0.496879015963678
-1.314077141827694
0.168268222090196
-1.215771445497754
-0.132688805561094
-1.244359512639595
-1.288731452666447
-0.959395505862905
0.896892009855846
-1.101226432557030
1.494297047160657
0.528379051868994
1.743682681753988
1.438500026700783
1.451131250941804
-0.551241734560652
-0.440671829475103
1.303954137065012
-1.029661225399043
-2.432220901255969
-0.780848308590326
-1.712674226801028
-1.365139162037795
-0.897032758287833
0.025562189109959
0.804328594808059
0.437569479964035
-0.936562113880175
0.528971219119048
0.649195203389945
2.271679153096343
2.234583380024695
1.051083670108970
-1.435896417319079
-0.471362690171357
-0.461191845559335
-0.110636819102741
-0.614764800204502
-1.821882026306651
0.283587888566324
-1.900048191541416
-2.107192759205666
-1.623609138263609
-0.656011050953932
-0.188285454583994
1.609612778118530
1.494801903392890
0.935573352499580
2.034883796085098
3.029773476289386
1.155473720072521
0.004417955242865
-0.517573415821449
-2.217386426058915
-0.690674174473725
0.663242173456125
-2.520750098169119
-0.637723651778065
-0.715047434659332
-0.771730110966615
-1.820909326888560
-0.407563867017716
-1.229393496367608
-1.236734590105493
-0.949829622106910
0.373991473535836
-0.440659063437637
0.296688629905764
-0.183290931169342
1.484203483478870
-1.962681554013072
-0.350312534931263
-0.018304761522214
0.431365528803946
-0.867495397541099
-1.378971009142071
-0.915084117737273
-1.433906565120522
-3.221521054672401
-0.844764814188930
-0.591998435358061
-0.837476691456825
-1.105811963463842
0.586022063511379
0.226820253444118
1.158077079517550
1.732047809917664
1.645749813848612
0.685983797085433
1.234143529177902
-0.446847279536385
-1.185218239813259
-1.728869356627425
-1.477520593053848
-1.284820772154173
-1.914006293328359
-2.426607888035342
-2.165282609382236
0.749726245143834
0.076987236373231
-0.155040508903261
1.976311356927323
2.556757289748348
1.163749777859365
2.705226307411311
1.602644203938616
-0.696399984634024
0.982020826157988
-0.273577563409829
0.985973631322779
-1.967030378768571
-1.004171148219933
-1.205032874772380
0.006254368464546
-0.117976019743268
0.217523299623301
0.874946976994764
-0.691759661881945
1.552309871466157
2.876483939957922
2.830050796062195
1.379107504318435
0.428830423196682
0.738005984575071
-0.429061020698508
0.430195995683790
-0.595986391292191
-1.298282442954485
-0.576386968461300
0.544400023037314
-0.024716113282168
0.106480392290093
0.503474323308051
0.071898585503917
0.107711511674155
1.468043736971907
0.125841578231865
-1.240533637395233
-0.336152107701886
0.494103327379711
-0.590169583232335
-0.698995654263618
0.663122272918883
-0.270978179601451
0.246856542516618
0.066474293224527
1.778669751104899
1.130047267342084
0.598320730092853
1.502594948308173
0.570191338973895
-0.236699281015813
-0.101932430542059
0.666364384180698
0.020340028473125
-1.769685328824560
-1.438108426770020
0.912134227019682
-0.617296627034116
-2.255661772506263
0.485004705393194
0.693368797281192
-1.764463743304057
0.283543991204493
0.323963781580753
0.504546829125343
0.116488129747361
0.294414859452026
-1.678726163847940
1.137850867535234
-0.172172035778005
-0.348578827657445
-0.305037585657429
-1.371961411541976
-0.917625638138958
0.540527523905596
0.914015489146818
-0.723892808315498
-1.456181092303770
-0.105895898638024
0.274296310424679
-1.082512733046381
-0.201026600973982
0.007910696496507
-0.489662514930450
-0.645975546038291
1.946225193576475
0.254850386617470
0.289142699678845
1.623980022284976
0.776625503921497
1.249005475322279
-0.645812841155564
-0.250205081405565
0.689582880826187
-0.110554614123804
-1.004705606377140
-2.246592636895271
-0.427042768323480
-1.160662618557837
1.401634713372801
0.918251420166586
2.149904357491611
2.699491242970521
3.250789528745461
1.083690012556203
1.635063596954656
-0.651564464338992
-0.230914047867064
-3.052830080179579
-2.341963922986850
-1.639709819363844
-1.359467258257985
-0.867912240443591
0.549560558026153
-0.084884845624417
-1.260501047638713
1.541089099231880
2.540459547010230
0.864716662196248
2.296331097344578
0.677525090635463
1.288088095731008
-0.810566200225611
-1.224696113234110
-1.381032013109009
-0.728200089655603
-2.004397555004912
-2.546761032513313
-1.347590022627657
-2.278819401363338
-1.310030644567447
-0.770291692078389
0.660049422024067
1.934972945542518
0.323403157798746
2.853529053903323
2.088437742898865
1.324319576895095
-1.350884993059625
0.266583770734341
-0.763071877529145
-1.772757686795713
-1.235771110922866
-1.796759434225364
-1.677793656268661
-3.154351695448001
-1.487610471588856
-0.348477787937182
-2.199860946829109
1.863012691613411
1.542538513094397
0.564587085681375
0.226971852956935
1.421962894013349
0.436778908900539
-0.783076527027725
1.265829815273356
-1.364566372821078
-0.188400838204647
-0.588812403158498
-1.084915626368828
0.039525967522876
0.587157870903302
-0.914441504058691
-0.688407001318657
-0.486235487339463
-0.364040377939601
-0.623499798005431
-0.711625047683984
-0.321541781693950
1.082831254299730
1.191665258643412
0.099880737536420
0.481130874678612
0.487204573207667
0.193295348515168
0.541551827716629
-0.470608200204323
-1.300737391529621
-0.857429587861312
-1.834463687078006
0.080340127173634
-1.131300179058600
-1.283832999305226
-0.710063733616621
-0.502097412259970
0.006965879115806
-0.672009365769982
-0.383411262688750
-0.792233869749601
0.320864037718384
0.351931929869246
1.406421948662838
0.532860362314731
0.993910755134523
-2.373592820834551
-0.221185442848140
-1.441420987608950
-3.171122490790388
-1.722000455258931
-1.443968683226623
-0.304594460656498
-0.429690491388786
0.168665339983085
0.916318289873753
-0.152225825365682
0.643151095038645
2.949321738925261
1.099452078003838
-0.209292086813765
1.066582758787489
0.664053366958615
-0.411934176285819
-0.327160061764597
-1.840001500455157
-1.657114054962289
-1.932030593581010
-2.018593032934148
0.761451519352483
-2.250005391851206
-0.149553134362609
-0.584336381028527
-0.288149456192968
1.322979093842504
0.374323981909755
0.157929538244090
1.360207323440102
0.396489313476722
-0.977350393735516
-0.853277560731544
0.354926868070830
-2.271044488211969
-1.592822711508959
-0.852626230171336
1.007217088743424
0.541609849974079
0.610511511862358
1.360671890079363
1.968544355623955
0.033712933843738
-1.032720896499960
0.518770858497728
0.758450494206895
0.765450317567968
-0.683745501148301
-0.043686131011639
-1.136412400358856
-0.388325472325104
-0.942584485634113
-0.255348057600311
1.205839641781499
-0.917471804669751
-2.304737671583534
-0.611311087250687
-0.384389564030938
-0.675561446829804
0.592632862045592
-0.062088019022665
0.534290122867996
-0.366527636155410
0.413959096628262
-0.194769196533906
-1.564841268733113
-0.025356078036586
-1.490968539102791
-0.274191396698787
-2.033349686981137
-0.182392261470183
-0.870737147657922
-1.230529332519075
0.896549310059699
-0.851469866237554
0.909053892581005
0.008239161892505
0.275292935237911
-0.434517202812661
-0.255116801787435
-0.033074407368434
-0.448277859441771
0.488620792574527
-1.091110737601823
0.295046838843990
-0.098472654715247
-0.212375634601940
-0.272149489034061
-1.255043012958369
0.474982430853498
-0.323204341712264
-1.231655414091913
-0.094928358828892
-0.703389325946674
2.740397332277551
1.506463724071005
-0.366519983964370
0.886573649979181
0.052055804508910
1.031071085913096
2.605700435526475
0.501280874839310
-0.098549209654517
0.954208432041556
0.695855660121193
0.344876216886260
-1.656474667196085
-0.957990395397791
-0.887434125499550
0.043859795136366
-0.248760856947139
0.033107151346951
-0.119127407161197
-0.779878952189025
-0.094581567059294
0.934815819139611
0.576915326495610
2.053088576911008
0.590332821678733
0.381529278867887
0.865041465692895
-0.270836979137435
-3.079390496133002
-1.365294444586032
-0.580264249769836
-2.968343811550688
-0.156633324175959
-0.894239859223046
-0.233424973066441
-0.847204306533536
-0.112450878020471
-1.618065848596260
-0.245055039941935
0.128548138764547
-0.718986475698089
-0.113482182009577
-1.525192130817817
-2.843604024309175
-0.366973842105670
-1.848513157349193
0.111074768009527
-1.393847520718229
-0.067765174809366
-1.744897468905972
-1.148453731264674
0.992627877121798
1.381871333551773
0.761195962244620
1.571925458804636
1.550862841656365
1.941250607914373
2.621721646292197
0.890319393638975
0.086378566580082
0.003837709236248
-0.301655351386810
-0.310310456097867
-1.022657971596118
0.142289815317453
-0.225060058189654
0.335935213063481
0.525686457663423
0.870253725812742
-0.433692853426828
1.530650643542062
0.377583877801428
1.270627278670181
0.242639242712749
-0.273828988694319
0.265283557854555
-0.308260755400474
-1.009288667782431
-0.360713624808926
0.520491015923143
0.436828100335009
-0.096744184240080
2.181685741042067
1.334444671508167
0.293083021117411
2.188925995839453
1.546170415939675
0.900710472575791
0.841187656242269
-0.234894890649731
1.165064224276202
0.093734719465448
0.929996207148567
0.557104984921096
0.115119935983436
0.386245112713288
0.309782676574567
0.830416268448078
1.724000214550244
2.375645929568878
1.167081272663917
-0.407151908029035
-0.566728532674797
1.022630271871886
-0.074184942506240
-0.197928520954517
0.738192910758051
1.513306865150966
0.355679178147974
-1.431543309440038
0.880090375112373
-0.706032797976025
-0.877924875144508
-2.825741638343186
0.167137439705678
-0.992838670210393
0.819086260316300
-0.505254342474132
-0.892930264172527
-0.536709606920811
0.917738221832053
0.933420141106053
1.086221016311866
1.129048829895806
0.067148990287444
-0.427936128868229
-0.968910427690091
-1.748838597976414
-1.425941333875698
-1.871095284045305
-1.810316283156901
-1.761748562770857
-1.858943493899519
-0.322744850154961
-2.328947217150995
0.575198204030044
0.689245164538666
0.470830611402903
0.165148283937607
0.398669914339662
2.934078955584392
0.490029486302719
1.062993449903861
0.704257132845955
-1.302150589239871
-1.103197492831403
-1.329343971157625
-4.025704349569363
-3.520930315295876
-2.913966137811482
-0.664322825918370
-1.095283400395278
0.509362599986068
2.829945663843843
2.801154641131837
2.009891314488920
1.900683410042051
1.551750384591745
0.913962877003159
1.419759033319387
-0.461387776115621
-1.115906036617927
-0.490514601676292
-1.274427722671646
-4.462947994870430
-1.823359844393146
-3.520884628872757
-3.387690845425636
-0.063044288565841
-0.880337890952197
-0.124575820287842
1.795979325359304
1.690084654560819
1.512141548994926
1.467538319482940
2.097870606065401
-0.513065904757685
-0.985863755025230
-2.187382525329824
-2.031888828401685
-3.787669333926083
-1.985041358275700
-0.917519859247487
-1.532685644836749
-1.879643749696557
-0.085693009927626
-1.508893925554863
0.635703897123051
0.985775881180377
1.294665435014811
1.667758557287765
0.628172112543354
2.770717698408615
0.541346202288698
0.165232927245109
0.088617520766005
0.031718449159825
-0.458717584468436
-2.505649389097748
-0.884579557104122
-2.424187966863111
-1.616286496560135
0.119250520555313
-1.962021886160505
-0.608479364548016
-0.306355283808420
2.246246758721989
0.129784612322298
1.190624528343697
2.708835330826246
1.448002396485465
1.717345275332222
0.858781517662456
0.791777251735408
-0.391056806443178
-0.668924214562500
-0.196866761062494
-0.932235918088731
-1.025439833823232
-0.909965142863181
-0.532197652863009
0.088167648348833
0.483294486496160
0.891277684959477
-0.552579498212617
1.608481826318203
1.423256936910188
2.108815500035035
2.777522998354648
0.829817838734661
-0.491982367984400
-0.414570062689846
-0.118763086520396
-1.291882813057082
-1.581675678444589
-1.748338313090666
-0.871699506070887
-1.019927383676681
-2.219371138764511
0.364664582647402
0.405041999367288
1.852642923802267
1.936163585005266
-0.018744815181963
0.668521908913607
-0.075838269324300
0.200127484513086
-0.417122521723732
-0.889097743157790
-0.986652458265737
-1.414856564523395
-2.404019709566391
0.045753241020464
-0.048807608584079
-0.502405945566664
0.013936073731050
0.573981328448857
1.132361059997292
-0.073780099715327
1.101707505399852
-0.629509165017886
0.271855022812828
0.381457936715025
-1.646665423507963
-0.204446651818784
0.181021406789471
-0.422170190555942
-0.767430673810797
-0.370008359934515
-1.042860249652402
1.363868477614522
0.559634620356874
-0.359610924935322
1.864452391821112
1.636985913398858
2.240553101411772
0.609903297570244
1.827362747220833
0.184607840789990
-2.645311453234533
0.104164367449942
-0.813552971775451
0.345382019523410
-0.047235481727689
0.703201950495912
1.027374260598116
0.116475702454745
-1.148083712222149
-0.904301988496607
0.644785684594293
-0.328626748917452
0.725881472015124
0.120852183102416
-0.520110090456090
-0.722219666962759
-1.348107781921720
-0.227053748168486
-1.605917156554826
0.665469307116192
-0.783611143516859
-1.092520078477585
0.919115102027144
-0.141754967846511
-1.147895828894218
0.402587033748008
0.772354398369427
0.340145111849189
0.941064337765388
0.696244884973046
0.708211615263029
-0.219963169295469
1.394191876284008
-2.004040255282191
-1.819625382468558
-1.217778046376318
-0.221201807718912
-1.630961916858386
-0.958448529077175
-1.058080514222002
0.665431596747919
0.174947568244944
0.434867943828100
0.007762789844102
0.502804276010073
0.632667841807237
-0.812636485478640
-0.587793800090613
0.166788248389490
1.135182257012200
-0.770664483515550
1.795620483673446
-0.643331954185177
-0.748679280131850
-3.458220936235092
-0.620054786529094
-0.478068544238070
0.503142908601423
-2.167785222226103
1.424857291993524
0.311977700569437
0.700877466234491
1.323802115373689
1.494852049283098
1.434973794341291
0.649576442023248
2.272654940965814
0.518076902870214
-0.476059671763840
1.024556181471327
-0.271320944880865
-0.398600414850873
0.392872968154922
-0.560291608788874
-0.852596165112555
-0.063869120897306
0.042226599434480
-1.629787082916745
-1.392088286463269
0.288502639122578
1.268128440844359
0.705701201786360
0.929312480080511
-0.418233543068223
0.516880204991068
0.262489670881754
-1.227632005649654
-0.647217397323723
0.263283426643638
-0.968527139266270
-1.187160020282199
-0.367654896611509
0.468859803323939
-1.565347050274956
-0.647007379129702
0.481653424546435
-1.551435546351555
-0.659717086598665
-1.688131409188835
-0.049658167794929
0.085140132750239
0.740723970314808
1.254106017477703
-0.863133712029251
-1.754509575557963
-2.195771463810894
-2.828975020169961
0.076166420305817
-0.255116997184074
1.268260124920049
0.366947896835967
1.077738428010558
1.211556347975084
0.565511769059862
1.310998341556613
0.074858200395324
1.659452587006891
1.164540823508433
-1.694759540083595
0.414933967145305
-0.300642195643571
-0.934177441594864
-1.260741541330719
-1.152979499106724
-0.978109501464475
-0.269192953000338
0.709859351817955
0.132031891675926
-0.444793418116715
-2.156055854412002
-0.672192397878669
0.538594357267503
-0.598658515100841
1.634902922629352
0.982454240527015
-1.627992226317918
1.037894287120808
-0.273897259116436
1.282742132154225
0.804625033067255
-0.248512782026714
0.532077532527342
2.355010808561099
0.738518763342703
0.847030410602177
0.064520587196484
-0.378284946810692
-1.438803042964872
0.937242415115716
0.505499971925427
-0.081006834306704
1.400152305997757
-0.375253167356814
0.516444443982403
-0.582583676888833
1.345192120754036
-0.635372928827197
-0.078628902058584
-0.884418807896597
0.711698119782925
-0.648788658340625
-0.759866555099330
-1.446120897069212
-2.274938947008393
-1.358331445500454
0.132620917062927
-0.519564853011458
0.892391099099988
1.875931723348553
0.266494264636588
1.078064720451585
0.386061955780968
2.593220598993083
1.144005106385305
0.292294586870129
-0.414419335216719
-3.049283217153106
-1.022719707218010
-3.074802281024977
-1.391746023220758
-2.415201118621131
-1.647832129233439
1.116872053874274
0.023404143016720
0.090075079649619
1.873888241708284
0.544129548531864
-0.851172383492709
-0.787454580099903
-0.098729833165529
-0.188314796074633
0.359501874288328
-1.657716450353741
-1.651596228940317
-1.664258366902596
0.366211886813817
-2.260163325193458
-1.271230643105046
-0.411931153512443
0.032998035723875
-1.462556865895029
-1.170763760972327
1.919323934832799
-0.162405691578180
1.791949885451999
-0.772083544156835
-0.625989147352845
0.527341014598913
-0.623659117759149
1.271383775074368
0.932338003792075
0.012519700971906
0.369682798242899
-0.142674312681690
-0.715942299700853
-0.958201101900549
-1.284355595994401
-1.771815462745316
0.512740163618457
-1.061667017592117
-0.970826599430990
0.644975642787671
-0.493969190549270
-0.549206992789077
-0.449840742687433
0.373880361545724
0.811845841089469
0.850122516561306
1.429578280055858
1.277638270192815
-0.820526831216452
-0.443459467137630
-1.376257687394745
-1.780087989251616
0.184104105449683
-0.935934042263773
-1.937484291211132
-0.069539833028336
0.346158933585123
-0.225497129658114
-0.073360218512265
2.215563103550881
0.369796393937067
0.964800369945461
0.518559743611538
-0.720088799180547
0.892700860638933
-2.565188570897452
0.314999007412533
0.027704251113680
-0.757885009999866
0.826915945771316
-1.051830143989768
-0.297262107614072
0.173600563393564
-1.154831443565959
-1.504076325846947
1.870628478868224
-0.409546012427861
1.044363721380355
0.050644714588981
-0.244009944628581
0.809722856608863
0.054955734798690
-1.035652752364529
-0.794798907202461
0.635520766882410
-0.525878930670713
-1.514141285714020
-1.845922076709917
-0.069997900476708
0.424939580663695
-0.425969074110091
-0.546831145760178
1.741799565399593
1.036507357202864
-0.746804735201050
-0.394920902666986
-2.507079949705701
-1.323484403894697
-1.009284180329067
0.706296590403429
-1.139673984988778
-1.114913937098368
-0.786905187291671
0.093746540474212
0.590589089960176
1.270882827459096
0.887563554812798
0.617376243561835
0.994615767616056
0.795955836079027
-1.299543336990084
-1.906224507526562
0.218468874310727
-1.287170580548895
-3.067992859902058
-1.147310962199887
-1.609901423931287
-1.469180692831430
-1.046117646859427
0.596901754702834
0.267862009084739
1.219947065291508
1.638974787131595
3.192786809315320
0.435322627343602
0.773741820050118
0.973787595362632
-0.548064405566642
-0.739589418952040
-0.576333607956297
-2.318475053952726
-0.716865246457496
-2.097614630583569
-0.256928532269623
-1.249274452169179
-0.014362499140658
-0.754995628658386
0.016152191145351
0.695849429498990
0.755131935787224
1.932203224993580
1.078723810476130
0.190109030420376
0.402620888979103
0.133312870403338
0.551079433321807
-1.485938819450262
-0.421868129618306
-0.502428700154717
-0.489543465255915
-0.715306538015824
-2.528328302751657
-1.482966491368008
-0.908215001751594
-0.734536908135625
-0.492989839109030
-0.231821942300356
1.567979509263735
2.565432905184546
0.488095641576875
3.400187567749248
0.355687651547573
1.007727575782484
0.742833087056458
0.013590381230508
0.300238412111223
-0.306591550133149
-0.216046401067933
0.044997166470499
-0.686635510731372
-1.383198745146693
-0.331913716776564
-0.940564691156117
-0.031827470812720
0.472792517754685
-2.230074143083545
1.388303863427412
-0.150267449901821
0.472633034712895
1.389287873281394
0.200766144777417
1.274249852267739
-1.617663647337420
-0.760947978857932
-2.119834170143205
-0.054080273788293
0.663000389086874
-1.503436211085230
-0.085517329631866
-0.002514758894111
1.010916929764347
-1.058195969785094
-0.668631655882957
-0.245112948894986
3.174263681582024
0.134021608876479
-0.329908892650414
1.864028444051005
-0.401340245947310
-0.676798421293856
0.963389240185633
0.736085735453185
-1.030704625214708
-1.340370980486768
0.105864485088944
-0.653847454620144
-2.112028937676492
-0.389608782252372
-0.186684964433396
0.024642306859517
0.645179973377191
0.431486152863975
-0.680393305787067
0.297090087150523
-1.006651179500104
-0.178562990274947
0.585472488862543
0.993811379897426
1.575876771736541
0.125386923536880
-0.191890184305785
1.839583076860792
1.638214708009557
1.481466728516094
-2.072615490020543
0.411088953225604
0.820220330724574
-0.455533974374163
-0.811859031033276
-1.991825602824748
-0.734436781872434
-2.086177911666078
-0.856132839540888
2.253913856571118
0.607672845063494
1.792547312697752
1.494326842971600
3.034871443266422
1.908364238550613
1.340585993495440
1.483544619140622
1.260186215557238
-1.539823002524055
-0.953736495369449
-2.001694040912601
-3.190097069301666
-1.548333435913449
-2.532221426513438
-3.814510058995377
-1.919201585301092
1.394347134264221
2.899789039741924
2.629823529553065
2.506608161703914
1.504600572020325
1.057791642002233
4.025306990537016
1.827589946976728
-0.031528938252616
-0.276892798506097
-2.293413143889804
-1.207135685439156
-3.413748060504716
-1.314173411315957
-2.665308521798111
-1.227867230696378
0.630465735825325
