-0.701248796386070
1.439896431637337
0.148572108879078
2.312324236730723
2.149395095443895
-0.230234311377921
-0.400713033567173
1.079181096241164
-0.741128517324596
-2.448686038823594
-0.745579999928429
-1.260544852359986
-0.557648662996749
-1.887716973699521
-0.201959151364825
1.374427795229306
1.706662865478468
2.175536152621548
3.256896299409831
0.393842548612247
2.077680907813260
0.301536618132925
-0.975405500405372
-0.532207466678258
-0.524528214973474
-1.409497360735864
-1.994709367258432
-1.606296809562076
-1.322712762606597
-0.174786555203676
-0.068457621040660
0.680528954992566
-0.217836350888255
0.931006529220464
-0.505299223086058
1.041713501925515
1.345010416960466
2.593039071607164
-0.683943083534728
-2.098018048709659
0.241845770293286
-0.014081412334911
1.554236517073198
-0.985306352689832
-0.532625222657122
-0.718709740718003
-1.230101920646036
-2.389823589407924
0.410137198614132
0.144272043998961
-0.327462438920598
-0.196779249100568
0.440749755628904
0.581587167630201
1.217586752037617
0.099560487527959
0.734547358872457
1.160195445482397
-0.810592286023071
-0.227972169082748
-2.979912582883768
-0.870760777569930
-0.551231475655047
0.580139721892997
-0.401260152130579
-1.266011515493837
0.766470311178215
0.115397775602219
0.257942552554231
1.153091727613738
-0.378762992916222
1.759937031361841
-0.122628522846929
0.035898749162037
-1.808161927359167
0.584218044769151
-2.687692649119733
-3.201778249427641
-0.995821089828492
-1.561022547221824
-0.571347134369141
-1.299298015229196
2.313132782356362
-0.486068537418415
1.542736176960598
0.598948039021589
2.099583817523712
1.503648304293878
0.683168239677341
0.264272693465647
-2.361019214892091
-1.313764890305894
-1.876091492535596
-2.108912657783019
-1.137226156109608
-1.119043258433009
-1.397031460875746
-1.306275929622888
-0.002947305042634
-0.786501317360768
2.052382353607664
2.020702160020144
2.823583646709931
2.265546847349718
2.986863790185855
2.239146125594338
1.803374088556686
1.451403665456328
0.255419309089065
-0.032461060350140
-2.763188496399125
-1.250079082029905
-2.027800908433238
-1.072947804731246
-0.984051550701483
0.453308565930500
-0.430002077121519
0.257002710197520
2.313068777687925
1.703055211007104
2.860346166006007
3.515753722488715
2.362600731655716
0.333891796982337
0.360770221938640
-1.866025481253047
-1.599253319729675
-0.618966564879027
-0.984311418441349
-2.970596508844656
-0.807353887736188
-1.145697965309448
-1.800828440599357
-0.916225029530786
1.153719875082384
0.534889101688346
3.350034460281384
3.535519247886898
2.848456714567048
2.359802031759056
2.961714382886149
2.865993192619775
2.265685226905382
1.566189508736384
-0.823364152565818
-1.342193106931144
-0.916567748795308
-1.977938736536879
-1.680202190666532
-1.645691398595514
-0.899090791201267
0.134290043619954
-2.048794186698721
2.307736898482705
1.392198170090520
2.737832749878574
1.909379854439265
1.464435923107833
1.699195739304789
0.939366235404004
1.293264567172648
-1.064669859438976
-0.609446202033631
-0.580410236180542
-1.865776122864780
-2.218815318931345
-2.154994738462027
-0.653444416239253
-0.618369089181175
-0.251202078883114
1.306021316246486
0.953748482151256
3.233116298487273
2.470594866559513
2.280028251179622
2.881675560819834
0.587415499812267
1.126972226616537
0.722640338662485
-0.101029715086970
-1.232982037658796
-0.296768522403317
-1.916179565040743
0.619527355933628
-0.942632542736221
1.187793246006202
-0.588095708221403
-0.049338077351998
-0.626644475133236
0.351917464109174
0.898756384583201
1.528273231742844
0.127306255009497
1.257398737628336
0.704261948050751
0.975199347762930
-0.728006223170668
1.974807156268920
-0.153139183373003
1.019637639506284
1.453351420416425
-0.574417718783554
-0.436142432396738
-0.715945134650451
-1.329932385824149
1.227290510533618
-0.538795603133048
-0.737208048597255
-2.466863256418028
0.920620889590439
0.082579623195385
0.130395198700418
1.709726994416668
1.454341256253360
1.944702751387480
1.494373277947126
0.330407734678296
0.446523494723384
0.330893649681131
-0.916501835933524
-0.072282601407372
0.086168822123025
-1.268004125648356
-2.090601290213185
-1.473159881342304
0.911302715309379
0.315681351987639
-1.868970228521005
0.007367899862903
-0.466777990299573
0.960193415768549
0.589921998403408
1.950727940825881
-0.298415244549529
1.444560043322605
-0.062202379945499
0.481480164413504
0.054323377044480
-1.016970745889513
-0.502038109758328
-0.396710065752601
-0.172583356503779
0.265797521933972
-1.278574427746808
1.137186910397813
1.550511410587552
0.355038495377440
3.065589892805999
1.322172438453721
0.588424787177418
0.223293638464019
0.573051895044593
0.203290011174079
-1.529555423631944
0.287282308534470
-1.443305948249676
0.637684312181943
0.759928746646320
-1.816454801669410
-0.601683657047133
-2.604975519742168
0.457947685761122
0.361406028645700
2.267328440586683
1.867308715280357
0.520002698547192
-0.309935765929105
1.330633123738634
1.844794530958731
2.350478991685776
-0.122124656515861
-0.088658049903550
1.624106972872560
0.056475784504493
0.096217680465485
-1.135072792947637
-1.407756237761392
-2.671174962680916
-0.508245830421768
1.092659381752386
-0.213248116434869
0.103627010186050
0.968588765140998
0.886168793794405
1.725374176019602
-0.512827821544823
1.962897237695849
0.345073009535207
-1.779347758248114
-0.137160227040048
-0.975422686942611
-1.823631828652382
-1.931963996759987
-1.866844623620671
-2.714120391131241
-0.461880075127487
-0.542881566794703
-1.921416274725015
0.618377647932444
2.605403083919533
0.960635210464485
1.197931099470209
0.783797061257323
0.989214950698887
1.262314600483197
-0.373668283683398
-0.932031717783179
-0.649512706865939
0.465968399286502
-1.031895603514250
-0.436168447538312
-0.235628850390372
-0.611993537241375
0.788583129379077
-1.294618902031460
-0.953695376247079
1.384200586040613
0.303782953923521
0.555965822154368
1.793292983757567
0.225940869249648
1.467269040938023
1.611820555958042
-0.193582311857758
-0.705444883467684
0.136591474069678
-1.526580900718802
-2.360058115756644
-1.343433127420642
-1.858318195541668
-1.401210930863441
-0.063308587587909
1.092476297522463
-1.082240944309876
0.802205707596975
1.067833010525013
1.892317859838818
-0.992498087631150
-0.492245942734706
0.173650850925553
0.164715812016536
-2.173889743714437
-1.237490008681095
0.201687183211331
-0.699945334789288
-0.584461981472698
-0.493186621593840
-1.581555131444746
-0.927396148628323
1.609557299695010
-0.662662454761051
-0.390495705718605
-0.468098377134993
0.195212618884206
-0.887920178733226
-1.130940671813126
1.201042296058453
-0.490287033847269
1.854148790860136
-1.010406581257224
-2.401459438426054
0.028515657079463
-1.472053508849632
0.792041090621456
0.927496252823561
-0.460602618397408
0.886334560442299
-0.717798975642267
-0.914337576708758
-1.305199251553500
0.881909781269263
-0.566785838527031
0.632543336505736
-0.374516632948105
-0.468781308466803
1.067010903360542
0.776274544605481
0.070074918666603
1.932696426548458
1.327090187064590
0.947414966281177
0.057706735415534
0.702423165856255
0.971043638353069
-2.346247941012143
0.097081309053031
0.062669799675955
-1.451095066758298
-0.939310733863271
-0.339193344183294
-0.380178576336351
1.322140543247869
-0.054426893159163
0.763636239823604
1.303575933609341
2.377841202496126
0.179975258838195
0.727372040430673
0.552540882710042
-2.289567371676948
0.425081467414078
-1.001899346268851
-1.616067241664973
0.578938801484558
-0.891797841321567
1.072584707831658
2.118037014735388
1.841051599820637
0.606922893481673
0.970410098068978
2.218885121057269
0.972178218121852
0.735328363469707
-0.213737467623294
1.039904761423996
-0.563501977875576
-1.100168659376334
1.101349996076930
-0.759555982950769
-1.138388843713834
-2.026066374411083
-1.069625368795346
-1.438818621907253
0.115546171122733
0.748775812875477
1.285170451487653
-0.681613840595413
-0.358016755371936
0.726431136597321
1.144729908789885
-0.134199973227810
-2.231589174883347
-2.421146744543694
-2.040699138238288
-2.574646565395242
-2.181066417867090
-0.515588846305776
-1.374514003012667
-0.316699862335958
0.367414529583589
-0.398270447598404
-0.653549218353795
-1.328327913915115
0.672227028434896
1.974259402038372
0.049224464511606
0.092262891775375
0.441526507192980
-1.822566135102439
-0.884161193073444
-0.317341989383143
-0.800152976037054
-1.848539767341741
0.234320107510775
-1.293306017512837
0.903878657726476
2.650044563665082
0.895626002612706
1.345305618173337
-1.642645949840014
0.848019581672083
0.794140851604393
0.251695731023179
-0.908450510672899
-1.460021222018260
-0.821504903758202
-0.307540593579000
-0.525398284214911
0.007648862473265
1.226509758165125
-0.301518992712952
1.034713328456284
1.143725790269360
1.135184934821962
1.475263203349330
1.490188683781982
2.055730309784449
2.026649663200710
2.450768557953828
1.853911510667674
-0.916916542364949
1.514775954584693
0.434092185835888
-0.272111271171087
0.197043397922136
0.481099909961895
1.395714664078585
1.022709344566128
0.707392760877714
3.067848958048574
0.203313715961152
2.630483375941408
1.768442567738868
-0.724681125731395
-0.340324937733858
2.605816121566528
-1.180065821383883
-0.786022643611111
0.356424959299679
0.498709899109525
-1.070034211552593
-0.171220422078759
-0.453248270313871
-0.685311992367605
-0.136652813064561
0.213537320349058
-0.420445637206015
1.981765386691381
2.081578706997285
2.226641688785461
2.214329082230801
2.009636437136161
1.853836643304709
0.447572599612221
0.950086880775843
-0.977691851947417
-0.250356563577330
-2.212027267459205
-1.129039127182685
-1.672907448169927
-0.132579323540137
-0.335153769861026
0.060022117917431
-0.114897087664982
0.574669525139784
1.527162961923916
1.142861378554680
3.155438572205974
0.825585894706196
-0.329549121304464
-0.152743692181482
-0.112711196567538
0.256653757642538
-0.593302700500727
-4.633983024725880
0.152422731797460
-2.132324043666639
-1.546653989716648
-1.922056914250711
-0.261225937205900
0.899029896221248
0.935616860143645
3.947484935552617
2.265307627169786
0.732238929647811
1.041486297623372
-0.262562284150171
0.729186054859067
-0.130429305938016
-0.738342686173693
-1.735053662545606
-2.943248767960168
-0.649508046378048
-1.578635862540390
-0.428905273482007
-0.370313028105544
-2.012359248939447
-0.548102249692922
-1.472679848779636
1.549513031283227
2.001649306751178
0.429946411469197
0.833810795791907
-0.598305398155199
2.215772456441216
-0.379989772029889
-0.692840892665555
0.423392607086031
0.175827353233891
-1.396145172534974
-0.985229473966327
-0.578817302978677
-2.363703396413877
-1.000750381509881
-0.395760276020906
-2.914232359925971
-0.956200835721755
0.314193286933756
0.485555156673482
2.404598610416811
1.701525150502053
0.359484031094800
2.170537777529975
0.626301067066725
0.188548379923461
-0.973605436189269
-1.425508002921431
-0.511417003496571
-0.842931483029576
-2.163407808907966
-1.681285351188142
-1.470328642570539
-1.000710109674178
-1.053719024214815
1.615560884924873
-0.081494626728185
0.347151888680376
1.319745729967098
1.004292280143305
-0.042852370354872
0.395701893988562
0.000135966715508
-0.671538123147310
-2.520311017971875
-0.953152169833142
-1.683985967987049
-2.301680623930525
-0.488133789898160
-1.150181076143554
-0.448630983421728
2.142452121819034
1.072092754530580
1.284711650648369
2.547070375053926
0.387869074424539
1.301839656847815
2.016355342403477
0.920101191765979
0.176772217360372
-0.675915483760708
-0.858668524196897
-0.495839972136845
0.327015226070567
-0.587882489697706
-0.843453898393880
-0.005561279052994
-0.153606771983933
-1.603171275035868
1.853728442085739
-0.575873275985201
1.576944825996800
-0.265794111270736
-0.808136905225827
0.451691428622947
-0.227406027999586
-0.965369299442055
-1.969619450598860
-0.306902217136230
1.043931301300810
-1.028050552192019
1.011480714459658
-0.116243875078475
-0.007022215904095
1.316319661529341
0.461289040988415
1.250152607137289
0.121530937069322
-0.902284944542804
-0.511562617375401
-1.473490182126409
-1.553929219089939
-3.180027171971001
-2.307013882468326
-1.777060147404722
1.254099990848935
-0.009759437385883
1.593258551110438
1.171606732657658
1.746031085402675
1.428667750416835
-0.636179484181646
-1.425640746765182
-1.306547450036105
0.459400438147944
-1.266496379460855
-1.648401571230001
-1.172574783471961
-2.076404999106684
-0.361899635308100
-1.035224263677793
0.204657208803697
0.704465538087850
1.979066769995984
0.731381110725007
0.826291440417827
1.480958566286286
2.516427164413289
0.815101862102286
0.421797251886097
-0.077134091603813
1.431077246333919
1.227805117361803
0.377539648422728
-0.253503114832317
-0.576080652604586
-1.768262261858474
-2.418930839994158
-0.165437290987702
0.200180640153005
-0.364785292994951
-0.189483177019832
0.713815141066228
1.106000397933608
0.348985790353659
0.175863696392991
0.623253963771880
1.590393237650971
0.906739836740741
-0.169929087518409
-0.612733905835642
-0.314934622943956
-0.478901101972621
0.646321384586797
0.105145911790785
0.144336666733871
-0.700246545472011
-1.010197727286867
0.643098659237826
0.679956181713941
-0.771515480677224
-0.179387726895467
1.287226718694849
-0.342990137739307
1.062299764075174
0.173328751424092
2.610527001480600
-0.287835721177335
-0.562136494394290
-1.346674982931570
-0.221090222916953
-0.424084436350141
0.310507719562386
-2.710548866775448
0.333729566872497
-0.998043286445643
0.916745337514960
2.466662644848999
2.039704964401566
0.988272946226160
0.846543488118522
2.080462091973513
0.926481127173706
0.134960552988406
1.899233135818750
-1.212876857008038
-0.936058764271822
-2.111359983298163
-1.809372760751834
-1.815540703039981
-1.090664814629612
-0.503902710259518
-1.670765455003366
-0.877127545942301
1.943333049220203
-0.002813196797743
2.309159953504916
0.138315420266153
1.206247474103429
0.157674470581816
-0.274532219578551
-0.884571243540067
-1.362538627994179
2.255498295456825
0.247989174882330
-0.790125174110830
-0.659538506517670
0.833986679343934
-1.427543712757569
-1.667245464289607
-0.357363610180974
0.731939415898830
0.214020962535095
0.218278986414472
2.000026060863046
0.429841745403480
0.721755109417045
-0.776190775279073
0.379526124069696
0.992807124050345
0.530213206003432
0.286678543120020
-2.745681077775934
-0.800549154412963
-3.238078017711807
-0.242781764181060
-1.089910146506678
-0.919405518189190
1.130836157770182
-0.352002587550880
-0.713429567639048
1.724450956346940
-0.365357554620936
-0.150627812928574
1.386578646302641
1.379925449935488
0.001179503872608
0.498168790634196
0.082045662848954
-1.348319565055157
-0.628125582693728
-1.069335971007688
-0.597260916900178
-1.297892347464597
-0.887317758859205
0.061806465739558
1.288038127685132
-0.314137035608233
0.469136848139666
1.116167046274028
0.790879510258822
-0.339946626069681
2.278833008401220
-0.040872392744659
2.154466058096058
-0.022556460042089
0.808336839595930
-1.334315553547915
-0.455997332956110
0.175450003253474
-0.966041805561783
0.549331615882257
-0.500713697740829
-0.188839258066654
-0.143520501397519
0.080322380120314
0.242981111994036
-0.313541278934589
1.926148473779885
0.219193604164650
1.222281935797729
-0.633200933871459
-0.721910884150115
1.709498496522477
0.487372948337704
-0.694598006890713
-0.594712390336987
-0.789378908769505
-0.575900172103721
-2.168961138422055
-0.001383851578507
-1.602089487664351
-1.431510049472143
0.828043356047779
-0.456562756841950
-0.142996642621204
0.675430833894858
1.645793653522253
2.060863288744212
0.066645098258090
-0.560799561090676
-2.239619200805495
1.546645773437992
-1.565753823666954
-0.869335796799029
-0.542202154552420
0.268415961562783
0.456509918672276
-0.381489585307635
0.633836410048643
0.144600963715796
0.097900703622180
-0.062193849585960
1.457739831035879
1.630094010966661
0.126582833972817
0.000699525444971
1.751908681634021
0.306888592070543
-1.819451930469261
-1.806321712056567
-0.611790305907207
-0.276937270960535
0.100849613581516
-0.919740925454001
0.850905485199522
0.157800048275762
0.462644870637117
0.990219861160787
1.720367776799774
-0.178626992248010
-0.746050798553829
0.327286211732741
-0.665125628063644
0.637927025816173
-1.040960309366844
-0.345416049432255
0.594264921147456
1.040165576370703
0.176879458236492
1.072299378106414
0.779556030125300
0.609471889516302
1.157368562729108
0.339087776316507
-0.448894810208952
1.046432918967300
-0.876909149027768
0.917876299964200
0.227984917110944
1.264512326927554
-0.163903418478838
0.438302580758683
-0.776337216213588
-1.253960432708918
-0.675895148085061
0.590622548878976
-0.200622145482233
0.125267647747210
-0.353115716949854
-0.120055690079535
0.664485255869567
0.339797428520516
-0.025622992630474
-0.424245917642386
0.286954793929210
-1.555493397688487
-2.220984132571471
-1.759595921860019
1.174029302516598
-1.061310248663062
-0.042403728443186
2.536931367582375
-0.157519785417056
2.302231051247624
1.397617803246281
1.397670200334271
0.929673899212850
-0.273526643006078
0.042742925582185
-0.854129537685695
-1.310360251348685
-1.035713884757555
-2.111496593118269
-1.843570536693484
-1.821654807544805
-0.322415206170266
-0.651750894476929
1.028991936302722
0.579577157390005
-0.614714163773343
3.331249904671358
1.605733713180535
-1.493451959633021
-1.432096166429487
0.467871227429433
-0.833301931858764
-1.573144368763257
-2.485052623990620
-1.301899116786365
-1.112010322606573
-1.490170711692778
-0.684219990783781
0.215983070265571
0.781549673807342
0.265109541028066
-0.723582973097837
-0.883850543330822
1.388728395455711
0.158883068267175
-1.503021562147008
1.038199055190320
0.079881373293070
-0.199938350022810
2.128081952495442
0.812339199269889
-0.415023149409806
-1.371221513363002
-0.340465084674794
-0.370654790108323
-2.332832360643588
-0.543283548020652
-2.734608939295485
-0.961510559994764
-1.547925263142715
1.637984568565589
0.024101506980008
-0.028829137667903
1.014648264063928
1.387570479725402
0.948580278710192
0.071875320423272
1.071035767083877
0.538985957310827
-1.164434281067006
-0.039336294699752
-2.027247318483516
0.153326389571329
-2.518835212302357
-0.857400745753722
3.036762477119582
1.873326659854744
0.094658174658687
1.536717428720981
0.197719516165382
0.776146572766642
2.278969031364731
-0.480628356206211
-1.841962989901108
-0.568970303478052
-0.986635909660534
-2.843871526931353
0.652716324998718
-1.476402161823145
-1.263940445358570
-0.997051660255050
-0.649567090081080
-0.213690006936347
1.509980355461024
0.369043717950764
-0.338600174552766
0.888614307594024
-0.832784410190465
-1.590084619666123
-1.251132968323758
0.081446857026395
0.779484415080863
-0.737634879347417
2.166113399732572
-0.603746106112310
0.958788329585702
0.271358914738544
1.268302669036153
0.055924146356192
0.402122654782990
-0.507687698996360
-2.236492183477871
-0.463747841144457
-1.363711871124977
-1.558529127308810
-2.959511384463743
-1.218222756303398
0.143698896246574
1.566875817761548
0.134115775712917
-1.587347475615453
0.846087496442393
1.041834859791982
0.152473722637759
-2.211694671748905
0.729952553054220
-0.941492661483221
0.751936287025198
0.780991398933657
-1.423195170089971
-1.224586809332402
-0.643065859584108
-0.425279623927300
-0.245435640211353
-0.369703372004526
-1.338764567028919
1.911141964230634
1.343305681393636
1.252215866792506
0.586104575254941
-1.488706551334100
0.193008866762892
1.077280274158616
-1.699946908434994
-1.197674425817443
-1.743517212096864
-1.371785155285726
-0.446642816959225
-1.915197799601662
0.801554900502707
-0.884899231480503
-1.184257851668411
1.016373708701994
-0.051003504200611
0.822546874474015
0.052844915277164
-0.506563610382476
-0.367528224335345
-0.230344195693761
0.396339823171399
0.670527210648671
2.647120136426908
1.897813894707188
-0.075327381520511
1.214391102963904
-0.620361594095595
-1.424430557857733
-1.344922912678794
-0.554454629007083
0.833535374504505
-1.184522034092341
0.670882657311197
-0.125775759424930
1.281190563133387
1.928817380010210
1.248934795120326
3.074309127211173
2.827920971724214
2.306082443999656
2.326879731963571
1.212884218153855
0.068226971865366
-1.461217842254390
-0.829608790728921
-0.424045626343204
-1.588161948850703
-1.015499911579050
-1.014043913515456
-0.317932243403582
-0.117444422254230
0.757495997296066
0.599509514766132
1.011085835106084
0.752848929459919
0.683444551150528
1.055439650971962
0.780151515565623
0.031901740634170
0.858871643474713
1.229138296356930
-1.843883648633986
-1.173661902235743
-0.020821671329678
-2.131458701017620
-1.626688706785942
0.696909348270530
-1.156383393092265
1.637157934943106
0.676362663628467
-0.424384154875091
2.295793421911664
1.398510224703735
1.102073578634677
0.404392729982410
2.082650730460763
-0.734221240153701
-0.023850779274100
-0.057482478154183
-0.558282963568970
-0.738737723843249
-1.537106888411667
-1.832736325379100
-2.316305404390211
-1.636816048104814
-1.574936874131553
-1.808425427440444
-0.554370116179784
0.884746972480388
-0.504652498404412
-0.618551984829989
0.733082792571975
-0.720723250205375
0.708359161175604
0.465982008125971
-0.786533621526763
-1.372824960555166
-1.675079119160659
-0.756715577580375
-0.705183526429122
-1.123367967419408
-0.068860378200649
0.910884083494903
-0.307002524212369
-0.082236442449246
-0.039304583725941
1.370942705815879
-0.500334120249102
0.282056213760917
0.345762355481065
0.853612453796516
1.641956051790459
-0.264831736898778
0.251041072947937
-0.361000334024246
0.135436943267016
-1.581238750564474
-1.140551760797417
-1.097730144645270
-1.974851965647916
-1.400308937334071
-1.184033098659312
1.562407648871821
0.784458178175497
0.090686489055992
1.147317911325328
1.371466165649245
2.257431776064156
1.466062232135883
3.407204807955682
-0.279748131127603
0.225030963982223
-1.888924416936397
-1.684126208089427
-1.407805558768267
-1.576005287463078
0.039717799351245
1.449260140076992
-0.433217949833122
0.579321614516320
1.977113367861755
1.323976762031771
0.647102549012233
0.426414162176262
0.437496581331550
0.884984489940141
0.798723001490511
-1.912588338143740
-1.501871992587553
-1.173750399162731
-2.702698970778367
-2.292310448448456
-2.728345522205583
-0.187117826206502
-0.270328346394863
-0.277497614394901
-1.140435129205644
0.025405853700528
-0.715670111554421
-0.037881287290235
2.057983629385857
1.701930324959301
1.206259659300909
1.968350168312481
-0.007452653084033
-0.108155340421402
0.541430734314982
-1.415537429726409
0.540594399285699
-0.928360909680173
-1.324359929539938
0.136193175213681
-1.218985072807008
1.232300019070512
2.032049923491740
1.464754473853173
1.125701446122426
1.622187520667496
0.869018107407900
1.675436572429227
2.579252606342309
0.392794360261918
-1.700304630389174
0.468593375429819
-1.713301044012072
-2.005290498801884
-0.700793557653374
-2.059487011812014
-2.461961803465047
0.028235976635143
-0.928653530648619
0.467279514279648
2.451786753917212
1.306176990174306
1.201046251822079
2.417922016190165
0.824077022206558
1.103657796197827
-0.299268363226004
0.405791323889294
-1.609668253891182
-0.790101528496147
-1.917128026923324
-1.551496353436598
-1.647263580135062
0.633363822727084
-0.822417120356258
-0.106785962302888
1.174787766387485
0.066409275738298
1.787982033505886
2.439734796925105
0.312762093183788
-0.405688649795233
0.342677598698544
-1.232745773672311
-1.617293807592673
-0.458019249078898
0.020723760343317
-1.107154171405664
-1.693599784381077
-0.446263360877645
-0.716986685959159
-1.304950083344005
0.909538794453636
1.044572884027445
0.701500495293292
1.367277506126777
-1.649823718410987
0.122470195917297
0.440868687031663
-0.407749289562386
-0.016027401559763
0.443474285667611
-1.127775902522460
-0.491594548692454
-1.333715522260948
-2.005139679600707
-1.185276723378908
-0.732599849452741
0.013834183993169
-0.906055604548253
-0.658283403037291
0.750164831989152
0.310029966172272
0.398316403691024
1.223902932188555
0.005465686985703
0.302647029879051
0.288160010347678
-1.515663346264571
-1.364969452557983
1.361013844700307
0.730611152554568
-0.450110744206644
-0.290941186962735
-1.602086015666511
-0.030332789415062
0.658514450751757
-0.422823467675944
-0.305024371521872
-1.554161046826823
-0.141321986909557
1.437630927594177
2.353086343763599
1.012174853398015
0.836399131963077
1.402441314604370
-0.445934871244174
-0.686493908171539
-0.496342904582263
0.879077050709829
-0.264947315143764
1.261541561773854
-0.775844677613418
0.576329272287030
-0.963835674598817
2.195181478186237
1.510774233677422
0.378038667800202
0.162843888060040
1.284817903209073
0.800639134817602
0.738265022330117
0.386821807449836
-2.497526769563515
-0.468442988968165
-1.393454124260212
-0.409308281469525
0.828086363546432
-2.301210159036110
-2.234041178872701
-0.465766220798453
0.423798224335005
0.413392627041939
0.573374475294812
1.713513266166771
1.115896066850888
1.865055463188827
-1.112330271402610
-0.100428201406557
-0.212806688884968
-0.140233248019832
-2.998699280574451
-2.008822191907200
-1.561890708402378
-0.387512423199651
-0.596270888669556
-0.604322830673573
1.437961092945767
1.541498704975488
3.174301968881899
3.167484322144139
2.201641934282561
1.091329512876866
-0.193446756116891
0.472210059534561
-0.868136435746489
-1.096237456210333
-1.584597027665255
-1.314733372739095
-1.319502374568781
-1.076779378978864
0.525271859004034
1.946257303305166
0.976865511058239
-0.281453560429642
0.693732206216679
1.619981176821843
0.477927644247791
0.432723023405837
0.351627689910358
-0.489273644992393
-0.112980106528032
-0.614212011482589
0.036581090263011
-2.119341836676924
-0.418401920500309
-0.443074318405566
-0.635619580181171
-1.545979033527330
-1.573047200086667
-0.257172874096177
-2.590163360157528
-0.967812121097372
1.497700106139460
1.055102436033152
2.019283843845839
2.816429350259495
0.668667294863872
-0.166698862694415
-1.068714240726952
0.716922648899491
-1.468981855127573
-2.343015670536070
-2.436419524228002
-3.417605877218982
-0.243233335343479
-0.945649116162019
-2.970808498975813
0.625438443797005
-0.169189637994390
1.785032884174257
1.076014356974423
2.408397783704494
2.252175713430588
2.735956771583010
1.367058904622789
1.337557058145745
0.545829289877098
-0.458383098631629
-1.244651087854048
-0.694563163423142
-0.819405626806312
-1.327260951813696
-0.972853581391050
-1.456843375653966
-0.374047537982774
0.396142653663852
1.086728888756956
2.676498131061133
0.505070608541247
1.794394726538626
2.216099844864053
1.288897952147209
0.044953356496512
-0.534515721226573
-0.594347857691652
-1.173892122971779
-1.747202770600826
-1.382800073502039
-1.833468202545609
-0.377525711298466
0.397217130927102
1.840971553181663
0.513956989822641
1.850606669599532
0.487684028632190
3.127486485045376
1.901768279885997
-0.775378287891207
-0.754021710583761
1.350642386551758
-2.023620314682289
0.179939783337079
0.229272073775091
-0.223875269686127
1.543460020293700
0.421367582482768
-0.728871899921790
1.697938127727469
-1.070398432926972
0.100412772033251
0.227816712887169
0.844912345771681
-0.188795862274863
0.241994730506272
2.234018888171478
1.847129482489233
-0.346464726696692
0.170912588069525
0.256102426595896
-0.354643442718867
-0.681176426719883
0.256642814526326
-0.120495480431789
-0.296365647338542
-1.511135145819082
-0.546023414997118
-0.156397567991428
-0.756496742943166
0.028223364029433
1.369339132854922
0.469978266435760
0.548872279037770
1.228129673540561
0.359588676985118
-0.341296785434719
1.457972631050351
-0.354562562477075
-0.456567396251973
-0.797137183098705
-0.035432165760376
-1.590257087036586
-0.936746390212685
-1.511653727366224
-0.896499561482142
-1.628365557879811
-0.723703350792526
1.006638034069888
-0.160987290508482
1.158626924853876
-0.213765321320561
0.284189319783182
1.631825671672086
1.224136102719423
1.057212161741689
-1.234338092359179
1.097511347659798
0.490481859931560
-0.055852110049691
-0.198258158773990
-0.176469509298820
-0.281331677154998
-0.497469862457958
-0.100371368216779
0.763952703399508
0.890974523489427
0.321078483199972
-0.682620096711641
1.985540188269601
0.370990164812860
1.731761635648835
0.206768130029334
0.242192161750513
0.034244987769817
1.235656916140770
0.423219341730515
-1.193573392450587
-1.306739858103982
-0.851281293279595
0.436200453506218
-0.328365565533014
-1.550728195111639
-1.152745328209357
0.044034157046173
1.517503881971726
1.892270596661913
0.008347733196450
0.812815130917372
-0.114759175972336
-1.505623713133746
0.628768305721676
-1.446705023601026
0.361383014672551
-0.323353280583980
-0.133703001207322
-2.107516417068873
-0.023456827595219
0.690807007875441
0.618842297228504
-0.326586157770703
0.698231539647100
-0.033472213569590
-0.500657212720931
-1.064118567625966
1.332691073959925
0.469251373350774
-1.487885689496304
-0.730431978332564
0.172626032240301
0.655968737576147
1.563540461780913
-0.307834669835888
-0.130651894686073
1.625871187103859
0.565449768002599
0.219522317694328
1.119877316767616
-0.990950924033764
0.104022836889648
-0.451159169924574
-1.849751303689209
-0.284097278870554
-0.018453708342488
0.670966163938859
-0.903633975274342
0.406723934940962
1.830552598021523
2.244787319223933
0.626684027628612
-0.326368248881940
-0.030948059267558
0.514344532462782
-0.844680620237840
-2.572830711191634
-3.218120085355487
-1.815669772216601
-1.333282949365416
0.105232858712682
0.942982457994896
1.112368066394204
1.151876284322101
2.255623620420288
1.181237543743335
0.410720827352338
0.159564054986720
0.460116491090070
-0.678422660969254
-1.662365056153222
-2.325838130734949
-1.708210828005239
-1.020635379273326
-0.532112214632886
-2.151465806361122
0.095839117005846
1.021015704417603
-0.036028998213324
0.200747303599552
-0.049362882592893
-1.789757565839858
-1.041584616205625
-0.448381311380252
-0.804069435235386
-1.455425590899993
-1.203774969638283
1.090200170370626
0.514574193872867
-0.361611423612686
0.687458171924835
0.295127689196769
0.439940454244244
2.370140012672484
0.533582785400785
0.240869761161776
-0.041122776583762
0.239548092283475
-1.347246554237544
-0.709473819176505
-1.110820110933314
-1.143806431849861
-0.355115110474029
1.103982290568621
-0.518396645406380
-0.224788553767674
1.344535636099589
1.508492994209676
0.761318383727423
1.070811572653809
1.596864408393470
1.197265271313625
-0.682186912890257
-1.581240561789036
-0.376566059633467
-0.585569639352705
-1.085720635606231
-1.584922739897784
-0.461391799137667
-1.889629779726051
2.018752948513420
0.206302453735286
1.441475907058871
1.625415336766999
0.825857515302830
2.199808037305115
1.449617803827435
0.281646269744852
0.487339472867101
1.312914521181352
0.623573548877695
-0.535362698502443
-0.516239362426804
-0.827143890259478
-2.295950981317811
-1.152203153728916
-2.513528134812033
-0.477076521026596
0.335241692880649
-0.770454059292382
0.076925573734594
1.341338767074669
2.427370299622135
1.092649974052397
1.742414221503483
0.930508325580677
1.474331312832815
1.349322972093071
0.251928000690826
-1.256559936666698
-2.154609287323594
-2.694307910144062
-0.895573069945800
-1.862733778147459
-0.685722626975704
-0.258814944323995
-0.784169292587085
0.578786008078065
1.311931811440188
0.575531987207565
1.278005891972576
1.729372881667140
0.975250597838328
2.720869691131376
0.661605039367395
0.857540241993392
1.364531931233959
0.351602586300403
-0.217888275568531
-1.739368937809707
-2.605535617331738
-3.108608179030671
-1.923713100703454
-2.813460748434208
-0.159164408394437
-2.732586601016256
0.353110951520755
1.820058545297075
2.015072133032631
2.412398735212363
0.122867041710186
2.585682754138702
1.623193150325271
1.443486813101141
0.454886241564846
-0.794309161896050
-0.689966975729822
-1.345360732724824
-0.703911852905297
-2.079019312043951
-1.119783966168269
-0.941079636901844
-0.048524957917291
1.155650110455253
2.630503071175935
4.110894225077518
3.358511649368597
1.563637066476429
1.760943257237805
1.615153894096415
0.791812048127624
-0.440650937192998
-1.266428249911221
-2.029968632716757
-2.436887224256635
-1.209072641755883
-4.051400838546632
-0.036920299451477
-0.247029020820915
0.572830395301522
2.383976757496514
2.839197941948574
1.777984279438328
2.615932348859604
0.475982391678385
2.948311640424520
0.645477015199509
-0.348449016083987
-1.347456210754824
-2.061449132668853
-1.211787702863902
-1.331584713929476
-0.080458622795219
0.233856034636247
1.136000181688733
1.103082330274537
0.004468545110854
1.563061222681911
2.829667096198418
-0.225653185519616
2.439512075517562
-0.466430544383632
0.084932945394709
-1.200752217674355
-1.769323980786502
-2.382479774339523
-2.722173342604015
-1.416309774109552
-2.187175635607656
-0.304052326407014
0.414230532664437
1.485288997372754
1.039315345964782
2.009596823953749
2.884282168997887
-1.023690307718064
-0.360950980166130
0.165563894694806
1.770191309408824
0.508889705965258
-1.488035331124031
-1.377815053316537
-0.827492050905898
-1.638030156978037
-1.176436804056642
-1.739068495599329
-1.346299310987153
0.323179451713750
0.234877728052322
0.769912101280529
0.679065989409050
-0.623629882552329
1.250729416094414
0.632629257373078
1.544798693623191
-0.117088850620066
0.343398718400717
-0.860515914567517
-0.107304684266223
-2.157473809006376
-1.004396188106944
-0.598297098773349
0.797691220440844
-1.424070299149149
-0.629414466776567
0.623590115012496
0.367271067341389
0.401425673544679
1.325123328586845
1.183262923691408
2.139911970639842
0.139716442807197
0.200013308041375
0.731265671331043
-0.699651537124063
0.139986496372226
-1.358260039428692
-0.676288504742998
-0.287837452184134
-1.624287281097272
-0.806970562213772
0.635456842355960
-0.269799111530970
1.339125809413787
-0.159314838535678
-0.234026646630231
-0.513208317645276
1.133121295851409
-0.514234648781773
1.137832231944200
-0.154967364085200
0.716512872476434
-2.424156905464454
-0.843729196699864
0.296119249148716
0.756178286792635
0.004581799212732
-2.529177232575666
-1.460507002587243
-0.866937836148347
-1.411291984699774
-1.009622985332013
-2.042002248615092
-1.441705112293941
-0.880338728168262
-1.288383740743996
-0.925377847704803
0.358335572232233
-1.667827465268496
0.663420597810288
1.869314625851625
1.778399068818016
1.833659139410682
2.070820934668644
1.644366445005877
0.436311089525566
-1.822755976529526
0.477559331125047
-1.805565738095691
-1.127956051960284
-3.195105483615003
-0.859409826037422
-0.681242364967492
0.537753323372670
0.660597221286653
0.451016764538756
0.725239950595206
1.184564205028285
2.408984017240941
-0.564567181215795
-0.997575827511885
-1.107155940498087
-1.006761315959759
-0.453855384864785
-0.644380597958140
-0.038504112284683
-1.176143743965868
-2.267152759956522
-0.759760578527757
-0.890014793358392
-1.316574706230008
-0.154881857465263
-0.108174316695721
1.138766864615259
1.536698119854924
2.574673751396602
0.967274807345815
1.891786641405105
0.384912565171802
1.392386092137129
-0.191934975679627
0.921830110369347
-1.439764786134860
-2.712478092946638
-3.046386506169610
-1.763137117693782
-1.318309426461815
-1.472885017389596
0.623909406522924
0.766589719421568
-0.430223715764663
1.637013497831073
2.956456092429359
2.772225575255599
3.905163447471877
0.584743774411521
1.606428101715345
0.361350330323912
0.383613987740460
-2.978170553253903
-0.151089850587393
-2.583317573252685
-2.401037767625213
-2.098802385472948
-1.781821555857526
-2.852172912940917
1.443027056256459
-0.345183746444476
0.648455905523666
2.129041647876487
3.347639846255252
1.439674208911950
3.070323331090671
1.555219455411065
0.175652197097301
-0.873306771781519
-0.169178015992635
-1.277164796273096
-2.159963635777689
-2.040973101395180
-1.199041051377706
-0.899121121472126
0.315668538558005
-0.830278660635946
1.822303376209792
3.730464211710973
3.447117373140066
1.014578002063336
0.512792834509443
0.625737321209382
-0.101982578298498
-1.290799532049382
-0.889637936259961
-0.978309686482312
0.037616794268119
0.242874601314099
0.611449424373138
-0.300195367999674
-0.465963921114360
0.721265281837730
-1.053800311268618
0.476179482740185
-0.409950531345278
-1.583298380660034
0.402360133972728
-1.609962409896690
1.138996599875366
1.669501149434263
0.420010523484896
-0.329154118850109
1.576561750254674
-0.106996339043231
1.887027300814988
-0.663100914627180
-2.207302339298194
-0.559314230567116
-1.798832907428048
-0.198738362577100
-1.595523805064466
-1.220030700306052
1.140274346747787
-0.321668551873669
1.047867357607530
0.481925614480624
-0.552669221362851
2.416703718523078
1.736928282776073
1.089237687873473
0.727924667231743
0.402103841579993
-0.633803508908132
-2.084577912895058
0.186549736960771
-0.655864174026474
-1.287017882350011
1.096156385461779
-0.191020994572137
0.148168316304902
1.416311992446180
2.640915599768019
3.079148262148240
3.260169148731795
2.146788152719854
1.966981177928477
0.716949564303497
-0.538160520788628
-1.689088381050089
-0.645406649926152
-0.313527642298855
-0.955919920728681
-0.407945881427275
0.805445100278146
-1.147167985081086
0.795734414387690
2.261588108001254
1.384675692502724
2.446421892214843
1.804486277707291
2.381988574330803
0.832217312745541
0.122032727877851
2.701339638626275
0.214943252120361
-0.701386388711599
-0.449842979606174
-0.885252499513243
-2.104914462737134
-0.769378282233320
-0.489943095132861
-0.419779798742211
0.411833305314985
2.594137275858989
0.981080527692136
1.594181463022259
2.413029118497058
1.698711205922302
2.367715845224855
1.222341391865720
-0.127832296143246
-1.927189196613193
-2.496137736780171
-0.776620428772516
-0.105935575660255
-1.491769572345778
-2.690960426479797
-2.147136479768522
-1.064363404678275
-1.625167832883751
0.250446334089948
0.066281231424208
-0.912748077114471
-0.020852306963913
-0.809068434002967
-1.457122763569086
-1.298501498304786
-2.261526156935227
-3.177504194212026
-0.184840353005457
-0.676224358168093
-3.209182570859110
0.133668091244208
-1.001145553701827
-0.134906384129368
0.985100412104624
-3.048196968921504
-0.626624837445973
-0.370015423375317
-1.179820256122144
0.309728044964772
-0.021537949420322
-0.560426773224782
-2.730351173572938
-0.843818936284018
-1.027869393925774
0.554382459645917
-0.183553399689956
-0.165626647006102
-0.022304420996114
-1.696824199283880
-0.632131180390964
-0.593162280642852
-0.838331579820528
0.166569022319948
-0.413061432712113
1.140942268048596
0.048307109832358
-0.765476241370590
1.081546300567229
0.430786483986009
-1.542319728381935
-3.175018333428294
0.463264793883121
-1.219311699471981
0.303985008983712
-0.318767457357010
0.596963795654375
0.468456048643957
2.395409026473786
2.796669252797378
-0.929968658837194
-0.230473553197390
0.595276372396714
1.910266309741463
-0.845022419776972
1.415184266035945
-0.787001824248506
-0.348447369990767
-0.623829481444792
-0.994691881822606
-0.738803795516199
-0.812098062932216
-1.583728403364238
0.093561960462750
-0.742763849894131
-0.095075781353007
-0.556950134052567
1.191144338347434
0.942811457088315
2.333969095640230
-0.284486016147633
-0.445508959143118
-2.075808515594838
0.064089604822341
-0.480923512610665
0.087860770805196
-0.306557036232891
1.740852900854720
0.237697157410944
0.832747930612287
2.502754352819765
0.874921935880048
2.931887064784426
0.721607831162292
-0.122789687212635
-1.842348064976271
-0.608410203955031
-1.615036401833636
-0.201598018848164
0.300158399924802
-1.508727435701012
0.096808811445794
-0.121737711273876
0.772208000165779
0.988982473109847
1.165419921738016
2.927624049999536
-1.127003177916503
1.278510928205699
-0.284602620175622
-1.760045366320661
-2.340867760710570
-0.978497878569528
0.199848966041038
-1.625152371062790
0.570307371207748
1.004428734652337
0.639969309259408
-0.782568436852534
0.551101424025485
1.117972437551636
0.646660704012002
0.752070264737488
1.665960400181986
0.630838079949078
0.012177137459518
-0.214286038471134
-0.850082931339247
-3.582402949535943
-1.835326839058760
-0.962825317442209
-1.404318765464647
-0.644772242404248
0.245000926037727
0.443624523596725
-0.100135524125924
0.520518579637348
1.657981357772564
1.474922802250932
1.536679155956757
-0.447021452991477
0.052854603707589
-0.640507606872256
0.125333198414712
-1.785507249949358
-0.905619576613560
-2.982970119030542
-2.579604859840601
-1.780120940162074
-0.831360156103063
-0.446962650958962
-0.915531663365526
0.708639397645170
0.305591253049880
-0.056969177669692
0.045797447193413
0.883043873374451
2.535636217978897
1.239872339627234
-0.472645421593915
1.057236506845576
-0.015151779786229
-0.589531796161213
-0.826110259086817
-1.904633717045443
-0.630864889475123
-0.521795889925542
-1.013320315448789
0.896661159927727
-0.359787604527758
1.848998690986338
0.772142545823868
2.192427851308434
0.496015771741253
2.241845048401072
-0.524747913586536
1.123056849461546
0.262428625913249
0.719438140179025
0.306331232569909
-0.265998361602390
-0.430437715225541
-0.762100126615439
0.614808823233415
0.641629740079196
0.075806639461396
2.195827801475698
1.990481138554833
2.791054478422579
2.325589395365969
0.531987216800238
2.136890468874730
-0.469099495838264
-1.658650323644809
2.148348615463671
-0.100849569977558
-1.797793735249240
-1.152568022054122
0.365387606421134
0.954526172628676
0.932199302986278
0.441480909730959
2.090303220366634
1.243945396884942
1.946836320819573
1.662269816295140
0.557831563910191
-0.256571439901623
0.573303535550171
-1.696565579630333
0.367648692662194
-0.336850563905497
-0.409700708879996
0.365667197921596
-0.417210870628540
0.729276832398427
1.400331412738570
1.119911235124571
-0.162740929425321
0.942234533368120
1.049311054237657
0.434586712954079
0.208970011509336
0.250896209128774
1.442865130185515
-0.061776553078548
-1.784066102474886
1.292483523154725
-0.104054700104539
1.327672274810481
0.292593612835106
-0.857277991937418
1.478516203451411
1.502035003150153
0.371670769333577
0.055625834082895
-1.618057841068950
0.092750507424022
-0.777975355740791
0.699394664919443
0.514398354748408
0.412691996390743
2.300157280417910
-0.792480122343564
1.024290172364529
-1.011668193833831
0.572717947834763
-0.110730406558381
0.767073882994626
-0.315018829574973
-0.662059273492864
-0.030568094493404
-1.305946728836094
0.609562635418324
0.761861795287562
0.672661270968623
0.979000599899875
3.451997586097791
-0.089256508222608
1.288130826808684
2.939138186620974
2.353443425054572
0.006374012486770
-0.227275858069582
-0.881410200524629
-0.108637085476469
-2.351809277506975
-1.578628793978700
-0.739720383318710
-1.515922210888893
0.044880581922272
1.757915976293440
1.834014099187542
2.209207754863487
1.178892157080271
1.910977664583887
1.745240290627997
1.483180846441673
0.995105634785777
-0.602095770107587
-1.187595082081413
-0.861493093390362
-1.339236202187311
-1.135320016251703
-3.068633211244128
-1.650886686251785
-1.039761910247595
0.453935488924746
-0.258080702279044
0.844678980148913
2.925465773517066
0.106963515245523
2.732500977707096
-0.622353669946444
1.104933725398550
-0.825975695835456
-0.970036400529693
0.187777731865141
-2.695083644505458
-0.808607375350425
-0.535418677435536
-0.960320435617109
-1.379586666208604
-1.252216917011330
-0.147837230630346
1.066612001400084
0.196690016836841
0.751564143325816
0.130236732883869
-0.544416919382478
1.021296383147627
0.566817784020593
0.559500804306925
0.908336788861700
1.928230621350725
-1.414508307041469
0.539850882163680
-0.344457917526555
0.679558980099513
0.046979397763839
-0.683709663460176
-0.971407472037586
-1.602613905124032
0.263307785602224
-0.658468668296650
0.668739919670782
1.380160362156876
0.139903434048415
-1.132738408452088
0.445400706941306
0.162348095857583
0.165804102656786
-1.527303388425564
-0.577499673435770
0.773659303508427
-0.074064388779198
1.058941043317281
-0.457799698579350
-0.818371566877914
-1.399635301240546
-0.677101786958052
-0.056818200211679
-0.944806960018560
0.069075177532451
0.960791788544515
-0.893035178015431
-1.679615475099308
0.308681671829761
0.296017988801296
-1.333109023019178
-1.152822002129803
-2.526076126728791
-2.327209363207659
-2.468243781826565
-2.941650833119573
-0.239297729633433
-2.401352272525452
-0.772628532133533
-0.233995137933827
0.427545179258018
2.429411744001456
-0.175810073736280
0.272543840802169
0.273081695063761
0.268003325286300
-1.789172451308489
-0.717539697304747
-0.957633374039894
-1.918692020186096
-2.031006781432499
-0.979351234506188
-1.564200527305435
0.294920032257954
-0.930528519671736
0.951836292033780
1.242274063821533
0.462260160808806
0.903527842912253
-0.388854845578445
1.138375896663739
1.302238386883330
0.494295841739173
1.372590255973469
-0.991359150917397
-0.848901485755150
-1.722336571763890
-0.816369267823894
2.496059885093659
1.012224961602664
1.732183135523160
0.167142994088085
0.820931456571972
-0.683067229925141
1.843620061072403
0.293719487778113
1.026647660493584
0.034821274957490
-0.217804438643552
0.329411188576784
1.191434367335028
0.053547358476633
0.175048164789611
1.732926677414523
-0.462181762523329
-1.926244281486083
0.260655164889930
-1.862166818242927
-1.427058104503648
-2.111221470657751
-1.870083840516116
-1.036929977210809
-1.619700867750405
-0.804101411163846
1.235801159174154
-0.023260436974791
-0.770892846433335
0.349467350626752
1.469539522028877
2.849497433708934
1.323425424148578
1.290719540688453
-1.713801884898644
2.617706466227215
-0.053393204460376
0.972532866177625
0.900085937635314
-0.591758770673529
-0.169778168153557
-0.442997427587019
0.547872255116978
0.261900555567521
0.739286500129329
1.609692576113719
1.034073001661260
0.712771583522887
-0.118634445749631
-0.446783465157726
-0.064881152526641
-1.835578819739359
0.374594720575933
-0.337064784641852
-1.543085050532390
-1.219884074654177
1.290525290808747
-0.404380658281010
0.085469665944576
-0.062609727887396
0.588512442172090
1.751881631612709
1.301223164110499
1.216054205555214
1.015671105928222
2.308320472931680
0.050274074190428
-1.252793917301983
-0.028014055238475
-0.625599706240320
-0.015751217148711
-1.204650676292865
1.249315260558381
0.233107103362373
-0.747327274311084
-1.126292878254490
-0.339262977899220
0.861672752687849
-0.847962682944885
0.463182866203872
0.041159803756811
-0.591612123283491
0.281406038167625
0.874471861483592
-0.850914739980808
-1.339819142184775
-0.464906020742451
-0.162403466712602
0.341762398429886
1.409331968192694
-0.163309242052984
0.266066903582070
1.004636624321684
2.695324160094525
0.692722287505529
1.766455309957043
0.403925594931858
-0.180327165695028
0.627656505146157
-1.070526863475597
-1.138679730683983
-1.379505194513799
-1.548765891105168
-1.702476612303393
0.061692488099013
-0.696103889523016
0.517706372102116
1.101971153746562
1.445276304284341
2.104605260491456
1.777342492266217
1.069413269047697
0.800825389664710
-1.031751958933210
-0.435035440404896
-0.655271908055350
-1.271336053370688
-2.546890285239364
-3.410327033353370
-0.132763336598694
-1.687172813037924
-1.530995785770738
-1.361022237054386
0.013593235845587
-0.974229551914813
0.648812680793025
4.128862024271244
1.459466598767144
2.934996856396263
2.302384724297969
1.497416253573555
1.275662335593126
0.419663650299941
0.314841299651433
-0.903804827922488
-1.132399643629753
-0.687410287871073
-3.175015125088023
0.377823831620299
-1.862565878505401
1.196023070904745
-0.436123648654975
1.358510094088375
3.399085223397773
1.946830861239949
4.074534299324444
1.048017760714692
1.442289852197712
2.115777553454324
-0.150731637714174
-2.447376850160304
-1.010644600093387
0.747743947789355
-1.908706937659808
-1.982134470899689
-0.948558104450468
-0.746524824691655
-1.111373111157438
-0.781336201211048
0.406744128526131
2.670219838715245
0.053722577209741
1.011876841755581
1.752190879288454
0.995573197602140
0.383189953154253
0.551158009053070
-0.526209806361938
-0.232640670832857
-1.247439935593641
-1.151449480007982
-2.677634330158645
-2.415623552594633
-0.839030409772076
-1.692302609662597
-0.891730881583204
0.745892012259268
1.173384039605302
2.358199612909710
4.137965724360489
2.617372292139295
1.502733119291746
1.570597757613264
1.353816459947708
0.678678219099986
-1.532524076572136
-1.870965052007111
-2.776481724957962
-2.308623630274377
-3.126171481029427
-1.073022661849159
-0.896046035555027
-1.805921853170255
-0.414790378880425
1.021369172436684
0.944251910917665
1.500386757581914
1.505947346555038
2.916656134903400
0.029985784139858
1.184491087425510
0.829053923650070
0.471647201366056
-1.193943236570039
-0.898852575048513
0.620969149657478
0.318124163325641
-0.361532018501708
-0.999871588930918
-0.564761736026719
2.022429522261466
1.685743464631944
1.827704210526479
2.344099503361241
1.621754653159260
0.470683424289986
0.641820433169198
-1.025471387242919
-1.958055617959911
-2.418191839666168
-1.420050573211751
-1.418232939151493
0.938549512217856
-0.524288385305814
0.427300561720711
-0.109209346312174
-0.064468482269162
-1.161541366677783
-0.965697041402588
0.230317018861447
0.123654585875794
-0.048237401876621
-1.519104911963130
-0.814671023815090
-0.707267958570656
0.432063352913157
0.884955893899609
1.739657404550596
0.979597328862128
1.413786357273991
1.293269218255151
0.543570681291125
-0.921321994179804
-0.600702760869334
-1.151853854735519
0.807953122043108
-0.756826467486697
0.997105562353318
1.190305417930539
0.102864616901075
-0.624942726074150
-0.782365518275854
-1.019947103130827
0.606743072614522
-0.649516193158427
-0.034248748951920
-0.694272997352136
-0.710006177229174
-0.496145823953512
-1.477234994317102
-0.875300725889028
-1.055444980230514
-0.872376138742403
-1.612966252352638
-1.042522353174804
-0.811640483947319
0.968418000567787
0.434158243105380
1.029402309569519
1.866023292924406
0.938742908479569
1.335976115347893
0.879599172265076
0.520667537232978
-0.143881665609468
0.497624901965531
0.366556000443669
-0.534407709613002
1.040390730402517
-1.104159139476553
-0.255336449902675
0.680812630088684
2.090180016112042
-0.310316014970990
1.728367924233222
1.392973184066063
1.759279256607773
1.539040784556517
1.667013094990980
1.152122532358471
0.500959554337464
-0.146933399034448
0.459253289486087
-0.597885379458740
-1.570250284771056
0.443099124397081
-1.284165542664973
-1.479335068500164
-1.828697158274166
-1.490057677625394
-0.603912711687121
0.086556645832038
-1.578649163959674
-0.244269364359220
0.156014188048396
-0.630039867318965
1.819175561900105
-0.154437334002798
0.290831178724962
-0.774046083996119
-1.730953776116394
-0.717874995021879
-2.749065531476754
-4.523709926972835
-1.947588887275684
-2.972433091670474
-1.465155867477730
-1.437692124434186
-2.051600279017063
0.299152003156063
-0.377973850207582
-0.336600323251667
2.926481287894857
-0.429441397010584
-0.396750998040281
0.452570184116219
-0.616487578580234
-0.164458912756379
-1.622486393338548
-1.671158689577625
-3.538932198721588
-3.204572151017940
-2.580211427530867
-1.808095553323694
-1.792778955968632
0.347312406145214
0.802594528822836
1.875310367787728
0.904205164529285
3.109229658546295
1.807152378980410
2.200503052485428
0.266932731813292
-0.389828206015530
0.211954011895860
-0.109985871252723
-1.320041697681239
-0.914425405001261
0.062272722929356
-2.313887087371139
-0.852708358911103
0.554411846403241
-0.033382132460038
0.916425770378639
1.256850155645181
-0.162277139794690
0.254253639284879
0.801026649164535
0.743895473788168
0.563137196852050
0.274105356071738
1.804585560102362
-0.990744593361396
0.044925314208606
-0.181110812364712
-1.908873467099891
-1.543908687326365
-0.176022339262728
-2.068768875765760
0.064324007955834
-0.057531226112959
0.746484571931166
-0.539239023838003
2.627313536948220
1.377401058656174
1.631990545147803
1.578428973153390
1.666390674474178
1.666684740575466
0.394192252353184
0.731785837233990
1.004430058128538
-0.559457119439780
-1.873959277838695
-2.763620033238104
-0.636918594234691
-1.659304192460326
-0.913673841837888
-0.933651910607434
0.623441004476572
0.691019496432857
0.355343787815361
1.039218326057378
0.169300587239677
0.865954721976966
-0.675291983367308
0.022590130981312
-1.448108167146316
-1.632434973250787
-1.808730858627104
-2.549668674312294
-0.302996048182898
-0.293852580074185
-0.221272985179895
-0.261121469668800
-0.791964950295345
1.596612041713127
0.573814279188044
1.494879274832326
1.784724142733808
2.818729971506727
0.311158893938294
0.772896515390349
0.906396934553409
-2.061269943218458
-0.172456771067300
-1.556903887027845
-1.742717664422817
-1.617865852580902
-1.162982770550278
1.197316690916021
-0.878729076950407
-1.502613477722389
1.636700955635261
1.853340197545743
1.324162709305921
0.625970125712843
0.309773614102345
0.372747498901011
1.196523649540828
0.084970287843532
-0.296475419052804
0.945851629265056
-0.844114908563901
-2.052071653291303
-2.514547342686199
0.292855372781976
0.740338625558624
0.407215175069559
0.121646374553927
0.054858431222212
0.756726952093705
0.379008870294975
2.159456884145775
-0.174350391533205
0.351386067016632
-0.221609141917334
0.369777378394912
1.429481843745600
0.050905793843321
-0.595476406602666
0.438427823468998
0.375325380950947
-1.746806679930371
-0.403968834077432
-0.198685593515652
-1.626980167039670
-0.521359704949215
-0.375180173230704
0.154443575694204
1.719562908870859
1.684465818033812
0.536406265415255
-0.155221054824605
-0.049873529221565
-1.330431847746176
-0.867478195671157
-0.758776377087870
0.037835663591049
-1.741228185849947
-1.326996758758059
-0.317593715204761
-0.689289713750692
0.156895765394428
-0.004351647935104
1.875985660938500
1.585823696324205
1.655397528550958
2.563043986075752
-1.026437767578543
0.194006629720855
0.363069448971606
1.174460458077204
0.438973698416252
-2.360184661704103
-3.154236547088269
-1.543858556859126
-1.851209061766149
0.286686418246450
1.042204062585694
-0.106351314699273
0.478614212494990
0.046887845974407
0.722169554242906
1.670745427144623
0.679128250659001
1.156426371011837
1.347949507355011
0.809563961939536
0.652397033217558
-1.586576660747850
-1.208658229754685
-2.806635026101297
-1.413519476423758
-1.649333367204877
-0.113197600429041
-1.226197503695882
-0.283162391498192
0.561619087308433
0.502533043266823
1.125502149225186
3.655443571041024
2.616802153265512
0.604884858208140
0.042751822281709
-0.161334637739200
-0.222763440313733
-2.046537083074325
-2.001291452366422
-1.719641760221888
-0.746848168653726
-0.985718024890995
0.021393745940534
0.570964638744867
0.186630937349442
0.080068578911373
-0.434832353361444
2.152555512373749
-0.003078783106883
0.159339216231147
3.212707829751412
-0.252825539974784
-0.638080879609687
-0.114377885550826
0.329824213587552
-0.649477403784294
-1.709175785671751
-1.178684471334179
-1.376112916054332
1.019926055420376
-0.790083818726162
0.223220814281659
0.527320509293461
2.273768587457380
0.895004440702734
1.089534450435636
0.145244163541636
1.337489086110349
0.473784061795780
-0.829772727874455
-1.113943357921623
-1.833160770611975
-0.496375430115115
-1.194700446554432
0.571589829371134
-1.364585171928258
-1.797457279272998
0.096267140680718
-0.878059675891809
-0.805139519250157
1.216149842436288
0.316823256658849
0.364411223947014
-0.938211731479047
-0.025982049351913
-0.894511437241319
-2.132184895042851
-0.730395603190330
-1.564910082303766
0.105687906585931
-0.222967240054563
-0.308922497482505
0.685888236075131
0.423798200926740
0.362376837546340
2.201079567555097
0.535027103063382
0.144860934752924
-0.399461989084980
-0.044746391275338
-0.602130666640735
-2.066323729423332
-0.208625496772388
-0.158774642702857
-0.803912444085389
-0.482678978005640
-1.409901869651031
0.149565740168401
0.507970419770251
-0.904472727662618
0.443414515296375
1.108091730189604
-0.060685288519341
0.326303699552632
-0.239221995076787
-1.507108167184248
-0.124285592321378
-0.483745084836089
1.047138206233541
-0.632489692111275
-1.682609072198293
-0.942765203759021
-1.214881074142822
-0.935085286683695
-1.169809205550224
-1.640151962469270
-1.600279367294990
-0.860314767334432
0.943423294513613
0.452878740520763
2.224191012376731
1.102925689669368
1.252811171520159
1.046951492169797
0.392890048592578
-2.908408500432476
-0.002366406844165
-0.362315787771960
-0.270319389643792
0.509341858185559
-0.454026214000352
-0.741458269316845
0.163615541071439
-0.144043479645557
1.849996764037149
-0.621185161548086
-1.455048395296008
1.441071548666652
0.685325946740261
0.202077690129738
-0.225143291124731
1.559440055084463
0.007772995160363
0.501017835624400
-1.173273275730171
-0.663571949363582
0.803735422663183
2.146658839394638
0.638501298360551
1.750258368143090
-0.202426905838524
0.779853408140514
1.311653440186998
0.460914514873853
-0.705489858179112
-1.382259832100303
-1.665754168643988
1.097238551653487
0.141690720460994
1.019090239077582
0.293002296647894
-0.200753793234048
1.783016315128324
1.818190540623962
-0.116338108451153
-0.016664255231590
-0.581540371096161
-1.273407932393847
-1.341312168339123
-0.294243836517852
0.126700044721165
-0.212763538825596
-1.771841974431396
-0.377413022847590
-1.615939933687315
0.898909021243519
0.384095349701191
-0.443338898755289
-1.048620310276144
-0.013646137585540
-0.628712949166414
-0.469958684799556
-1.215640188401854
0.537092880561547
-0.293723869304531
-0.770186614261711
0.423274164476801
1.561603384745109
-1.191879240586227
-0.059767066835785
-0.606612477363306
-1.418477769322700
-0.591627315958604
-0.073472607661742
-1.485352843144241
1.261424099937751
1.912490414578722
0.423203960542873
1.854279116503074
1.111723692075010
1.331855221997480
-0.684087754893628
-1.046690471023928
-0.694522580488453
-2.610321065929961
-0.921915933448306
0.245051563784207
-1.670619171887030
0.393468812861408
0.015555307139126
2.454272654497090
-0.371688706431389
-0.045865174563248
0.055661773226339
1.023462027275534
1.042331010789945
1.349295071793292
-0.850523099746159
0.915732456971692
-0.911672769722268
0.400390548579071
0.447126361041358
-0.205724574588754
-0.545677241684561
1.510130926319414
1.114267868695741
2.252027930153688
1.731487152657915
2.110170242633744
-0.150128977109269
-0.267876273129490
-0.336730900707501
1.838086995180444
-1.727969389466920
-0.194719318152614
-1.865288965586513
-0.597371028540442
-0.912516794928408
1.262999365211332
1.948340243677567
0.205126006436491
1.877795201774862
1.367742941282259
0.075456683017009
1.022311029188483
-0.632282648283775
-1.377481077060923
0.060666526637769
-1.128225173285168
0.637375936977786
1.110103522316267
-0.522603861132332
-0.223198121072053
0.793804959748206
0.247035568859699
0.522504936296681
0.714433891225736
0.763380355649365
0.669851363111072
-0.468687674338207
0.823357589099691
-0.027398424745478
-0.655039763286964
1.638132959692095
-2.355168117176906
0.846864290788387
0.537601500417223
-0.130297553917135
-0.199123176244136
-0.246284169444226
-1.551464146353289
-0.095556585674094
0.440065407300660
0.762291589926683
-0.610928699063285
-0.226653353777987
-0.449667195810840
1.389437258394357
1.792878906912581
-1.792904737379521
3.195068475267987
2.159238529323694
1.647170380331582
0.329772004085454
-0.191819233293703
0.190443825001928
1.260187360389829
-1.350239709445742
-0.499290400772079
0.947696692705771
-1.233375131909491
0.205120996245459
0.582665677583163
0.198640902703144
0.354176446962564
0.663783973845755
0.146924471076351
-0.055263724575839
0.145671031524751
0.741307487319291
-1.156699185265067
-1.247447546290664
0.141591664262442
-1.470608880749146
-1.823684892341307
-0.468296976445060
-1.049983706061334
-0.459681693054609
-1.705101232821495
-1.377717922520020
-1.019805019787610
-0.605348182320895
1.433235948884010
0.910436415208689
-0.365452621092799
0.777169194369389
2.957493169747276
0.583560609802835
0.890191437071809
1.386431598686122
1.631006961664333
0.064713862964331
-1.485610108941528
-0.179786094727390
-1.072522187704155
-1.684809587223752
-0.290904670083308
-1.254463890616443
-1.231997987820344
0.492952137128247
1.687733681005977
0.895500568564636
1.792573629150919
2.243591199252652
0.908437300822692
1.808737092395680
0.654058352509520
-0.915394455127725
-0.978291622900979
-2.083178245121664
-2.045768426032622
-0.976704591945908
-2.375353370480954
-1.034321344944303
-0.507848909905238
-0.134539541680524
0.517811191096028
1.875414975713590
-0.241415013957662
1.334500457485703
2.594700996612369
2.407046775470161
1.488430033803011
0.884239195588136
-0.780279788645729
-0.910697960227687
-1.037520110265057
-2.588117666425663
-1.664227552642430
-0.262618563999891
-1.903079666802900
0.028635071786082
-1.002669578555402
0.415420291747087
1.220049798408835
0.990854932376859
1.796872125684424
0.411522725107582
-0.345508949737884
-0.276010320017617
-0.157552755419983
-0.610092510778993
-0.911909052923001
-1.899556542575843
0.126962204470217
-0.237428654250554
-2.655716074562800
0.635511818223965
1.460478978300898
2.183927034449195
-0.677399286677487
2.406369139495171
0.785158660319955
0.645001661473621
-0.668624608343474
0.661361913422102
-0.606271463675378
-0.606784770004303
0.608073510816174
-1.177233486188146
-1.074574941251802
-0.970400325216706
-2.778588887659165
-1.477806180533622
-0.019261708614439
-0.274088579416620
1.773350215896015
0.305217864651290
-0.490085634009031
0.446165940958510
0.857123176639898
0.394780188357525
0.910869618363472
0.651965635730560
-0.091514837248926
-0.194027373626487
-0.388177971178211
-0.592061893221119
0.169703062713414
-1.220423892215648
-0.729022677910612
-4.036448575333631
-1.732346359526023
0.528302326620794
-0.680371266013947
-0.831210255967965
3.015812112262563
2.130829859066787
3.887157147680329
2.973296134456842
0.298438409367205
0.632591219342081
-1.460438682521770
-0.539449974601948
-1.269028593553789
-0.925660275111648
-1.937277059218846
-0.525021557250103
0.244450546914945
-0.442458851219425
1.415645530698120
0.595244328326578
0.918273217327915
1.406282409708132
-0.234677728132827
3.186137925415030
-0.512630178660273
-1.362028690217090
-1.894184724552882
-1.201362784738447
-2.881077851763436
-0.024191514194443
-0.264602633878469
-0.384345313567542
-1.025330426377832
-0.187847617843974
0.847987175660205
1.114682309150246
0.030423404515139
0.882043329399248
-0.060088177195138
2.175093868515422
0.314969058160262
-1.511032179084593
-0.479474145496500
-1.149636298946196
-2.470853649573034
0.978624549733410
-1.399581541666155
0.336214058318491
-1.154967301571731
1.135390384909582
1.322447978844565
0.077293391145136
-0.314164866003864
0.947266556233331
-1.475134244114569
0.519428795607928
-0.949191068631856
-0.779744903531658
0.747425030780674
1.119217866687281
0.671574136695184
1.398788457972161
1.226424076510578
-0.005236078624463
0.133766110812429
-0.389245328341761
-0.035646620470173
-1.488366114420018
0.255478832412269
1.237366362732795
1.043977686625229
0.077377545258340
0.819324634872400
0.014815315904097
2.017898628511214
2.805728665401169
0.181909962218977
0.572310448325394
0.266917974427928
-0.103952780504537
-0.883040320987632
-0.759235139965899
-0.308185860470957
-0.706029907515372
-0.953526080564647
-0.141816208583888
-0.394568822773500
-0.854130776941523
1.856005193451289
1.218238621567171
-0.782613694382723
-1.605246082453583
-0.092560300744073
-1.509262784255691
0.710747649033342
-0.711550129113477
-0.973255153505392
0.559046024390411
-0.375686768797559
-0.441488146590199
1.058004507426726
0.072784604491181
-0.857227899673416
-0.273715453362987
-0.256910003409163
-0.799169351395695
0.296441374023408
-0.354209323733521
-1.810697096316745
-0.364459461023304
1.457181444202153
-0.062746370785975
2.464638856882513
0.182620146294802
2.599095757628247
1.549483405833982
0.385771484377747
-1.178889751278491
-1.127673067543430
-1.127520245991681
-1.232426288048822
-1.986107304011207
-0.221420154218163
-2.318656637108497
-0.906376200761611
-0.361932992345481
1.221147654384835
1.827676046749978
0.220708855469019
1.742737653514549
2.615681272659020
1.297716467868835
0.302914664706317
-0.104043270862309
0.169070190582841
-0.611654316939908
-0.123791124303446
0.004531913775340
0.821551702069775
-1.120836980300148
0.080117657861536
-0.062469903191210
1.636878008462349
0.584283483277490
1.546205975465035
0.751332592001432
0.459986864863852
0.288777078328349
1.040774277479373
1.348450575264900
0.084167568845302
0.265255349523611
-1.422250059924348
-0.519764364610891
-1.241805915746374
0.044100848185685
0.471752881029860
-1.006664780030260
-0.739665533723719
-1.444308633810508
0.125350009221206
-0.123557303827232
2.039539307495811
-0.080177140349031
0.395928662090548
1.500267242549967
0.664865640101830
0.538249581222044
0.177747280469485
2.518843756370206
0.938085191568321
-1.362085615035257
-0.812173066687180
0.695165441892536
0.652050825094781
-0.162044478188022
0.832253228917749
-0.037941187640731
-1.060268963546156
1.121389281019287
2.747815013301978
0.947064697822376
1.496177394720624
2.235120965228094
1.664995544173071
0.451442504315501
-0.751663841645715
-1.046071802628488
-0.935209707071574
-0.566543270354973
-1.365372146143165
-0.676823428386903
-1.378149440088364
-0.741680210748333
0.050299517937985
1.091506193650345
0.837646776887620
0.664944290859964
1.968179314001397
2.407194233565241
0.885266016532089
0.482171554752810
-0.660347871378547
-0.525099192952854
-2.573056367279091
-1.336580150902837
-1.617804164008867
-0.179002512108619
1.589004087051578
-0.314072268956059
0.765234704757447
1.544292777638167
0.649628333936074
0.023374090799324
0.164141251392457
-0.137993166629158
1.611997241420569
0.903561018848453
0.464406023317598
1.685272769469306
-0.253450956747752
0.226316357509997
-1.421173405965220
0.024358753707192
0.892290734002254
-0.519091900633468
-0.408566163264351
-1.014643286078611
-0.291886796051844
0.604855827291547
1.611994858083354
0.557327531558209
0.660887826535535
0.093086022050701
0.005728234017653
1.391269165907486
2.688756718062648
-1.177463333994210
1.090572825054074
0.347937690175239
0.769664305317012
-0.739468175079631
-1.673633374786144
0.538747286490475
0.042873671127580
-0.316592820388236
0.635361367694462
1.148228131809461
1.881944725251473
0.516234531224002
0.114372184220712
0.161206903408735
1.000733678940559
-0.278401361441434
-1.627872421654830
-1.781092107117496
-0.606178344753905
-1.721132764484991
-1.630411277894875
-0.240341603195793
-0.425967865008367
0.080140377127116
-0.450532425606090
0.618877350644663
-0.281541159395894
-1.361526922394006
-0.097092965033829
1.411585356206274
1.936243688593244
-1.065386727037348
-0.132138048210278
0.197220938959688
0.613260072343454
-0.635704172013893
-0.927210585968922
-0.172617972555938
-0.290589784891228
0.415218546245040
1.258201248220070
0.816663946567261
-0.355316478387906
-0.120711921110867
-0.087175711579895
0.425309483015241
1.257687518806222
-1.491908885907646
0.091777882602214
0.397796960457570
-0.708468407471238
1.012763675755220
-0.574344945424100
-0.456931948315561
0.391422842239099
0.490699014892633
0.311850037214628
-0.259536338279911
1.255895503240964
0.007936492348328
1.685272077811100
0.345015998946115
0.158846201100475
1.480611505213580
2.211278287725217
0.883007047702830
2.401992984275573
-0.950363173758635
0.761280755599713
0.181589249289573
0.150858072297783
0.537303987625993
-0.047159139826562
-0.524445556087578
2.657123314894274
1.207009556141354
-0.650050181835480
0.942256024648459
-0.445166579309316
0.431540913776522
0.697124484514932
1.531173953054587
-0.183016605057577
-1.151963561077840
-2.754210365986124
-1.157731650994934
-0.660707330438184
-1.149287426841362
-0.663226058750694
-0.149585031865402
-0.739252498624441
-1.544972431176310
-1.167167079055268
-1.159804829818945
-2.884810748553853
-1.474061715204477
-2.627726715019282
-1.330344442614185
-0.333187102245993
-0.855323414585436
-1.718184684292051
0.091345992589475
-0.502956715871545
-1.360062322478253
-0.517051305639125
-0.851487676198800
1.249179695327438
0.803046496541269
0.088145222166704
0.719595965610322
-1.518848793146416
-0.996285394879153
-0.257637844281342
-0.385468798525730
-1.665000783116679
-2.991951285765453
-1.947127005517933
-2.362172645434277
-0.349068724885350
-2.446243324464405
-1.341741682266715
-1.858403804059062
-1.202243484178840
1.066422154360621
0.248602440090355
1.527338787804699
0.314168088548118
1.312845614275953
1.718177458129509
1.615250555448737
-0.495013223217716
-0.641497930080222
-1.082244062068487
-0.601586805013290
-2.048497029038554
-1.572269299922018
1.667083904612917
0.607576274499082
0.245286030169488
0.046508975943460
2.730929044058259
1.832072308276728
2.014353509752216
0.830513571497421
1.407221817004431
0.380288947489294
0.673695607093699
-0.288133715711461
-0.626990827265528
1.943228021131385
-0.557226608281883
-1.079723541263931
-0.356340689047313
0.950290569138107
-0.621393722052686
0.018736030973186
0.296924836726583
1.306691114688740
0.513336669388986
2.076153185544023
2.048476216000926
0.330024557720519
0.027075137626572
-1.853148272473056
0.690324278804626
0.375629298186623
0.210095264009842
0.693478759969737
-0.534261162925281
-0.438728516824907
0.451632811572292
-0.567220588762679
0.490916592631763
0.023718014805889
-1.059015620393897
0.699093508494227
1.590266973150658
0.097059161092538
0.356254075736759
1.235590842390521
-0.469639506924439
-0.493505453649670
0.636435658453828
-0.679458337796587
-0.454468160082290
1.828570956657157
-0.252714668533174
0.015414690696012
0.390012692373111
0.286599163636802
-1.529255296384894
-1.665965310242820
0.855991870010925
-0.009673808553704
2.009533964166736
-0.497187202828159
-0.353098392456372
-0.374979947095517
-0.336505799340552
-0.033287978119127
-0.324837660768466
-1.361988349155456
0.514447063249918
-0.315460400755209
0.090778983134176
-0.228356790704354
-0.119346289127603
0.830869996768250
2.609030833712024
-0.657365644140542
1.542193496054248
1.383059354608127
-1.787666879199778
0.219312812894955
0.264557103595695
-0.238928955152819
-2.042631313687441
-0.278783522705249
-1.082344937011454
-3.432214608696180
-0.668691094251205
0.648207931961244
0.230820080063365
1.523514278840651
0.587420235097903
2.746056790381655
0.134813948619791
1.550148131838159
-0.857078945008935
0.248316815612667
0.615935181199129
-0.971305602808517
1.195164157359842
-1.865417398268060
-2.202928437455878
0.862791848604931
-2.154181753767544
0.574579772310206
-0.101129071105309
0.823856639985607
1.942369858264432
1.887678155747924
2.453718394131439
1.217612301750362
1.454933360233585
0.089674383508404
-1.484226663110493
0.860852416493083
0.556182838836297
-0.668516513399494
-0.227984115076736
-2.587748660747735
-0.758998933646032
-0.688875045105846
-1.503994515662987
1.179632405722967
0.712140819501936
-0.319222554608569
0.894127219488489
0.426531045904623
0.928923319497964
-0.241210082587723
0.642681098538670
1.366721923968031
-0.208450723687169
0.024104352806230
1.715942342894596
0.451055002519658
-0.667013966625150
-1.626968560152961
-0.163469726968131
-0.312298742697621
-0.063017755926600
1.637898038242272
-0.597106237121922
0.089912339210406
0.488006804548643
1.544608300124295
2.020391665585941
1.056665492444945
-0.556453738358100
1.062437931361332
2.275801633408806
-0.318742228042207
0.307483301586541
-0.237871033621267
-1.672445020681532
-0.157714301732419
0.505466680451594
0.348688061620038
0.799689954574785
0.220678952738134
-0.406831663716616
-1.007331080499167
-1.073853964132456
0.241331310566213
1.002632330337298
-0.273071947550501
-1.996168547430399
-1.365184754930902
0.143876101239255
-0.556462273158042
-0.398474114250600
-0.496888654427760
-1.224537853707791
-0.634404950557655
-0.431514014388174
-0.602075081948399
-1.417311244398846
-0.135348649752292
0.737688784035665
-1.192854109042246
0.237857652342299
-0.008656284607119
-0.244536774323150
-0.746579723392522
-1.714650183763591
0.052317008228196
0.259955358851857
-0.929111124852423
-0.779282272500121
-0.592529001621422
0.119427541297283
0.353966223764606
0.975509509956827
1.519419392073934
2.821480024489256
-0.412338158696860
0.764863793086971
1.492596089467174
-1.053754774147409
-1.768497460610742
-1.838047879714815
-1.311805013610339
-1.073579902749420
-0.368801422317170
-0.398977525050533
0.748191977266301
2.522019238226714
1.104344635986503
0.777041352010358
3.635276353928180
1.395670919702651
1.452906465600995
0.949358779165160
0.478731586850750
-0.693995385757559
-0.104575698015438
-1.549662182229350
-1.473942909865847
-2.457470074870751
0.536223169202316
-1.382987275258146
-1.531148903917508
-1.853477187310516
-0.170911940662760
1.090428582837121
0.275629126096347
1.535319709325620
1.004132538212263
0.061625875091345
0.744252196900921
-1.205757365856934
-0.994498427365450
-2.533638837033439
-1.076014502981263
-1.400559668896913
-1.506753183916772
0.157500522812009
-1.682362732165024
-0.965482297870168
-0.024587337773738
-0.358800083653760
1.003490972589274
0.170394464439964
0.830436421657975
0.477666039561114
-1.774383979838917
-0.773420084964922
-0.444799002815106
-0.226902899838138
-1.314343584959113
-0.382918107193642
0.075047927081673
0.219578180899708
-2.854930263225275
0.629444297686539
-0.776558231090521
-0.251728124011903
-1.145198163607547
0.418051598583733
-1.072227921442212
0.794063796979714
0.278693336031419
0.636444366935806
0.799308923724369
0.431790219771979
0.341557286799814
2.500594858689792
0.165592689843032
-1.165301699056549
-2.154937265596692
0.424292413980017
-0.218330616613440
-0.504151315216162
-1.750901645163248
-1.759671684440215
-1.020052327401529
-2.017577374975768
1.305501211751283
-1.269739263068980
2.735404315607521
0.920838509685438
1.951552191873104
1.154041949679644
0.092278856402394
1.672003062711290
0.163486988504151
-0.893220800671138
-0.462574351032054
-1.361605773205023
-0.923969261416642
0.253971263166060
-0.101397661814425
0.746233081780322
-0.276936095722626
0.341292331818825
1.248155038858992
-1.085943069998381
-0.900323358654566
0.953859085903614
-0.353617505337282
-0.456123922128998
-0.987268362936950
-1.679861570463147
0.681095948990019
0.050524801729060
-0.249440214589482
-0.702353466327271
0.440469650188298
-0.995136616081827
-0.898486956237799
0.470240726271237
0.085047123148639
-0.616656910286078
-0.351684689107235
0.913520350510930
0.313344066269516
1.418483341714126
1.059572515147431
0.563671611834665
-0.029371137010800
0.492208519581600
-0.455726551570171
-0.883854279308429
-0.546167263231149
-0.863962347781076
0.011982848643731
-0.334236717236942
-0.898852678705397
-1.704851191270637
0.943700342457847
1.350543683280462
1.914978396635743
1.880729924892652
0.291252595729629
2.459307430881547
1.408454085249386
-0.306367667386513
-1.095783221875736
1.655370189241069
-0.277815743635330
-0.053898525211911
0.479198957502952
0.270453636731212
-0.852023841931118
-0.704984910090069
-0.448436475098943
1.185879193319237
0.898583266323964
1.099849583231225
1.224787777038376
0.109393001302476
2.224952039434450
1.424963927066796
-1.548596526642271
-1.131445698926933
-1.038686146892458
0.516764590717686
-0.373834817841237
0.157790769992472
0.039759684415641
1.365120465749853
0.452085090340119
-0.494918789511516
-0.219364623213507
-1.686968169983236
0.943917027490270
-0.470876692905703
-0.350211408924494
-1.018906108357634
-0.742109930630261
-1.075082525224383
-0.716697959633321
-0.002270478997430
-0.167338568211848
2.032552646462483
0.274941377272908
0.367991659843934
0.074934376360226
1.739917669406687
0.238184198655854
-0.072448506009107
0.535235270972054
0.642124476570656
0.137617533454599
2.065580269431333
0.286214419645182
0.284278275106817
0.052902705938255
0.179569148658306
-0.911806838705282
1.070859707129706
-0.615613188344349
-1.183640268042838
0.170440811678111
-1.760678443214400
0.507800911190598
0.628397874857794
-0.060397158206103
0.904588913476372
1.101019520710887
0.039191187709509
0.975313519910954
0.062492148357766
0.082955755142773
1.050419805823810
0.880450503618967
-1.961883820014028
0.611077403383853
-1.826394731934609
-0.642042784864589
-0.387290535288832
1.268940764936306
1.665912915154658
0.386911876591756
1.952804561257167
2.171163779273060
