-1.931096223029600
-1.409837472893179
-2.115950485712820
-0.429902414161642
-1.105585442195653
-0.156127444817520
0.063096958392711
0.794942024766373
-0.221746720994053
1.992412828528155
1.510313784346268
-0.298778442634580
-1.147556535948081
-0.146169183874439
-1.613298068717168
-2.297198326223026
-1.760792637608864
-2.622095883689984
-3.372429910736234
-0.236852609168016
-0.428313697830209
-0.501003765795701
0.083888728897194
0.033969811634057
0.585109877233044
0.291179900850222
1.918250166431066
1.315810952072023
-0.808422195722377
0.209517362845166
-0.551881893969159
-1.947156756874685
-2.867982601565456
-1.452880607320011
-2.362659034759870
-1.979526058342176
-2.214344848435332
-2.157355242167685
-0.819035849636924
-0.293062944570207
0.280612995733366
-1.535095757262118
0.533918812412520
-0.995036284147136
0.221811441640265
-0.989239594244197
-2.006224904927343
-1.637021385208997
-2.072762364906449
-2.947158539606922
-0.274261638270920
-0.935940605134308
-1.870512446689528
0.065867392262473
-1.653845474097201
-1.171794032073552
0.594015685011203
1.461667390842549
0.611302651958491
-0.152320304144737
-1.209749904342122
0.878980458587570
-0.052581520340374
-1.557132084089211
-0.894219803158181
-0.700489158126103
-0.492629337153607
-2.515639102356472
-1.692816244975059
-2.531266310068351
-0.120431606666614
-1.704130660610923
-0.374851525317031
-0.810178692351347
-1.101965797586056
0.838187445618751
-0.398672138664139
0.201769044878368
-0.885707553194116
-0.158416427511531
-1.790823452762139
0.779752606139448
0.211213815708225
-0.142645941349962
-0.907551046984546
-0.317141259816063
-1.210246729633084
0.807892440319400
-0.091598568923236
0.389363422143635
-0.104194610724167
-0.748045227721372
1.182320109668592
2.099550534007072
0.571559377129527
0.664641118494586
1.142813981234653
0.707675464726439
-0.681424705599245
-1.213526478895336
0.152741503787944
-1.851317027992469
-1.867694357224983
-1.249772463955763
-1.597656870809066
-1.552089920027102
-0.228371851330519
0.442622073417698
0.080985300208947
1.407761978504206
1.301383065953673
-0.848784833513343
0.408973711962257
1.065692629236850
-1.597512719073884
-2.449524631482641
-1.474992032204615
-1.021730242796703
-2.730533403213956
-0.164688647236576
-1.149678599793129
-1.184751350352679
-0.501406931822102
-2.515227228429438
-0.349105623486973
2.148798903296585
-0.075308154527982
0.296884644936944
0.928981934749560
0.283513067084112
-0.897831552402859
-0.493260374368889
-1.237652785960737
-0.013157626988721
-1.780937920179244
-3.925507709681493
-1.119464486376698
-0.846061454034590
-2.144362515265944
-2.360950707271374
-0.637016459048763
-0.400632675336486
-0.272626750633417
0.585072280759231
-0.255458210539468
0.060109464614141
-1.035057574174258
0.157493639356794
0.782496646290579
-0.993134339355927
-0.665707643326378
-1.635726412239019
-1.379224937866797
-0.623682905052903
-1.044943244007014
-0.432110607760925
0.071030712929843
0.370661960225305
1.652687266050753
0.988256389278275
0.115296921479381
-0.227697171514064
0.322457743079217
0.458789852540677
-0.457723330624247
-1.944978555288638
-1.673142101023855
-0.497417431111140
-2.541219405298205
-0.093782590493393
0.852933126296387
-1.665536445197522
-1.580174010452146
0.387258578184490
-1.870954681150816
-1.043086455413271
0.722188240536054
-0.272406383053252
0.205031966999431
-0.913418418528273
0.394783223873424
-0.364209580277154
-1.052670331817829
1.415580107966788
0.548086262239571
-0.827458766959280
-0.376371339654077
-0.585327371877189
-0.213270550184487
-0.258996888410263
-0.573763323615478
-1.967991111615584
-2.116999016905786
-1.215494107356723
-0.724393184377471
-2.073491212979742
0.626760935806052
0.233400774997308
1.916165078378981
2.219249218873754
0.839091293447431
0.918403549489745
-0.381814792135146
-1.319141787121388
-0.958744081023591
-1.842809636534903
0.166971069579988
-1.596025126468327
-3.873368677315006
-1.809033390965421
-3.142305466727346
-2.411044953127896
-0.998791277221723
-1.806501032868230
-3.530245870878395
-0.389295088804428
-0.740899304687368
0.156154255510518
-0.780302830935868
-1.230893972293256
0.799736981533452
-0.261902923894830
0.246153260058485
1.041379986607185
-0.821353288024078
0.894233148360179
-1.021264913054012
-1.415265778178231
-1.500646508712524
-2.765646300459493
-1.484799818972827
-0.299204957318396
1.004058280800278
0.024948069705774
-0.968861414757841
2.502353205024569
2.293376675663465
1.542810443582878
1.091500354944154
2.717293408255149
0.004430584750909
-1.256654174522257
-1.015722374681610
-0.248852615503247
-0.248684326198208
-2.000782238335343
-1.086261830973488
-0.976657055732729
-2.347985320242205
-0.106389243075139
0.371546133144199
-0.296747458026889
0.907818623130773
-0.324832759204604
0.333222831069065
1.474113455871923
0.379314895306293
-0.853685274999241
1.144673029203126
-0.752980432181980
-1.031632409280687
-0.793495229761776
-0.031875027508963
-0.866151209679391
-1.539747727764562
-0.562347911243644
-0.098899717424908
-1.007891744157143
-0.532142745963867
-0.678149974717980
0.160545115012822
-0.599196620397803
-0.580984299342260
-0.908128606290155
1.612752480948558
-0.518824537679357
0.994510798939468
1.289567728180710
-0.593619429161296
1.487115224471911
1.285445328161374
-0.901184273653830
-1.569152483451565
-1.132969683824265
-2.724607552550439
-1.323020797527024
-2.222381475745096
-3.013085595570823
-2.149307698078328
0.696166342484402
0.669875688151917
0.874457477417599
0.442519356068045
0.884216707678892
1.543585761145160
1.528853184759343
1.622293925661850
0.237048504814269
-2.427760673663197
-2.018593757554391
-1.949695916175339
-0.751718788855354
-2.434381739639901
-3.453234342088853
-1.924794904432213
-0.826626659817144
-1.220974414247646
0.772377926956401
1.226903204307620
0.459810922579092
0.709774791532307
0.702813392372493
0.304769305722657
-1.385862649057449
-0.287319921194155
-0.743560268862575
-0.613377535281765
-2.159725594740515
-1.231006181169265
-1.761186439953818
-2.396566356070112
-1.408604586160619
-0.447143372555468
0.187058343873180
2.185258563387604
0.336066992870945
0.006159435811850
-1.147297681234162
1.039344447816755
0.063777268505006
0.719480157435471
-0.868074471356445
-1.191477356263742
-1.009451679689353
-1.088964849668732
-0.399563290619794
-2.318234403420813
-1.109172685367453
-0.387369218819595
-1.503103626407378
-2.118057321443797
-0.948959169081492
-0.872194542595031
-0.412142595631711
-0.512075375294946
-0.414769541076730
0.195998136915253
-1.173399791355057
-0.072534829834541
0.747735847612793
-1.138593064375643
-1.330120083701499
-1.417681184073958
0.554207164977118
-0.778669793062908
-0.811882650533502
-0.003644178654190
-1.012441837865958
1.324139246396572
0.696248321656712
1.725587320373034
0.919307887676674
1.978571516935526
1.512540185221771
-0.035729843893351
-1.113152659774434
-1.590960471286826
-2.727961401774359
-3.081811578337117
-2.720360514368348
-1.458471807785204
-1.549861865905763
-1.712633326517749
1.454832476758599
0.465290493070072
0.156752241652454
1.241158680717623
2.734752762912862
0.458311662773077
0.205218895754930
1.246725627686249
-0.490678044163092
-1.592942527494192
-2.535912336170526
-1.682526155882129
-1.518512444042540
-1.755745424511846
-1.160071126948498
0.065561989297198
0.922057680445588
0.670578216729954
2.961641356303530
2.190486644546819
2.724883151195222
3.052442005769089
1.322890868390100
0.098933259898758
-1.694724639583105
-1.349140382335800
-0.058953524139059
-1.189690445220241
-3.240078468839863
-3.413294167441417
-3.121305276032105
-2.340850530923051
-2.673746962413815
-1.574502154739204
0.100393379798059
1.903293714404138
1.478000086322789
-0.159257630829799
0.713611242917641
0.875632241325994
0.215632279847421
-2.231518999379879
-0.368394398541642
-1.624742649526256
-1.285848460815505
-3.004888369753260
-0.318803434484139
-1.518625995728609
-1.574522853794954
-1.680924233941047
0.443857138153852
-1.556002901663172
-0.762435277437535
1.661401975169186
0.412879612103530
2.013751400379086
1.701532412413675
1.708740246349578
0.355947163563724
0.561927955974784
-1.073197512177337
-0.989303334297977
-0.067611547653031
-2.052032692611732
-2.022289666575972
-0.700108521428092
-0.238569492361735
-0.841759300278509
-0.121594237718440
-0.347523475894112
-0.122651998244957
1.165304013314959
0.097102615574135
1.315418088034840
0.528004885825233
-0.684505528383341
-2.060977879443416
-2.068343436144145
-0.953728797895598
-0.540784223341158
-2.289098736549893
-0.218733415185288
-1.207936383831140
-0.506113881537625
0.981825070693114
0.181482277703048
-2.158472982047560
1.192958172434606
1.829055441450591
-0.810978217564955
-1.046153529245518
-0.792269508499832
-1.500056330657719
1.176082185012084
0.778271707076494
0.388418865309372
-0.385241861878080
2.060103193552699
-0.739932439485845
0.385313582218990
-0.670928359739960
-2.390733581017626
-1.478174636830303
0.792531418811540
-0.342428099583827
-1.830489561246690
-0.468913668041367
-1.380858310789916
0.038289663760665
0.248815576253867
0.031959570706985
0.815352719777668
-0.317526515447360
-0.196830163300570
-0.808614127050234
-1.053799605420931
-0.982071464584691
-0.465482285654105
-1.160407655701966
-0.421340400238103
0.221282228123919
0.163352525906416
-0.061215665163301
-0.318075729005238
0.022627225282279
0.349460016092287
-1.008823098952662
-0.269247910716051
-1.282609786115986
-0.936401333876974
0.119910521985968
-1.272549975233676
-0.188162609294627
-2.304548774922320
-0.374476564418713
-0.711031640457310
-1.946648126303027
0.145074557409415
0.155639087513910
0.999068347790412
2.100592347791579
-0.398166920936765
-0.425033955007594
1.429952847485925
-0.854340395712523
-2.226371701016933
-1.917083064587525
-1.070687625280937
-1.013571150071253
-0.965448652104762
1.189494267955906
0.312125268975499
2.563842890316141
-0.323257497814972
1.452390668726660
0.831853891351666
-1.192643067456135
-0.974891653984284
-1.430324423630540
-0.556386449511735
-2.774751981838617
-0.783845997200313
-1.542129875014146
0.005216483274117
-0.022490334665831
-0.166238096356169
-0.564927786437553
1.314868166373607
-3.711286524923112
-1.592924207633021
-1.915590158036896
-2.780124582046296
-2.785766987241050
-3.384204845731125
-1.745801079249506
-1.711066341704569
-1.658713634831472
-0.549384924996967
1.260702236032871
-0.361347525688450
0.686668649198852
-0.765754382046250
0.134569386875166
-0.920610543049905
-0.342013837163725
-1.496401547657196
-1.930122648983580
-1.283703149650464
-2.395254395145557
-2.396975170361364
-3.517578533729806
-0.018624165321519
-2.562750891423286
-0.960166557327370
-0.393745462132279
-0.453213959533029
0.004284686583498
-1.010724671208933
-0.793693744386103
-0.792307097754731
-1.577791247435669
-1.176292375181359
-0.063536682591164
-1.843745347000376
-0.541624541283887
-0.979445617509265
-0.352224327178033
-0.056049748604764
-0.197841703924702
-1.437422824965208
0.261396276511877
-1.345492146570213
-0.647227537358901
-0.579547925590100
0.861429250653931
-1.814889246492025
-0.072763455653254
-0.885281370538536
0.160008764851153
0.750927907661498
-0.613557136611362
-1.060073457686873
-0.178928636654342
0.212049205299086
0.073322538588046
-1.987220808269810
-3.108422382617455
-0.997191350386125
-1.189385814308077
-0.012787723975287
-1.409728396892374
-0.129768518308691
-1.168382211532081
-1.734070495209213
-1.096164750651634
0.251682896503781
-0.541721612748559
0.949851805060310
-0.997755352901167
-0.087265470940838
-1.018196555464062
-2.132391412606708
-0.385165853326762
-0.029620060857102
-2.463702381017674
-1.829428733084434
-0.558466967576286
0.971630107721049
-1.467706511483201
1.259157434833536
1.288523208169142
2.549032573610139
2.633396132082056
2.015500174431468
2.213368944392316
1.680753266596515
-0.314728361985514
-0.342700438226565
-0.724534533612763
-0.820276160945683
-1.576454311670571
-1.270270647748473
-0.627628671189322
-1.772136845933474
-1.474450024022252
-2.141098463360663
1.038869889901492
1.772853375602314
2.330978576283961
0.876498634892394
-0.006785112376755
0.090981549393240
0.445590537688219
-0.465854808243455
-1.613012706246629
-1.574986739041327
-1.944102203218391
-1.623653752729797
-1.830772155640957
-1.648901759448393
-1.214571712491748
0.079040803316431
-0.843641928471143
0.672166366674913
0.514242448756906
0.812474639327052
2.919667129698786
0.211335224511164
1.580715026192093
0.421880231156574
-0.661365280947831
-0.017964580044406
-1.575286074211318
-0.522640873359600
-1.625412687990947
-1.696258392265779
-1.056573347293451
-0.087578750026677
-0.576457824149962
-0.037514666061863
0.838176947146985
-0.281038662293449
-0.201911656474237
-0.433034974473107
0.925969144466328
0.459641047651128
-1.507095271983814
-0.043446839463626
-1.176844765383673
-1.132788955849872
-0.563563553655747
-1.748375496415849
-1.804201525254377
-2.719288095630558
0.024960027804355
1.032883275806201
-0.826575458459111
-1.660252546662638
-0.075941581682413
-0.233412289300991
1.832269320904254
-0.543849823759653
2.009801578314065
0.315449847794076
-0.608066832633791
0.302850846939082
-2.087691322329913
-0.672404892778108
-1.656568977868396
-3.662115745619022
-2.017981810777048
-0.476307555020275
0.678723526077843
-1.005633077963717
-0.537720456973495
1.983852208816471
0.721882995511329
0.980870929207255
1.629131492042564
0.933095786080514
-1.884503771708274
-1.300374697751733
-1.135550455348771
0.175513398000009
-1.079099764593213
-3.027337971100205
-1.373085585555391
0.523330285285709
1.003690749483755
1.098873961708880
1.007974860690275
1.979772229946696
2.855887604446305
2.306410969789224
1.913637351188853
1.482719474986903
0.908623386556178
-1.368881036660334
-1.259705543730821
-1.607357913065742
-0.692195554223047
-3.060063597106001
-1.374862662100416
-2.146432381234483
1.458350568138933
0.159917772616728
1.573699960374945
0.361140822901707
0.552737771782579
1.761481548947346
2.620225703177751
1.370539940776267
1.413307685543472
-1.616471750416278
-2.249534881877016
-2.604291324535958
-2.185947196485621
-2.504972086405648
-1.436691488104215
-1.875083795696663
-1.086838554513369
-0.768440644518462
0.619498928431915
-1.310111276086302
0.295199912451442
0.464691946117618
0.803649573275579
-0.383965069067490
0.269964872896045
-0.642041634677721
-1.361346403038273
-1.393442224266835
-2.356941147998702
-0.958122818527416
-3.078882883366028
-2.762739960030154
-3.469306844897078
-1.768576892746054
-1.207745417630022
-2.295486706691735
-0.938736559847509
0.407938859007783
0.204731835699582
0.167467048399844
-0.842979899587040
1.278156788787794
0.364818013057477
-2.448790527951480
-1.157742766891924
0.794992474122584
-1.521645916738176
-2.447990548959938
-0.938593997184779
-1.377123716007749
-0.520668464827457
-1.826729849584288
0.869160918176153
-1.247758561309382
1.681623821541905
1.285393753464428
-0.322626253710037
0.246400522950906
-0.893950667841399
-0.875683609187677
-1.832242721141419
-0.019462319851789
0.497238420034993
-1.920479229373620
-0.362461390452311
-0.059221783799676
-0.939932783427309
1.178559462311108
-0.586907770771966
0.295887133980643
1.634932671155669
0.183613043832916
-0.243180015484747
-1.147858864929592
0.345642113852936
-0.395458264268712
-0.197599584366601
-1.428913880553857
-2.693036562364480
-1.290510666479352
-0.753780223412088
-0.002831675677941
-2.041230983605006
-1.846562984535506
-1.335204461430764
0.028957162889255
0.899642469008624
-0.245881321914717
-0.186550066828364
-1.158010153816963
-0.578012719013378
0.871426589946221
0.624877209334316
-0.032424245225954
-0.665418363806613
-2.122922821467346
-2.090944263497951
-0.761260775394404
0.650923123602008
-0.538671932887568
-0.057298922099808
0.772005571812787
0.521444002980276
-1.454919600612166
0.499792081823408
-1.067200000660286
-2.112951855992057
-1.597892919388933
-2.486758430045173
-1.859533669730308
-2.648381581925845
0.406044364814439
-2.945586740507369
-2.255854059007720
-0.267118635670819
0.182734398644974
-0.735293735578046
-1.634880867138405
0.950029381333128
0.552354816730402
-0.929830894613071
0.346909534145059
-0.790262309661911
-1.581042969013359
-1.130170588970075
-1.406875904344199
-1.170572251383545
-2.535925572162702
0.693933167324082
-0.396307639478130
-1.086884641827195
-1.079063520606185
-0.189879131863776
-2.855541181746317
-1.194763570418184
-0.798568780460381
-1.221886102494075
-0.489028564001698
-0.317965773625688
0.619523934616870
-1.596161454391448
0.278655661747747
0.578703612004684
-0.686601159095813
1.086935712219927
-0.813158610691944
-0.912401590215887
-0.620919271326346
-1.406968264595657
-0.959407501216958
-2.655803389207223
-1.118310716155368
0.335842221892562
-0.100046398005208
0.904076902537277
1.242679586106965
1.374537016806442
1.652101836246449
0.625467672235124
0.697647393906210
0.963566865786310
-1.743643996534365
-2.670103392939855
-1.922105823213431
-0.820408839799361
-2.940427397710739
-2.040005075607831
-1.909325661069582
-0.728816481034385
0.320022382056460
1.203625660959004
1.471814415236636
0.049181075755502
1.107393029116299
0.037756581983101
-1.194757344769226
-0.199037691364131
0.356975658852064
-1.963512433617517
-2.507028463060553
-1.722892153367088
-1.244515633583313
-1.866004246467500
-0.343567215758650
-0.001032465979167
0.587781938982135
0.356557314867091
1.869757369933104
2.522343616208219
1.481697971897475
1.459530131871771
0.942909603847561
-0.257573610555384
1.143125935021728
-0.381576055643233
-0.945358993633484
-0.245143550300203
0.269177417807069
0.383816897157513
-0.283409938376441
-1.127727722524117
0.004988920591891
0.747495422177036
-0.227725164366771
0.588028909923164
-0.504343251664937
-0.148661336369921
0.085229450614264
-0.573907748113204
-2.421716126018078
0.714264372336559
-1.123661936948476
-0.824542040272842
-0.437504693330786
-1.611015377784867
-2.724257511901620
-0.260238899954370
-1.323831657682407
-0.053133587582057
0.242464910827781
-0.357774261167963
1.030031554303293
0.174987834321452
1.285723737434991
1.295598779925355
1.646912859033555
0.361883380988987
0.420820380879800
-1.033192433445060
-0.297601789633872
-0.990790210958412
-2.522920933589768
-2.237130346044618
-0.594844000815759
-1.909213245750611
-1.300696500138759
-1.432794455995980
-0.623302546915362
0.365356708997124
1.745850886920734
1.678101402058995
0.979685471036927
0.409101144139013
0.128904700357366
-0.335633313318572
-0.833121028169591
0.118723491566938
-1.245328230590496
-3.601792173802077
-1.884405819544749
-2.633429235851040
-0.682431407022789
-0.517196242410087
-0.365081519926185
0.204294101668648
-0.462616226498282
2.593984708049836
0.390790783583478
1.775071969165395
1.244770001192151
1.448855963653641
-1.839759140924476
1.254082813477652
-0.724889662420421
-1.147921109098925
-0.399163578806742
-1.737984026282256
-0.317701816733403
-0.853847605467788
-0.995873562451482
-0.292304954372742
0.486067889290796
-0.074136927902837
0.937054140492525
-0.253480962278907
-0.803756796691000
-1.927257384383125
-1.458783910509294
-0.054507296328555
0.033636352014661
0.175595305781270
-0.525250727646474
0.407383921730947
-0.599227303312181
1.041463128366095
1.286076001319517
-1.251357443855569
-0.242239319110072
0.269839801413106
-1.487801419533328
-0.378085533191282
-2.614443158978602
-1.434619832203222
-1.909282044486623
-2.048289796999341
-0.709807646611665
-2.198150751030092
0.296830750512706
-0.157878224221017
0.875937413893087
0.065359199406497
0.514046614790515
-1.971364343063956
-0.926821214975275
-0.154963205169793
-1.540277254323966
-3.351027021398545
-2.655746161456320
-1.542353962176718
-0.639806362880802
-0.838749784417975
0.015484129560838
-1.862705139352165
0.019402293213989
-0.094883314408145
0.851574882251337
0.343167900348411
-0.204071659454170
-0.112548405721479
-0.473064558895603
1.814990116570387
-0.974122278797555
1.480699304550780
-0.061288635581044
-0.210102384559877
-0.953733130045849
0.189967789126970
-1.235788635803992
-1.677024463164759
-0.990158547319762
-1.299677955434010
-1.863721063668322
-0.622911328926447
-0.875952894724254
-0.602150273120321
-0.307774142533494
0.591167224024309
-0.271607143453076
-0.799886154671412
0.045605158889907
-0.406292848119444
-1.029871896044961
-1.025860043853725
-0.159213945765932
-1.803699967892189
-0.540204361001571
-0.946822674799975
-0.943048912498712
-1.615220001933946
0.054844998667612
-0.489626153435318
-1.070418810042008
-1.683330004975299
0.505882936027662
1.149184021792798
-0.122028387275424
-0.062420480077801
-1.052711546093350
0.231488429378549
-0.691053770426114
-1.594751041521859
-1.500480516126253
-1.888186997360838
-0.455830558379560
-0.485070373400652
-0.051785311766798
-0.722039077497786
0.176258302331729
1.173669939298652
0.916959770043996
0.152929469272075
-2.301712476586759
-0.046256441236061
-1.456595366480275
-2.458272028021439
-1.987332386108190
-3.008406508928503
-0.675715127319515
0.457325558050652
-1.338457619121753
0.045764261350793
1.305388772879696
-0.076687255523217
0.858518737957279
1.175711158648937
0.526371334688424
-0.142884433903021
0.021135555966058
-0.570465434870002
-1.249049269942456
-1.785116732950927
-1.703751834045882
-1.029058907735893
0.214355987935094
-0.356231961537957
-0.471364656784223
0.806752344846828
0.138371773303152
0.495284630742273
0.072967981814437
0.288369799294755
-0.808286416242615
-0.392210845630142
-1.057487310167251
-0.479683248607708
-0.430600513067642
-1.247546178066511
0.803777199732029
-0.460494172169389
-0.834049084990128
-0.179156143099864
-1.402721138011745
0.581273397272706
0.742832562111916
-0.781277651282081
-0.430249382916485
-0.644110852102838
-0.443800104306280
0.043599733552406
-1.430188231974000
-1.350386009127420
-2.104530421818627
-0.367811496355699
0.388467960940351
0.183393823988354
-1.575867586289434
-0.717357364402096
-1.282855015872644
0.528268049158980
-0.945340664007602
-0.967436945444839
1.110897596797598
0.644290972027210
-1.559916560678444
-1.502526359341787
-0.727841372887837
-0.879608735813914
-1.784987603734613
-1.089949482518178
-1.221194501369452
-2.795807026617757
-1.160165688871694
-2.118797681099947
-0.924403716762079
-1.148321261659115
-0.789674562425769
1.117673249778155
1.715641440369209
0.329160170126792
1.842528505530237
-1.859151746120044
-1.678198181135210
0.331270715314251
-0.369114622565293
-2.170091025620342
-0.571874470937587
-0.565915020055443
-1.553192040743883
-1.245167825183652
-1.949040912436261
-0.047386013841791
-0.236973714097618
0.323818555101328
-1.555519617638620
0.416115746359050
0.781195496674633
-0.885052931333823
0.028199504148922
0.076710886849188
-0.243442885469813
-0.945183933403407
-0.778342196995017
-1.820328560102349
1.326033740832617
0.201276130691274
-0.754252549475342
-0.743913721569687
0.096549963137972
-0.838504399922856
-0.995088313864893
1.257952784666995
-1.275201428331713
-1.506574732587440
-0.200971241355932
-0.914717449610611
-1.388477333506692
-0.160717868933399
-1.505275380608644
0.937461066096415
-0.885978535756503
-1.513115595696186
-0.135466128176357
0.081237058771508
-0.885313419992972
-0.935554718838250
-0.219423286564754
-0.386378230131169
-1.594468705330180
-2.892903315188598
-0.067755695811474
-2.174128269341242
-2.153861674503114
-0.749201980887288
0.122491060595706
0.269752131504201
-0.219631000875517
0.370026286725391
1.561634123631694
0.231408757594895
1.618010826348960
1.165846734229666
-0.048280972240115
0.502781354998519
0.775487799780862
-1.123734800678994
-1.969424922545888
-1.941550993835880
-2.931090572306500
-3.312525301148419
-2.275736559496235
-0.843869941513844
-0.080334178205587
-0.750841990989315
1.099826068505037
1.585765667468206
2.431265609329868
2.773257696800377
1.179409324797981
0.333916650918202
0.343590120361819
-0.893963990011133
-2.103517900112878
-2.554543989774081
-0.529721922059154
-1.733194124902979
-1.833998073455267
-1.119340603089976
0.204820937198425
0.340941818484860
0.850452751153075
1.561415799999735
2.985770429807855
2.708439551253406
0.965939832148593
1.961920524631354
2.009894959995059
-2.033598198618040
-1.046539949541510
-0.619949911705428
-1.267573307875564
-2.014500019959248
-3.688757670635933
-2.722203365521814
-1.160954522598481
-0.224757115442139
0.623020012264823
-0.060028483509582
0.624091813082274
1.220586986319787
2.155624108611206
3.401270192038187
2.265148404528158
0.710513653711698
1.802807654524377
-0.765750506986793
1.059756511998800
-0.382405555261615
-1.508060958679953
-3.578601368336522
-2.166219002498420
-3.057731944290947
-1.439509468669181
0.191268603355027
-0.446679375234216
-1.879044734124303
1.504679600145630
1.095973106353690
2.228253604578426
0.592413633399394
3.574687947489754
1.791340194063084
2.032088382868401
-0.984436166158406
-1.581430670189580
-2.876426110898386
-2.274862248615308
-2.712670434215280
-4.098503966697506
-1.028292193935350
-2.668964239360064
-0.438716223338340
-0.243524564544937
0.693337362227245
0.920831872517366
0.064152991809990
2.494834208862029
1.908111382723717
-0.038710313285110
0.940758305611831
0.034879452897841
-1.577434363760813
-0.132684986471813
-1.034390647278765
-2.267845030778212
-1.219556533763468
-1.902569117289989
-2.162724770460602
-0.749401013938887
0.092618287223264
-0.931739423794329
-0.508792503210991
-1.728606587124589
0.836500998431792
-0.073784116343416
-0.712687823660827
-1.281575046001176
-0.356356422221859
-0.175277865474999
0.872698491785966
-0.961305135954692
0.996280878230428
-1.144452432336568
-0.312424856792089
-0.741745970665736
-1.754747296275266
-2.597107049710359
-0.258420512043594
-1.757680653785656
0.120500961980370
-0.839560854826421
-0.707048195781344
-2.202809462943425
-0.233086592463142
0.441358868131397
-1.053594532616110
1.431747448579517
-1.694747948513514
-1.969368592710995
-1.259720035637899
-0.366305164594233
-1.356338391793592
-0.405936786827136
-2.882084928357343
-1.133757345036039
-0.440867164617359
-2.266152928918473
-0.485635158395639
-1.292270229730491
-1.379370615745530
-2.051429490613351
-0.800261365596133
0.002350947586666
-0.245212475797149
1.047449537866296
0.394473847065501
-0.832450055242923
-1.236501492217851
-2.535104999066690
-1.555264863394890
-2.843304668389517
-2.512859861525377
-2.874128987909135
-2.022462137089524
-1.816456966662839
0.144627980210747
-0.045140802069146
0.234318074899700
-0.999712510134809
1.388440991232421
0.048389188023719
-0.393763855198083
-0.503602786452214
-1.783367342214022
-1.168163069389972
1.215517476564228
-2.969528724155074
-0.402006266571461
-1.724620474294349
-0.479267398240072
0.869646822500875
0.534330346125990
-0.650280627316029
0.492121565359077
0.132003476885320
1.085653703998924
0.643827465236548
1.296963425479237
-0.536369439302816
-0.832446694201879
-0.649223827562203
-0.536118463079042
-0.392176472728666
-1.656712346557768
0.054019291980708
-1.185060464755455
-0.174961137672681
-1.826467104738398
0.655411509695571
-1.482634877867561
0.006381662764458
0.726906543461974
-0.779376086561158
0.683520061742966
0.662944260523191
-0.794513574437541
-0.314960842098767
-1.766942667051968
0.839573836284203
-2.640578528245861
-0.293203566570982
-1.649656305688115
-0.159241953772813
-1.272089605091160
-1.051912922877869
0.592978014372066
-1.308139267275847
-0.900847220055016
0.579507817986327
-0.147824292457278
0.707316703399566
-0.578148945264537
1.294849104701596
0.583169611009098
0.755323709033093
-0.660593090193966
0.123377312719539
-2.554763435619447
-1.104395838401246
-1.610075723889058
-0.339401323161343
-1.327042658437259
-1.211751070101611
-1.060082932971181
-0.347546516626582
-1.131327834566163
1.373944917494009
0.601192517185529
1.434154235646175
1.147779180591009
-0.101475328165746
-1.340552983209774
-0.904346277515029
-1.964749398418121
-3.245872765337519
-0.275497493460917
-0.357490548752397
0.230649800531445
0.052591128844812
0.757999558636863
0.871009308797134
-0.624791903112196
-0.431067741691658
1.485880253449902
-0.944053692443308
-1.957335707287901
-0.272222660637214
-1.026451595967781
2.101352622943229
0.442793204150273
-0.799267834351118
1.191120548807715
-0.429410927823625
0.692480344192778
-0.617063546642739
-0.378698383748514
0.077607561823136
-0.491345894784665
-0.019746777025532
-0.802051405168994
-1.885763864651296
-0.339842198808749
-0.134721797931334
0.839889556579495
-0.586811075207810
1.828740503613027
-0.994728985091217
0.276328620140255
0.758187351661364
-1.697450187801321
0.218872061847872
-0.469529457121571
-2.420326683136441
0.292709844085284
-1.952103965091768
-2.090830934010131
-3.423001136365065
-1.695939658181594
-1.595196083935723
-1.258862907601456
0.842625313512707
0.093742074376486
0.803288276509813
1.735832327492126
0.023378094104689
0.358210739643260
0.256804782789550
-2.414590170637160
-1.428015576882870
-2.741692094816131
-2.125504762219099
-3.013171373957883
-1.594165278643174
-1.588205015078995
-2.399365334541858
-0.317665582677229
-0.157308016854715
0.299219952641228
0.285695129791915
0.908134263441639
0.986523234753604
0.089197414831497
-1.123740411313784
0.996175509197061
0.745667129915446
-1.019416216936655
-1.432172698245284
0.811663560577143
0.177673900487675
-0.725506350611238
1.675155392250070
1.419333529234077
-1.252293185961922
-0.167243112950151
-0.089725125893367
-0.356484624588152
-0.492839483063189
0.194142566430136
0.766710327276945
0.391065474778537
-0.308816241382711
-0.167094869274634
-0.033780404281110
0.371016285140424
-2.026451975803778
1.241892091118528
1.753576312459101
-1.320233308977464
-0.242713107385921
-1.837815216703307
-1.013635164657085
-1.966452728943035
0.191625648151949
-1.272065431217018
-1.000578748267309
-0.635529969104132
0.714602262144042
-0.049015183015688
-0.254274205336308
0.520661999545712
-1.420089111801243
0.345560511416975
-1.904767851256989
-0.922696261950677
-0.112801997454952
-0.708612338399786
-1.162351992080826
0.127134351895193
0.424036162840464
-1.024181282616561
0.484816085364993
0.456059004521995
1.995580292828309
0.345576140926903
-1.843485005956716
0.537140163032811
-1.520319468023960
-0.091808847081490
-1.279947440638011
-1.221119327440223
-0.557961639796652
-1.512142482491900
-0.934906785867512
0.474911408685918
-0.799789921070004
1.459592145594696
-0.088743244834400
-0.892750710956033
0.137400505817281
-2.075433851659033
-1.167222946461368
-0.333527618681832
-2.545579493963242
-2.512270803788963
-2.326023706410260
-2.463091641652619
2.063349264809231
-0.173117674503341
0.216394598210851
2.692601084210266
0.652200883375280
-0.209922933202650
0.598320278907623
0.014917677293642
-0.356157356632038
-1.750603731374567
-0.552277635291407
-0.498311098328446
-1.628758771574173
-1.790530484159270
-3.089265143133232
-1.403910578314103
0.218955313724305
-1.181573214370273
2.892886108913460
-0.168962445229712
0.608823517573521
0.946357024894300
0.110997447072110
-0.295210871539351
-0.489636625998199
-1.643345925775815
-1.528419920431624
-2.926157162535759
-1.857081890541230
-3.035723059880698
-2.889850184827386
-1.156250237468789
1.099317155972403
0.290381985658373
1.473115043372103
0.537783254314501
1.654224963549150
1.583212178022668
-1.013808354052823
-0.260812132319432
-0.701503859937987
-0.353207222637415
-2.020618904517777
-1.859541037225201
-1.302869759632734
-2.445452186205377
-2.233095912088250
-0.214424547641684
-0.924770651165864
-0.456343627513460
0.877601787666677
0.494619410800031
0.704234811678583
0.155343006527308
0.798639509664131
-0.798731533611514
0.901536306216926
-1.463520433843372
-1.102129113266106
-0.855915060271189
-0.621658561037365
-0.654865185043054
-0.728502182216967
-1.544709131489182
-0.735095933265027
0.283481475914474
-2.481496882964606
-1.818245616649293
-0.233198191275508
0.829160865888119
2.252094297169695
0.808197248585717
0.380515362905950
2.408100343279612
1.905669599063064
-0.222157432971124
0.302302018230574
-1.058577482437512
-0.082917148361905
-1.907470559393279
-1.214156631592533
0.716050042362703
0.933314120816853
-0.630336217008648
0.006756464555800
0.833934796140832
-1.663509116528905
-0.463122556054813
-1.822076958564693
-0.173146507578915
-0.446538826491245
-0.251385050712409
-2.095500862025442
0.191943724784372
1.097047202002415
0.305107902785835
-0.072634645031374
0.275055849788649
-0.527370024459346
-1.573673808822588
-3.214260326564650
-2.802744119604341
0.968667826320206
0.695802419225862
-0.583570041852977
0.706591753948711
1.288206478680735
-0.810046546826162
-1.210699429274168
0.463326256247471
-0.722461842203592
0.731459851201495
-1.746682587323255
0.712241647055119
-0.268753311687636
-1.235404272641191
-2.450224381218440
-1.640267731494775
-0.469716536635573
-0.631753528053400
-2.055702060510816
0.593657760295931
-0.524540114356143
-2.258203647766036
-0.715791952266678
-0.050666278068519
-0.981316697658244
0.109192161311022
-0.792801651794852
-0.640682989166644
-1.383701452026976
0.368451608201169
0.292157933281161
-1.509353292250734
0.864697729808599
-0.698852964605727
0.112961437058826
0.293677407404359
-1.264476859460297
-2.158811543105018
-1.109764589074526
0.611518126444800
-0.731540604387418
-1.621474599196294
-0.198732384949936
-0.838772799595690
-1.185739034581894
-0.681386874876729
-1.286307066271563
-0.364820394192684
-0.810672377338834
0.688611186073466
-0.007287679801182
1.242079789460810
0.976285630766908
0.011878550179840
0.567450840481408
-0.911841241088387
-2.625121911178878
-0.727413267474292
-1.344469637785978
-1.449014879221222
-0.995033968295120
-1.838071248484319
-1.323015947305304
0.156289729011594
0.173183529513987
0.676493168225061
1.245644165861830
0.789484594386403
0.561160843532957
-1.822260581174325
-1.418674433483142
0.004008876447023
-0.573330264436887
1.251808544505904
-1.289597475925667
0.988259865358818
0.327716900881345
-0.176197205296400
-1.373888268668505
-1.764530709873467
-1.040462190439121
-0.263781156164060
-0.845699690595425
-0.807226992382125
0.221679082014212
0.613621287747445
2.418192912377542
-0.583698490779707
0.735178277586541
-1.247418683873069
-0.156682806192595
-0.404875646619978
-2.848189217855472
-2.557829704960324
-1.758400712970573
0.050685975633304
-1.255523831585926
-1.220598072566618
-0.762488959831928
-0.431516407238226
-0.200612457795358
3.148315799856467
-0.044093905721788
0.799891047398064
1.027577645872125
-0.859186719343237
-0.454726052078752
1.781890018019820
-0.880294065790804
-1.499680875840213
-2.038083968217761
-2.245760604456070
-2.419462700540696
-0.140205457167661
-1.021204496253554
-3.373401644035595
-0.345708841997672
0.672737031698271
0.621741441281999
1.173997096262756
0.774655123410690
1.836224672198109
2.419007706540484
0.737496456706161
-1.952902788049401
-0.091570531939568
-0.572116708597344
-2.061531862682513
-0.508531729915651
0.187372821236136
-1.731115443140304
-1.915804917924508
0.161374764733283
0.111968569462678
-0.950552231535477
-0.462317778518441
-0.086919866146956
1.006121131655149
-0.156475526242959
0.130266368490874
0.537416942944627
0.705674564228577
0.213726983825995
0.268774803757691
-0.132762229393580
-1.278085011107244
-2.072328375392209
-1.420277158721649
-0.959506702799245
-0.746876962725497
0.063828665368213
0.246225614124648
-0.710792102079305
1.023902358005595
0.304186379765785
-0.854806677229474
-0.091109197148868
-1.133219664560476
-0.198948797930518
-2.445554813236076
-0.559429849088040
1.232514841970917
-0.381057082612096
0.143415788330437
-0.503657525571371
0.033804460237424
0.231621581072078
1.138222146803407
0.146272664696231
0.365230903493487
-1.483830885410506
0.085410188975988
1.811996183171179
-0.183755888920832
0.566217113450454
-1.417561630987063
0.382111022288986
-0.560358187318409
0.249778912262649
0.227890138115849
0.344988130573679
0.719365288517309
2.057983739101382
0.635578615759993
1.222340419076935
0.233718889573178
0.073613825970592
-0.805363195673392
-0.927835025802505
-0.717577394279674
-1.586099285588041
-2.795451649881597
-3.147216518101892
-1.543849775179780
-0.901924010416803
-0.388113274771143
-0.451309868259719
1.059121307609764
0.709669196792341
1.808482793770108
0.736446443933310
1.685496143553027
0.809728690330204
-1.325533805929799
-0.883953994539228
1.064266103545342
-0.504987876917650
-0.446800191324952
-1.405216723040303
-1.017707796731805
-2.024805345082119
-2.164696962953698
-1.431520931800560
-2.358053375484017
0.260616415150382
-0.099331761269793
1.494674792796753
1.109336910084112
1.280679640120637
1.877291158280874
1.365599753861221
1.683722349518047
0.095347510883077
-1.941055955812927
-1.244080134910539
-1.556653645166174
-1.348004058259747
-1.908380042379648
-0.897252507737307
-2.043289079426025
-0.600280506391500
0.519037478267155
1.273867712116701
1.392059358824166
1.686684022976779
2.602827265235723
2.962554258039369
1.263080276982425
-0.395447026742058
-0.268909678384190
-1.908835603926814
-2.221122384184361
-0.823358742556589
-0.883724162793916
-1.192588304759453
-0.895130406637716
-1.317403221389229
0.892296640146213
1.630249073993275
-1.016372242721932
1.123152195727028
2.294917294885149
2.403144205925943
0.790119621755371
-0.156791453434685
-2.307349114617775
-1.197807972331711
-3.251513744343296
-1.062897596447546
-1.796878522297796
-2.880036163070784
-2.678299838617342
-2.434002031129322
-0.680790179362538
-0.435773249082228
-1.472188663265194
-0.006806318088895
1.886724111632173
0.395913417976509
1.133204988847777
1.315106767761283
1.818882511186837
0.382359583499172
-0.032870016675958
-0.272489626189651
-1.155905656476543
-2.648291322031362
-1.567039052930338
-1.756350552391348
-0.179331876730557
-0.865341091050702
-1.060259830716540
0.162405700856110
-0.537062376418561
0.514773672921245
0.614681761539168
1.559659890621744
0.263846181618504
-0.272585813720029
-0.987893674776700
1.339026530887540
-1.431537071505448
-2.915805172015080
-2.726995590951385
-1.777386680623590
-2.205214446479467
-1.838785212970292
-0.861714097341694
1.163322284028715
0.346552405432561
-0.253165969257958
0.702177580317270
1.439319906575525
-0.553114383367224
0.279527955143389
1.207561377018290
0.913963189851867
-0.485576473933469
0.000141936781459
-1.621649262288098
-1.328090565225567
-1.775109299519211
-1.419374731792170
-0.521151878994827
-0.957681451591609
-0.731953468205046
0.120672565502540
0.358823504016739
0.361842212243259
1.510856529321332
1.078553256424113
-1.062616123252687
-0.549836804727877
-1.766306519821693
-1.266409273094928
-1.177803005822042
-1.131026710378265
-0.884889411393877
-3.849220711726076
-1.737883941384803
-2.493594646363980
-1.148652437501855
-0.061229756691855
0.795959349009414
0.737402374201952
1.761241279067816
1.159189017047536
0.992230226042080
1.299666767892864
-0.108351376958311
0.156766204707730
-0.639893644642820
-0.336335947448966
-1.146386041038119
-2.849719776831980
-3.851579286919352
-1.219372950759949
-0.780061938820062
-0.706439314611451
-0.773208945339051
0.422353322832806
1.556230688132309
0.681507376622473
2.782280560012220
1.892493506112629
0.466359341531034
-1.107123065154536
-0.790821973866383
-1.470572473069048
-2.632981189939814
-0.945980456555688
-1.792082587676280
-1.819088494303166
-1.395241456036573
-2.180591167748621
0.124881992362675
-1.275789417205901
-0.904368328695493
1.352029560624086
0.061775847393971
-0.559900768314844
2.612934505966090
1.280951854095227
-0.834660872402968
-0.020899500083974
-1.638968887339074
-2.096440319070264
-0.725322869960410
-2.446454675011013
-2.366833691331180
-2.524075830864969
-2.141819624924469
0.507584093331626
-1.803999554183349
-1.691394473538775
0.071365451400917
0.326342031061867
0.976351389039633
1.831798160190053
2.483043347891299
1.319028707136375
0.088645734321681
-0.190279100589598
0.615957046249583
-0.942062152494887
-2.512907317875753
-2.780301185135188
-2.183915037936399
-1.839998494812095
-0.244759998279741
-1.668949776883325
-1.360905802396731
1.571470221106916
3.451941527562383
0.217520798850236
1.198143044249233
2.231728447741808
0.848881122469280
0.297903890127625
1.209501972184685
0.179015894449251
0.286755402389013
-0.987294394465256
-1.777800105565332
-3.779942101234637
-2.216759679976593
-1.478224202500715
-1.314576974226029
1.067143319288262
-1.419146802754823
-0.588850636864424
1.709099013939750
0.239385763653428
1.861815105004237
-0.400338995869741
0.194633580149024
-1.256913509688137
-1.481634874994175
-2.417328218073255
-1.842063039538106
-1.293907423523486
-1.134056074122647
-1.603748108735913
-0.796661733723759
-1.015732543648218
2.411424152256934
1.725701546578674
1.692782302943554
-0.674059382223415
0.631573573686973
-0.832127723209221
0.353679558598059
0.472985665755937
-1.217765562801272
0.897417135411889
0.003588641211959
1.028292390058989
-0.348999817011998
-0.626583554039438
-0.039164308315061
-0.663337505735820
-0.730272046456407
-0.800406928383260
-1.453236076948668
-1.517712567234678
-1.904161215479796
-2.056169643503270
0.212809187901991
-0.574108708949319
-0.863897848573160
0.904595968820398
0.605692471989491
1.361397411762637
1.689054209715687
4.025303815914617
-0.119160350777500
-0.067367499621255
0.908244366477923
-0.775267698146427
-1.156087043766467
-0.256216829050993
-0.953011744813222
-2.411136714467218
-1.566912427745323
-0.473906909409353
-0.868058770893943
1.872152257569408
1.851528598606256
1.715950074666473
0.242095722913777
2.001345605497755
2.470795243431156
-0.184285350109825
0.499600026895767
0.102344051446482
-1.744740329361371
-1.575369027141109
-2.429604629457199
-1.947545903519482
-2.020425087656442
-2.156366039337312
-0.594791860548228
-1.354488004270837
-0.069043612583110
-0.889779625990570
0.672167533993782
0.032063241271637
1.178173214008867
1.709875836422924
1.971333856802561
0.166684390254205
0.521671632626070
0.008444828423006
-1.245806609597208
0.192613147491361
-1.706850706884561
-1.924524624978825
0.007698538698850
-1.179796624313153
-2.351543835948303
0.513670754503926
-0.661729254329627
1.816054831666599
0.641398833158110
1.658435429544979
4.716619405334047
1.419991042386637
1.447982320784966
1.445666308470867
-1.130145820999410
0.504200516674516
-0.843808250225426
-1.453600918929982
-2.105428321586515
-1.436008807725097
-0.720017612193065
-2.347200028062728
-0.363381686883278
1.790452987029723
0.146704784351264
-1.014078247293678
-0.595522172961655
2.081521479620888
0.628935606957770
1.838181844530104
1.916696583216460
0.005590648259487
0.109790421686874
-0.768027632853922
-2.124648307466860
-0.663083759393036
-1.418981871145167
-1.833656757074051
-0.388135358566261
-0.643551987685402
0.204982850351964
0.127267960952397
0.581258323820713
-0.790094957613537
0.998868367711594
1.055784792177389
0.110152600580163
-0.791183858316345
-2.095030951002814
-2.082300767026172
-1.138128504505753
-1.644076962435482
-1.979624685152153
-2.125446584156909
-1.495852179368683
-0.419666179698697
-1.446395270334301
-0.506163925997881
-1.199768028977897
0.067329612264105
2.449797963204544
-1.271097143559299
-0.826799873359185
-2.205085125170509
-2.618094830677459
-2.932206315119868
-2.407282416551154
-0.128951127085464
0.590228665732944
-1.354380583413925
-0.116303569821078
-0.171825195579474
-1.430904644089832
0.244310943939618
1.013259175972975
0.082346579745214
0.258860319543571
-0.210347243449158
-0.512554756521098
-0.296189793875989
-3.148303013352753
-0.752294163769735
-0.878713628688202
-0.057834040775693
-1.763512782616039
-1.048199566595824
-1.423619725151061
-2.864346130839192
-1.516416112442447
-1.774854834478523
-0.484151837979311
0.924551047818986
2.022162701734579
1.709360821117673
1.016040436717989
0.828122730507624
0.902927827270388
0.365941707816386
-0.596112725778911
0.461463897231708
1.592339494272793
-0.885601629861710
-0.155808319215140
0.468169656043371
0.300812459268146
-0.048833606795764
0.418488837781704
0.485058716345315
1.621711579724233
-0.660365207919583
1.838319543849190
0.854532413807308
1.833263275795714
-0.742429303758558
1.256964025634550
0.502048362218862
-0.350914484150906
-2.339523009303233
0.637059577826737
-2.539771922971294
-3.279869104356329
-0.425430245916432
-2.256500295313514
-0.525478622042056
-1.932822417692569
0.270882997954096
2.332145032941509
1.002918633853173
1.981748597838025
0.621216591888499
-0.577751383711619
0.075890381256030
-0.746353761455844
-0.731672493065576
-1.653745822686354
-1.135488389177260
-1.419426975875520
-1.123427225793661
-1.767589601293951
-0.648198137438842
-0.291619932705548
-1.535198301911208
-0.188067228660972
-0.961286955397024
0.884868849035007
0.431118167953524
-0.746249890744131
0.411630637259595
-0.970137383495119
-1.908737160960009
-2.495285850350505
-2.622568789858919
-4.571370260439581
-2.657126643559530
-3.628021135703644
-0.980284354420067
-1.083378268026766
-0.407829087997275
0.072402872642729
-0.504644239214849
-0.615370677463635
-0.116499237821285
0.199226006275389
2.176937957443993
-1.437813057767989
1.192019207996141
0.711162752179533
-1.984044973204504
1.062792970277251
-0.048439136191977
-0.971960925429335
-2.069852730367390
-0.481194555329857
-1.094278228779858
0.683384694243024
0.431154962552532
1.588634205163572
0.760899819356004
2.501870459534985
-0.079430075124197
1.198776776364408
1.512286002139255
0.123282829651922
0.016393314227578
-0.802635685737628
0.325561275382823
-1.096263437250829
-0.253101336236371
0.934796666944490
-0.646520909036779
0.036548451953147
-1.126562842856043
0.263960004137344
2.000984739150318
0.340986190360932
1.957527212352983
-0.319323584497063
0.747309556942922
-0.445586648679860
-0.047376897799511
-0.096187329491138
-0.775518181820799
-1.032440861245144
-1.037758167795795
-0.224222028143934
-0.804524250467496
0.130467629004672
0.530938787572949
0.475785765813908
1.002541458074330
-1.498986054822109
-0.258562687544629
0.907493544757897
0.435475341789812
0.368526408710049
-2.012136238181348
-0.645812693996400
-1.388849685596839
-1.857522625498242
-1.533959291338340
-0.821554037163477
0.228388353748127
1.165717290402644
0.881916164670280
0.954814196710847
0.155122747359117
1.804910938475348
1.133671896456917
-0.439443545527960
-0.708220944651503
-1.938380487450936
-1.090852391395813
-0.636952834918823
-1.415069378926672
-1.708023182536638
-1.667888549404395
-0.289984687438016
0.064533016174940
1.842210082260979
0.438563995735214
1.105524125944547
2.227123552971715
1.610045486345242
-0.145717448451314
1.654289374188902
-1.563570933032485
-0.461979131664264
-1.698194055335568
-2.073294949606293
-3.012412542095008
-1.896103174448976
-0.990771394530387
-1.249339845350231
0.625010530616332
-2.032919507067052
-0.912096576690397
0.492115259884445
-0.346411189964769
-0.054933545871632
0.422746380894497
0.881721969683422
1.461180362811537
-1.114467991755595
-1.571740039894009
-0.122134418718656
-1.082852593694946
-2.028160405993985
0.031704451538757
-0.812104066546850
-1.201560671587977
-0.415532892499934
-1.328759878022673
-0.378008798128417
-0.736303965321406
0.525120146014639
0.087608942261875
-0.803809695928729
0.992126023563642
-0.182986282538555
0.203797390025131
-1.694368061306189
-1.060286416070974
-0.486770670671549
-1.308254870241320
-1.732283154995800
0.848761594006431
0.098676611536257
1.806103429622463
-0.408587080406230
0.687125965910854
0.275933751460718
-0.029754198823804
0.112126127177479
-1.154859679897305
-2.547264203008929
-1.441943729077367
-2.020570671125526
-1.270100529066438
-1.884682528611276
-0.353635989492190
2.075761552856573
2.167355634686202
0.982997537782536
0.508823068267294
0.047155360520258
1.749333950973202
0.646788346125225
1.251009867459909
0.692423389906712
-0.662553538398648
-0.776172694251953
-0.028465939326320
-0.784450439294222
0.511034123443790
0.498822442316520
-1.884585534996535
0.173391904270219
1.195404472838023
0.550718027161165
0.949121687653488
0.036571340122046
-0.811624063057418
-0.469789490904303
-0.040141214923877
-1.090045409164624
-0.843595442195891
-0.143931928351941
1.127858555662209
0.539699461209103
-0.027378203845710
0.102758003930985
-0.044918227931877
-1.084180727604954
-0.847947902921262
0.604216844690208
-0.238760464424352
-0.329291582435170
1.388902358566024
-1.528907221351593
0.690322781910579
0.336371646657677
0.474635498962122
-0.121033690618484
0.493698484258336
-0.416937725793052
-0.909164480991798
-0.773647108096917
0.412144148745707
-1.503261825314449
-1.744377233614010
0.149566486002431
-1.028071599219174
-0.949460462424043
-0.662054985153369
-1.098831326092109
-0.556938772509918
0.338426667114649
-1.990229642972464
-0.143404027659215
1.368179814541570
0.615887576469090
0.629599424854461
-2.193046874642044
-1.872180250971965
-1.094242737138672
-1.950353525447583
-0.177150610921948
-2.907325258278968
-1.672879079325845
0.156052156465807
-0.059670488968244
1.066996335585887
0.272396979390647
-1.477843866088462
2.594929997762161
1.007289005074613
-0.425490303181812
1.079265972935054
0.679944922634119
-0.231174599892236
-2.010030387563853
-2.543181081791432
0.410183169414663
-2.775641163543486
-1.399363009487991
0.341367551717956
-0.902297349584422
-0.850221743145051
-0.565834326997422
-0.838663781325737
-0.842947717946687
-1.126440668154682
0.736059669872463
-1.661612821592179
1.271662688279077
-0.015803191160540
0.475493610791636
1.168757523135237
-1.089035784594888
0.021054925620517
-0.548628604489231
-0.673541787403299
-0.818213779662201
-0.284388211588415
-1.046720155577546
-1.620120987819275
0.745475178329207
0.372494170212885
-0.189514762005652
-0.010505475356576
0.317674614572742
-1.037735658305908
0.329187378953579
-1.251067767075109
-0.035078017672250
0.731298817535323
-0.433153977873171
-1.969082828647912
-2.481130040635027
-2.390629874294641
-0.699722656041423
-1.315790013160247
-1.567006729283644
-1.324830742750103
0.515402759963815
0.368612846982512
1.888409802824769
0.293225530573342
-0.059181429416548
-1.223836416914878
0.437594789395217
0.358760035427403
-0.000198798624099
0.309839125843549
1.132524336255745
0.882067288613641
-0.017648678060877
-0.291902636010977
-0.787140570633720
0.768021338244033
-1.414224833347297
-2.561346423139591
0.731631066190835
-2.245417262212693
-0.136999439077821
-1.631724441327985
-1.488366018396021
-0.364796555196865
0.157675497189375
0.247433417500339
-0.155075149516312
-0.785229667454984
0.151956378427914
0.761054247768470
1.138913084023556
-0.872396699777612
-1.405718148480981
-1.959523432502614
-1.759854997156046
-2.026026915608911
-1.537510296743906
0.402877501220172
0.989215826878810
0.848495538504521
0.216995079158602
0.954225738533282
0.796959793527242
1.036032407168658
0.093271769369215
0.686783809463891
0.410390954394045
-1.428668190775811
0.160804108872313
-0.056213045730789
-1.878703344644657
-0.232757830871054
-1.351254616436615
-0.607847934987001
-0.736999405178037
-0.994648601597802
-2.176334713153007
0.352964733850390
0.670870204859669
1.945132191137616
1.072128253589320
0.515906029821474
0.423093464206718
0.998934042425251
-0.479314303314354
0.152990649011026
0.273402678825015
-1.618576153888118
-0.060046525168848
-1.348260970409743
-0.272169432955903
-1.559046387224555
-1.773829874273263
-1.903189988360048
-1.842381523469476
-0.085384262549616
-0.898293733711204
-0.830369170731749
0.750987051400775
1.283105210624271
1.351595523248357
2.229003498015512
0.630595706649354
-0.145547730919853
-1.267710184280983
0.331923575255301
-1.325439327183271
-3.277313340733939
-2.160310223733940
-3.013855423521097
-2.383061610636626
-3.193180546972292
-1.055274884364978
0.587170554547887
2.458530927097553
1.436193654544093
2.942496759148181
2.807625532794842
2.557156208563803
2.158493213069636
-0.218451707900470
0.859103598171128
-2.249922621303644
-0.808672058449136
-3.574081699544193
-4.368158608792308
-3.674531282674388
-3.845238572363249
-2.195805258920204
-0.970444064560635
0.158998825885858
0.270997544559651
1.560389387779022
3.787626030358743
2.105647883350253
0.709302192503179
1.171728296809684
1.459862601828288
-0.048817439390924
-2.400513861020849
-1.780778557997352
-2.359712313688402
-2.953097872526924
-4.221517861525889
-2.796293264194381
-2.398576460178151
-2.225473866157109
-0.004406644040376
-0.110724006807095
2.070070816946429
2.242296104803225
1.055715726138945
0.940812546356888
0.295058133033837
-0.308021774505734
-0.011880397176338
0.441445078734286
-3.341434627546870
-1.546808185475507
-2.041423302977109
-2.820015785314245
-1.886546568383806
-2.857935645062676
-0.477617695025066
1.003264765373877
1.311270609556292
1.541022341699688
1.355418462492655
1.240255567773012
0.386836277049393
-0.901958891445577
-0.420776365469253
-1.450040748430644
-0.734258175475641
-0.973519806058812
-1.079909539347142
-1.092061642032300
-1.440321018749356
-0.576053073700979
0.279301666355276
-0.219901498772378
-1.389470006798391
3.244643592012657
0.322860849317125
-0.356450594374336
-0.519919611359911
-0.345033710302959
0.480977522765848
-1.007772817711899
-2.239951120268343
-1.774260259784932
-1.931521722544847
0.513302005560597
-0.166125387868917
-0.723000989089723
1.834988376828506
0.196162228193225
0.321690003245784
-0.237836019900411
-0.329041898257969
0.029605284627520
-0.128357253763109
-1.071305459159227
0.148463110205925
-0.996684918445371
-2.803451508327063
-0.712156389426362
0.140815709124194
0.936032465119860
-0.798987745847485
1.680579038541917
0.479996003676452
0.641426487329754
0.571822036336485
0.898237969646643
0.412033632838399
-0.418744270728712
-2.131711522533575
-0.510258203915733
-1.214389047776264
-2.638298210773671
-1.018215781881551
-1.742967219205182
-2.353910955329963
-0.323643124768932
-0.717113827124331
-0.408187104568584
0.389237210084804
1.733393158875002
0.960240609762317
0.576195080347883
2.225198227436879
-0.340635232008870
0.242064466485151
-1.980663158107885
-2.540222371721006
-2.628330692327009
-1.101708927265146
-0.213690540933047
-1.695914508761587
-1.713465093243397
-1.150956265597281
-0.173822255247307
-1.279431565614569
-0.127331301288111
1.657522334882227
1.931361751442600
1.152402175802124
1.094598815306765
1.184052383974743
0.476548288289994
-0.780291887106297
-1.876565761165187
-1.263492987919601
-2.699017418543105
-2.264677872513608
-2.475833838527338
-0.948046422414107
-1.241547564211447
-1.777877758002109
-1.270978705941602
0.825749087298935
0.903199213781706
1.995477368103685
2.129443297253837
1.262342469284639
2.413601742753433
1.340470904031090
-1.062749425196963
-2.062186303645562
-1.879531952377516
-2.485038962838729
-3.067078846985055
-1.983399844432177
-1.361136884913603
-0.350573688128664
-0.302412600309502
1.555955785371978
1.256182421015868
2.283156757220728
2.252264269452746
2.818706130198825
1.514450063239889
-0.993038848207618
-1.408621170068002
-2.224170198348889
-3.070876466677163
-3.341004666016673
-1.419326452936138
-2.796307971975738
-2.030667967446325
-1.061606057686481
-0.466217314133240
2.438864871328247
1.472002908008773
1.238335604730428
-0.372036121719298
1.592390766001941
2.078890440514487
0.941740352146626
-0.955284847748838
0.266970454157404
-2.025004257244204
-1.698712043103567
-2.421252441680165
-1.476794553259702
-1.794424398260360
-3.245035669126703
0.220070023653282
-0.037286705982278
-0.308490382487700
0.695402769982911
1.751844415212307
1.005140863670209
1.170004343267472
2.467815281134316
-0.135259531415601
0.291893870845686
-1.143029711041186
-1.461856855311792
-3.348111823193634
-4.307628097556660
-1.494903534345387
-2.756539954867048
-3.539458837522738
-1.725142138685948
-0.563447343914504
-1.135993768350158
1.058207388906149
1.983856044429305
1.252714149513391
1.870010187993213
0.804090936099792
0.857315632988387
0.383388334541670
-0.616486697191158
1.644212943809318
-3.320245234854507
-1.702327773439124
-3.118548277327038
-2.493349087931725
-3.998426823455966
-2.870539989633515
-1.755803411246785
-0.326764508376649
-0.562779897522005
-0.819969578527370
0.977501035734735
1.124945763017914
1.457467747437672
0.385904241196447
2.132099830820235
0.982737655717105
-1.171284928346983
-2.110164637476060
-3.007502507789003
-2.115726962091522
-2.267207280472362
-1.495488730111370
-1.237188723374397
-1.511854290141909
-1.934017660180084
-1.287928936540994
-0.156403325928302
1.332377101663762
1.406526115174423
1.182451497441019
1.713243706300849
2.369656595964834
2.262291440904643
1.132327962345926
0.475083977227950
0.265342527844509
-1.331862047379538
-0.206940508502915
-3.112867640015558
-4.064493027050107
-1.773192672326821
-1.608138559180813
-2.326377400630165
-1.214585131362647
-0.809885013626727
0.187232811427588
2.522335138816822
1.432334229344233
3.598026839731809
1.647116212824087
0.469898442216574
0.303790389438919
-0.361047987595104
-0.834727163867555
0.113812503868057
-1.447170548304865
-3.616602950409995
-2.034545156761790
-1.255385740458675
-0.427326641496594
0.665094584144895
0.470856736289335
0.702322617284660
1.539044337629714
2.882530914658044
2.452944320810522
0.105068514678516
1.692294140929945
0.603525525418933
0.172390499602220
-0.639962189438005
-1.818064342500082
-2.388691069952564
-2.874353004405627
-2.701211273633245
-1.511582627497060
-2.355988388314405
0.730118975499845
-0.337328729731507
0.188783581791024
-0.564687362699995
-0.749674720424057
-0.926134455886781
1.701915572599845
2.085693545113518
1.361110983710116
1.503390609224145
0.032833616304236
1.124656169443684
-0.693053909453924
-1.418948335092836
-2.244660448940629
-1.437304524070373
-1.820030735085910
-1.077095072757439
-2.982789618991804
-0.137490086120027
-0.502955989856598
-0.590669265795301
-0.189000948229589
1.623227854408989
2.922365867696796
2.360145199497157
0.872958465906059
0.889278271801402
0.042993968593001
-1.888663037659651
-1.327353226947571
-2.631284603526482
-2.052935139939280
-2.627387179995709
-3.837224206158324
-2.095136109161683
-1.834493153451709
-0.872714717201415
0.104472656169405
0.972903718828977
2.469514774953658
-0.457434833605021
1.187855321203911
-0.605095199270285
0.387549367359458
1.087488578740701
-0.746306843274636
0.819981219000050
0.049386496312454
0.360758672456018
-1.172328020985320
1.075746925484401
-1.247161124765293
-1.316554081415638
0.319263889387839
-0.865856272365040
0.517385401990607
0.838773410223719
0.363875273633676
0.533547708206006
-0.399395994930261
0.428918293005493
0.331698927487341
-0.668991580085533
0.285166838157745
0.803862968700802
-1.138243410997173
-1.449363995226628
-2.730775457777884
-2.184659999957765
-3.599076462576068
-1.216859567713344
-0.696740114090613
-1.012381716985038
-0.220646134225439
-2.335150808580195
-1.335211892525621
0.016272237989035
-0.310678588739578
-0.035537046872085
0.303165910553473
-0.231854253140954
-0.663043676695339
0.200351914565477
0.667774214464464
-1.654565129065046
-2.224077974322067
-0.881252249688494
-0.944083362729617
-2.962979965415744
-1.076183954919963
-0.250707973158466
-0.596378184874800
-0.967247497648321
-1.022766244426485
0.669364168872173
2.221342637540046
-0.512439229180689
-0.843649837524827
0.503444251297951
-1.654871747977006
0.310744676808535
-1.128403223130569
-1.930922395546155
0.798069319490260
-1.692551659464357
-0.087438383146401
-0.112464550161826
-0.904706670752256
1.470478919571430
0.000235603169624
0.374275122024387
1.966579325493358
-0.478322668994450
-0.586607245984444
1.958079235357510
-0.517535454810115
-0.428663655928462
-0.070918494012175
-1.562250206680797
0.318015263417276
-0.417265998776031
0.979611919250783
-0.266233977261246
-0.369194426273307
-0.392112040481459
-0.040988716192989
0.425186068294943
-0.005556899750511
0.724050453229076
0.380810133073906
0.203819765760731
0.761141839299243
0.135834543026256
-0.341965013779274
-1.355895475879160
-0.479901025445489
-2.448943327865219
-2.104501982796494
-2.058285841546673
-3.413774256763638
-1.672667220451924
0.993258023505061
0.405295867619991
0.926897502989938
1.466083391910411
1.090555832080283
0.049358056443914
0.065699145752644
1.189330447168213
1.115088614331810
-0.713605701267311
0.070805507487733
-1.871397481313591
-1.723131354728862
-2.481741413727325
-1.684807622843645
-2.710813556539995
-1.896074544738715
-1.242998888068449
-0.407814709079423
-0.114407987641399
0.291032561069687
3.740614967401235
-0.298926011233513
0.509379403369107
0.916073731242285
-1.376531199916525
0.501658916458814
-1.021704713124818
-2.583647219770127
-1.714780960058202
-3.139126116357023
-2.557833543509376
-2.008937456367764
-0.569396391032781
-1.487796347894740
-2.534342125206992
-0.904394306534839
-0.921548617963087
-0.290030844161675
1.148081237609452
3.723125226177282
0.371338769308391
-0.263734618905908
-0.506385090585117
-1.603290091415932
-3.060639240317283
-2.824880199170890
-2.344501789256688
-1.757362841338075
-0.129755081293324
-1.394188224424195
-1.363279413579149
-0.456974366289017
0.572827537136812
0.321822773098431
1.410697482781388
-0.134929945618607
1.744024956078955
0.281991242443544
-1.043375902923244
0.407068115844654
1.017477789248913
-1.837930151351478
-3.108721694500023
-0.883269895873019
-2.140810289229742
-1.619535228507846
-1.542247000465269
-0.453712868722011
0.398123334893904
-0.925296334059343
-0.597905503414246
-0.650076210623729
-0.132933567637256
-0.643465248908739
-0.399566529149443
-0.248066584564913
-0.227007692669844
-0.503164485439308
-0.285338055756797
1.703010712266589
-0.668412783885915
-0.605372540869627
0.425194441593096
-1.245858914746420
-1.605914470431516
0.576751650662944
-1.027661672638072
-1.605902977186381
-0.804364561691348
-2.643954786246869
0.533240279446202
0.275020414672816
-0.222569685742908
0.551682845765524
0.826565796199500
0.227401269712829
0.243005257004940
-1.161393069733962
0.540752136650577
-0.668454521968427
-1.445082255419236
-0.233721435555138
0.476257532955968
-0.784134068988629
0.931480981252928
-0.327453436152574
1.478221471447120
1.951443684072181
2.001022997878345
1.222950353015411
0.501185861199572
1.183203756193963
-1.521305860514301
-0.131363069705988
-1.312009443482947
-1.175165179147627
-1.270926510490708
-0.661692432602749
-1.593747638805559
-0.599160524713388
0.209723015385891
0.979001770858895
-0.831753032901555
0.727953241706807
1.208629304696129
-0.230289401222829
-0.607830873301770
-0.960555587527701
0.007446100978955
-1.718554341088231
-2.186979624469037
-3.119355462921827
-1.644211902188326
-2.040933403779703
-2.226882087330697
-0.638108654236087
-0.102475816120200
-0.887993936710723
-0.208490867464929
0.560819143729676
0.649541420769825
0.224199433470404
0.222782634943937
1.310220731590739
-0.756753175031107
-1.406568777503944
-1.083315868157622
-0.214284251722010
0.122528913938234
-1.300545837063043
0.308534747861329
0.308147163557687
0.025214978507233
0.791285350394836
-1.023562435632656
0.263603234072560
-0.252842955751626
-0.880714502014817
0.154379424731591
-0.275973414437011
-1.057739621401616
-0.234071382857800
1.585665244062032
-0.273798411321903
0.173743042067000
-0.615128841876600
0.203633641329340
-0.418805206273799
-1.075725841961092
-1.648629032924875
-1.306109550939759
-0.843839540907934
-1.383099295507917
0.748165908836098
0.051284579095186
1.100073208101159
1.640336699893397
-0.192014866370787
1.425193786928187
-1.032912705858862
0.270386332223352
-0.751075505215150
-1.019768624966310
-1.460848311448449
-0.525392224551711
-2.665304047008731
-1.683899853910567
-3.470844102739155
-0.166065959711576
0.685931768475955
0.873494736283960
1.159994361802340
1.186930978817933
1.519451380927140
-0.035711554071003
0.903849971550634
0.781594097775782
2.208675720858603
0.637953604765845
1.797307671875009
-2.484434060327244
-1.384609015209082
-3.469833997773386
-3.408779790254483
-2.366239721269451
-2.891249551263352
-1.638032094556663
0.115080594293452
1.264421576127227
1.282285117952924
1.810585938052081
2.835385667610900
2.377523068169485
2.534066142944991
1.624759924319071
0.888343754285259
0.013457052748590
-2.460110688969571
-1.469679962972167
-2.657285401528042
-3.338440330266356
-3.586738019742310
-1.132272571359300
-1.041464634238675
-1.593840167138565
-1.843775575376234
-1.047951691739561
0.037018592668520
-0.148788135132433
0.002297838823854
0.602542982484485
1.111648461813232
1.685902870037211
-0.107689367024567
-0.779109842121661
-1.963241309679789
-3.751372830228109
-2.215484059956029
-2.059283471600216
-1.939291865217989
-1.941371157653334
-0.011164126625331
-0.289653019438301
-1.308658656325848
1.029933129015999
1.877917832112883
1.222221022760798
0.357825253529624
1.162970100786981
-0.623970832655671
-1.279427008848076
1.622486726630356
-0.125485856120535
0.946114593035271
-0.769978495175988
-0.728884119160265
-0.422706137112115
-0.696439309710942
-2.707290771166520
-0.308050663796709
-1.155145312787311
1.108503772072813
-0.582491524806138
-0.439436159197915
0.249419768311084
0.207325515644537
-0.242862372476322
1.277789368657020
0.543957881545261
0.517688727799280
-0.563046007068233
0.209650270502915
-2.600195701734156
0.641624104412849
-0.875075033572872
-1.936748090056808
-1.077201306779375
-0.996669799181686
-1.727130926044708
-0.731481683314686
1.457894601565816
1.470145900208325
0.172662128790468
-0.267686938297715
-0.032430852889361
-0.886824675440256
0.296661666409643
-0.759096422780451
0.480513775084329
-3.291449840716260
-1.370061648253037
-0.500610214946828
-3.078639977105989
-3.333057346776231
-1.393717493083847
-1.051599151377966
0.875091256768879
1.253878774237076
1.475482061425321
0.615303213474764
1.199989293182722
1.842464603707847
0.133112535108931
-0.363508953543750
-1.164027790489488
-1.288458313501235
-1.843792491896210
-2.726695477330846
-1.303228074969460
-1.984146617228251
0.689459800030405
0.022769389866929
-0.578068882874427
0.116787718051576
2.294996777072939
0.876474839248849
1.414002203929273
-0.035636090364150
-0.294651973177152
-1.258710111236722
-0.868694691951108
-3.028587059615480
0.097506538502164
-2.176749349931111
0.782669696397777
-0.433088022136060
-0.475928550590349
0.694794908102916
0.771270995714654
-0.264685089552584
1.046860351454081
0.024007611290565
-0.774749992085848
0.223327113009241
-1.455618457560531
-1.387130447129346
-1.297902988609684
-0.306948915145423
0.023006335945431
-1.349979026383808
-0.544517978098952
-1.366466813130601
-0.883062788010796
-0.157216657863384
-0.305973219820486
0.096383845336190
-0.908866671608147
-0.053811467790133
0.152816368825497
-0.754597615377464
-1.060915279785140
0.405345848294512
0.876250483492020
-0.536769226925893
-0.284866468445441
-1.847400083342187
-0.919110247199802
-0.210111656888247
-1.052120837868046
-1.843814920338141
-0.352371943790046
-0.547197264751909
-0.989607915935543
-1.362280991088371
-0.972805865945210
0.128026382032302
-0.886853785549257
-1.385340095624015
-1.398469638080525
-0.353886792595305
-1.174868726763899
-0.256596481783118
0.241510260715094
-2.114268575345850
-0.005625863298586
-0.469209330841967
-0.525680887648564
-0.322614228385290
-0.621076424479092
0.080548248259734
1.651017572886130
-1.068810424202038
-0.042247461182534
-1.440958614802070
-0.852594412113330
-0.282057969385666
-0.007776995107138
-0.658080438090727
-0.279573278153776
-1.261312480138265
-2.596197889086764
-1.502778701052754
-0.438883821597490
-0.911443924868536
0.130280533137782
-2.134045723687364
-0.964839973168606
-0.884082077153888
1.919403688757575
0.320328593243637
-1.061160644320585
2.109765304887675
0.132723571994649
-1.231294142777821
0.585232107093150
-0.511778061001738
-1.720319941246036
0.400740548175434
-1.566712771628104
0.490065579366521
-0.816193744115684
-0.341487825007432
-0.566557841169584
-0.792115050735546
1.015163595538427
0.791849688986393
0.728350004582569
1.643088772166456
1.305326064621272
0.170645762942722
-1.230735496900981
-1.415761261444327
-2.383468411541378
-2.104157131112720
-2.706603939919470
-2.617147694040788
-1.072565148409747
-1.916637306022143
0.494819050026918
-0.225106632301234
0.469932830204980
0.460683621188919
0.745059605826914
1.772418749594407
0.591664074018221
-0.697678139704864
0.131734669591466
-1.012390493584484
-3.300580416345784
-2.177944162489981
-0.942651307763958
-1.485530045050344
-1.953599607637484
0.091259209739739
-1.321713306483900
-0.370955588187391
0.567855458934265
2.161676565044705
1.479683160084159
1.461118579416900
1.139954976656579
1.845220730592359
-0.011217935233916
-0.531279118647690
-2.158209124152693
-3.604712891829793
-2.111356313346039
-1.527225449947215
-2.267855130374486
-2.424490814492250
-1.038904376382791
-1.795397042289112
0.752500992607460
-0.359939423567980
-0.157832745046398
-1.297044322188319
0.416940539345474
0.276328521811641
0.035048632965065
-1.239901027405145
-1.282241827972481
-0.165527370545364
-1.702885599961363
-2.358661989177777
-0.984122641236875
-0.456196543986277
-1.691944670901513
-0.374874022364004
-1.007078199904567
0.304607846711951
0.313950480715538
0.565489407965626
-0.349412630032718
1.293513894016529
-0.815694522503960
-0.993847562926815
0.303198318803950
0.654254725824677
-0.505284192886499
1.228001172645091
0.098712805194776
-0.790300030789517
-0.213839337488849
-2.106032657457735
-0.668358773238673
-0.762447019880104
-0.201647394653723
-1.429997370370312
-0.996037346843859
0.830582160952755
0.647134931711388
1.240107352073627
0.360652197179796
1.713092187246405
0.158779027326614
0.323815788660370
-0.468731193382222
-0.120544251015517
-0.173328987036771
-0.118593430654748
0.613975475351327
-0.277862105998076
-1.993001313853991
-1.736451008238483
-2.566788000757711
-0.174906674841182
-0.905287711013334
-1.004572929696243
-0.295111199501571
0.571214399461757
-0.504872268403483
-0.060109577398966
-1.610024269121735
-0.752830367716288
-1.176494567349447
-0.659118453734353
1.081139396269546
-0.135129627591838
-1.509219609203544
-0.621560268887272
-1.628741919161922
0.479584538835482
-0.733354061211204
-1.358522727273807
-2.334512140438560
0.355025389207851
-1.977076459749226
-1.521117726638456
1.019196366930319
0.999169933480084
1.472619134450825
0.851718784614934
0.884839574115488
2.488337570892085
-0.241497864689295
0.335868774660894
0.141533083639546
-0.789347308406366
-0.671898925113641
-2.311178629107856
0.148776590530519
-2.823640141882981
-0.196766995802030
1.135702723717690
-0.775158511677941
-1.293649077571853
0.949186431609256
0.050417234138150
1.163711343499538
-0.639023005414540
0.427630222600726
0.010278916811031
-0.507136710903529
-0.308373407711270
-1.935552929826072
-1.422647789993328
-1.409711735609192
-3.008078195857045
-3.289700161318527
-3.149064060663090
-2.080876890828518
-1.570504136784771
-0.079829481673190
-0.403360196760981
0.566168782900727
-0.836505433282327
2.510540931885518
-1.090430023252875
0.137025491291754
1.224378378862846
-0.913717114068994
-0.249180862830977
-0.559428697925131
-0.167922876393154
-1.963954084538100
-1.179464356167844
-1.089662487267309
-0.778152005895427
-1.189266450120833
-0.699055816010475
0.335938435277641
2.725676657447874
0.045832611705605
0.003204240902948
0.389909301184881
0.932604305911481
-1.234045533255625
0.087114461644484
-0.796842373535146
-1.089243644604352
-1.097858000828734
-0.847259938430726
-0.878430261342008
-0.956619555637154
-1.232358448498086
-1.086327268731776
-0.396355763286953
0.647492152353860
1.468385185812169
1.632817406741064
0.911675041248983
0.666489412903322
-0.259881345467961
-0.034968101752871
-1.005578516870292
-3.147355503979630
-2.760940842020253
-2.023570161347973
-0.802210934216999
-1.464086329031239
-0.115182846550383
0.992227183583831
-1.253447220314190
2.884851071740749
1.833252195842887
1.815610808885745
-0.145908632931374
0.330885910287545
1.356550079142959
-0.254822931762408
-1.934638318831442
-2.614477034708354
-1.960585390277232
-1.663146493225257
-2.819133944787356
-2.071799944483028
-2.763762883729888
-2.059266156352533
0.789806177627033
0.587512750944195
0.675201500425649
2.097812140199568
2.029846801248580
0.266047584909378
-0.499352360018999
0.217731064107211
-0.827383892640751
-1.176453873902594
-2.740060813866191
-0.700174347931996
-0.950767608978815
-0.569572233631089
-1.967058619087338
-1.317058585461166
-1.772028074789401
-2.269025717703466
-2.662203254279072
0.609795768948865
0.738769730000955
0.786703221125173
0.827762754606006
2.484699137988501
0.992743099615389
1.286994883836843
0.160702195533993
-2.257636703189203
-0.886552642949232
0.052805230197103
-2.089614736612423
-1.749337735739438
-3.443606470049593
-0.689231831285916
-0.490091755678072
-0.357593593791360
-0.835474651739616
0.154280299914807
1.254984644572244
2.785539084873257
3.499872925948626
0.238186136477548
2.640349551016558
1.611789657111488
0.214450828060982
-0.480773874956912
-1.837135805300059
-3.118163954325122
-3.155129702209233
-2.754113207256445
-3.184875327270272
-3.666867493317701
-1.254279287391973
-1.445780778776408
0.390882032692381
2.070148873209991
2.458474525668572
2.690363019967325
2.347262275568515
2.088169636270072
2.368632014780286
0.457277737102057
0.322731637554713
-2.099747176981018
-1.423966803634633
-2.712499178293837
-3.953491403914022
-4.330350196876029
-1.514137808980653
-2.599322605027241
-1.944608182868469
1.002669815289396
0.122581619587697
1.900694084277337
1.772368991952755
1.704211216341590
2.541083397466624
0.848075168495916
0.347640255286789
-0.923193897015024
-1.153336371275401
-3.126586558431964
-3.286627486090626
-4.972367515699528
-1.795625536863755
-2.976002410336458
-1.335603784539543
-1.877384820983627
0.691747983185215
1.734156265983518
-0.086803983350742
2.343668942705764
0.615951933239784
0.914081230888330
0.371955734473582
-0.710891490006525
1.416559526651084
0.072369029886887
-0.423150106787167
-1.370561159420173
-0.790045873767873
-1.156540912414515
-0.549085171240727
1.491763040264587
0.867056208188728
0.239709479765808
2.730638376553495
0.791032430485893
2.204192163447288
1.593766274546873
1.406135002193814
0.918332170229791
-1.082059894313347
0.500913097827331
-0.873562888603606
-1.023043990687126
-0.057387623368627
1.569832240339904
-1.156657323971935
-0.888755206365262
-0.286018937244421
-0.397683304832240
-0.101468856304468
-0.768340898645484
-0.745453325863897
-1.088573865890184
1.035032818989024
2.526539526354032
-0.203565669281436
0.141093471476556
0.105369858528902
-0.116597358163528
0.471286710985698
-0.399351585849004
-1.666043524189791
-2.820851519541691
-3.201961987339795
-1.881095116495916
-1.431593184892721
-1.386014964461120
-1.845997854949595
-1.376702847524737
1.664880339872556
-0.022837252307260
-0.432893251923816
-1.734983232510981
-2.112410951647256
-0.145176697994196
-1.968285963371323
-2.546988349389363
-2.247485481501198
-1.847837119926584
-0.504495072216305
-1.403116205469355
-0.480538186406061
0.475873983582228
-1.420400963225411
0.048114878448460
1.049262208467679
0.255490638732049
-0.574398125318738
-0.694397586180635
-0.300813258529206
-1.645882051765589
-2.060215932928113
-1.415677028004211
-1.433000577277848
-1.252571517379027
-1.542761074465666
-2.130387243808819
-0.453741342984419
-0.118450974662199
0.812887056712052
0.296823447627657
0.135880892828792
-1.615315705351460
-0.372255744529916
-1.740648978199998
0.064096104576150
-1.193884938824512
-0.243722192763368
-2.636160340425786
-1.299347283375201
-1.207751240855095
1.792794167640065
-0.718704557711580
0.029151566694783
-0.089522371496065
-0.991645824430248
1.810621662839131
-0.012031445548723
1.634961345659977
1.063233230848456
-0.568676544158988
-0.998775402694029
-0.325919303612182
-2.118631967310373
-0.898749228592796
1.327048025578120
-0.780201696601587
0.168949211012116
0.383338200139601
0.586595564359045
-0.166790579848603
0.279475250133781
0.522665579308514
0.126365772667874
0.544219814359956
-0.437176832309684
0.986596183747211
0.047867756094512
-1.043898334935771
-1.647249895933320
-1.068164047386406
0.362368104715125
-0.869737798674596
-0.958990349228661
-0.891017089132336
-0.695977676315387
-1.647720022802593
-2.026950320491212
-0.007551503361692
1.212849986017753
-0.120762438971228
-0.049751838022458
-1.335247223697053
-1.158984650215326
-2.650588013932800
-2.331519833626349
-1.597926974327329
-3.386182902025812
-0.963192198584917
-1.639582611138163
-0.727352884593039
-1.574677329677493
-1.845517482639513
0.890676342999753
0.703996580773889
0.207732607262482
-0.434229728755615
1.287173558262380
-0.130390197213715
-0.159529023062102
-1.085688695442984
-3.893969376550406
-0.685249285706157
-2.360647034207073
-1.504562813881112
-1.644331211206137
-1.440827433702581
-0.795323703517641
-0.643898448556647
0.676853994721791
1.215140627324923
1.832861010189614
2.036498141808711
-1.645819656731028
1.704797820350527
-0.187302753317382
-0.992986617951749
-1.446102369994793
-3.681524195910599
-3.104763035570286
-2.855141182929579
-3.416827367779664
-0.611032537835685
-1.213284700887113
-1.564547561662064
