0.909405931966488
1.888867533352870
1.174490516448587
0.844565349088007
-1.576406305102863
-1.378890765398473
0.035124317316459
-0.736995005394681
-1.953672137324399
0.586515302627274
-0.424244462471104
0.702446796786250
-0.218227074390831
-0.372762661509014
-1.084598672005808
-0.181980660696427
-0.085074651373234
-1.196089129414890
-0.553358749711125
2.248481669853460
-1.137980703104972
-0.438835496806721
1.178365933845383
-0.846357755986745
-0.914912499992980
-2.196100024067009
-1.422813196402144
-0.955185880512667
-0.688218799491167
-0.042812813221736
-0.805365352290302
-0.232972051126660
-1.043235758702176
-1.016451880806345
-0.583588219540150
-1.442001359303521
-0.699741285596651
1.291880272286599
-1.597929629440312
-2.247227183191212
-1.744032525423576
1.001679930971512
-1.763711732301570
0.003844296276263
0.453214715607341
0.075159322444964
-1.291466228152131
-0.668167896832843
-1.999702340425593
-1.569159929828766
-1.044849607181492
-2.770932101436741
-0.666150452170193
-2.131175133640940
-1.829693935815719
-2.393038427331933
0.961221193857333
-0.497567965530725
0.862115974321513
-2.056489054543311
0.002753453984126
0.835637574056982
-0.734399359142268
0.217836360058586
-0.439347346145662
0.544595366447473
-1.333117042257214
0.759701195876589
-2.755641986767957
0.912514576374072
0.308976884523968
0.314689106524674
1.247142687071495
0.363881816687799
-0.294043870549282
-0.066059577336344
-1.225958257054407
0.460298701197852
0.806105921282407
-0.430563776838470
-1.630040422576568
0.439509610144747
-0.057149773220633
-0.034064753402859
0.358197981917050
0.450198597861173
-1.057643964653927
-1.581268082683303
-0.878921331382106
0.381520508223034
-0.356978780840395
-0.567443939483038
-1.523339097179002
-0.324458416354215
0.350568534785809
0.416846796220674
0.303702308373449
-0.858451864395388
-0.493792793800550
-0.557625603055052
0.514662679537037
0.256084585838057
0.773120260260675
-1.901381818625629
0.720484366913451
-0.338116889654412
-1.102728801382557
0.298431927394781
-0.060786457287279
0.020764656913167
-1.151748915365018
-0.356845111235163
-0.542073503674587
-0.451062873884227
-0.722530886784840
-1.701406898227703
-1.157963184654504
-0.226024373927024
-0.717352139003915
-1.485890471598182
0.478602260987325
0.156632829033247
-0.758722623925878
-0.436848340127249
-0.071936325369617
-0.501412048738227
0.333920593402670
-0.695287541856721
-1.826957338188683
0.689196050639458
0.119262643356724
0.498334265143366
0.035052708331449
2.193615078524750
-0.254157458939527
0.566918212936863
1.032921141217963
-0.366906972331415
0.022206049072331
-0.678447118324422
-1.999300523931081
-2.113715158084791
-2.723121668115866
-0.778819885611271
-1.647834687643608
-1.906238726847753
-1.670921039908630
-0.637865422464971
-2.462052954409699
-1.395941342653759
-0.232386410311501
2.213046037662846
1.137448638543232
0.084041557804786
0.751971632201872
0.464606057688131
-0.084342387453166
-2.058922029688188
-1.776506326409220
-0.251414252838530
-0.530089350168840
-1.995092570760288
-1.455689458601675
-0.893253639919146
-0.577208517570946
-1.921808421012197
0.824334594714950
0.023079000866663
0.475977607901995
-1.215208077999826
-1.059407283690873
-1.225773099849853
-2.484855951660802
-0.177559938421129
-1.150831829285644
0.836444591103509
1.245040446796299
0.369615845898985
0.562640035413350
-1.101542190060398
-1.749991470655857
-2.017509852089742
-0.668007531875798
-0.366545358679065
-0.568619043536007
-0.596051987300982
0.981497521017634
1.586837645908972
1.913583648521319
0.068575352837257
0.407891369693390
0.372478383566094
1.022571744912853
3.057643978331903
-0.847954258814517
-0.460797158999300
-0.545172934368883
-2.460648274392576
-0.618532228797167
0.986530217476597
-0.665870047706277
0.686257676554797
0.704232951725031
0.913441277237845
0.009876076313412
1.206846342492097
3.015166821002943
2.013275698406364
-1.520286089811966
-0.223134675264823
-0.744990186919566
0.161422901666549
-0.278475685213286
-2.598961958551644
-0.232911844107987
-1.868924368552307
-0.107154489809750
-1.061904059252947
-1.031312174064096
-1.490736948827134
-1.309698915043870
-0.225621124534307
-0.436569870757856
-1.184658588028126
-1.334398315711489
-3.400912736768304
-1.240309365547302
-2.347342386726292
-0.821209233003519
-0.768765266346451
-0.192961158295724
-0.511863646585619
0.482127439231352
1.548108088870793
0.759068538707114
2.538945546339613
0.284811785196289
2.035417549829692
-0.003654361694350
-2.461998451585890
-2.729326530669123
-1.902188577211131
-1.902392003649032
-2.137005957622727
-1.702930392262696
-1.309823213954968
-2.188172128880756
-0.261337886676734
-0.696772654238123
1.032462271639335
2.920010405995109
1.983667103900280
1.943199553355486
0.269249932015060
1.343233826906812
-0.342265960474162
-0.237313990899337
-1.782591960443298
-2.429813977441828
-1.627856326811483
-0.777323037455735
-0.691074587869962
-1.027306875467306
-0.913836085465939
0.228346159788498
0.936065274754159
0.285305844901266
1.171746569144372
0.118846285901488
1.751693999245854
-0.839370887011736
-1.778334344309841
-0.855743883855088
0.080718952191375
-2.864135917268517
-0.707810518062584
-1.032972166908831
-2.846931734346131
-1.284155902017408
-1.107301364026786
0.871260887891013
0.923351188158206
1.987433852087322
1.346327614707455
1.052856023730167
0.557736013056788
1.296390000941110
0.689709689344790
-1.124145929709810
-0.074883270364111
1.695610222859934
-0.777467100262483
-0.174091080166587
-1.846193752777730
-2.032008770731905
-1.097364349419581
1.451958940910105
-0.415484935279413
0.829946256791167
-1.407811360163463
-2.074866983134797
-0.931843826708169
-0.060862918968956
-0.636097578981981
0.237021649651995
-1.856125269383737
-0.308611306593916
0.435744592245504
-0.279299367760389
1.374266743902943
-1.407241020208211
-2.295712697119999
-1.385154948470382
-3.288328387930181
-1.478879823486631
-0.843657641317128
-0.695825788754635
-0.150273586312500
-1.011124171211125
0.198315584650570
0.888288815156460
-0.650471306916154
0.982877544780698
-0.912462934341303
-1.393879565238061
-1.540062149432558
0.084213719816774
-1.230594206988782
-2.796363159169986
-0.256677003867691
1.745012269870628
-0.276623395889502
-0.054078933089321
0.359664721291480
1.298559733535679
1.231344553163054
0.141820846281742
0.862183031263039
0.137224127036319
0.520325554223436
-0.688746228030478
0.323250263586773
-1.341911083776272
0.418489573090825
-0.391780535284892
1.510098615596262
-0.209706161137801
0.905368842644954
-2.079946448620879
-0.017035871982894
0.532717993640611
0.466432946238516
-0.590929950401219
-0.869149328706104
-0.463122769296512
-0.332683400080287
-2.348629085788261
-0.547651144967701
0.888147212645358
-1.991060162088974
0.168035532910602
-0.175122392506948
0.550443390994868
-0.207540582413462
0.257093748681955
1.013948438228979
0.922308442787188
-0.267967996812498
1.134597954015705
-0.383050920866063
-1.406975713496100
-0.580247774601746
-2.612278974042686
-2.929495554396578
-1.857706988034955
-2.658261492376379
-1.287080203801451
-0.917870072938283
0.140464561064105
0.860586874757139
1.293066473365858
-0.843795918039989
1.827219180254760
0.778540133874932
0.949149753043441
0.007231964795340
-1.358919811552262
-1.169393988385031
-2.381763391412426
-0.839036282594332
-2.681553110086605
-1.553208885909268
-3.381861165629262
-1.169832919253799
0.013583748647207
-1.834752138209817
0.778654846975619
-0.176219048666367
2.723688406588049
0.651680164135230
2.993439837764829
1.607854173411206
1.012923824352102
1.116580352670675
-0.972150498203943
-0.417270693261750
-0.513990924603646
-1.769171068223355
-2.063415335169195
-2.435477121375120
-1.446897902619896
-1.314974710535082
-1.291575884335067
-0.457234574357213
-1.023394143910516
1.004040835188464
-0.152786332438885
1.373477201571736
-0.008361120286655
1.140075207721756
-0.706673134914929
-0.208956629654041
-0.131252937815665
0.390041900656519
-1.059070692114092
-0.920636800901930
-0.816735232842994
-1.061530638325105
-1.390071243160745
-1.160637564115022
0.118941106999374
-1.119189679340733
-0.648786985377440
0.739030861164625
-1.161641789115236
-0.947823491466368
0.119655521536552
-0.104780167566437
1.062395714070948
1.721359523174758
-0.864678301330408
0.284921691290199
0.106240323361077
0.106883883447160
-0.782163423542190
-1.273149604301456
-2.210369770430363
-0.910488458339921
-1.741687476041262
0.261160998163288
-1.458443584740190
0.085261774680263
-0.923743480455779
-1.165174985274240
-0.328336065933999
-0.227463316497986
0.217118284400158
-2.019331862537751
0.581550552471227
-1.401631055354019
-1.564324450501551
-1.149676246175542
-1.129083681286557
-0.865663598613700
-1.142136871782867
-0.432095239759570
0.030524649173601
-1.129008053492930
0.676512994995294
0.017755643447127
0.391475728841963
-0.160008502235941
-0.826446133283292
-0.847398321191046
-0.685764500289041
-0.896132952534734
-0.992409389080249
-0.410632621329847
-0.830757129142813
-0.361268764046789
-0.833106761546752
-0.707785606358292
0.338839276052505
0.503030806277479
0.019121576958499
1.257925614012936
0.524230594736142
0.787148742786366
-0.234961627883192
-0.079776725254241
-0.051607754583249
-1.951860697453867
-0.921608165175106
0.110263515984985
-0.636519651677471
-0.590435484940299
0.197865620025988
-0.602426810904088
-0.629313677232136
1.197601819976533
2.226463086138565
1.157427858436384
-0.563089973485941
0.043573860836609
-1.187813827740677
-2.400383740606730
-2.183103888426039
-3.169273951774715
-2.651407767151438
-2.408470213191432
-0.881729921952092
0.337589156982103
-1.270869183160394
0.317781406231122
1.167450463074714
0.046019495541193
-0.062778766051142
0.685715303896719
1.788232694471708
0.920070549206683
-0.761191128766803
-2.329027188459154
-0.798266488434026
-2.008413342018240
-1.454514661751419
-1.864611496375563
-1.679972924056607
0.475297295941828
1.038631839687298
-0.017729607209425
-0.422483774599083
1.968192496213698
2.121638517202868
-0.341388422793605
2.538213190694963
-1.876323174869117
0.655541165532927
-1.075943540532780
-1.204299197352017
0.282068374679321
-0.664125138964295
-1.084702403252493
-1.733818522723830
-0.193576348372129
-1.727477661721415
-0.815269542800336
-1.873246909585192
1.393716329527421
1.605905313178002
1.830996704432196
-1.503381363791114
1.091601336732546
0.882179383777053
-0.791644000768317
0.946694439047438
1.797212800737291
1.463041722254451
1.371551793925416
1.156372935769803
-0.954960586734104
-0.981064576806189
-1.932713850679619
-0.852115640840199
-1.670368567182144
-1.508353319932795
0.527533703551378
0.844816495289882
0.487853877744518
0.644904020188401
3.036308814771152
0.462241485839505
-0.488551471527662
3.144008629051056
0.195061147471793
0.108737585564332
-0.104385872867788
-1.191154647655422
-2.897816049654182
-3.332667022352322
-1.749088343643976
-0.731571132859307
-1.641464426883743
0.321663105612563
-0.296889871319284
2.312036827499699
0.045925746374930
2.409910401885089
1.121192669380307
0.155864603109445
1.107089654237652
-1.464780717589724
-1.958004950712819
-1.410313663489461
-2.749134451560768
-2.074695236361087
-0.103244515733914
0.069641468178387
-1.787999661188646
-1.907943638481684
-1.651383190473747
0.271260447847427
-0.137184731666330
1.148268036789245
2.687292363992080
-0.106898730000016
-1.345579673653308
1.030074128051954
-0.183877967863429
-0.357267028839607
-1.645016946951033
-1.170819128013321
-2.746971348219346
-1.552217804134236
-0.722436231108695
-1.533797879796072
-1.070180689355714
-0.657656487073541
-0.599184545267280
0.742244915318158
-0.319957519181049
2.316069060080684
1.986976391284029
1.854448820876839
-0.274942386390034
0.369563706608211
1.057324667435604
-0.263738325667993
-1.530791689359539
-1.012647751413113
-0.727172021472038
0.131310965479409
0.351666081285247
-0.450108767900968
0.822173426803409
1.446156570504481
1.370602843498646
1.328971404169076
-0.816800017329370
-0.040071730997410
-0.774726865188971
0.204169294728714
-1.420188519208437
0.672622600501240
-0.376280545809508
-1.870338257769199
-0.745208300772189
0.352816064818540
-1.020946055900023
-0.912601961838621
-2.083126995160238
-1.128776116683794
2.597580740193618
-1.027746025004264
1.276415702828563
1.732662807135798
-2.005924152800350
-0.897794085218084
-1.147690568700082
-2.211850947418289
-0.856873417708397
-0.206116732034755
-1.426891604948758
-1.070613861270816
-0.750578129490131
-0.667011833463110
-1.916648421687935
1.055298287031716
-1.795257281675253
-2.200949250874389
0.960574530393980
-0.493423137341395
-1.676036988947233
-0.019651929587250
-0.865872423706724
-1.180899256335976
-0.637417086657883
-0.807434899831963
-2.106682995821140
-0.760293544897501
-3.357139171043229
-1.860072092254535
-0.881259224850996
-0.349344528665656
-0.643759017223555
-3.222747126131731
-0.572502841587373
0.393194943284651
-0.540954867201293
0.449061423673716
-0.746616464282079
0.525374972117278
-0.097519718148012
-1.298491830364479
-1.998303840758843
-0.945215593868827
-0.080971431166145
-0.381016590860084
-2.283886297690322
-0.663513910648909
-0.998711847760632
-0.794690662652397
-0.044573670910326
-0.749135138028846
-1.166515066769244
-0.836367097834986
-1.140968717474947
-0.858418130010700
0.725607520189173
-1.539301776513923
1.234840963891952
0.895366128872996
-0.353977873500789
-0.779053806648603
-0.448361031912282
-1.151685608232849
-0.485544038515819
-0.359902547186720
0.075950468899975
-3.797679910211270
-1.295758807389913
-1.065757521194449
-3.485208701613214
-0.810442842356870
0.429235081557549
0.040777569697445
0.613913020864781
1.001570995514516
1.555089314997623
-0.316957535223369
0.792524754518381
-0.758139948599560
-0.475892484136089
-0.285693809820466
-1.522874121158388
-2.128881981374888
-0.250212135263279
-0.451634025393640
-0.467588748184258
-1.576662257371673
0.895130565414550
-1.660275056555805
-0.327630087075868
-0.864687368703702
-2.396021811751554
-0.577414353425799
-1.893865413559663
-2.678111619498990
-1.287926261063334
-0.456903690864370
-2.458545840257081
-0.755080492926080
0.796730335603613
-1.189451535723014
0.617234245548815
-0.234906426182742
-0.423214049185161
-1.633797209519940
0.460343097331771
0.711122154114683
-0.062276798139382
0.597039738271487
-1.762494726017643
-0.632052309830344
-0.280545751746208
1.011144724436179
-0.256753221654844
1.016855728820100
0.735703291558646
0.375154585686469
1.646004913201314
-0.502626122851441
-0.332286841397229
-0.414016013966584
-0.316867920783461
0.007738817919487
-0.893847411035664
-0.537188706619682
-0.953979222351742
-2.325524676836720
-0.967201331194070
-1.286910015269569
-2.735412161498998
-0.983393356524745
-0.288104364570807
0.464120487356032
-0.986202561445519
1.004340246309193
-1.176117879795254
0.585353291949301
3.794610435693911
1.036734146921610
0.244591869364533
0.696945293857697
-0.350190824621911
-1.741029308168273
-1.596481560953265
-1.179410304944710
-1.665344961249735
-1.423129598022342
-2.650860353934242
0.102127682000172
-0.345550744491955
0.280733063535515
0.132090261393171
1.071082243045244
1.612261242123261
0.994783785958534
0.587678385642818
-0.793503989979486
0.574112809958781
0.329144904899647
-1.365849070444332
-1.192765806999605
-3.920648851611311
-0.279538147501145
-3.396819981671285
-2.549157267474223
-1.628014059207349
-0.223943332063747
-0.766710525925606
0.134533724209536
1.169485033731205
1.937503638335418
-0.091870728212325
0.921105152128335
1.426388780842562
-0.378480559239820
-0.874715113259183
0.384174042822815
-2.217605996182181
-2.053225462964238
-2.237912915112882
-1.582436656083714
-2.197572909735189
-1.385363199218477
-2.138927025827055
0.241800473386802
1.195524206580901
0.712603253416678
2.249196115313680
2.599826213953858
0.597720287340552
0.277945015153895
2.125082715969212
-0.426932814860627
-1.027322784666893
-0.752744411920344
-1.720086141362490
-3.343630729991424
0.238024248096278
-0.343665659165520
0.296808333766643
-0.761465267937115
-0.263271174426240
0.664947686034888
2.446380242554182
3.025286720770043
1.604677527658069
0.926834150112411
0.387015971794095
-0.083162534192757
-1.215187657390502
-1.368979610766738
-2.190091836322993
-0.536167289645552
-0.658087111411942
0.251721211309754
-0.430358585840723
-0.532127040713838
-0.486411732281495
-1.019067933957446
0.711237518059332
-0.491210933291491
-1.452004627663829
0.127462056610879
0.100979248427837
-0.025979427063940
-0.027946262923381
-0.412806579063440
-0.130634196683123
-0.050509966266263
-1.525333954859786
-0.388897318623487
-1.325676222686254
-1.862145590174439
-0.828225620000770
-0.707610897409215
-0.432333983458527
-1.989594984745550
0.127579317147351
1.227743867349119
-0.446907704931622
0.345042877447158
0.511635188336932
-0.540370925201086
0.743096005645374
-0.342112414394832
-0.173535893204700
-0.422629406206228
-0.469549878885769
-0.718143800143921
-1.353424103314710
-0.608108108459320
-1.597708735525122
-0.832068201292892
-0.258472912508120
0.095224491850989
0.785057044880191
-0.109763325573804
0.456620380775920
1.580868869838054
0.352201663079969
-1.244066595469901
0.546331457172342
-0.106690798433784
0.322817296165814
-1.462338057697100
-1.200765382701424
-2.141699954218297
-0.659736906187831
-1.337037900319346
-0.988401241668327
-1.051860391159408
-2.036499040436057
-0.497771212740138
-0.538805137408335
-1.039085055865451
-1.391977045391061
0.139474832658861
1.918464340130935
-0.223621877111555
0.259989323834829
0.822146216026434
-0.036150152320816
-0.692309928827757
-0.797428032539387
-2.820078616280963
-1.780097647566499
-1.114909230717791
-2.047185958314163
-0.857332919547691
-0.305212388956443
-2.108716201052351
0.831048373901609
-0.276327444734197
0.193715067908218
0.434537623134064
-0.258870606304845
-0.523637474267901
-1.422078303374517
-0.498191895165113
-1.103659444506965
-0.895546059345538
-1.284124599616578
-0.449682635423162
-0.207409453870730
-2.432727146447177
-0.508157094046696
-1.109565411833616
1.603370544547282
-0.784655258312029
-0.855238888365243
0.099558695833090
0.249138197842581
0.381876306385984
-1.435268533654314
-0.239017907677236
-0.001138122903554
-0.676292938897052
0.851310537549230
-0.024253474555720
-0.937109315074340
0.531748930612003
-2.014542685512621
-0.249849125938729
-1.561908965199301
-0.664834043670709
-0.969382093771893
-0.138558226298552
-1.233943290535877
-0.468454841418803
0.127139875520627
-1.030993908258621
1.036040573188868
1.023965201942550
0.112973315591542
0.728451172500005
-0.358344307782389
-0.308146631713784
-1.643295261859209
-1.808972050979590
-2.547318993469607
-2.242147108604544
-0.823245110265078
-1.386270796691683
0.652345306893788
-2.534014038309305
-0.260587275635499
0.756684472469485
-0.141902292790411
-0.137666335420265
0.839476566442263
-1.273018108947383
-1.063331213651008
-0.338479962493420
-1.352829667168325
-0.539814754660692
-1.265930053770999
-1.570582017862610
-1.204598902134297
-2.813990767627759
-1.200222699266225
-0.977820838406233
-1.966942648355785
0.976963391719227
0.376578443413703
-2.301243238554964
-0.269140359810777
-0.898149355036194
-0.277828106277749
-1.080005191268077
0.846885858255443
-1.384224954437456
-0.751605030683502
-1.951610836143511
-0.657814695144119
0.037764166188788
0.006831408892161
0.129626707599114
-0.244413341129459
-1.330977776545923
0.078810854536717
-0.332465325203579
0.958114443712557
-1.318962500216596
-0.928090469537565
-1.005520782104047
-0.063302971708176
-1.883270863773233
-1.489181431170914
-0.673485959198219
-0.404458057176541
-1.596872668504977
-0.624914781871371
-1.947094962659651
-0.089026149433693
-1.491240970750356
-1.144888222184300
-0.088251804196853
-1.392604035273898
0.257624523439568
-1.113103569896868
-1.064837375842995
-0.133658479938848
-0.332259253774272
0.110195437772940
-0.397334248814622
0.024746962900989
-0.946175884237183
-0.214915590165612
0.419642072479950
-0.368911765841047
-1.494012304278781
0.528679718006992
-1.175206008110061
-2.097263809337523
-1.743812129727375
-0.654197905763953
-0.572059909222709
-0.520433610558803
-1.226493508544977
-0.783470793631496
-0.493036996797321
0.263973579659347
-1.133826285839590
-0.942100801154038
1.053268922064921
-1.080189699316704
-2.237829420399313
0.585360597564462
1.656928525404015
-0.245751835866214
-0.496638643720942
-0.649689066756470
-1.928085440006945
0.945677041389058
-1.035112367495429
-0.014384911257763
0.586670543537099
0.876943899882365
0.021707096750961
1.058553357917017
0.491585786980846
0.012628930075689
0.030897372043502
-1.443575026724915
-2.088973053950019
-0.914497263756198
-2.081882477442966
-1.102202215953719
-0.365730689418521
-0.126312980674141
-1.661189637284300
-0.483082314486650
-0.589359341898510
0.322566767288433
0.631761652612579
1.043266281182628
0.259273201457731
0.126254765575871
-1.603516671583868
-1.036248648365305
-0.535577224475929
-4.400361254526009
-3.651825098090523
-1.459591873181750
-1.003400333528400
-1.232920326748787
0.220876189067167
1.506097603512453
0.165772476549325
0.014136329667822
1.654958514905227
0.971679784888865
-0.750450198878233
-1.087141571150017
-2.100667947625038
-2.433535572691684
-1.107234988666298
-2.151861227892786
-1.246199719776276
-0.574052930992409
0.168405450078347
0.401498900839262
1.922225228896932
0.259405108753906
0.936758587475215
0.151757171322455
1.591097684645136
0.332361014466528
0.067801927142014
-0.528252044520520
2.200597850738846
-0.341027354026524
-1.595905625507938
-1.102004921562894
-1.399377773934489
-1.773386746273847
-0.103916411864385
-0.415508824914664
-0.751939688708455
1.247009651360114
0.277916413003705
0.392683236430653
1.450469917283901
0.258312327590081
-1.124751573770486
1.269017453553897
-1.323474275153611
-0.847851178423135
-1.059788108486096
-1.104985567588894
-1.758321669667864
0.587722543880768
-2.094626645030869
-0.576460936964038
1.072269995388383
1.015685045900315
0.231342718609579
1.072998843661827
1.185537118773542
0.969008515985732
1.031181027112473
-0.195960051843875
1.387875806844712
-0.760968092077216
-0.740406349740234
-0.314301392976420
-1.605771739447192
-1.306692338605404
-1.810682352839734
-1.331585750292122
-1.661399107233418
1.378196426251895
-0.108780120150767
-0.261833425130591
-0.304120001499287
-0.672600188098023
-0.115354387181510
-0.303711634892483
-1.215930867266884
-0.184652571095009
-2.387091616709754
-1.870741618011427
-2.556408384781438
-0.884127099226182
-1.062808785501658
-0.745866728689513
-0.325637888210644
-0.684967562273634
-0.580532282482146
1.606398462886664
1.320357835113887
-0.798172086661816
0.351219737128692
-0.014218923947118
0.309582899146658
-1.665045560737374
-2.057445058102089
-1.711642283202982
-2.977710339382925
0.262540192367829
-1.392605955800996
-2.346456262228095
0.342420428685539
-0.559284735826332
1.666378445194963
0.570140559487934
-1.596081677429317
1.182352620511687
-1.102484298971884
-0.425521832864782
0.203210398857946
-1.072791448521598
-0.507983496398727
-2.459464652186460
-1.109988110051825
-0.579947961300281
-1.416683120520192
-0.655698339007323
-3.204013489541677
-1.152127533555489
-0.894676998682865
0.162313710549962
-0.103263982537199
-0.727405073203227
0.288314982185312
-0.758349764877707
0.246533452592545
-1.051803829105433
-0.640468925686500
-0.938526776424042
-2.177961547097476
-1.530449880351709
-2.793096306023874
-1.801965094589048
-0.871563734680038
0.784944027975473
0.173418702620687
0.240467876608073
2.702864711387895
0.845985687365605
0.221997761730276
0.495837031446086
0.598061749617239
0.494361759756503
0.012199060386495
-0.051554944655085
0.047542802502138
-2.258670842476731
-1.205847497254360
-1.780579944651068
-1.260727565424676
-0.665102116130217
-1.002332390439224
-2.004427211394305
1.474124600192444
-0.011041267571753
-0.934356759796975
0.259866377840439
-0.394497568256655
-0.402848296598471
-0.456370847569598
0.149412076386101
0.651972123977915
0.005442178241859
-1.370663894793017
-0.818164481439972
-2.255168063938577
-0.059019672567144
-2.253785708816014
-2.099987474818521
-0.771755824186011
-0.751398970606758
-0.964491805527371
-0.324732314259055
-0.821213798623471
0.222311158839566
-0.600674117442074
-1.406723297004254
-0.992771339669805
-1.135379625521628
-0.118860329964193
0.818518199775062
-0.056826237911016
-0.038668591656346
-0.577661361599688
-1.797717215750598
0.016200626268633
-0.291266115385231
-2.500676693194435
-1.661922786550748
-1.996557204087813
-1.327756437152555
-0.436644883671603
-0.580471695323813
0.736707943250102
0.194549865699303
-0.072981341581266
2.420450488561079
0.655497530334319
1.499869530366247
-0.641757421104354
-1.019847211946171
-1.541293880592344
-1.937609415093916
-1.310930878689115
-1.616247002062789
-2.933223847345999
-1.660747386238687
-0.476937670092755
-0.684371355873773
-2.441039173059615
-0.347646305654664
0.290442848309697
1.948438269297719
2.112574154399578
2.530678461407973
2.274466829508786
0.666981587201808
0.520966841413474
-0.638719210569566
-1.658754179280064
-1.329115949754511
-0.777115940618093
-2.382304028319869
-1.941640723061301
-1.741091788265631
-1.299391990306948
0.753258703088463
-0.976674244886744
-1.015316141296340
1.396992058430473
0.275746245944321
-0.218489298130195
-1.066052976347582
-0.285639123525657
-1.230217365666953
-2.308738674835123
-2.854939724382868
0.159938868676365
-1.397696204862148
-0.788510488704022
-0.446768046209272
-0.325413652156293
-1.844262990685331
-0.252948903053930
-0.449816384059270
1.268766830593454
-0.659897481606691
-1.391077931902307
-1.075703772468164
-2.851909717447188
-0.724137231372252
0.224647752118018
0.638025840692337
0.122611531893837
-1.138923914837362
0.408677962943142
-0.348488066673718
-0.350610180923977
-1.589297335480105
-1.599740368523151
-0.761293295769223
-1.081663767155867
-1.870629268205565
-1.581303697643558
-3.332029405167939
-2.628791305890345
-3.215185302624924
-0.996981181544263
-0.957563304584132
-0.400869161411572
0.408367477823660
0.677731560541682
-0.432395821125061
1.021263925590350
0.268367997495302
0.980340902936462
-0.141267423343578
-1.171681102842384
0.366977370769584
-0.033647275540851
-2.099318602032573
-0.880572061455293
-0.339465475702991
0.298451103464374
1.207157617453992
2.532580659569045
0.559027342324819
-0.095877256254290
2.738756957383381
2.700206477592886
1.598419276028109
0.832213274443922
0.383661642204802
-1.831101253122485
-0.369002286870873
-1.263003076166281
-0.799504095387711
-0.284384847259826
0.064920604924580
-0.184894411699774
0.414165663231240
-0.577648201208698
-0.473059534570709
0.673016627757547
1.457316813190495
2.392016680054166
1.289330439424420
1.821775766857548
1.557299799127934
-0.599550478350138
-0.211559100866009
-0.743927449291006
-0.019400993988388
-1.029865549467244
-1.373060322905908
0.327254802438681
-1.156474085901615
-0.422430562215087
-0.633777852891890
0.030166310986543
-0.472492796381256
0.037752032084461
0.507184576393299
-0.511669581439457
-0.860426934621824
-0.547366946645470
-2.351744273374714
-1.084272006764110
1.379072676390345
-1.546279496610207
-1.239042013598592
0.032717471975661
-0.134291482376422
-1.502978021162464
-1.165619397140368
-4.251902912167635
-1.305380376976288
1.141286698116173
-0.249382309983445
-1.783591375508186
0.270779997993625
0.667708831892726
-1.664266721757578
-1.374749480201284
0.522241090144821
0.115755853785947
0.260901744200825
0.476939847763943
-0.428893183660656
0.336497607147193
0.837317093559448
-0.964242344220173
-0.801095640678021
-0.013437896789820
0.111193070221972
-0.151224137572390
0.306776995739043
-0.565168130770239
1.064942552431436
-1.036680370349843
-1.772940892700355
-0.612160831769431
1.045976577796657
-1.330179609327883
1.631744805557546
0.107824327719559
-0.123872821180091
-1.417909168498383
0.826412059155207
1.343494554781497
1.653355282398572
0.877201817803745
1.907422471904108
1.037105516132788
-0.388957240872210
0.011525393040760
-1.505831072027699
-0.738791310609344
-1.104389874344859
-0.756626098629094
-0.719275770191881
-1.043129554771943
-0.641385039149369
-0.458564619504539
1.770054862560715
-0.909448939762044
0.910524758135180
-0.702294695953808
-1.333592988576175
-1.412083549962311
-1.703678657882669
-1.792061252879377
0.298473382231075
-1.965400548441699
-0.165573715511380
-0.934778042441940
-0.310160849395078
-0.200711777926430
1.398163552408403
1.444241755028302
0.403424692708648
-1.487813327802945
-0.124297320464220
-1.869391100254603
-1.280715462952406
-1.873627480322871
-2.447681158652456
-1.092808386702591
-2.048798578545438
-0.843748203921057
-0.491831196813438
0.469405226017795
-0.369552180079953
-0.446899399569912
1.851645056056191
1.012216819931954
-0.111978033177775
1.130119266860515
-1.401254969600804
0.317959093923742
-0.384066876326793
-0.558702572106604
-1.367320850698905
-1.136844176667625
-1.095763619625187
-0.887180653805572
-0.081624824717871
-0.057250165629016
-1.019895549228885
-1.523667025959712
-1.787462459332863
-1.663324021551611
-1.362951746801735
-0.639774176553422
-0.746978515207226
0.464635350180222
-0.398660481488176
-1.505612648635908
-0.242745140982413
-1.253045521111856
0.649694506548304
-1.995382607923986
-2.007530392727011
-2.490589282076538
-0.721623269774874
-0.319759506127473
-0.778154507650474
-2.318537749790336
-1.117452002170022
-0.348349401432481
0.791494795926273
0.471107833171640
0.730774119559029
0.094916059724629
0.184745146728869
-0.558740118517124
-0.272541903447273
-0.682206372303782
-0.861556825593814
-1.370729786086474
-2.955514639804079
-2.640921989971277
-0.224377255670619
-0.433023068127738
-1.543167301531398
-0.117597318600257
-2.047811087254348
1.556290430843443
-2.196713218824340
-1.316518954963320
0.961329835797040
-0.260028484715287
0.366339430662558
-1.608224880507260
-1.448917399235163
-1.901642500673340
-1.680529133222111
-0.479279013135640
-0.459175620517165
0.339989225459000
-0.555518375207209
-0.391409022290911
0.797026590589943
0.841106232578844
-0.114669715785378
1.138692815586577
0.067652843323708
-1.117895375325292
-0.898748752467417
1.000229946614679
-0.916842898910719
1.065567534519942
1.247862568422804
0.127131518395139
-0.498800562534668
-0.709593410032853
1.392351563255565
0.442140922985426
0.120000025538546
0.449324328034613
0.811136614644214
-0.022474528318658
-0.328575033242026
-1.460330876641095
-0.722762655237045
0.101055940038701
-0.405439484392428
-0.669145982174188
-1.096179921050541
-0.004755087334108
-1.252571510015551
0.659029006255242
-1.209148959949277
0.641641593688095
1.049504588225687
-0.554804235935754
-1.902839440235653
-0.737831051083787
-1.069525039259219
-0.153131147911842
-1.827491236151083
-1.492885280374123
-0.504061737963463
0.509049495171461
-0.736651352267284
0.142957978237974
-0.341796110982962
-0.728904117187145
0.196108722154226
-0.107471138674987
-2.641623865943482
-0.130150456347975
-0.198067762943147
-1.632417813181332
-2.294942270252609
-2.277968259194243
-0.541583292781150
-1.105744903112229
-2.104809044877404
0.288777028986354
-0.166122777899289
-0.731405718339173
0.445049106650396
-1.663412187869335
0.590751131256631
-1.431331515699209
-0.253964556887707
1.446332784632824
0.384666659209441
-1.465906113187672
-0.614483262021766
-0.332655037295196
-0.620692912059571
1.545635470403930
-0.179552709266352
0.926908561435315
-2.593848545459315
-2.432742679277534
-1.021425078886396
-1.096416243449736
0.380359453488289
0.172240207303884
0.086210985677150
0.654827606171205
0.022649714425823
2.381375552344116
0.336834896073231
1.293777168729285
-0.247048724780318
-0.352853140994598
-1.245380523312513
-0.395551542461571
-2.558349856021676
-3.070351632276295
-1.827738657630990
-0.304181536947940
0.676063524385163
0.711350972527210
1.271784806209349
1.572850949395437
0.754755629933166
2.650903577684484
1.040562849474897
0.497227898429164
1.828397538428218
0.524201954183379
-0.107063668304095
-0.658830722919669
-0.953029644110900
-1.001200311328879
-1.635770550453982
-1.770863700560796
-1.060964098888267
0.422042954139593
0.252053146724974
-0.943877364609819
0.170659030377093
-0.308468948643133
0.908494654959550
0.476509135215521
0.792440178047246
-0.519615660703233
0.356758462054424
-0.641396353744647
-0.951586125280300
-3.365974800794051
-3.394092028732166
-2.769029449466531
-1.029701053271334
-0.005658487888739
-0.599300882487046
0.109628280476416
-0.844375366696030
0.337996133599036
-0.113967599784213
1.008367005022152
0.556191548085601
0.489199138334400
0.408538777093867
0.613075801927946
-0.467944170129057
-1.652219858638794
0.791861201838263
-1.262656207968909
-1.694987334863927
0.284778401410319
-1.258235833312848
-3.448904826829904
-0.879775729078662
-1.606467583391542
-2.839705667186136
-0.033926204315089
-0.138766387081753
2.299645804035219
1.035435200976562
1.254567410862637
0.741617537482585
0.014166731750584
-0.572724789251699
-0.718891152700296
-0.470878269337886
-2.126001515802218
-2.512799735366051
-2.100729094180170
-0.876711652511336
-1.595789182379753
0.529211234217270
0.315378378321620
2.317108371826841
0.593514750218656
1.127095569216569
1.942567723161651
1.205797848321325
0.391407267426466
0.680728206138691
-1.548547069241397
0.481126901201908
-0.960344437428674
-2.083553185454727
-3.207448900541709
-2.387708127684732
-1.557344826123505
-2.023061154629308
-1.469319561148300
-1.210899468235148
-1.039235322094466
0.318249070555670
-0.020440070189177
1.535966128941423
0.521317199763121
1.074156245727868
-1.667699926471267
-0.179015229471702
-0.146715023398843
-0.336170273243283
0.613202094903837
-1.352363819561176
-3.096390396337928
-1.023626658682371
0.187916448474821
-0.294486991167088
0.595442991987296
-1.021061998607510
-0.125440908555046
1.995436802868906
1.400674385672619
2.331008141984551
-0.359968629867779
1.975832029042357
-0.117221698039912
-0.459140904729931
0.299933520973255
0.133649774672049
-1.059637671154074
0.436013688838562
-0.868365916911970
-0.541965187299483
-0.656066373375940
-0.274403728801394
-0.568974991543291
-0.788102945018704
1.676858980925440
0.539709570060366
0.368456350128946
0.589156247079451
-0.234119358824749
-1.179668946150868
-1.833048850634571
-0.394265754793198
-2.275051447883335
-2.390345576949271
-1.100696272752220
0.432807782976338
0.126866447880088
-1.767022365967286
-0.762985313090297
-2.072709803619278
-0.856638719979664
0.611835687805281
0.582643138774372
1.156784893166265
-0.780631142979409
0.000288802724170
-0.247132416761311
-1.154300820321998
-1.369785182371201
-1.892159407631813
-0.105870394740110
-1.501141249764426
-0.464136896705037
-1.532668675965783
-1.953896731845600
-0.269050281399388
-1.043927216535963
-0.104801402064054
-1.106543270761464
-0.953828947201994
0.040290902395430
0.179762829257877
-0.592079487073465
-2.345949019715873
0.506049841246569
-0.860211048564082
1.282874632133884
-0.613862770873115
-0.310637674308169
-0.604492245748011
0.837986201003596
0.360603580436662
-0.668661422005296
0.603320686430779
-0.681608069807763
1.524937743589451
-0.203941666837353
1.520094391823563
-0.222926259646897
-0.916849621636562
1.609611279194925
-2.123389091428075
1.634532660096219
0.021002745634500
-0.679845582576969
-1.113220825697173
-0.741134510206255
-0.423389123306891
-0.346949291510228
0.486327828059384
-3.179255316124217
-0.075073593132753
-0.493231289541512
-1.041031420013639
-0.778512896355790
-0.323734286150004
-0.371602046835392
0.505517212254923
0.096076258260947
-0.584400377199234
0.642692344038592
1.148493533643020
-2.194051699405752
-0.652553666911139
-3.147390804195107
-1.300602584602824
-2.311030765568892
-2.279163430699453
-1.147195379386065
0.087885644064214
-2.039629862074662
0.671160934894125
0.718850280815595
1.163138707077070
1.556748336270667
1.812943191050011
2.670238364697424
0.445231552106808
0.327959409271013
-1.274775543392377
-1.206388946349717
-1.404384329171604
-1.101109638345362
-3.074251230532590
-2.264792956052339
-2.287290359875225
-1.395511384946150
-1.385342373107048
1.652775070342100
0.758346533664311
1.391025599072156
1.930412904383598
2.935377006705158
2.362320814583142
-0.723861702745942
-1.893125586599065
-2.205656310122813
-1.735564878965373
-2.298692730541946
-1.648091983259692
-2.846672528160076
-0.380923673533277
-0.223196548769010
0.093870005079233
-1.338617186687304
1.354674392921326
1.179884709636174
1.473741482294824
0.881360214888118
-0.995988250713513
0.065163321129803
1.105503222686057
-1.645679866091010
-1.329376974763506
-1.071328499217121
-1.430479027005936
0.324187028144036
-1.338686796470361
-1.980079760036470
-0.165838081008092
-1.330321258537565
-0.062415730938793
0.226962590093656
1.336793654041750
0.520671687907067
1.630641798938050
1.056358512447243
0.479609199323089
0.516956796634492
-0.538969089496871
-0.443846680700265
-1.029822757324290
-1.651732982854523
-0.849049099797726
-0.687350088244131
-1.303156171622590
0.359894387759568
0.340197955734951
-0.972372745591854
0.590496492536625
0.094620784403557
1.480016069887184
0.121592001555110
-0.342147403798542
1.136862514524967
0.937065894078827
-0.619441318033835
-1.764273655496427
-1.992160092891014
-2.438404408377968
0.278071342590162
-3.397233576957636
-1.829225030414540
-1.465777354521954
-0.926003074762720
-0.458330828798218
-1.069893867504288
-2.070457900772393
0.775239462248126
-0.679220977545483
-0.380075638300210
2.048017098303216
-0.090374932688517
-1.127763449444505
0.072205772830396
-1.123286429712059
-2.248617072883134
-2.300803043005808
-2.777545889736071
-0.735510133822766
-0.885803710154724
-0.466523995023784
0.855737714979063
0.336685276311068
0.628535077334402
2.147887734645281
3.518270564911885
1.282939252696097
-0.341845284013724
-0.650561220249245
-0.322307508434661
-0.465294071797804
-0.964698331720149
-1.296527920628111
-0.640915546102121
-1.804916279948570
-2.823979457935515
-1.535407634257913
-0.667222870544439
0.342864877051602
-0.440757241134981
-1.347722401746703
2.786630876278579
0.397049538616383
0.039939055534456
-1.195050530358039
-2.564625685140579
-1.006226809942504
-2.588900742304257
-2.279561488425242
-1.010056488415892
-2.518041431390682
-0.005617558366904
-0.339680278478809
-0.033341627921332
-0.546475475021635
-0.997584636804864
0.162564920361856
-0.027153900549497
-0.058061217484491
-2.385202335880295
-1.025340917024295
-1.158347300626615
-2.090930258607822
-1.929065379778762
-1.774326974116073
-1.270847190295968
-2.956957362806944
-2.848954382997350
-0.492188671853721
0.122484276945732
-1.367428527868907
-0.094396242113616
0.438869701126699
-0.998879411534746
-1.128582095145808
-1.015652963613675
0.118494208349024
1.010867600674349
0.798776376176318
0.704021558568370
-1.355836714551667
-0.290261212322858
0.236321985193207
-0.193232342553892
1.556156894857832
0.043214180913510
-1.603672628568593
-0.454267236399841
-1.685331045182353
0.483962779559137
-0.463556535059905
-0.842615244264641
0.514035175561926
0.318076958248840
1.074261154504982
-2.070023199774126
-0.034616720130320
-0.195946823383144
-1.544573692917478
-0.381391840519254
-1.324353562955239
-0.961745980385721
-0.875803504610777
-1.573212967941627
-1.990157227796617
-0.489352484830308
-1.008336223287473
0.164150953532924
0.481988070807120
0.067893000153197
1.102864177445021
-0.002487787312093
2.822592782792797
1.399728005374087
-0.489209775153617
0.747284142934200
0.549031518050335
-1.743836429852427
-0.548923727196739
0.320122010698117
-0.184505784578448
-0.310670599451872
0.460061510421298
1.301770021752078
0.599286736000653
0.998554554962808
0.171013807939475
0.305046852834188
2.575250090712846
0.240343176857059
-0.640724619972344
1.642181985875365
-0.206657734172889
-0.347201019789085
-1.480955802314218
-1.919477976442848
-1.358992116269490
-0.841822186609987
-1.120102963918145
-0.750856233903888
-0.705597961419768
-0.642829503445443
0.672620908423807
-0.270738636738346
0.180886036786027
2.423784716219503
-0.197909690596070
0.338427186780590
-0.838878369471356
0.166157473006886
-1.223353354744780
0.186803104980182
-1.928026886385138
-1.927554810304825
-0.614726093154371
-1.425256054308040
-2.271620176543988
-0.414706914173686
0.311933996990180
1.538225686626079
0.576846422116588
1.029815993424346
1.337320097228180
-0.240387669054199
0.140342485401032
-1.042369607239512
-1.376684001368193
-1.802348525967902
-2.269663609501992
0.377742039228580
-4.172577427461399
-1.866720398234835
-2.078174786745775
-1.319242467621018
-0.276272232029492
-1.283206890706395
0.050442225149098
0.210429427462285
1.659570077667710
0.588352953228468
-0.260398677197150
-0.767601104203439
0.368428548423153
-1.177198031446961
-1.356015012245147
-2.393313262447473
-1.611889429749524
-0.870839494541114
-0.913693697430723
-0.689852322652630
-0.464366594712282
-1.211401686662367
0.183228508661200
0.214853584502174
0.960725457253378
-0.368871476057009
0.349827321484979
-2.322734846464094
-0.599821518697339
-2.240420063141786
0.008988716260216
-2.413816182985391
-0.177016061448965
-2.269391855825206
-0.096887696884016
0.904422206099495
0.528331749214306
0.335963407165074
-0.713858377083207
-0.872712258621985
-0.558351986887154
-1.701101143554454
-0.340830479651654
-0.390260565246215
-0.765583150922160
-0.161095113255239
-0.765813560818334
-0.575029291373051
-0.329231098246561
-0.001222261905703
-1.897688604533254
0.588623782179263
-0.514755025811215
0.353206037269028
-0.825895856547850
0.060642228570407
-0.013494114470201
0.423585662840140
-0.864761235434618
-0.099594292348784
-0.324927887794592
-0.237224372785936
-1.030052928739131
-2.393281953709603
0.987537476864527
-2.042570604253322
0.616832838558871
0.193176752517835
0.066207426170596
-0.500508246536038
0.756422635428031
-1.212042917659365
0.033754077811304
-1.747496910665111
-1.535749331628447
-1.459996530751297
1.034841491438136
-0.798231320050099
-0.082844189785722
-0.799161530138546
0.190736143703056
0.721665593205466
0.426112732499136
0.242522042421689
0.603954932673881
-0.585914580404019
-1.181413481092673
-0.207045128397852
-0.417759249819526
0.166781963394400
-1.862669951197111
-1.098591695127088
-1.035178326243104
-0.040168096716619
-0.857891347773342
-0.889851351238838
0.699552684557678
0.113481979550754
-1.301431723666013
-0.855609689795906
-0.161395931452418
-0.607606412993799
0.286109626163047
0.258699622869365
-0.782977086478701
-1.118172892838808
-0.207490936974714
0.070963334589709
-0.254674759894522
0.314308396515220
-2.065720713711274
-1.996368144674674
-0.580104756567327
0.193555243091819
-1.717857174680098
-0.177255303685990
0.172464237001997
-0.295382378648927
0.697046521601254
1.947831450402459
1.422547838859195
1.206926116012540
0.832590155914601
-1.101806005816451
-0.281760517438885
-2.255995003590443
-1.970615472000221
-1.829425440591218
-2.898756094357589
-1.327554630090106
-0.396252951168753
-2.772522227818650
-0.882936722720378
-1.405179844073889
-1.402092378960738
0.379074254955191
2.122739427842578
2.502271057401455
2.122658513918032
1.093063706392444
-0.132924714459672
-0.537028817206194
-1.209190127567265
-2.272814000807532
-2.047389927441295
-0.509732321568449
-2.869750842199076
-0.408295136606839
-0.693537626795448
-0.786863142455101
2.184081954084173
1.036329840296395
1.462024872052402
0.796572296798500
0.389545869328167
-0.569885928531130
-0.430096110526932
0.147807676130680
-0.405741658016618
-0.929778040974422
-0.836657463204206
-1.131965570368722
-0.221721807437880
-2.537376903886668
-1.320993520876770
-0.437895405796190
-0.860942916449998
-0.518183298306231
-0.700381751407709
1.204236065994581
-0.948841407516671
0.551644551740889
1.459129956742795
-0.028577258093261
0.360485247048413
-1.561953087456949
-0.039801822882305
-1.755373648087151
-1.544777203270673
-1.399407312620269
-1.180019263300843
-1.258591449528856
0.210670105064743
1.217652517934829
0.331162420386127
-1.002025716471850
-0.034783967735559
-0.263759995527422
-0.049473818789310
0.118124679562274
0.170917610238893
-1.363185568924004
-1.182920525981759
0.279342982022593
-1.486302573934966
-0.401576995165161
-0.688163825344728
0.113030241973057
1.061209809096470
-0.307840475005891
-1.883911865003919
1.183264437752716
-0.591273923744794
1.175727751928633
-2.265787379197893
-1.319414799777797
-1.000534478412722
-0.671988794890419
-1.201944606661024
-0.829548500819612
0.148392309410304
0.394252170198311
-0.161202897153078
-0.701998054107213
0.692489454494444
-0.022828740472882
-0.253378554657809
-0.517228677729959
-0.185633296356780
-0.945596429197587
-0.423515801362148
-0.211963249399102
-0.638040681949069
-0.717054826044466
-1.802297037812724
0.680321190538103
-0.811692241054314
-0.788472671447969
-2.066348176915076
-2.721583801226371
-2.321968014238992
0.009077257417993
-0.582364424145400
-1.163546887991963
-0.737554685495583
-0.707312673491418
-1.012631320203627
0.029434412035805
-0.764367221414221
0.851772935921143
-0.493628081411667
-0.819063317592865
-0.169064694605245
-0.087745682206828
-0.505682295805732
-1.604750978350125
0.730347893453283
-1.338786150931964
-0.131228267520154
-1.661806786204922
-2.548166599871622
-0.647489066796594
0.317507420424603
1.628858981229502
2.053931646305920
1.461313687427276
0.589285962812909
0.738643565881899
0.088834201780387
0.712006649037262
-2.485997782467683
-1.096945687441720
-1.416586085671637
-1.725715586099143
-0.789982303842895
-0.381881005625132
-0.549552742163571
0.053196990686500
-0.541054507449745
-0.990902841251904
-0.055316967748226
1.411357279140377
-1.181345305103928
0.617558203375527
-0.219043489098854
-1.964319423241730
0.063671353465867
-1.429811305480738
-1.240789085655605
-0.280847748468837
0.316857286200345
0.455533689827446
-0.932401756994382
-1.002080528879177
-0.422704056161792
0.332335163824970
-0.137622402161279
-1.662010543105689
-0.816479328175087
-0.400680522231500
-0.268160318875166
-1.846683681400459
-0.831372307087755
0.138886433432966
0.055191459103412
0.825467041213483
0.689951763441380
-0.556569294783859
0.183759522916837
-0.755072548206437
-0.863837069330448
-0.442542250828911
-0.739245563522622
-0.098707152097368
-0.410726909244115
-0.148785500612623
0.522198737356727
2.362005780757278
1.075224491680582
0.153208516429881
1.511341262048770
-0.961537687288582
-0.870083551017262
-0.536374483785724
-2.745439474886526
-1.587808267702021
-0.862278165980192
-2.582717170005752
-1.618888248634923
-0.029641522352012
1.162778055402741
0.390777572585434
0.835384443786155
-1.539131336604316
-0.118737967279245
0.160035866059099
0.610963425109866
-0.120337806968209
-1.485757635209198
-0.719670396895043
-1.525518601701744
-2.433909791484767
-1.363240855471026
-1.179039880902317
-2.913910320660148
-0.558685396531656
-0.757852055919054
-0.694882026580652
0.203831591383110
-0.715960536544150
-1.267478433004961
1.000081300777724
-0.200210303809658
-1.549730707927431
-1.556434652374423
-0.614848583501278
0.488419995229490
0.127174056673012
-1.049520397901797
0.342926703473747
-0.438694114945646
-0.526100634937719
2.437930612611413
2.683522768876387
2.380250958516012
2.118076906675332
0.325959720150513
0.868750730919463
0.783934014563406
1.526671534146467
2.349206180755328
-0.192320212170045
-0.462209022620254
-0.734721037511111
-1.616030498186868
-1.490927816117732
-0.454024654677708
-2.754211264799510
-0.335497267107161
0.367238699983727
0.500598457471308
0.306211352268303
0.878412967881750
0.443660817493120
0.103789093220340
0.240702445682714
0.711808262626475
-2.083782766011897
0.121369942088210
-2.604951651321836
-2.611953426956494
-2.912126050948300
-1.403545170492030
-0.689839288162252
-1.991786645012615
-0.447012823153636
0.599715829414173
0.405962637870725
1.714548748413268
3.397808997145162
0.721887227282751
1.663707502194655
-0.796136026840716
-0.707297019283039
-0.946476812185519
-2.355769924747634
-2.418662052816239
-3.731029409218605
-3.466018250813022
-1.563285989820878
-2.709410102588932
-0.834180364531051
-1.714692109588197
0.459399277378131
1.482511427453850
3.279187402789983
1.736739767547959
2.162347493645551
0.804402642795168
1.372841858277691
0.220994888024356
-0.720818308110860
0.291229922482832
-2.524555618710395
-0.859404835769289
-1.077620453575654
-0.705684400155407
-3.318542072654206
0.180473788185667
0.763134290032114
-0.284505498569717
1.017103936745124
0.736187368077583
1.048909272247088
1.530906025611126
0.296574989224210
-0.198979458556250
0.048276882489699
-1.068982100270952
-1.751329897653777
-3.127182538055372
-1.125815346489804
-1.391974122618555
-0.978597757075158
-0.515239912030232
-0.098526982566583
0.486289363517339
0.668347632717853
1.722209694959585
0.825837207639990
-0.058567617130648
-0.858219829436358
-0.081869692920481
0.673293560692430
0.257094273466862
-1.991868973737118
-0.518425825721236
-0.601460650586419
-0.721394785281512
-0.848211782162533
-1.526273045115788
-2.188702777443222
-1.279447901255221
1.443794807690828
-0.593149292295541
0.596068664315186
-0.699332473457792
0.434016379324930
1.063135350003094
-0.344780424179460
0.821422396901111
-1.594629040779356
-2.125516671970065
-1.845271754406684
-2.005701906069569
0.041080311190076
-1.241722105538417
-3.278233504868678
-0.009306793836303
-0.030625572424539
0.313797898580196
-0.462659094540712
0.052888696507888
0.602859892868987
1.004346275319083
-0.211494870129300
1.832242548765715
-0.195215262551971
-0.974563075427355
0.285232689329308
-1.176561018295197
-1.109866531612398
-1.537607223214204
-0.661154705140264
0.083302758463627
-0.586804767863960
0.845888089707680
0.463707507049874
0.295590129040267
-0.875436738057160
-1.047358126162637
0.763991486064158
0.769384317660048
-0.436521847014599
0.210587225472689
1.047727692148465
-0.351345301394282
-1.200742695345147
-1.291758125237502
-1.523659919423209
-0.252153865303740
-1.590614213101537
-1.113743243202277
0.960887799593058
-0.553944285994912
0.827878799665049
-1.253281126988997
0.278185517009784
1.181663147790378
0.203496446376896
1.843546390182653
1.388626566245874
1.553176807925575
-0.055273171116757
0.564074270879443
0.405985631293141
-2.564932818987130
-0.774808465369687
-1.299940008083067
0.015249349841780
-1.360622990586633
-0.583768847101017
-1.221257160243860
-0.121225759022108
-0.448926412874635
-0.449578203828530
-0.103586975973024
-0.989478181672724
-0.555555122933757
0.109839419298969
0.046443347882676
-0.279257558580339
-0.439975943368412
-1.277680826268413
-0.201405654501304
0.017880484606696
0.509699684629716
0.074160474325066
-2.108879613737466
0.270544586148783
-1.778991032577326
0.080875591482422
-2.452224806052064
-2.430175887522939
-1.532383886328232
-1.048786083611935
-1.106572769983309
0.612435478131862
-0.665943852939605
-0.770689670115955
0.593608996249979
-0.570967603727809
0.899368948165387
0.331525378402814
0.280582614734395
0.931382509364917
-1.308308769974905
-3.595840711709471
-2.829009427832050
-3.081026275757335
-2.205334647867517
-1.648817564768075
-1.597251054626942
-0.085419151507469
0.630298723892876
-0.115989938837277
0.995856060262063
1.710376972409501
1.699355881976838
0.597946643815057
0.337913295650429
-0.781582122285657
-2.995547097945294
-2.524026419879887
-2.554143971252113
-1.091631459578863
-1.961729217903246
-1.641719683304752
-0.551009757838909
-0.485391662360106
0.009556973636288
0.790069297818982
-0.575839444821256
-0.194402204740576
-0.607796395060529
-1.102326801337415
-1.457172539949243
-1.054383056489172
-2.531613411286117
-1.150601086566176
0.525010234994195
1.914942569579772
0.751438681825531
-1.357556095900587
0.813142159132632
0.501860169757992
-0.878239406482776
-1.831556132221761
-0.285781916940832
0.107313300343119
-1.686474279595775
-1.439309571599436
-0.252785129912349
1.631730700318948
1.864925233560667
0.845665092879069
1.918733188902497
0.211179374971553
1.559368834486955
0.531697056260914
-1.190022569965387
-0.965550490861466
-0.407912122337687
0.060947485548507
-1.559504698023138
-2.373122679864966
-0.013839245881622
-1.234464548529657
0.550970655736194
0.847225994640766
0.057258876557494
0.973224171526524
0.762761963380079
-0.884045209208288
-0.645595228030184
-0.685745234524838
-1.271101211611358
-1.115036339096614
-1.252872346636459
-0.874261071052174
0.367020045981250
0.537598968742805
-1.328655162470313
-0.741113064779277
-0.740399948435184
1.804693242737920
0.382869450432946
-0.182757764480101
-0.120823596900474
-1.528791702866416
-1.395220665149236
-0.619555195470453
-2.393586199525950
-0.388159287882614
-2.614865575791002
-1.359251059182023
-0.902227286780761
-0.908670598799207
1.287893774703252
-0.723306182717735
0.380064669585103
0.704245391205990
1.022803765750331
-1.151653555499449
0.222708107269719
-0.596375105479036
0.467004239238983
2.835719500727440
1.166240335832776
-0.784175554390369
-0.478416597940849
-0.947692064783274
0.479882205484758
-0.376851342052479
-1.636935168757528
-1.582338207713515
-3.396275837467383
-1.909286578476291
-0.323302734587440
-1.850534386827174
-0.441771338206805
-0.434629665993093
-0.711610992940850
1.040740524692917
0.596364028837743
-1.044890792483723
0.036576719765776
0.680432403200269
-1.843947492592356
-2.209839409771712
-0.751307503271458
-0.608310815702946
-3.128949944550226
-1.366535312327887
-2.752066402497586
-0.950819877463740
-0.429113144815973
2.092073375118101
2.178780169856416
3.718235800774807
1.607964846852167
1.708688891649314
0.493381518646447
1.062190609532880
-0.047222032422182
-1.431760011804673
-1.623103071264287
-3.014349741080395
-2.297332058491202
-2.602318617670711
-2.379555739763652
-2.598196587183593
-0.015946376116350
-0.623461035955922
1.407709097861668
0.105604495110052
3.338553413451172
2.661585233923422
1.486353038191303
0.453722669896868
-0.205748192920655
-2.564646406405464
-2.618096784089180
-1.855285860447562
-2.547388386161040
-0.571062425777690
-0.576835129819232
-1.185104841984510
0.041635816381577
-0.557867186054134
0.240458821000323
0.999982883516799
2.037773086638333
1.172165343073365
1.575182982491037
1.082717659432498
0.134492823944513
-2.614961056535139
-1.192094802476907
-0.616180062277573
-2.172827901047917
-1.166704553679361
-0.639048908892213
-2.734302329028440
-1.426616471256646
-0.569443636073696
-0.179065902607148
-0.507641146051404
1.269201977786260
1.159145205672648
-0.173624706066985
0.336273168753031
1.104528712368579
0.503068777190205
0.784878583406285
-1.102103143615540
0.350886698608160
-1.112302639520869
-0.113830056940168
-1.192397596441647
-0.581054523922585
-2.552163509685930
0.945709822518416
0.035427718349324
-0.240921515676575
1.113409759350018
1.219315678796550
0.393688183923386
0.872229863566031
-0.386512119828917
0.420783895880462
1.008369985800955
-1.577646411469080
0.343063249452175
-0.996492398582288
-1.822792421095268
0.288008438866053
0.153545824478193
-0.407695227841790
-1.527430338667207
0.370568676650336
1.081562842314330
-0.242235934042703
0.163261520990276
-0.056464541644808
2.121826227433987
0.511639378155438
-0.003244687639475
-0.870289538274546
-0.687962507876280
-0.763682153839030
-1.305779311019107
-1.987109757955965
-2.006002396416770
-0.903738274305214
-0.889302130045272
1.068021903021853
0.294369430067736
0.404252462388322
0.460495965914382
1.673592587733446
1.241882785086315
0.505151645647620
-0.112635173180873
-0.202346814621695
1.305027424570620
-0.241521985795046
-1.829208526986447
-0.013558836083555
-0.699420147471273
0.776744378138948
-0.575202404271572
-1.141384518081249
-1.164910462085816
-1.729728828945963
-0.599079643583432
0.151930902366336
0.943614010541649
-0.793080412068998
0.621430063377463
-1.730325635333106
0.788865961523783
0.311638992711142
0.949736829083277
-1.403799859865066
-0.195485651210786
-2.546003293120761
-1.205473595880503
-0.916182379882925
-0.302357944740322
-3.014191861849856
-2.059810693338358
-1.941578957243521
-0.005425058737716
-0.197987106231187
-0.247292099164965
-2.467708487226010
-1.931407089010328
-2.011573099270158
-1.708048398490958
-0.076542843457825
-1.420189256752956
-1.312704510466127
-1.026257311563658
-0.484471735533836
0.742146692389324
-1.654706782938630
-1.568215177204065
0.018078679385172
-2.008417940684171
-1.652765846153402
-0.163082672760621
-0.548253049244225
0.814398684030668
0.168396260020841
0.473295083460254
0.219384641489495
1.538374000061701
0.047157682957822
0.642015949290054
0.116518716286957
1.273530924401721
0.736778663402419
0.914127443350872
-1.236980559689335
-0.416765388383151
-1.695558094174843
-1.334106362742927
-0.635143946671714
-1.299190239135622
1.007287436264700
0.475658023540325
0.005008562080076
0.447338533589196
-0.960794959501902
0.296814392605189
-0.616060326946086
-0.546426068850967
-0.802702763964282
-1.758937102736690
-1.644802862991433
-1.568144983731911
-1.237604569359236
-0.654484127517295
1.281345346371671
-0.222717860403331
0.392628825910752
-1.481702480411607
0.606675968006195
-0.411841366423031
1.647918112212257
-0.215204481160337
-0.583149584657545
-0.545733032305106
-1.293194572023757
-0.630976049564904
-1.836745452874834
-1.293646601651658
0.068071589391332
-0.781018785035855
-2.383749466982248
-2.192680042072686
1.057949971718593
-0.293046517500294
-2.151034909273134
-0.683798647073998
-3.135462369400259
-1.755584056522372
0.439575073941666
-1.334686902176576
1.189974942702766
-2.085715980994066
-0.505825380985604
0.167669977594560
0.691819279526509
-1.625751342385826
-1.703591256526273
-0.567516111943375
-1.637913474924774
-1.928084763805301
-1.684494369591998
-1.810517204472556
-0.935468347672933
-2.926507310520138
-0.327941251834168
0.625512511800503
0.841266836956372
0.285095369896374
-1.052556834159407
-1.915564431053713
-0.050703747563789
-1.002396279673258
-0.238633167429449
-0.316840813066235
-1.191979237345378
-0.978596693059318
-0.600784134600837
-3.345672149948318
-1.623508840597522
-2.037557910599097
-0.069096324239250
-0.832912198800484
1.136328630343972
-0.514588918887372
-2.057985163421860
0.607360762349976
0.280483251326849
0.017427018176884
-0.042433079538903
1.330592496170182
-0.797290714088604
-0.483311991340070
-2.500342929273227
-0.433616976594838
-0.979032803248813
-0.874950608028458
-0.398010978708837
-0.923243033933552
0.065587660898997
-0.698129390496009
-0.454361126445823
-0.246211187464867
0.799800995935835
1.213637081603991
1.382481208918196
-1.196057090390452
0.446072307973108
0.737950198135247
0.202497417816069
-0.623847051768154
-1.582038045512840
-0.739396697519678
0.398711973569477
-1.954035837454954
-0.101091442636483
-1.098575813949304
-1.686658777412199
-0.957716153348834
-0.942791075547516
0.636855474376179
-0.105991162844816
-1.416908378472318
0.872664594974425
1.474643977817166
1.450738137652588
-0.234233635888123
0.269995193786532
0.488958159341157
-0.801512055594013
-0.389092547549292
-0.863564132936936
0.268793099624618
-0.382348397387858
0.123581844715152
-0.726895586304583
-0.593580252982584
-0.263864096160383
-0.611531954314588
1.056164163866278
1.832266905385432
0.859597329593618
0.576378485275361
-0.713749896311462
-0.188372902651736
0.267923679145169
-2.575688487625133
-1.314126045578048
-2.744777764373419
-1.045245715580805
-1.093115854579275
-2.595180623298318
1.532238381665923
-1.696053041150059
0.801824390679159
0.457825520873524
0.880986158474212
0.132242613097242
-0.257263182853870
-0.541245778328717
-1.741836231363792
-1.019962718751957
-0.959116957109843
0.801067513205829
-2.283130492497649
-1.518912014829203
-1.561521646656478
-1.990434347279210
0.019662340898900
-0.539349458683628
0.469241048828392
1.042025260709875
-1.310152701507017
0.190011462213390
-0.284794910555349
0.172577314663580
-1.535629576333580
-0.873956819004262
0.344768253984346
-0.380011054776081
0.559878177528836
0.601340496827016
-0.739577587373890
-0.618530007145550
-0.223727897284340
-0.155262352849157
-0.535202644616489
-1.177574385349986
0.280128813455673
-1.215846831160031
-1.570132881679392
0.021506260624699
-3.072552522591408
-0.925963874088886
0.436222237379353
-0.346454701726442
0.831067355574375
0.527560180840093
1.319941923213276
1.992401776620850
0.408674410329224
-1.773315989342967
-0.406836236525860
1.180686542261911
-0.902309149460132
-1.629338011365625
0.462698337603279
0.511320191073445
-1.244223497784049
-0.789465234644010
1.558375817346562
-0.665998939031714
0.449883249512119
1.490091970413198
0.430196182844821
-0.131964709756747
-0.368423578054129
-0.646367390176795
0.010427627964785
-0.621510597930690
0.337836638061039
-0.348568724669636
-0.243235622712779
0.394007909239014
0.046347058207174
1.316042888762310
1.075865794923212
-0.620072791046027
0.150560955774981
-0.108249936129802
1.424074013063167
0.164760946990446
-0.968665656566535
-2.030943496240050
-1.093082789743886
0.443834135248715
-2.061116152141469
0.317255256037855
0.133852618676923
0.292109636798047
0.817237919754316
2.016249270441595
2.443207523810893
0.058474268083462
-1.528990793352673
-0.288025047944336
-1.622871112244785
-3.760554011931633
-2.188385328777013
-1.423131167026288
-2.941205149389521
-1.559678845992306
-0.999154599416068
-1.925793188020283
-1.417963687857922
-0.808701895050653
0.375811182293516
2.595761103070280
0.495907827353256
-0.207769293353338
-2.009948581103898
0.162543745157690
-3.272088947456218
-1.699333158124724
-1.117599356442646
-1.630647759210463
-1.707479017316177
-0.237067627794711
-0.939971075617462
-0.347477082347882
-0.925930135011254
0.928858536037392
1.522383779075494
0.629587568571142
0.219248290917157
-1.179416343492455
1.440132505205019
1.057308656602863
0.827826697349543
0.045171774613310
-0.662545413082691
0.171197683869971
-1.111743163295632
-1.082668471824098
0.332028844886068
-1.069293453003674
-0.021061776093394
-0.619119075032362
-0.064321259604970
-0.550147494890175
-0.301426457832274
-0.271313229570064
-0.912094981349305
0.484052413201951
-0.218027978480283
1.189253661241060
1.017499755421770
1.633956928208784
0.314792438234075
0.302958105784613
0.785152700483692
0.450616113966564
-0.054269218737430
-1.534381847922998
-0.894449727292153
-1.217730221887891
-0.882569017554905
-0.950309739611757
-1.326960680196238
-1.166435422105695
-1.009652538794852
1.434913998268449
-0.659360604277397
2.479023619562328
-1.734037575970076
0.107874315477596
-0.234163842249098
-1.226261906112562
-0.382493420966260
-1.337167466812268
-0.878012025104854
-1.422341421307314
-1.228571100077378
-0.710584471996285
-0.768247353017907
-0.976990163138333
-1.074972789727633
-1.986342666525362
-0.617226245864735
-1.270198438956464
-0.892354345781605
-0.894945349536847
0.167446273144825
-1.064770467334413
-0.359764597555429
-0.644322572564372
-1.447603557387588
1.040919270343576
-0.316462238020833
0.996786894239237
-1.624631893640311
0.344372589918441
0.799587001481570
-0.446770972695082
-0.033507000380080
-1.160082194520542
-1.180465950159241
0.870995317666690
0.072911279061822
-2.544990408530776
-2.307463339895348
-1.527291286798855
0.195851667008722
-2.142385595155722
-2.761836564935765
0.359381140847679
-0.262848118056351
-1.233026289345108
-2.658616387588998
-1.751082594845143
-0.062905270684976
-1.809113945094723
0.364824459341048
-1.441420505383131
0.455805445755018
-0.881158717991279
-0.123406660662572
0.132587948073129
-1.643983101361015
0.375336631741036
-0.328383555453968
-1.712923622149083
-2.476829106715460
-1.206170936926032
-0.400886887073412
-1.136668663535561
-1.153920180816923
-0.881349300314276
-0.331254891931544
0.019870249437050
-1.920977633547395
-1.463359043248479
-0.821229544099084
-2.119928636393214
-1.626322683589287
-1.292731065759394
-0.838151302436261
-0.411699122607381
-0.943723855004851
-1.413213119287514
-1.788003217506550
0.041327840014198
-0.482211282097753
-0.622235302490247
-0.366521409863792
-0.216265579641153
0.659127881545049
-1.728334797451659
0.337245272507824
2.111340972145860
2.192267168896476
0.263069067563401
-0.106723516732766
2.772007773264833
-0.675236734341603
-2.026161118485558
-0.944153287441697
-1.747252399288636
-0.740119068611190
-2.984004334894186
-0.677099657021877
-0.397200200340403
2.832814038232172
1.668451590941425
2.126104471272744
2.568051648937206
1.181493463247886
-0.649447183556930
0.856343515550348
-1.144783759614965
-1.129178884378562
-2.023322839418467
-2.678210600269133
-2.037803238185164
-3.506165364521796
-3.126771215348840
-0.413630212322366
-0.483901116334799
-1.408839409064646
0.172914939880695
0.252673937175202
2.546126064384970
2.028246054277763
0.969559703206659
-0.976564368786705
-0.717995428036928
-1.972809032542429
-1.971580984646179
-2.417211595203252
-2.115256655304928
-2.308835850002819
-0.485451813687166
-0.264522603508298
0.563893435082122
1.332034464492356
0.749171200239411
-0.291380906005532
1.761988936084430
1.834081073702617
2.136082028292645
-0.640711835231485
-0.474559817520389
-1.294747584190874
-1.439126384909974
-1.650126372742837
-1.505096022930714
-3.210992825236006
-1.754731920903759
-0.755504388293599
0.653314625574254
1.471819883907783
2.330288876851740
2.217081108643729
1.316847687893002
3.679305891572318
2.399992027972837
0.950342479632173
-1.265001775967526
-2.502083654256004
-0.985324702691150
-1.523529373240998
-2.342260177065470
-1.153647320218588
-0.920657195718980
-1.323694800935715
-0.810899919585691
-1.536674016264139
0.652368478301383
1.066472247512683
1.012916437105127
1.213007342388905
0.952687500944544
-0.210790680777849
-0.103382369809394
0.540149851568344
-1.938885959679804
-1.805242389999563
-2.591972230425049
-3.119132597423319
-1.877800233842656
-1.710597904169976
-0.593684224531699
-1.816547125386440
0.277180949283619
1.163575018090666
0.845425191912221
0.738488382433586
1.629111499376749
3.164799557365359
0.858260529880109
-0.759600756452094
-1.041172256590555
-1.963528807310827
-2.011556881554628
-3.730931654999807
-3.578802028692237
-2.368361927410386
-1.545212247872872
-1.744076103287689
-1.169507121744527
-0.797181097280851
0.307554156134158
0.907786925969514
1.538908963227700
-0.509756396570599
0.321626908827845
1.602489383962904
-2.425329819958860
-1.975090463632064
-1.211670442638297
-0.809387704611527
-2.061957707127878
-2.981763568287187
-2.386132883207993
-1.020541679733984
-0.365098305677309
-0.869869596010464
-0.303637406753099
1.758089130333486
1.589284494447353
-0.243655653540084
0.031631677536497
0.162110405235197
0.069764049805027
0.408732669542457
-0.346803259249374
-0.477932952169526
-0.894161604533148
0.390286257787985
0.610033643946056
-1.879000297277451
-0.947325678688393
1.313168541392677
0.796480393271592
-0.898515799756722
0.095640227826667
0.090514690659594
0.960455979849195
2.452856446204346
1.300768294378277
-0.432065446643918
0.258237517847938
-0.345903515174352
-1.758656546321162
-1.266663520475529
-2.458216700041894
-2.316223389169009
-3.110376380103262
0.178134926938363
-2.368577143422893
1.284955806425172
-1.080255740172435
1.679327780923468
-0.215346623682982
-0.466950155711300
-0.658803267639029
0.379064312980981
0.795360440550909
-0.883005083456016
0.680050508551404
-0.514192734789261
-1.539507500543144
-1.756514835613481
-0.076824124291388
-1.332480433578437
-0.916318862232144
-0.288689378163566
-2.063456395800590
-0.551265384044879
-0.055108584194250
-1.846159276592267
0.146026525564433
-0.795387957998876
0.228045380095051
-0.949530640725958
-1.620799254310812
-2.316319109467833
-2.572274153855711
-0.239258128578680
-2.702571465986068
-0.544009018728270
-0.200569713568957
0.288994294748877
-1.046602661012923
-0.688041881894241
0.142708236012268
-1.089916189010549
-1.052135387484990
-2.306104944492374
-1.832191926814592
-2.335914969066432
-2.872562565356399
-1.161548825189713
-1.720786162225778
-2.276262146823237
1.053557417763510
0.494973974224306
1.320684752735346
1.545002449912174
1.244311632305913
1.290755429486629
0.854229294641595
-1.372759085257407
0.596275433228311
-1.090291628282386
-2.517119746419342
-1.394284154047436
-1.811923843863419
-0.953841743696583
-2.371744981342009
-1.503240877072739
-0.531686619374784
-1.071279990261938
0.587599969232482
1.431615336127096
1.007483595968805
1.368211125503368
0.595673702667079
0.897007911728299
0.245910241295840
-1.349760181714530
-0.637592726360958
-2.420103921355135
-2.552259526644888
-1.800236772812852
-2.229051470726219
-1.517931134954588
1.006992939592994
1.400241783659132
2.382338579782392
0.966182092328180
2.277307467682594
0.028842022167459
0.147969575287758
0.464488944990051
-0.150867279328122
-0.923303725840229
-2.500743040113427
-3.916558141840909
-3.093458411366600
-2.907603710552586
-2.709027381820934
-2.919720018714167
-1.734255763007479
-1.527409060457844
-2.117376006281176
-1.809435806105579
0.329035037030921
-0.627510522054347
0.298879535392226
0.654522731545435
1.371791126194367
0.231962798060979
-0.941888467880211
-0.458563786363014
-1.435632414834271
-2.743496784918464
-2.758648382680158
-2.283040885467231
-0.938624065959713
-0.764750424017314
-0.424849538356099
-1.133955879683437
0.455323520057202
0.289272130332982
-0.472018901791652
1.253693670357089
0.018240696567167
1.973754444658273
2.398224521524396
-0.061952542318566
0.183744403378375
1.135302711534467
-1.118131446809357
-0.982511868601880
-1.555115397701626
-0.954873686222067
-1.233394225042589
-1.631695819079920
-0.168051785425726
-0.111397802304056
1.024117487700940
-1.396582214921216
0.347290109888812
2.051571035149634
2.104467588520382
1.333737289219528
-0.258344586591099
0.493371606279061
-0.855517050445080
0.406386587584519
-1.184192167811385
-0.367039460002831
-1.271980736744593
0.310241520316813
0.072666264504833
-1.248965563047217
-0.114685669868186
0.544694721878677
-1.915224565600700
0.354204661206360
1.373951809123282
0.480640510843892
-0.886099446119011
0.969492115796303
-0.281680072510177
-0.716310375013627
-0.529103885710819
-2.662450241641281
-1.658483236009780
-1.217352314119566
-1.149481009236624
-1.139137711910025
-2.459151503635726
0.611382430276344
0.136440043764575
0.392773748381324
0.150227070550334
0.596493547112502
0.381986172842792
0.399101193173356
-1.898287579425371
-0.681091901914043
-2.060795822822897
-1.790364702769439
-1.087453390753220
-1.554011141600147
-0.607058610271053
-2.585674177246444
-1.275981996181717
-2.216290683717704
0.280147856994283
0.402210947114934
1.392848410255235
0.436841740313531
0.222918670726127
-0.789526638177395
0.261081637074252
-1.098535477737978
-1.827617430997875
-2.780573651558397
-1.302628546699502
-2.283131942874518
-1.733458837593892
-1.722436670058776
-1.965286309281915
-2.400328557158701
-1.834887885715519
1.263240169804293
1.134384464809362
1.936705026121656
0.470772281608114
2.392287840261721
1.614285257792346
-0.902875720222614
0.466537288209557
-1.349746394725868
-0.130820305570626
-1.070428113739321
-0.996894128104413
-0.385813784030853
-2.225208294866270
-0.018224035604161
-2.197503435515769
0.393310526210654
-0.795153331719525
-0.376367557460486
1.590950074940189
1.003939345830062
0.008647003688138
0.982835033262008
0.411826280029586
-0.517094094688492
0.532579583414824
-2.035492145549696
-0.446802202923015
-2.250336740173922
-3.499952932236637
-2.739382127485535
-1.269370025087064
-0.265236966117521
-0.500709147351604
1.533254479057050
0.700788037202775
0.564529524411612
0.862023904109992
0.458732582527899
-0.580491702482159
-0.168871591824125
-1.282060819284940
-1.157045987278892
-1.417140553242599
-2.379787689226862
0.004688188570118
1.070373404319673
0.046043637419610
-1.328858980154522
-0.804393335183097
-0.165073017626686
0.866301889370689
-0.525926599120535
-1.324091411654109
-2.278754796063392
-0.541666894797912
-0.584762780602209
-0.322613227343701
-2.156841212426976
-2.902686396411577
-1.138176713712532
-0.754769107546732
-1.040484255567075
0.095756243607522
0.222866481602267
-0.347984003267324
-0.817460469472845
-0.394448535513325
0.203502540056076
0.767610358409099
0.339332593633828
-0.117397810193099
-0.841154973291253
-1.233778148606984
-0.465296862446593
0.100498234134834
0.710396510027013
-1.546725874656859
1.910727376680734
0.001517669047941
-0.305510456540258
0.095608128080824
1.164615281535486
2.173576511929551
2.123650171271994
0.128103572086500
-1.785655689189698
0.757053498863858
1.271171685584704
-0.000620259141254
-0.597170639119486
0.833842299544668
0.902513268820550
0.092230827178746
0.252684591259404
0.328892897394407
-0.710603763453133
-0.550089784793993
0.348765670012481
-0.534349494285511
0.563963449961368
0.411703599534726
-0.225361000122311
0.248749954911835
0.410164008101795
-1.072587863592942
-2.513052180449977
0.688250651346579
-2.835097005248949
-0.695134200053801
-0.779698362024404
-1.319494367841009
-1.779104503921601
-0.446817195042785
1.224379802352916
0.330306949495430
1.463394103754372
1.383803878791454
-0.078777304246304
-0.577108717383883
0.294283520183240
-2.337805790723624
-1.065531931480651
-1.981887504673443
-2.622728020393025
-1.468316180121108
-0.919522004332257
0.110000222962194
-0.599010232993125
0.877989618760195
-0.693184318150042
1.356204680125065
0.035414885066326
-1.668041948171897
-2.184082842986900
-1.460131406443793
0.126663347244930
-0.284928945536308
-0.995055387773930
-0.155413061500611
-1.036227938258287
-1.431536174833343
0.740251926499206
0.463649021916298
0.047520450418136
2.155174042028847
2.533521324673535
0.098204314243777
-1.048795429210681
0.354992663031901
-1.260896790927451
-0.964683411479329
-1.583336531825410
-0.430009985370202
-1.759100608589468
0.327418384374234
0.618723898492498
0.072170798088183
0.774330381946991
1.906932215826228
1.692859881545874
0.242107315557644
-0.773389448009294
0.447365006891887
-1.113070665421520
-1.215801820584057
-1.617355817443513
-1.081207266696691
-1.223138941196889
-2.448001377230753
-2.720291614566736
-1.763093244410092
-0.423125481196624
0.378425354231544
-0.234543192138651
0.316882466370926
0.236678618215297
-0.019628567056972
-0.460021524646864
1.326007768619826
0.155100540000792
-0.472818989038777
-1.548785451063343
-0.610809122131306
-2.891569018747452
-0.298628028035527
-2.088717732006041
-1.338207147334842
-3.279435969773235
-2.072190070591062
-1.454546509594190
-0.530327420450279
-1.033172813481025
-1.201194387061455
0.945802749995603
0.012830878066617
1.508851063460363
1.609786363791862
0.134325754696123
-2.192205850201155
-0.804341497131607
-2.379752599781384
-2.792170812396896
-3.180812945469092
-1.506566120620500
-2.561170203214532
-0.425969670911013
-2.432358593511404
-1.283656541291415
1.461142660936211
1.845139590635575
1.967076377809271
-0.564761999897145
0.813244019650828
1.411637010186875
0.022672589339445
-1.416985524163193
1.232052674805821
-1.160936879268500
-1.446356241731476
-1.999207077902012
-0.071538656556706
-1.386499911576585
-1.895576334864427
-3.098535190984713
-0.014330529841990
0.148913885603742
0.878720934059075
0.655267843976853
-0.156786785299314
-0.922677341394385
-0.115890845995785
1.318788376771361
1.248390171912233
-0.893365170563795
-1.340114653413913
-0.195123657727292
-3.090205139452877
-0.336113771399380
-1.466672398411148
-0.003651758433171
-2.147594099943070
-1.063344981752280
-0.668908648686793
-0.046343310399533
0.821792785275648
0.181807532994502
0.045805580822293
-0.331804342493889
0.803208450160285
0.620388105371067
-1.000791935920081
-0.854101252309995
-0.415866831313554
-0.977342494886603
-1.840925786271851
-2.113261048005664
-2.276151025122009
-1.855611291361744
-1.231788538063703
-1.634301295095619
-0.417100618488614
-0.533715338934670
-0.841187545387808
1.298058947234142
-0.143412499595337
0.748039617027860
-0.128393394341841
-0.394454906324666
0.009317300284039
-0.680783736447274
-2.318160773368587
-0.957361703370459
-2.461152907055791
-3.788272715685441
-1.094435907884061
-2.063196984550407
-2.481197571214627
-1.106111426448069
-0.748167411007559
0.960232654906326
0.276212402668033
0.898784750766848
1.141794925293520
2.182506157735277
1.663121893221471
0.419440668690552
1.148291625038554
-0.807136664654731
-1.312675432378916
-0.723758486042483
1.086107104958273
-2.159650502025665
-1.806852327194461
-1.636159917519988
0.493867694614677
1.009978432310002
-0.859268269393490
1.857829570993331
0.803454807634362
1.079328829191604
1.362838503337739
0.818166273153516
-0.989965544194768
-0.497377661744429
-0.647239135346706
-1.064027330931522
-1.131864145414661
-1.164003100242261
-1.939271650589241
-0.136180111183458
-0.151384169997585
-0.776708437125783
-0.450466176575506
1.493640407642947
0.596780506144104
0.824992919835809
-0.171736317639686
1.404945299211074
0.118522114045232
-0.444090012733850
-0.446511068797989
-0.139414324817851
-0.390949810518419
1.242586286264030
-1.828493457881090
-1.211570122563191
-0.329118637491308
-0.488169340838305
0.991142545643139
0.227905551100768
-0.864289459496649
-0.397971516712168
-0.572811098774423
-0.407771652448266
-1.305781480373062
-1.472057097211463
-0.919413675301567
