-1.824357834016686
0.094492754866471
0.607946405271506
1.389940530244098
-0.959011458868775
0.216164977628509
0.827564178362099
-0.217226768400639
-2.722110676140104
-0.097308976298019
0.183013627532484
0.345302167224013
-0.197309907645957
-0.521987595963101
-0.830675250625653
0.799824564965840
1.076672830465729
-0.464434417079511
0.447095861598348
-0.242197568658404
-0.875104991840838
-0.006537945283410
-1.676012279625611
0.513323221962166
0.696764539617180
-1.593009269363847
0.412271790566919
-0.828624546873140
0.054813188140234
-1.483384742671676
-0.571030872334530
0.044443011228073
-0.357287121800515
0.762351609426308
-0.929389960013131
0.661635553367353
-0.075246540577037
1.044814538006625
-0.622604286174333
-0.224625612356083
0.501802632970390
2.010637935243387
0.676099468596386
-0.157829826484354
-0.139807913820447
-1.304771340117348
-0.321268835389026
0.471423133420635
-0.177332491693552
0.139094645859755
-0.346181325521074
-0.449053424209260
-0.665051351998027
0.442443591906928
0.221456601668089
-0.474556603837404
0.708712081623678
-0.141499316431721
0.994321707277158
-1.534295539561662
1.217911689965515
0.366620346363722
-1.136724503746625
-0.133363936849119
-0.134477836785311
0.722911825238623
-0.453426485748000
0.613772689426750
-0.199343780235882
-0.189240925771300
0.862820675454701
-0.094688014706304
0.543649256740286
0.081587129607813
0.808984662300466
-0.195390669781301
-0.174696983844958
-0.517550055958073
-0.768792053892185
-0.273158068439151
-1.628414471757741
-0.509804010293431
-0.188640891967450
0.150949639240866
-0.616415682420804
-1.538359856981577
-0.686486122389439
0.411372312682972
-0.482469294912378
-1.608391019988812
0.021989171664494
1.930398113063222
-0.394313931344563
0.192485016853055
-0.249843184880607
-0.978093573669704
0.173335542490799
0.657117629749827
-0.498764740657728
-0.196490053712317
1.032122474917015
0.366750363116214
-0.399852662244252
0.134046399832404
-1.166993325975697
-1.523591542913099
0.798252458301776
-0.880960446707195
0.436578137445531
-1.095854300878020
-0.476082685052732
-0.315781559055990
0.154255324303112
1.521934193519917
2.189208600352972
-0.980637429907094
0.217103464908767
-0.721146574257122
0.471944266120287
-0.944579515228614
-3.503477458292160
-0.825203748647404
-2.200009807466206
-1.221921615928333
-0.126517338019343
0.502982851180881
0.802414843875564
1.647251744028780
0.472751215409601
1.151764293358959
0.539008023316619
0.910722410136545
-0.268426750199199
0.126482837356378
-0.615733191626027
-1.873975708617483
-2.492889319578812
0.143300037213013
-0.897392275056201
0.995787510390077
-0.039075356889146
-0.405719279297543
1.506865921134839
-0.730876440666367
1.213282751193111
-0.443946017527536
0.744416280739289
0.758692106788244
0.652881170102181
0.197826014306568
0.590108915823873
-0.836866671984292
-1.205662228376278
-2.359919824448872
-2.354944614680656
-0.980224701912704
1.728386995218868
0.643410411665511
-0.737917692237328
1.426129480518801
0.276268506814225
0.812737149283081
0.516161252039344
1.624619121236490
-2.124243560240184
-0.377401778935471
0.954134077663696
0.564087664795077
0.070952824421582
0.607937729731465
-0.757399709124142
0.901110625511010
0.139266955278754
0.082789721208114
1.623307977492198
-3.286117036831390
0.450853675990090
-1.025793341497478
-0.508461396760107
0.976022188361630
-0.469852200304377
-1.908226599281038
0.263904407352079
-0.337774830918969
1.523331540880906
-0.639397427366578
-0.268798388435007
0.055049278752966
0.712621758946840
0.616690438130341
-1.422472993668164
-0.231388903474212
-0.904737979744670
-2.082847424433678
0.239533996597708
-0.359050450921497
-2.424718500746069
-0.530134930451521
0.362950295250968
-0.564397559320902
1.049203997839866
2.058710748914629
0.030894777763714
-0.161527056032369
0.082622380466383
0.337422835654810
-0.879388046844278
-0.557060327575750
-0.682002423643357
-0.978658832750995
-0.977581585031086
-0.130936821813292
0.374185055787936
-0.669110954492916
-0.142545871300110
0.510866383179749
-0.255688470262732
1.087344782512304
0.151493420205571
-0.041268459459920
0.626004787188953
0.299516325526056
0.527521758756315
1.137862342491300
0.177785677612913
1.072744036445845
-1.373546356533115
1.564806495402864
0.995077447640869
0.859293587449082
1.605341580425812
-1.028236708816237
1.341069629108306
-0.443692697265840
0.652721160791110
0.939432838443964
-0.959014086236829
-2.155273721989696
-1.125216759545487
0.526645615437415
-1.144460142143910
-1.775602615762807
-0.203699404835671
0.479687768222656
1.058856746510086
0.669623618949090
-1.279339024054459
0.216653169858446
-0.096658643577332
0.001788187459446
-0.437749890751273
0.512133728846548
-0.231126464805834
-0.162221107615979
-1.279198774696074
-1.303814738014148
-1.268034969943536
0.159149841673376
0.398084874702711
0.700579544923061
-0.384281812839818
-0.234236129093787
1.046658088670021
0.112509205843121
0.332632508874015
0.423829399631710
-1.362697598899156
0.595572190464283
-0.574493332924182
-2.010216050670383
-0.558990771722818
0.933726376048604
0.435943396596550
1.140120362597252
-0.632233304525761
-0.131576922711431
0.374741803958395
0.636252506065578
0.345156414711368
0.433856426781267
-1.505507895718863
-0.849317115794191
-0.643402212551257
1.391735825919551
0.302593806346689
-1.734329536309301
0.227657336105001
0.047184110670921
0.112590377170940
0.075484385436963
-0.234084925392332
-0.672604082474360
0.164057282239156
-1.362767983051420
-1.129633001626596
-0.393542932620964
0.069584972133927
0.048225624364750
-0.353473062896814
0.096508658288345
0.591540009791420
0.513950353317243
0.044410543286282
1.071109620300816
0.810117199008374
0.455588325971455
-1.152131044017509
-0.154012233397552
0.316893455146918
0.587749036311348
-0.147923703196403
0.442500393694862
-0.541294333464276
-1.078667578478459
-0.428647473351572
1.253521754966224
1.564612589153541
0.529346108753847
1.622621373966981
1.263835260545561
0.997691070526313
-0.225777908692279
0.219345533262806
-0.332989777976609
-0.376179145358950
-0.761836197332991
-0.699205947502902
2.054016455664545
0.068178995303557
1.030377074989783
-0.164798217048454
-0.897578540680588
1.978500385417872
-0.301511487327760
1.308396127287674
-0.842764241646730
-0.451314603657274
-0.549674978263528
-0.014877739218978
-0.383896561327197
-0.161521336451754
0.425288408653502
0.787702389173239
-0.510050030841613
-0.334523606441411
1.264305469819863
1.410723272613604
0.492769928532528
-1.525022743217491
-0.518668222591072
-0.318075081273276
-1.096238872039486
0.967712894269921
0.217051739732378
0.751024713127346
-0.368397866460832
-0.231922444138484
1.465171441874030
-0.598529328359982
-0.258055067423500
0.466351902856036
0.320255756227243
0.414219077690169
2.911581971093246
0.866275636551945
-0.533776614064495
-0.744815515093533
-0.801991571994636
0.232245975722059
-0.515420545183781
1.673986871560931
1.559666863667464
0.454418563797678
-0.642775039547368
0.821960767100961
-0.097403119039774
-0.348789171532933
0.782528206173106
1.477881469450322
0.364310749731107
1.576171278396093
-0.329868431729698
-0.628591441677817
0.890248387804636
-0.697386060219667
-0.404391574099377
0.059779281058340
-1.123054778247977
-1.203822226373721
-0.531082673755543
0.867119167029858
1.122438840568455
-0.463779129963847
-1.060496994482987
0.281028125473276
-0.529662573428974
-0.434947883579835
-0.229239795101121
0.322517440131905
-0.906609869328748
-0.010242592995370
0.505749821481932
1.543185055268270
-0.186566333175433
0.252648356118902
1.556325979563179
0.862644770463558
0.052860928878883
-1.079045523159331
-0.401583490356533
0.700334090178856
-2.001720740741715
0.839121059925237
0.259768529592823
0.473572328106508
-0.085445100339871
1.599514553520927
-0.899907281521754
0.381802203060526
0.297572987064876
0.259919735825911
-0.280716265666379
-0.160293045080333
1.165740250420847
-0.426835171578518
0.487864408036977
0.016471275209246
-0.609144677306517
0.640921232350523
0.548171825630051
-0.516028342615214
0.805512687342269
1.361435309653049
0.414855676537226
0.920893771032515
-1.082126829698345
-0.382669455119214
-0.357732787327411
0.209038623927772
-1.479206894160345
-0.246495879320768
-1.047819379275562
0.289602702014192
-0.419705145154926
0.466115470547927
-0.145556335564561
-0.013537388460506
0.026141645863544
-1.485926412954598
2.212027934921364
0.627506957650965
0.798565321081707
-0.195693721184676
0.131244092304463
0.983994791484769
1.074396750257075
-0.754085873219164
0.043781145039156
-1.318851946766791
0.216042916729768
-1.167322570591009
1.224426562552276
-1.403614584391850
0.661366375032827
-2.038974864007179
1.202298303572531
0.817517596332457
0.007989364228865
-0.344791917678094
-0.693879358904793
0.200410400370905
-1.029098364736148
-0.515576991071959
-0.518352134702706
-1.101276433107119
0.050762615960916
0.103286838032595
0.679845953320350
-0.830801058959399
0.613954319269461
0.446013588064696
-0.514161577253390
0.063723979578383
0.022430030953237
-0.532927755016385
-0.344230201795738
-1.994861804471573
2.019090411915862
-0.932215303581047
-0.166427968022324
0.155586880543874
1.459264279644751
-0.194888565624819
-0.000704423124939
0.181448552880537
0.631727265203159
1.233364963597820
0.072210007271955
0.057553300900020
0.688308338346055
0.630251312278072
1.613644744065507
2.101713664792261
2.665331940163497
0.301485441777731
0.380377167164868
0.695987931045161
-0.642124765803636
-0.272343166738397
-0.014582599124837
0.240177445497628
-2.808237399209418
-1.632488238291167
-1.810411711583530
-3.070380062712168
-2.392666296606034
-0.673669906913125
0.539259259489302
1.786127862185809
2.578809520306869
1.719932633620836
3.519350730667688
2.733835348692050
0.740670037524335
-1.239695924977514
-0.712977794643988
-1.600736711299153
-4.396666692194964
-2.567801643486102
-6.695133328080479
-5.386407062021383
-3.213103997871465
-0.380484150566920
-0.341712714303744
3.528519509848264
3.344438403676727
4.590207250133235
5.399165524764959
5.735552517489637
2.909181360827400
0.227509105720059
-3.715689976948944
-4.919371035188806
-5.444474329833634
-6.843666200238133
-7.082671328623210
-4.736707143222938
-1.963794383360247
-1.104506755312631
0.208650412253069
1.895341957080680
3.746193728908037
4.917620667637187
6.426591366159801
5.014175992480885
3.597837059959752
2.961181860279145
3.361514328054537
-0.108763912837120
-0.043843018251004
-0.991534443266422
-0.815432200853788
-0.672839979833456
-1.242229533701372
-0.296812469739084
-1.144186334968746
-2.141783028428177
-1.376678524036159
-0.373993753765819
0.876922991861190
2.313671742057634
4.933012779874066
4.881812001296326
5.414795614257546
5.765154250566023
3.508330801320461
3.978705359218145
1.831312555490729
-2.332454832533370
-3.472010647309551
-4.959866584236181
-4.459109029949570
-4.094751118898197
-5.280375507424627
-4.107576577263176
-1.855000822221387
0.641974619599132
3.961330201219686
5.845208185093505
6.872174240017848
7.110541144604937
6.100437734247139
3.552703307138061
1.997810451373319
-0.970568668078436
-4.115909756291810
-6.078941928260833
-7.870433701437586
-7.847350469445498
-7.038894739044606
-3.452149905554007
-1.425066046161006
0.060894772026933
2.827450779973919
4.782196757625498
4.037681343959250
4.422766136593488
3.403427784632883
2.994937205903816
1.204908012985263
-2.986530662792767
-3.053886648959584
-4.680645145410004
-4.135296703339357
-4.381112311344005
-7.577040620180993
-1.621189696047053
-5.364472890194445
-1.616975825840215
-0.522493317777919
2.365631331663377
1.387409774894006
2.452020320057383
1.307387244202726
2.120180878826554
0.921252248452514
-0.949854405316478
-1.124345243587205
-3.225281587447930
-0.162969938121609
-0.165516053117484
-1.700867185432200
-1.391106657807205
0.297557984453836
-1.371575246771698
1.918523247468293
1.022874340422015
1.178602727560357
0.883926241554216
2.029020527013551
2.286483223809621
1.889825179757785
2.122985231391628
3.562184911035901
1.466410549971692
0.937393766986620
0.992235528318491
3.167796960019539
1.488876847607895
-1.306879584635454
-1.480539091956615
0.760540481450859
-1.363158357220223
-1.273210710874592
2.355671474791841
1.408134126178764
1.166102207364937
2.161837034870162
3.277594249372883
1.671636900453148
1.930024296254825
1.743655893196129
3.077093427202821
1.559083789163529
1.731331339194603
0.678522724636890
-2.107598835599446
-3.028313723331819
-2.018255859214783
-2.289923634857073
-3.266736580642506
-1.148142005925956
-0.262682883997890
2.804475478619172
3.167723482286141
3.786419005151450
3.344222150848375
3.044081641863231
2.112730811953529
0.232483522511392
0.527909154402468
-1.228772308072154
-2.428144239476728
-2.934869944167330
-2.932270416385084
-3.024965964625442
-0.826463156198087
-2.820613015541108
-0.280662371641062
1.206288987287332
0.387743598870237
1.438151873653075
1.012611289072287
1.170726834014146
0.394784214003369
-1.644846936689035
-1.717254602482730
-2.181493275432116
0.725102878360355
-2.833689265793494
-3.322804326459625
-0.977037617389630
0.040260588957328
-0.165741121062260
0.288886365463581
0.804228910876734
-0.825855890778548
-1.043601871123667
1.064509826854548
0.032010133146329
-0.370706716877113
-0.411247827639375
0.747533842285520
-1.686265229567239
-0.992618927111776
-0.834219507890897
0.694756572131197
-0.064950474246928
-0.424043924987183
-0.693846345296385
0.267799732290842
0.033581506262215
0.866032319649994
1.050210975449626
0.129409408899264
0.278478474078362
0.052206886532378
-1.121283628870992
-0.045454331085278
-0.069654347149505
2.485169252443847
0.458794265683362
0.936707915646085
0.353372597328983
0.077647441980762
-0.136939792284892
-0.941120255314525
0.913204361858287
0.380575503418093
0.006741236952714
-0.104798066714894
1.813471736078606
0.395787266439122
0.694314405669953
2.164842451784881
2.135499163679039
0.889983561522782
0.235783019876086
2.426049397471712
-0.369097796515896
0.448611976564057
-0.730587784358325
0.214559792955787
-1.679087487482868
-0.688981447231791
0.375209895701218
-1.955903339167348
0.603730708402269
-0.324479681070310
0.826873763805871
2.007489420342988
0.690043705423458
0.607645050389284
2.542395690950151
0.885469044872737
-0.760080865018396
-0.093277772637062
0.485523815100723
-0.934218466058838
-0.159049758903095
-1.732822822405055
-1.006802133651481
-0.563391605881347
0.176165363783168
0.105493807098717
-1.857429459681162
0.486656338981854
-0.561244009477283
-0.419859170792123
0.700206679243686
-0.590316589618146
0.082336767093702
-0.285605591895498
-0.303630322377085
-1.046623227182820
0.289494824449172
-0.659278863189516
-1.348133398214203
-0.814238484811781
-0.817911918588339
1.282482246653808
-0.557312585088922
-0.048314498317035
-0.494432218069839
-0.288651653906907
-0.392242065973279
-0.555868029476059
0.170128413258565
-1.555520858838198
-2.432481020476750
0.001286638422670
-2.048586240452178
-1.744753980813729
0.229915958211464
1.130102203554136
0.614930823526706
-0.168959418898130
0.780363375141353
3.228504415334181
0.379418218003511
-0.067105728666995
-0.289334564168281
-0.246442216236838
-0.138610107894214
-1.156402836458394
-1.782280013117917
-1.678889731704663
0.072438039138928
-0.950884022311711
0.826469822709707
0.262827902772347
1.114434463338306
0.025823421967349
1.970801139891665
1.043094607574181
1.577251410162331
1.106667026922764
1.025013971601851
0.504307870348035
1.248165261511299
-0.167999815909868
0.683515824951672
0.300813374009654
0.135144116039876
-0.152375622827565
-0.541057511101124
0.115012735586424
-0.176316854292673
-0.952195303855814
-0.072935835947760
-0.512513910044340
1.255310844077080
-0.601480522713573
-0.202118130741416
0.611919239064183
0.549777228448286
-0.705441611688954
0.961062410735946
0.357430074979855
-0.128467970233052
-1.400820520906509
-0.731096285754611
-1.795044627930215
0.712414002279383
-1.990402200321978
-2.191267470969501
-0.634678595783349
-0.053143023680498
-1.523808632650309
-1.113897856906332
-0.093079198856950
0.035977436895328
1.162029580672711
-0.456795083185616
1.105304449745686
1.047308227439282
-0.233785238155730
0.849970978976223
-0.428897671725093
-0.203795911615271
-1.751017784427160
0.450063307516444
-1.793747067383442
-0.707296690561186
-1.112532350295597
-1.138879857742257
-2.171714403198351
-1.939119556827232
-0.798308464403838
-0.609540989139593
0.257357094386371
-0.141748935021458
0.283733083586007
1.103517751139527
-1.230642382036708
1.366958373125333
0.539020350614045
2.338226950072522
0.213165025609167
0.854121717544317
0.227457153648381
-1.686328448426178
0.284048315890293
-0.084751749521589
-1.721209064263673
2.025185179763110
2.582399560262441
0.369664285774727
1.886194693891968
0.425625981823515
-0.008310572019370
-1.059293047698497
0.360448014700161
-0.416641892444079
1.472738919428477
-0.806840857233314
0.387448504806224
-0.150575983954335
-0.458411214554720
-0.416250939206679
0.954013703272990
-1.021577770616795
-1.493345074655104
-0.014872865158952
0.935031649849830
-0.598736033723064
0.906336325459116
0.728380125872639
1.382382610041323
1.414347747119929
-0.216022394017374
0.092181444236498
-0.875885727169077
-1.639690881040686
0.920152648988761
-0.861257067128324
-0.921801967944872
-1.383639897205132
-1.355149168419318
-0.837105018325272
0.440539016005680
-0.826339957287503
-0.551760919378670
-0.948675305497489
-0.338200009111668
-1.636066289403906
-1.621902470515108
1.756885423027650
0.768266258631212
0.230740805583111
-0.254942752142157
-0.499405926930849
0.474150683420149
-0.765966724502402
0.864563378131237
-0.874663118980030
-0.238030894071247
0.807626686843760
-1.227167713187108
-0.829542667527319
-0.264768005570752
0.769399382755951
0.946460284082223
1.659351066491503
-0.408064858507420
-0.050951116355744
-0.201260005299844
0.603858494948568
1.353773779831412
-0.722418272114149
-0.598966551719296
-0.470974297472174
-0.004587643914946
0.211944729410386
-0.849428531031256
-1.224158573415106
0.092186887042699
1.056534089650305
-0.543266781812203
-0.160247736288124
2.738417149970346
1.672623499273847
-0.208099991772575
-0.467531993854848
1.968791196057282
0.695337624025025
1.273922409263748
-0.385659093304549
-0.363652016540050
0.038063412357256
0.934040779037743
1.191717268835744
0.328705415991699
2.524458286569164
0.793255933247555
-0.910951745750661
-0.657518656251974
-0.138919666277453
1.241335145438478
0.431386121701063
-1.142030900275353
0.844901881157368
1.074053829913383
-0.083492455021317
0.331216799921177
0.274970579184100
1.770934693340234
0.639610543280082
-0.670186264628580
-0.696035058853672
-0.004207051831768
0.006249930336563
-0.373045755778319
-1.312584319086123
-0.238098622702599
0.490609842452789
-0.906314361448096
0.543659331093410
-0.463039620391133
-1.154247246348478
0.850358760149773
-0.790073345180757
0.811718604491613
-0.627213383826687
0.928569480376263
0.394525871981406
0.373894304101404
0.511511474161095
-0.884014792717628
-0.313622341794490
-1.142866618205730
-1.855626203436443
-0.853336180406000
-1.738590756492959
0.681860944460557
-0.102661977690530
0.109520058097184
0.530235075412811
-1.252824990308280
-0.763151830572220
-0.412577716113209
-0.083236600961926
0.300825245105025
-1.357375157892506
-0.339619862748037
0.277001862361298
-1.120069682080963
-1.298068544622721
-1.535113975615944
1.226102876979156
0.301860619345378
0.506543242633974
-0.372685094094578
-0.810384321626652
-0.784314607780665
1.017812539299155
0.191892904132166
-1.375565982241743
-0.521767951981408
1.113668173467557
-1.959970881867249
-1.291394708362667
-0.226479230925977
-0.619329948040180
0.119958830722823
-0.725194422239846
1.328261721923250
-0.536224717196209
0.677536126745287
0.979849776991310
0.834880084457723
-0.631228507411154
1.106886224980210
0.544693065426953
0.128696983661393
0.009852471293881
1.426858727502774
-0.832964106380835
-1.011806844224304
1.313010187154891
0.941481621179115
0.784816257064960
2.304767964338114
1.180826443871087
0.870166648223125
-0.406502379214362
0.078909230164514
0.689580933039873
-0.850756448348762
0.759236453128932
-0.443548911418453
-0.282409880743341
-0.065148800668453
-0.240359315473859
-0.205399703175321
0.505274406943791
-0.849636236073489
1.505414522170040
0.110926779023166
-0.808420182542460
-0.089396796802577
1.293784485209391
0.239847017779525
-0.395019352749469
-0.063616384475068
1.699829523123244
1.153759949342378
-0.533412301021615
0.346352086696032
1.370778535614480
-0.916491892677337
-0.492938731855579
-1.117361804237772
-0.708761399790157
-1.854887666390064
0.399488679586178
0.613008659711468
-0.661934839171058
1.178378126058925
0.318865978832044
0.683065890116583
-0.105418204297410
1.519638749295249
0.600372436400267
-0.711123777578859
0.475609029925399
-1.265511848618871
0.383595725514593
0.446218191621711
0.012054284503697
1.600103789802691
-0.696998704470518
-1.423086767009420
1.429891398467341
-0.258339979873093
1.362708426859269
-0.319449144220629
2.723857570108723
0.822562688007169
-0.656575090599157
0.901865734551709
0.351528979855985
1.667951202534869
-1.136323161516638
-1.503525682387228
-0.626481298983489
1.484086021799057
-0.768387962412318
1.532790523273143
-0.113121805542162
-0.083085688240841
0.037459335760376
0.412594471035466
0.900151408410559
1.385279885057553
-0.564185023986616
0.466247406844365
-0.646516684240931
0.069143548522020
0.036975296962149
-0.570627506589042
-0.841851941761141
-1.296277026729337
-0.996575074859204
1.305325439308255
1.121376996440541
-0.047345007263333
1.170618515290521
1.165838551928652
-1.244477797043233
-0.209866585601367
-1.811572963055545
0.640100654420097
-2.434832808272823
0.314606680442528
0.406577255337786
-0.090942528944835
0.405061594473409
0.943010009785294
0.929129021461632
-1.513898141376814
1.532856490556218
0.643252898557271
0.705054028972591
1.688433307560124
0.003516804908569
-0.865040825490230
-0.523806219607575
-0.427811611427279
0.192304325928042
-2.061826203868964
-1.849943789384568
0.355802797063824
0.581673636069212
-0.127384248050393
-1.189850489641367
0.223938518090531
1.843668900892845
0.186456642752274
-0.071300100160978
-1.422080398829898
-1.258478983903604
-0.700995812819777
0.083980626573337
0.869786389834042
0.418047445537974
-0.511394655565752
-0.279504423641115
-0.128808522451681
1.368113121917061
0.624601578105803
-0.715382516328583
0.606427532356217
0.453666715710592
0.334108345486026
1.609813498561935
0.249761331812082
0.328250363498202
-1.026295713514552
-0.822944701236883
-0.327382366198560
-0.433671727392914
1.147786562411188
-0.443420836469902
2.149694880883523
-0.334536459851889
0.418911318160612
1.586838743082956
-0.928670772216150
-1.091735232573930
-1.045129752204512
1.376610004131491
-1.901050939340714
1.715630912448723
0.025997564142616
1.021025513321170
0.530407357718313
-2.027720675239510
-0.880285030494123
0.939528387638870
0.873913923546855
-0.851155410760153
-0.413648930850758
0.066391899195440
-0.912458235179568
0.694792644323170
-0.109210227044922
0.074248581128697
-1.971151618083497
-0.506299217981294
-1.752068421207448
-1.121280252216684
0.570828187484219
-1.094547628697394
-0.570430973052590
1.361108293825014
-0.492535060258168
-1.289135280196578
0.296696464955416
0.334419254248454
-0.246644844151563
0.707291079623966
-0.001586732996883
-1.019598189982890
-0.049823279825227
1.413488579905458
1.349583991226415
-1.884376896225489
1.813735804826467
-1.317643987849395
0.927228388954513
0.455627259379851
0.735141033197738
-1.083197687505077
-0.784956043315048
1.700322898901331
-0.780328709804651
-0.102913459067725
-0.228959808082947
-0.172401148904255
0.936714718352168
-0.951608857425087
-0.825305988608781
1.801123283725538
1.295153748527500
-0.538263106468880
0.474397674504634
0.506324780728650
0.601290287925362
-0.455239633699240
-0.967792788592255
-0.567155938743898
-0.205607209280571
-0.178296006832731
-2.266054892914854
-0.515581201032969
-0.154947623253521
0.342471788392778
0.579320098119703
1.698671861697409
-1.033113109226482
-0.620174435145078
0.538875810727638
0.282665664806260
-0.089084653629849
0.067565388827876
0.897504909416433
-0.271256734923235
0.619335108824175
0.282851734793958
0.923849773088026
0.937197367094575
1.480355602079920
0.965337545671367
0.481949212469794
-0.801450049597508
1.200801648717572
-0.897758553398313
1.247676204846476
-0.862946665620104
0.431690874999228
-1.367942167474899
0.201520529192750
0.773043966039343
-0.016467912319079
-0.575125887081741
-0.138045531032181
0.391317402904650
0.875275926224687
-1.196385345710822
0.200010989824921
-1.126520415128800
0.380992632940282
1.356290980067740
1.067254517966129
0.693143291416613
-0.393251787489833
1.013369375762120
1.920106785263780
-2.051219252734716
-0.382578040275187
0.094131039898459
-1.161796696176502
1.143784185669090
1.020682035228430
0.487946855558560
0.029160258493146
-0.462050078905077
0.451096196226787
-0.067246785567515
1.251562880660310
0.496337882525652
-0.117688196921223
-0.218276845994954
-0.845917625327972
-0.159306423448062
-0.186069303288322
0.300587069031687
0.253069075500428
-0.038481055675458
-1.163510336824684
0.252947939696658
-0.233191694935766
-0.219534609711218
-0.373223840313918
-2.460455512742048
-0.357183984832577
-0.950117726289256
-0.941442590609507
1.363207509069835
-0.192051110444892
-0.121244601806787
0.662168434847296
1.047161679392479
0.714794241986269
0.331238263372367
-0.201961555222664
1.465944536007501
-1.148462619639698
-0.013964310640341
-0.218193008738064
-1.612098307469033
0.132990248731502
0.187615380710906
-0.613648882747424
0.613175406597758
0.228768183181112
1.736537264078316
-0.597702956322508
-0.726355154506272
-0.077825569839334
1.677198967735135
0.578242223399621
1.766760137111240
0.650680152062070
-0.605600695245636
0.255766021088612
-0.019631524774495
0.314967602527524
-0.754581979227710
-1.536224677587574
1.474825470159414
-0.717502692328040
-0.836594467246725
-0.066520383543479
0.541286976227386
-1.159694679287234
-0.515370604468499
-1.148728628146590
1.968325744080598
-0.965584943726162
1.950005230340380
0.495475551967196
0.834416548862470
1.651645765768476
-0.674803538074829
-0.833578367797793
-0.228093527558542
-2.559915330220590
-1.126699950052456
1.125653114665742
-0.529294684821036
-0.521518379861923
-0.659061780225095
-1.271972991881757
-1.373104183198609
2.042865411163053
0.303426614940249
-0.534700851480420
-0.758146988512783
-1.658468751445905
-1.094005681599898
-0.366006974511988
-0.651822562735360
-0.247233393699503
-0.092981014060176
-1.063145922507919
-0.719741767878652
0.872482213072336
-0.137928298013653
-1.628160084308126
-0.363226323553132
0.308601739983541
-0.703892618176565
0.533828806983801
-0.054670475245157
0.402730214528062
-1.862658891460122
1.602206746457011
-1.096871454443216
0.533353133109591
0.573265181416113
1.299028315929632
0.830497003674666
0.099207861945785
-0.037309302817620
0.917852354091447
1.226518336207951
-0.014887013207721
0.220922803285214
1.032775073753055
1.172292529686324
0.592995481796788
-0.681107558872918
-0.864177231326979
-0.166138696561307
-1.158596229222405
0.759254839309629
-0.529877128321490
0.293804960689157
0.073223897710248
0.051510985801750
0.333733780139720
-1.050965349173690
0.126008410573335
1.222030095216573
-0.076241189331733
0.764765511976500
-1.596586720496792
0.158920274266706
0.099262661050420
0.002498173304410
-0.765592106277504
0.106552706517857
-0.990598314626910
0.139943240860416
-1.589114544360613
0.011911671334771
0.602230024714020
0.260587622847329
0.349073323149457
0.971318796687081
1.247387869107953
1.241989095326283
0.142767230326268
2.040652570892733
-0.447208829050239
-0.128893477083186
-1.172787087040272
0.098137059241371
-0.475099450597197
0.695223222194009
-0.431432738413442
0.181361938226368
-0.568411371674892
-0.131488493052188
0.160631684674567
-0.934394287784300
0.644169102289090
1.030259119227449
0.316546391706826
0.515956862638688
0.291301917286309
0.463712643692791
0.366632852884231
0.110908151805760
-0.552662499947294
-1.899620624492818
-0.049887103619269
-0.162450093895451
0.459444219395082
0.719897196359109
0.312560615669469
0.798782525609756
-0.149262539961552
0.458839313853911
-1.109349383089977
-0.467308578302857
-0.363785983769791
-0.856121263467331
0.552231925562469
-1.078233289623165
-0.107113106938282
-2.149259925775237
-0.196367607943271
-1.059026832671621
-0.561371625332010
-0.407419568772105
2.364612519643958
1.003219776259128
-1.484638060490159
1.048431853250817
0.688831268006184
-1.816340876638685
0.815490300820131
0.117198865279663
-0.949721059492243
-1.148036149236478
-0.125808333912536
1.644026519320562
-1.213306240366071
0.993549871997468
-1.033897138807456
-0.681470496818644
1.903926327221498
-0.774304176704755
0.545568732342137
2.464123234651022
0.525437668459839
0.371575342083776
1.782819636552758
-0.967075415240349
-0.106101857789399
0.433714803867094
0.189888914653417
0.124184235551603
-1.374058413074651
-1.175211816083245
1.018537127990772
-1.070433040525816
0.695316780830734
0.949593512136055
1.340502054369065
0.829642971581993
2.432813323902783
1.207189983162897
0.198624993763060
2.135965806162123
0.116381105923111
0.618779640772663
0.630413359642732
-1.133978209233515
0.391834318847343
-1.447437801207941
-0.063220942214382
-0.473965996875847
1.292948579182118
0.132142055363192
-0.013809718928389
0.621020181190101
1.515473321099293
0.333633159524689
0.001382022762989
2.072632768680655
0.107820058766940
0.648116470469618
0.387260770960752
-0.046637138530294
-0.024117643076273
-0.813267607554484
-0.151918339222843
0.469248813517532
-0.591719971865190
-0.547509384902504
0.262487519895715
0.223996896805244
-0.698589582413119
1.278586062654308
-1.836110889313587
-1.032356385273770
-0.444604475527851
-1.209006034753337
0.764963687156274
-0.811085536218726
-0.219699816891552
0.982897087962569
0.082442314295234
0.350395966919615
0.133920194839339
0.012353521166583
-0.249891984156320
-1.133749959257050
-0.454367319621148
-0.343573625733588
-2.675085886188637
0.633208084862744
-0.303719023012935
0.713983810368581
-2.069091486760014
-0.788218930906106
-0.506562662424144
-0.372198232319130
-0.463823696432500
0.890461415051055
0.871218253276721
1.485841697288365
0.873978451694437
-0.850699547707761
-0.109463547419929
0.653245858305724
-0.751208213596329
-0.950065553313614
1.740296800983301
-0.387890173180787
0.947048102531159
0.719941330740778
0.394181860644861
-0.230659606526100
-0.194506788210157
-0.608796331134336
2.180580260710396
0.563709957308974
1.134615377653475
0.685929821514763
-1.119114093147958
1.764488311602590
0.766277250515923
0.286162549389286
-0.414660461916544
1.108005428699566
0.970937260372121
0.370697250435132
-0.040202949643921
0.469235498425549
0.586127428487769
0.663332521392412
-0.205429138783154
-0.167664435164512
-0.235275667134703
-1.012801977938412
-1.556337635636130
0.718142010412233
1.020406738936318
-0.034918811871356
-0.138336025879311
-0.402888127400688
0.758331074679035
-0.791214300045954
-0.662867362281835
0.549284273212612
1.041142279773077
0.727269765895464
0.043162428931414
-1.636140519858830
-0.129792607426704
-0.356453211631561
0.850643454104058
-1.183033666775556
-0.786476245155459
1.309455698201303
-0.273203714087655
-2.073193001232537
-0.549291928817301
-0.398016969605446
0.887337159094273
-0.197014766617921
-1.559332087634414
-1.098086812786264
-0.222665458384606
-1.230480496420646
0.672195713960032
1.825922043928922
0.706071702345497
-0.854916138897620
2.819277518797183
0.785497190531242
-0.960527150356089
0.278709359279798
-0.429836794101447
-1.146127841585094
0.422339287819474
1.281985561083291
-1.304773733074964
0.956867857009848
0.106614231143471
-0.327311581986150
-1.354928450289249
0.506776442691660
0.066683787620385
-0.143900105717188
1.520190755468595
-0.178667302280155
-0.686017312787183
0.441952009552732
-1.341720293215896
-0.209732244566777
0.983372222801313
0.563249342186230
-1.013541462585904
-0.527079096753066
2.555891265609947
-0.165417611232889
0.609568247279034
0.058318129873490
1.265614145367854
-0.928887262248092
-1.330411979154791
-1.524841810416241
0.346209942225584
-0.297121464195875
-0.325206001445505
1.834488330625464
-0.257594474179939
1.309321246515616
-1.068749108048051
0.021873221018528
0.893775750484556
0.058697901988966
-0.332572459790148
-0.134684737257883
-0.610431535783603
0.081077318400727
1.977228293311027
1.193039690228540
-0.091148905308721
1.487043368598130
-0.307784189907463
1.226864851682370
-0.113302289331522
-0.415696765541670
-0.401907300611147
-0.387175094306154
-2.001714602085516
-1.959688687267113
-0.585013719273725
-0.266553126674667
1.807524227230483
0.740850155269126
-0.416637149963796
0.025794527726236
-0.379729140871406
-1.242858059253229
-1.523420642614442
0.517160426929877
-0.362755794217630
0.433657947150894
-0.866954013890036
-0.675102895836645
1.502729931494221
-2.365445438816779
-1.336102281339222
0.124744230699222
-0.350435913724167
-0.666807804653381
0.180931023221648
0.234278215038102
0.352291940730694
0.012965092826839
0.416727478978297
0.356851837328557
0.407210570463500
-0.114162867059236
-0.660574417754435
0.283252437197237
-1.373014627803119
1.637106031691555
0.890953690615601
-0.343817854246820
1.369818658653728
-0.375330708636405
-0.480179646457188
-0.943649005095863
-0.279186144592070
0.251039476040587
-0.044416568149545
1.127198563935371
0.287967393229980
-1.312798633573846
0.037548333234513
0.022510332580933
0.014090573168120
0.022880128807123
-0.850425447887827
-0.407366175243452
2.469815364981723
-0.583417137134467
0.197898657919442
1.801548361637106
1.463202590818912
1.457351129466727
0.612082029844986
0.591890830114057
0.224486247019179
-0.411255891863789
0.270826232098474
0.554364794665955
-0.722527958304371
0.402305924185354
1.894305169612898
1.000561172483414
0.472557281006121
0.433811266007909
0.984974254567289
-0.611145471216820
-0.130062934915049
-0.576124257163068
-1.336917643699643
0.590367624912506
-1.123104296985855
0.938477099820142
-0.874950347806987
-0.389885452044816
-0.008160622627505
0.527436119531167
-1.167512863023832
1.375189612389386
-0.534962105474766
-0.451160670613023
-1.149132511274719
-0.477588720671726
-0.416411190750745
0.167247930576920
0.392962369320008
0.220672481327223
1.344817576144516
-0.450699702425865
-0.043396138812759
-0.860212838385441
-1.217793413328868
-1.026289565890589
-0.278082719691368
-2.564581566127709
-2.712208475861749
-1.816362302283637
-0.196239903728570
-1.239062535372251
-0.159852274278908
1.406970997166866
2.466459255881445
0.745509861749222
3.388752711767263
0.940728585630014
-1.247119938305912
-0.691225700526904
0.947437377167635
-0.692784174393440
-0.494154604471784
-1.953417992147762
-1.148411811611419
-1.832771102516296
-1.435641424024334
0.668734798196772
1.144538486628788
2.799597571490636
2.608004059020059
2.088925436569812
2.132234185911889
0.150820036492623
0.105363590997696
0.343356407217280
-1.936221785909637
-1.126695899711357
-3.498409809849730
-2.146689612963526
-2.945901247295161
-1.851042803582251
-2.255927187698711
-0.149455393543330
0.430747222177885
1.683962739102682
1.641962455122302
3.131989437992012
0.928520787078668
1.430619955952024
1.799839314210244
1.598804659840329
0.820400001469728
1.555336083839777
-1.013669456991035
-0.563750732916594
-1.300193675352623
0.078349937298591
0.313200593804229
-1.776107099587862
0.983206046855129
0.067746576493428
0.844095913225465
0.214557501594901
-0.266201372106765
0.973300440682321
2.665589183137833
2.302373395656907
1.726419906072481
1.447498888751447
0.401812478612582
1.117520687440116
1.553150737446286
0.142411214331756
-2.065962540209036
-1.892940627431566
-2.404825948730566
-3.229810983202599
-1.603535837733925
-0.683178122720721
0.567731024734029
-0.641445766608997
1.464459059479241
2.319824411269025
0.448753311450121
2.436573289254671
2.748014066866370
1.170331977993334
0.703803276882887
-2.470558219237810
-0.664682482796413
-2.323970065640176
-0.726826162450251
-2.049454880644468
-2.153175070163419
-1.393618779133356
-0.436466566721666
1.327054777650357
0.635823013502281
1.139216720433494
1.058294583387175
1.640606873026662
1.741759469645631
-0.059450963248179
0.483105061815896
-1.202801259120070
-1.450577609676494
-0.136358635284000
-1.903734689720208
-1.951314085672150
-1.568109289956659
-0.305993358139384
-1.328336231039442
1.024667792401399
-0.264364255680774
1.571941570387079
0.801898578014152
1.724758606245602
-2.181436143665650
1.156125873940365
-1.112647454011315
-0.987808999063983
-2.152885942832087
-1.927858991908970
0.345822906109784
-0.541070386950959
-0.863345855142886
0.574181508100909
0.131326120739639
0.841183070283104
1.566004190297119
1.372300210776146
0.737113706143678
0.999512324444108
0.104662728299749
1.013049333979460
0.651054008361121
-0.523057239347282
0.083229700372109
-0.626812743439573
-1.380292855724559
-0.437127298765915
1.162464192845538
1.025775274194431
0.882292787567355
0.467219897622742
0.314496815507770
0.099815458495883
0.749445145126232
-0.204236043663517
2.023917464424378
0.917085165981055
-0.326929360916801
-1.027346395454154
0.139341507799690
-0.109299540420401
1.202275313745824
-0.097445063837806
-0.372356704589425
1.238405833652863
0.693550126790357
-0.215397306760995
-0.914297570092644
1.509645203962669
-0.016201647756559
-0.061918669501068
-0.906991167073783
0.510572006766472
0.011469059207763
0.249699141889752
0.778873737684469
2.068032140922078
-1.114733311228579
0.851403994277933
1.512118709725130
-0.204351348336503
-0.580189425095658
0.155742052970028
-0.823567726004843
-0.786427858991982
0.219967196121052
0.281456072354406
-0.102098948152739
-1.015677546814304
0.302797755378203
-0.415479470013840
1.070909619444463
-0.645743768113117
-0.034818611538980
0.040677129233181
0.417989816494741
-0.486571165182965
-2.606208358634770
-0.996980417751007
-1.868863713766899
-0.046296559919331
-0.193864448460944
-1.838647982826801
-0.500722304526662
-1.362869334815696
-0.167004762012902
1.540309204418111
-0.792926115893441
1.474566868377641
0.133556249259918
0.561755329621765
-1.665129741428198
-0.852086420519201
-0.799204738616229
-0.985027901757368
-0.584926059741328
-0.228329686305166
0.568499526665289
0.394259276314925
0.322800931718490
0.510293487790941
0.207109363896004
-0.737317526301567
1.104450780334534
1.000667150572033
1.226467607145003
-1.371660254792387
1.297966331627916
-1.504795110368471
-0.918204354901724
-0.449956296587069
-0.456833833649768
-0.154210666517790
0.323326187754208
-0.692212559726964
0.441358476795778
0.816105090941398
-0.875903569437700
-0.393245614307353
-2.140007976483977
-0.208633299011872
0.141384558734518
0.369950478516629
-1.558637302210940
-0.225514854648183
-0.694743554954409
-1.593914910581277
-0.454874680925988
-0.394610591067846
-0.129700434594317
1.247965752497458
-1.263663625918912
0.846724655464832
1.405088700882220
0.875148770496089
-0.633635656931070
-0.335204565768365
-0.960391168270906
-2.032523445646349
0.636018156939160
0.117154127246394
1.939891870856403
0.012270739708531
-1.319515413825780
0.353043351554854
0.104667932409524
-0.569938886062543
1.045137362181136
-2.373746671989485
1.046294916189699
1.531743532111769
-0.608342351970708
0.512164007928603
-1.303073386250750
-0.511941944342429
0.787402089859393
-1.333068864245871
-0.981841917835502
-0.394395165949403
-0.434456232573490
-1.198819409671764
-0.781142621561755
-0.558394846728611
-0.218060365539998
-0.832473601741828
-0.858529197053406
-0.963907529015407
-0.336086749823862
1.807762003178847
-0.142674061867245
1.394839917632287
0.651353754971545
-0.709174114425258
0.304007275932510
0.592823759705635
2.235410460608720
0.630824843603840
-1.384613396855539
-0.827116849088436
-0.111411076028230
-2.510421128894481
0.251990239854052
-0.219301057821119
-0.128544548704532
0.605869951388772
-0.040807386454577
-0.185334255034777
1.034983454820903
-0.898648916222947
-1.355008512502741
-0.622907309122597
-0.974857363255420
-0.284490333139650
0.642783036215854
-1.096978287801526
-0.509907453121713
-2.139467698556873
-1.062923774899132
-0.953724374002804
0.653161159079822
-0.002973984984326
0.655221038780724
-0.427013456245585
0.828666410154874
-1.851560451096699
0.107513582166409
-0.863106310953401
-0.553690990115352
0.092944018772354
-0.839855269351907
-0.587959050446905
0.638416959688094
-0.047345312061779
0.669647496909488
0.943715911773143
0.335075129067157
-1.009224084241098
0.551060301082432
0.624720830508268
0.846275142830924
1.258827861495016
1.633032146968665
0.574587087540941
0.394281814186579
0.252431577842813
0.112621056707265
0.254688531939229
-0.250761000082067
0.018547773749932
-1.161397099820793
0.276494557813059
-0.021810718264535
-0.711692160279539
-0.019094608493996
0.421554162806133
1.508992395862703
0.348924638725902
1.637313916757985
1.439727511487901
-0.851635079308210
-0.685586424038485
-0.376079003088405
-0.356063835419026
-0.701621217079724
1.230631305847527
0.746103165947560
-0.473770334771726
0.646873170749406
-0.348252031450136
1.350087338578841
1.621554794647871
1.084675590746641
-0.091999808605794
1.063173870460330
-0.753037920511907
1.174182477834341
-0.677437029426554
-0.390874365487508
-1.218977399293279
0.448860555784999
-0.819938376774910
0.410057804986301
-1.329610736251129
-0.056623800910783
-1.193389533472597
1.433369674518170
-0.349625195105205
0.868952222324709
0.757129898545033
0.950682189615930
1.047457910550353
0.720683446414490
0.140353929413018
0.026094377887214
1.104991259984414
-1.351920434985649
0.566913491626893
-0.544615425332687
-2.124765117749404
-0.515359789593935
0.519534495282089
-0.188684172811515
0.567993033925238
0.522514923633159
0.309246934565336
-1.134946221739395
1.042500621442487
0.931698495219378
-0.932517524034844
0.807126352224800
0.582426678209930
-0.307677996570938
0.727495434468570
0.788845041454859
-1.848609972678178
-0.024699063774416
-0.075643782042768
-0.285478064271494
-0.542162908963525
-1.260326733633124
-0.010107275563091
1.322937463705106
0.073629404305000
-0.688516105759092
0.304819471723596
0.144924707018803
0.798630581466778
1.364619889793649
0.083882059005488
-0.186477065821199
-1.093981605003753
-0.333129281910279
-0.746783993475901
0.281684259210249
0.470593256524866
0.276373836579177
0.118238330569134
0.639637489796306
0.401959182252938
-1.234978147577022
-0.516584770871184
1.021514394596084
0.470531656755208
0.403089478400937
1.698280058570684
0.752552894104006
1.233409993613559
1.350227355356038
-0.329568358703949
-1.205308299014775
-0.743533903122329
0.245072753983205
-1.546958509324066
-3.291085268007352
-2.342304205404259
-2.203097478638658
-0.824830036630451
-2.432998489067521
1.171413941092300
1.858473562065519
2.083963117619036
2.007024450200992
1.254206252371920
2.268597861064245
0.936190875710488
2.594769370851011
-1.233452505471297
-2.097115947025037
-3.328945032465490
-3.945590747471774
-3.057134252244985
-3.334342067857103
-2.079519661427041
-0.129970023496451
0.817055184485594
1.083911489589486
3.495624772258615
3.229421634065056
2.607545835898252
2.786069822225986
1.332190607597756
1.433518728465486
1.041066888277467
-0.943969972662577
-2.536268870003457
-3.315891561038466
-2.168797031236639
-2.127510556294215
-1.765500606451284
-0.507272506812900
-0.452955977921939
1.336058996975691
2.600941596980804
1.607735751016093
0.472497370787688
0.523386259360741
0.798092645512836
-1.327347718169931
-1.824537731600890
-1.684758050893593
0.061914032105726
-1.109818562660599
0.910286091236072
0.057673890355527
1.742845778350059
4.295624481014201
2.265468911099318
0.971471354584151
2.197748383644571
-0.089148187548244
-0.770751126333231
0.020006894221664
-3.057732947415155
-1.869234422931132
-3.750231745975652
-1.312427924254260
-0.566419014968653
1.608733248702657
1.544827134162044
3.691812899814866
3.652126447153349
3.766271173630725
1.728886607452839
0.980147360819548
0.796415436545966
-1.165527795687082
-1.155711150504414
-3.239405863777028
-3.687830469246865
-3.269591091063740
-1.195012838350679
-0.932849292638133
-0.580227888305953
1.500410477378999
2.624977597332796
4.726026378745507
5.326367170215877
3.470438442871943
3.280459181505416
0.046195753982596
-1.498224584184222
-1.336375899644184
-2.713393827441860
-2.759713438612026
-2.789173088511650
-2.994253112840595
-1.209634711934616
-0.381609956882518
-0.088756203316606
0.702770808154355
1.198972814644770
1.758983090838545
0.011443192083378
1.923202631510635
-2.089891034780088
-1.199849397324045
-1.405010023599650
-1.573422295720217
-1.940683905038640
-1.241173935699058
-1.782076621094577
-0.799176044924000
-0.134517276677087
0.965583566784615
-0.600616937102717
0.035434075828995
0.085954175151023
0.771080670663428
-1.112019710017460
-0.971591186705658
-0.667296750575653
-2.216793776743137
0.313358156372668
-0.346609899804965
-0.037785027878269
-1.040797238299701
-0.197696098756895
2.037438687467771
0.632120466331502
-0.069008453972526
1.156066928824169
0.665730104790005
-0.272346442315408
-1.031006655762148
-2.017978165016610
-2.242149359482811
-0.788098104151683
-1.047749052355998
1.441496999024749
0.397203025427369
1.855806626187644
0.506194998914636
0.577338866265749
1.930137258762234
1.266677285468214
2.246148602485078
1.215379804414162
-0.812506079588900
-1.526731578807978
-0.688699719201179
-1.099482346151187
-0.109863403699586
-1.462082346426897
0.290525352780171
0.766106484278894
1.959272146211611
1.493212005775560
2.198216932018136
1.517964815934817
1.209082836212008
0.672600074417793
0.047239432754387
-2.193580468143778
0.404146802669986
-1.939616987096722
-0.466554333764469
-1.204563254470057
-1.397871831191382
-1.069321635001801
0.345573270307761
0.719217996097486
0.898769114087446
2.002716797059204
1.978560364628422
0.002418289452421
1.249788155002399
-1.407646630294128
-1.506835368545884
-0.393691409103427
-0.315398261147524
-1.598231771566675
-0.964090660965670
-1.355392047340153
0.546877046929813
-1.618901987243833
0.745406541729944
1.063805395110988
1.451306261891792
2.579307767992035
1.268636775021451
0.222137120392936
0.576498352273050
-1.431934302394176
-2.209446243894746
-1.718283714180031
-0.460011660177333
-3.403534017907145
0.498164929441105
0.088977532358025
0.558178290198131
0.382386606978486
1.530710039950677
0.714081279425907
-0.049878191677238
0.881386020880651
-0.193603344802916
0.406752088275571
-2.394695755101547
-1.998397776886336
0.599569294379319
-1.891341277619385
-1.140172532699660
-0.628915931691425
-1.025449373143763
0.473765602186100
1.690027666507997
1.146021896157536
0.196354095259328
-0.832065267777814
1.244867172197913
-1.328317576872085
-0.076800799765737
0.248643855324061
-0.630829293418714
-1.811056682248534
-0.747293637727148
-0.513579858144299
1.262748806615280
0.800072117486605
1.446900417083007
-0.669573651774865
0.222039450104348
-0.097569142256634
-0.479377881556901
-1.276809399090668
-1.630929753003297
-2.415270041031928
-1.807768371028072
0.387463460071421
1.211172575628490
-0.538104038719671
1.135616830378944
0.524976205860255
0.211310483018321
1.602973244429159
0.260606170131388
2.066515731341893
0.487127960003265
0.266370296504607
-1.133801994504005
-1.941205183526494
-0.779989525818629
-0.498974793918643
-1.615171418103327
-0.905710204770806
0.888938838316354
1.522899769943400
1.271681463825819
1.340745513734868
1.039538870274058
2.290146099216083
0.768935941061250
0.962164398191206
-0.695352011404218
0.367282654770698
-0.720656656317935
-0.138819203782034
0.319421811987574
-1.381669224038461
-1.130444872778480
-1.236526211295959
0.476481246416337
1.945248221060330
0.359467711646401
1.090388362281653
1.204092294349743
1.243711409819565
1.197157904477541
-0.124560784043468
-0.303059081597379
0.477778079230851
1.134223022246486
-0.449995213072837
-0.364812860545267
0.016148367254168
0.611014309749358
1.501463880886892
0.868924529442705
1.293335838146678
0.273698243628225
-0.087080624966134
-1.195512078382415
0.577084620706100
0.222592086183825
-0.533298457515918
0.700552239626591
-0.943017683055761
-1.102149009482582
-1.058904701199950
-0.279775023884293
-1.676541316483258
-1.667756100112582
1.142389696199350
0.023728191489025
0.655140037888567
-0.401626258501597
0.823419764116767
-0.242608574167930
1.169470215649369
-1.030525472761357
-0.865451007860939
-2.131061635692324
0.180772055573113
-0.779216664795661
-1.378058895450575
-0.624306830113233
-1.541011452216420
-0.501698418174849
1.628970666962530
1.100595398730812
1.143614280640106
-0.353033555837552
-0.204111327903265
0.439758553485178
0.469294437298385
-0.709986540203574
-0.469650689423649
-0.501212674644820
-1.220412444519321
-1.118262728669394
-0.396163953614073
-1.074708381127846
-0.247463458545570
0.250608346496809
-1.927337149372726
-0.848964550249924
0.213052620621152
0.288832635906119
-0.182695710474587
-0.960829917960858
-0.204022970438175
-2.064292627089819
1.338606875387998
0.716161089347198
0.308438838634710
0.828516527459943
-0.171482326681369
0.062720672958907
1.004886478314952
1.040338918358244
0.480739126856075
-0.506246477743326
1.083951422392881
-2.694377578044738
-0.876115798191300
-1.589685158973891
-0.319809663663757
-0.327985892045520
0.186265050191105
-0.560440587261862
-0.594555459338908
0.521417699906768
-0.328489796176148
0.945916911657585
-0.338083028280496
-0.185238309663601
-0.768269255493272
-0.456451561822750
-1.309792535449339
-1.483912257975244
1.243314549693947
-0.582619348135610
0.746004598822647
0.170814444614128
0.519951425320239
-0.445487489650850
0.359056532473688
1.915186924870858
1.223202518261622
0.413870264822696
1.054130460242314
0.325802053422302
0.548681623781299
0.436127592717712
0.454258075685518
0.146142587517168
-0.733586535826750
-1.059495104381190
0.841392661264712
-0.064175686034545
-0.435373311696186
-1.457312221989143
1.629696584418787
-0.666429585636575
-0.034860376057538
1.318160395078254
0.262869645387960
-0.572557681518822
-0.293112767592996
1.297262524200410
-0.841818031713072
0.397790754655735
0.165959048393606
-0.123030944801838
-1.041633667677279
0.010505781475790
-0.073981118828674
-1.337782688513251
1.157449877235251
-0.832804594468202
-0.720788840983918
-1.013968335546799
0.506318759349397
-1.374620364326007
0.438046599873028
1.212807758086052
-1.425902364311205
2.593537571527664
-2.556273130143350
-1.897720967826776
-0.810245496605022
0.486660790944124
0.388364639795896
-1.201755875045019
-0.157748678216238
-2.298924603233800
-0.027512231985276
-1.084086409874197
-1.597373133060753
-0.258533119225126
0.912592744344722
0.820888529013409
-0.761392487837467
-1.085517847940368
0.227512020299759
2.153585089526583
-0.389638866865500
0.900842984764302
1.120003504527769
0.944823553475410
-0.129209579134108
-0.243879599586567
0.663962371931138
-2.226112797599693
-0.669669409968165
0.523412052079504
-0.770344448161704
-1.193904838299978
-1.999078047511362
0.202475554847468
0.855024143803003
-0.116564915428361
-0.319295717649360
-0.825463705805224
0.815797462204804
-0.763572434344509
0.362956934224663
-0.174164639152971
-0.748167204609925
0.478377616135417
-0.418165704981958
0.686232240625452
-1.179141330709178
-0.398406358910740
-1.000588399993144
0.878431326781967
-1.061027914460585
0.615584905770163
-0.112070043551380
1.497655797893702
1.628645313995951
1.578287877946875
0.397106201961785
1.867969990110604
1.860786324145149
1.433126035206871
0.145871562773568
0.487195506587211
-0.972624129651056
-0.627394503762124
-0.905082764813085
0.591762683020911
-0.787159377113754
-0.106718091147809
-0.400683993375262
-0.026507305015787
-0.014945307694989
2.391152079497366
3.074342587718339
2.869538111600294
2.001119821037611
0.133941427887789
-0.520545805140016
1.731474212339849
-1.123958082410040
0.674983282890285
-0.909456787848127
-0.783827459137806
-0.339064832048160
-0.898539181135494
-0.533558692991945
-1.653104547645195
-0.600274945800235
1.283689126587307
1.617892059193669
0.399726775988273
2.169622652241938
1.034417729963591
1.787619520556051
-0.425772519238044
0.824295892874322
-0.430286858056487
-0.921355593072887
0.134530307122093
-1.385493405387200
-1.856855799792323
-2.073230763472213
-1.310652803120095
0.733271788331540
0.392865313404440
0.696957946535821
1.204179911984924
1.333224026384974
1.644967992363497
1.313286511044477
-0.440714705465579
2.027834308558891
0.018423055638467
-3.194514492053581
0.432288521698386
0.358470207375734
-1.098611036721600
-0.632337750354400
-2.290272166292449
0.099693674302939
0.639579955204836
0.357700207661745
-0.597765081834414
0.175085788397726
1.085653313571532
0.996149894503057
-0.195607068701023
0.902258354700469
-0.644429213623153
-1.002872300094087
0.251238735028094
-1.462951670920315
-1.135893882699480
-2.690503435056695
-1.196153757500207
-1.028891589333191
-1.155141848569001
-2.458156971946614
0.537896736236748
-1.191465418660314
-0.315786772418267
-0.372004820512665
0.512076898750391
0.485027291236524
-0.582765401471962
-0.096374690841618
-1.342744922524934
0.632364208730403
-0.311206146104211
0.503654578606069
-0.322548063170373
-1.425756695273330
0.407276212741457
-1.479302363123046
-0.288545042683432
-0.688541381280286
-1.441492139972941
0.225322105369251
-0.377566702173675
0.625030054409596
-0.201627405658213
0.259018365398881
0.461852292846167
0.967767047292377
0.194855304628184
0.814821836468506
-1.176153123418554
-1.068018848011553
-0.504241431747638
-1.246108334325504
-1.320416982822303
0.331997961155442
0.968131976083600
0.697621789692341
2.175698576579320
0.470690216857165
1.240194244974524
2.081992628843181
1.282957481408393
3.441362280136333
0.310362981033915
2.715891137978235
1.179724286188064
0.668204178857141
-0.170947442845790
-0.943815976257899
1.784716136760143
0.111162085562457
-0.324523200404290
0.916963762728573
0.252124963942735
1.795298867213987
-0.064411119561915
1.422260509312241
-0.354017696968574
0.995567831116415
1.149395468899986
-0.719445949741742
-0.203147753191276
0.600662965437666
-0.584939359492342
-2.008196323090182
-0.227713463765816
0.040049953203176
-0.360267952152070
0.538547888304494
0.544615636259314
0.410281621946310
1.633028944000477
0.301896853510492
-0.370116705420970
0.861341825524258
1.005385945542345
-0.269617976760522
0.843760284106801
-0.829992619416336
-0.343358416845939
-1.859063162618650
-2.036177928324402
-0.725081701810821
-0.264514881652416
0.778373779197112
0.090631715911278
0.351322480358588
-0.950182330083668
0.165292839530686
-0.765193074907119
-0.367764585691562
-0.968772390237125
0.697677536366994
-0.802709755432027
1.264586926016928
0.012479401042826
-0.529798383607857
-2.342319159871689
-0.345166681322416
0.877273436275891
-1.130831138844035
-0.990166929354715
1.309974210096676
-0.650032634503135
-0.804330422501121
-0.858397307123962
0.591487811327085
0.471468954319797
-0.081376045385673
0.364482389601167
-0.220812468482229
0.072565911061642
0.468432262170106
0.739540528895874
2.078872550304912
0.695885493593370
0.474039463124777
-1.041382799080049
0.219726136813961
-0.463914479436812
-1.830995360419989
0.884345216278669
0.129923037891845
0.438212220338590
0.071013818483121
0.511117154628225
1.256813664668037
1.039569442318219
-0.145837598469938
1.142972471790661
0.906036299145673
0.255003775852869
-0.232307716231575
1.659707018518599
-1.255513141947268
0.977754828606224
1.305751660316651
0.979490459151149
0.178700589029152
-1.000931295467930
-0.037678466680569
1.015648438816653
0.121287053638625
0.308174858364160
-2.130760928909879
0.378075604331720
1.207658090295372
-0.252544966176171
-0.274318838821340
1.043177683176444
1.535076656821956
-0.460258239016495
0.071333593190717
-0.414567758176343
-0.219608141104066
-0.184334138548384
-0.866270371249314
-0.851000564476690
-0.149517400390266
0.929531235561839
-0.308256737526052
1.255330778247800
-0.609665377341356
-1.090588947610511
-1.060592254816477
-1.519444679860433
0.848427672239408
-1.308450386381685
-0.320667158547580
-1.642076767445624
-0.083619967317924
-1.015344158861654
0.083604965050216
-1.714148995977406
1.646463075937047
0.323486274824118
0.335601980764072
-1.533716821409480
0.239353269415348
-0.502925208371479
-0.310604004502387
0.459149745994507
0.431797097533624
-0.771239268379196
-1.094438194361189
-0.438989021998822
0.595706046970204
0.501529783778044
-1.171242619032888
0.145860778641833
-0.928872867684144
0.393673184151374
0.578404558695022
-0.230942492616207
1.461265101491718
-1.184962187843330
-1.556162775464824
-1.997259918994265
-1.271205654875951
-0.966629541937040
0.229861725932739
-0.502249462611408
-1.254995627983356
1.279278010220163
0.185799955705574
0.196151625015694
0.208361662653632
0.145545474387834
0.000504071224074
0.971508093423750
0.379961011510942
0.603656810813065
-0.034176671787231
-0.558031149691451
-0.354499674314715
-0.000823255134134
-0.718043226073477
-0.995829382015028
-0.335609914662542
0.082426653458461
0.904613678423110
0.378078318330346
-0.264915934951925
0.265716787508898
0.549793227423219
0.620005915597608
0.098512909712198
-1.526804863559591
0.300818323722290
0.031965979823872
-0.647259885949958
0.454335397777613
-1.010995499431310
1.480042041102033
-0.197353790972106
0.695154124190757
-0.888310520984971
1.282582786223760
-1.044260313056439
0.487789834508860
-1.498341896405489
-0.226228917241683
1.218525747625042
-0.378506774106186
-0.031726855229757
0.220883075406573
0.297127276332736
1.846138224860607
-0.433854211588076
0.059471517151303
0.005807938809539
-1.113860599385829
0.350580962371873
0.434903203382976
0.353959542901426
0.651027126629967
1.088577152198021
1.416030541254418
0.743180400986869
1.312225175999929
-0.116629226836506
-0.429866235267087
-0.223519014458428
-0.391652788938381
0.781331059557924
-0.449036845708774
1.124944396329656
-2.088970625170002
-0.582817003428844
0.584983297918146
1.087704518374094
0.067593111893092
0.658181450119795
-1.369127800236308
-1.042055343285365
1.029426376382903
0.517776478584771
-0.962250061663166
0.734046137896549
-0.335978894468823
-1.353133038798339
0.512573950390184
-0.421808498628155
-0.737364643830418
-2.016608538336408
0.245761970795251
0.544201253453975
-0.997932273413226
-0.427479615671306
0.768929458897051
1.025264478955956
-0.280832062762220
-0.670265109691942
-0.892745365755481
-0.702033969059440
-1.067800401125915
-1.222195867406692
0.950821635978175
1.201582211725331
0.138274555391264
-2.241931539166913
-0.734583018719794
-0.774469751089145
1.050097938626715
-1.330038468514540
0.528044167934928
1.026548110312164
-0.733210910416524
-0.629833143541382
-2.196109444256951
-0.312271999035332
1.392534121904591
0.669699853098517
-0.199135015279703
-1.132437837097980
-0.742602846814614
0.036870973259969
-0.063334738140399
-0.589549125062037
0.665386614918891
1.498508470571805
1.664106929075906
-0.095928742815722
-1.598639211683137
0.689596492013663
-0.196541118758486
-0.518811670199210
-0.723784692662106
-0.143817297748857
1.370332312782621
0.364393358405146
-0.706503257328077
0.432782306592072
1.207294022225501
2.204711009941276
2.090616917682439
0.079884354178813
-2.216723446031294
0.425087017697615
-0.005287827417299
-1.160927215102750
1.983508041850182
1.218104977921883
1.068515556139828
-0.686368610496703
-0.006415305976021
0.006931126762203
-0.088660116391906
-0.213325162119503
0.760904917567239
-0.136863438986319
-0.859150540278089
1.472650299665826
-0.405707444612696
0.661139004180615
-0.565424792084526
-0.378611735643967
0.517682509608234
-2.000051356297523
0.896670547650259
-1.842674320790321
0.499424257666767
-0.773274768235279
0.554103740109429
-0.559479096550014
-0.323763247654324
0.126972032201810
1.296296772040826
0.177545676834176
0.416522690397978
0.291202592111812
-1.315872885598583
-0.467752805568920
-1.039392357286971
0.875370020146519
-0.529441152269854
-0.186214407518364
0.128315250700783
0.132418030134720
-0.786135775185047
-1.798781134024028
-1.696081462382246
0.070390036142766
0.088273191772141
2.428120482020628
-0.465605929661873
0.409313834112095
-0.446673290098484
-1.761173541805573
-0.531155835272549
-1.266417070983455
-0.910332480255179
-1.109984285522205
-0.407898142013358
-0.172702830866936
0.644493093581621
0.854690573433694
1.583142517230816
0.142817913701869
-0.498481663879555
0.973462357764927
1.003931445128181
-0.060411754474381
-0.701345906267795
-0.384114917340344
0.703084586013088
-1.584918773735795
-0.503269950288400
-1.464136891825246
-0.238559916866742
1.245134982714587
-0.708113388220149
1.986595670556738
0.786482542292655
0.576069668198667
0.332167946133719
1.506257466032818
-0.581241429093527
-2.060774747232385
-1.441014763621901
-0.492741705109039
-0.695690882776247
-1.098049386755998
-0.653375543849144
1.047362940468171
0.073484402536872
1.550844342876560
1.868127332463021
0.625622770570138
-1.396001268533888
0.583881385977642
-1.080993395436195
0.193003566357493
-1.281319185582961
-0.985079312573381
-0.761232461968219
-0.422440450065918
-0.560443008498892
-1.155165061550303
-0.438815073129005
0.146968111645378
-0.860624943986778
0.635951109681589
0.719587770144802
1.402599005839996
0.899352897377772
0.065156749401377
0.473079789995644
-0.641784740412792
-1.568210833052663
-1.703326083793626
0.882116271856077
-1.148258029118272
0.352633949003938
-1.347270190287186
-0.400238701674870
1.219039388937337
1.799626068322912
0.254138977376411
0.406657472390158
-0.021869872801047
-0.065639285647607
-0.267041202138258
1.365758301588312
-0.670760825828194
-0.581683236951554
-0.584618229811972
1.913917510107858
-0.080480490558561
0.835607773367336
-0.533597543653189
-0.719313745596390
0.019574662285927
-0.894880989807881
0.544469871782792
0.692037499280317
0.834528676458812
-1.120428830185520
-1.398714047211397
0.067438959968665
0.063819524696676
-0.840424642983683
-0.760996809095298
-0.096847154314534
-0.031765276642987
0.921601462349816
0.618041412906577
0.617804578173756
0.356524466870330
-1.002318497489039
-0.616960123826009
0.511325773457395
-0.463722529306080
-1.101963335706748
0.957327079596904
-1.796680533914589
-0.405273814480434
0.933930138985391
-0.201396449592699
-0.449961730767540
0.095546012635273
0.968675183414018
-1.031369019237273
0.138647536318997
-0.612000014358736
-1.521371938000292
-0.147555549087110
-1.340210057369889
-0.171329829630758
0.567527704709237
0.245644008699160
-0.439952961533084
-0.819373446541897
1.396610047155225
-0.540378223104343
-0.577240901217456
-1.008730997145114
0.272224286559221
-1.738584545313099
0.594157001492110
-0.960882361703572
-0.682983042085835
-1.963324583316492
-0.527573174877152
-1.579389794537034
-1.022312950669494
0.902739899588141
-1.900561059137495
-0.051057940252300
0.393663863510603
1.032091418431224
1.059787634490222
0.659328779998485
0.139747709583377
1.556605920389322
0.116238158778614
-1.041882664374473
-0.761151929445285
-0.041306767615332
-0.728142649569687
1.265377590744326
0.634270784733922
2.238409111226950
1.080787173512217
0.395474263400271
0.887602675804550
0.444480441453675
-0.460043945691538
0.095525344547744
-0.468650335638879
-0.915523094985124
0.315098111371788
-1.708115286168495
1.975622844833558
1.232447609651301
0.270460317018039
1.127097536093876
0.679080471585934
0.680163193799437
-0.383981585924207
0.230132677311689
-0.167104101339312
0.084088646433074
-0.244876702219725
-0.619683551947119
0.132017655423253
0.134864417437574
0.943884757752777
1.166385350843592
1.335113362668817
-0.223103615302328
2.007406553837185
-0.530357052614589
-1.349189773388033
-0.007516737232069
-0.907096972383595
0.312757287181738
0.280712411049976
1.841416074668637
-0.969239716684327
-0.222085535400940
0.030769700077592
1.078091736769541
-0.452916982040595
-0.176419337940218
0.279533727697879
1.024141107756090
-0.508234695297961
0.828166255800725
0.571196717713884
1.253156297625090
-0.567207080932145
1.176609519920329
0.241306890012864
-0.324503430825625
-0.403407774257927
0.177698480971279
-0.357864385038715
1.606673591753608
0.528640044177633
-0.516096697787240
-1.060125932165471
-0.476098046679556
-0.180434044653384
0.379358049322423
-0.230537734633213
0.246892898194506
-1.398348437503267
0.118014669378030
1.747954588717317
1.217693923998908
0.394488363412645
0.367542832110149
0.418585648918531
-0.395472016248820
-0.014747438707297
-1.541071648188725
-0.119413932666635
-0.023640754451020
-0.854872319118422
-1.438416604154676
1.922450084749638
-0.046867918474996
-0.329677169783281
1.056962802084832
-0.111825954063270
-0.616522378487022
-1.070649548108809
-0.131800226154684
-0.191005999490423
0.065773196684446
1.083682510654976
0.355483769797512
1.469876239340628
0.296218266308073
1.034231552108629
-0.536159989333091
-0.584902534987892
0.724191961400603
1.693850313691893
0.880141333857033
-0.900464460927505
0.161795988641469
-0.765556742813713
0.086562987228926
-0.659279182196454
1.538687544497777
0.654698518102378
-1.275456724279840
-0.273506045964153
-0.526754084937222
0.140939532273733
0.047125157160975
-0.663512045916540
0.234549125847542
1.060090501093413
1.284755230690473
0.820283938863282
0.745338567772771
0.195334482895725
0.426167710511685
0.113795107940596
-1.839949803884452
-0.339272583382463
-0.119755674300686
-0.025278025753859
-0.517294415984626
-0.593548080282475
-0.969168044592547
-0.343379607018746
1.313174040792754
0.369214354784492
-0.437100670093880
-2.116141553681705
1.020151750019813
-0.034766240159285
0.156761940059639
-0.841524653401440
-1.071156988951235
0.376978331770985
0.960633315066934
-0.215869705726812
-0.225182462463232
-0.139625381196104
-0.066269371096654
-0.084583066357260
-0.802208033767741
0.703120918156596
1.311358206142038
0.721076879455342
-0.359720363641224
-0.124499239479364
1.408337695349147
1.429076456812196
-0.762828410568340
0.280362028451800
-0.603981001347137
-0.497828044146444
-0.774212196689670
1.750140549194923
-0.413426234611491
-0.870751141221977
-0.033333710620187
-0.343230279623289
0.286092794663008
1.189863566493455
0.006556486598018
-1.158125584075139
1.441330220556231
0.243914763358575
0.188687307164608
-0.636906809650617
-0.360180227335940
-0.217712328725061
0.026494919790604
-0.203693475801825
-1.490164819393585
1.231607825033816
-0.441523885433498
-0.468635942509967
-0.395887857242662
0.478471459881427
-1.266159617140795
0.331764074762891
-1.300802400415732
1.008010952262586
-0.179205446818257
-0.039852966887660
-0.689351027227951
-0.100787873725005
0.619994158622245
-0.638558815684681
-0.790933990285351
0.288567852547614
0.849737714756916
0.698955389216097
-0.374064108702787
0.178483448834865
-0.498672558446459
-0.452379514378202
0.106573854304475
-0.936698123380922
0.168883864794866
-1.133360605847838
-0.328329967533810
0.016661544207584
-1.559322977928675
1.091516883822991
-2.602000528382333
0.530802520132722
0.342144148298261
-0.330191381233862
-1.811065699334644
-0.925222678083171
0.707268684111303
-0.966072853786535
0.451710698519354
0.485032526757044
-0.360122842564255
-0.970089229069349
0.961968484817502
-0.812946607875599
-0.137875278251761
-0.331224804953342
-2.314625032534423
-0.316179366319654
-0.466985935182963
1.061975669885620
2.205217083193943
0.793534864968589
0.565112161626971
0.092563684563964
1.183231892314066
0.329263109311181
0.149407516442781
0.110895760131577
-1.194114615857956
0.861296654527828
2.430501300235741
1.027692535749477
0.891391703223103
1.255497770034339
0.867351126971898
0.561940602389705
0.606679218685053
0.482626125780295
0.652384676789578
0.398144607958632
-1.292195146760269
-1.322337392510967
-1.319609628026169
-1.850691851641936
-4.639965915689243
-3.226212996302670
-1.497382819744644
-2.359340366904875
-0.350387255377230
1.686073185212648
2.276890045759049
2.925941040017414
1.970353404836994
2.917559653750790
1.220775260717831
0.410011098332466
-2.291194381601532
-2.148423501777015
-2.678237937036419
-2.405726705330509
-3.388649598850498
-1.651401680075057
-0.998256755545527
-0.374172458670313
1.011909393833965
3.049895392464141
5.848366279971000
6.242302471528659
3.583172356362287
2.662592367243413
1.114685976617331
-1.173934869822393
-2.533962642518648
-5.273674180515976
-4.881333050103160
-5.917524818612911
-6.206920038829367
-4.845063284556831
-4.927838084951446
-2.073668868261067
-0.339891747268871
-0.611531874596082
3.146434012133376
3.665591607743190
5.782552281125904
4.814896030856613
5.026127916776021
3.603668825286364
2.345717448867692
0.533237274895075
0.255436128662310
-1.117610742656576
-1.494067972331970
-2.119218258860300
-2.979631439930728
-0.586803370743364
-1.915543906240385
-0.366865829287064
0.923302524061215
2.652953284334934
1.695553644145766
3.724867404094149
3.462465086833014
4.029449064711280
3.505081339971979
3.349906499579026
3.320435237117986
0.774532643688262
-1.026608769365951
-3.013579235968158
-3.900590926012353
-5.289884482786573
-4.784802731060961
-3.449764609403009
-4.331185403432073
-2.436884614478960
-2.163855807943476
2.629402254131101
3.566801680147299
5.259241440266456
6.637384721802737
5.545391771467127
4.939618730645694
1.744852042243518
-0.769957727243772
-0.571890702261534
-3.330407272707107
-3.707093666294146
-5.252352576894916
-5.226591703035022
-4.449879932752514
-3.631483285801417
-1.982670448694371
-0.876274763764612
1.857392919819381
3.894983339184118
4.857939715073317
4.139833307326318
4.169741086195403
3.088823031441146
0.604688281076523
-1.868884409583469
-2.914811299488604
-4.806241918302110
-5.851625517663709
-6.083569662227624
-4.664862679112459
-2.764370216846801
-2.916552620687995
-1.449865068408206
-0.247675120571576
1.858161062810478
3.226208021929850
3.594892288720969
2.244841233385096
2.068915562243665
1.133028656523884
0.758461078229892
-0.841887158444404
-1.615064972999102
-1.485305688434457
-3.054969602335910
-2.143138951544229
-1.434683733363777
-1.661262750969557
0.566612921484617
0.178017480638092
3.041857694765755
1.864726382173188
0.673813046551958
4.319717522508645
4.443216527910991
1.263104214206870
3.199094354883071
2.145896225982305
0.486933031052101
0.398140108761957
0.897124642707196
0.001696769466439
0.610712368698229
-0.694516476011529
-0.576112470183152
-0.298842494838457
-0.469975386697249
0.582605997726246
0.666309790356980
0.310287734092870
0.755418653100357
1.672321797900951
0.631494316416494
1.939347902827454
1.709547906742879
0.436077955986680
0.499185397100433
0.116678155059576
-1.069207039502911
-0.997497329705549
-0.831392470377731
-2.590544306925193
-1.888415225780350
-1.706316558264773
-0.242300671717513
0.017617300692320
1.109538071051017
1.596281388012390
2.816489140365158
2.501186196011931
1.043454987964841
4.051937979672749
1.493204621974473
0.055518495656057
0.844707649288309
-1.853097206683069
-1.328668003251167
-1.679602657563889
-3.549126068145870
-0.530432718235573
-2.296466423774990
0.309611370842357
-1.464633849237301
0.366310920889151
1.672411901519428
0.450425529613613
1.298877020319700
-0.481956303301931
0.504236504019776
-1.913939605622972
-0.099742542601417
-0.426826282830016
-1.993398951770354
-2.992084295196811
-3.704101698896966
-0.157940652259081
-0.568993583854439
-1.536570855533293
-1.349101843183230
1.440900050709399
-0.273881019412218
1.091778389960071
0.804444581959901
-0.301894768611918
-0.003867840068918
-0.542058537774856
1.416612553498963
-0.025430598258824
-0.169799407356439
-0.059427246294848
-1.091102107568392
-0.458677741397636
-0.146411531124368
1.622636790088041
1.293406967350551
1.031891246593056
1.468710806347588
1.626633893198578
-0.160139886044283
2.066430715443839
0.607768441314083
1.623957720850433
-0.268849667747439
0.451173175698845
1.530144468933953
0.325249339021565
1.298816106381413
1.342148531965700
0.140891680941570
-0.563314341628885
-0.470247534476331
-1.037126812038536
-0.396781538299119
0.006912135844244
-0.227891376693722
-0.554982107218853
0.239188605838893
0.267807837479171
0.407563432261765
-0.495455643777738
1.396036723445450
-0.311569118835298
-0.924528804936855
0.758431683876578
-0.886597517679111
0.335000323940526
-1.009552346619519
0.094922220155118
-0.713775670309505
-0.593755007805294
0.965193232050228
1.067322525223892
-0.060400858525683
1.318531683719806
2.306580412009462
-1.477379304028677
2.404837390602733
-0.465919568035364
-1.776964118756171
-1.549412002953377
-0.574693862002836
-1.994215720540344
-1.260845483501291
-1.144338130720399
-1.033706097813051
-1.102956910805666
1.045745650109762
1.259241530040449
0.780679561838425
-0.363127421886728
0.389843536155421
-0.389543444629583
-0.185508856386527
-0.367703212330899
-0.377556406168341
0.103012384644749
-0.406387081252448
-1.319828377614995
-1.522471841864394
-1.018749342987224
-0.511457630880120
-1.014626441032701
-0.453077427733066
1.350848355483905
-1.105271508574952
2.454975368980667
1.560708775489894
1.805791159148044
1.116011231161719
2.018096092348278
0.225982944158608
-0.827251289668778
1.045308521388121
-0.224953328293045
-0.247095781961069
-0.093672654566152
-0.137834462000536
-1.862953096546924
-1.130245808806277
-0.227701999637983
-0.763915245711981
0.358421398606036
1.036248525959776
2.260797549022266
1.112896393164639
-1.355873978719254
-0.230774902176666
-0.164117755447349
0.150306121249529
-1.069564285983113
0.162711798787330
-0.463985827755602
0.382080322382264
1.939840153393846
0.533816109288232
1.474938561798411
1.074799988182776
1.089898148967941
0.776281572720595
1.581143460017444
0.080398469252829
-0.583494359237442
2.512770800873843
0.120384981888825
1.463321510341850
0.840731114557838
-0.807755181123728
-0.748975854906622
-0.183372027803215
0.206678670427233
0.764084698371388
-1.421502077541783
1.551136479118534
0.523032826199804
0.367988076406705
0.619290837850867
-0.513524856861392
0.138182714337806
1.716618335181134
-0.629675109806487
0.256449366937790
1.116381477627298
-1.421764557833659
0.514596339910831
1.317222170994169
0.220360393775938
-0.346311623975330
-2.094014816265395
0.127736601822006
-0.127569052292128
-0.138952581769562
0.566738118027351
-0.331789042508867
-0.856105653711964
-0.624953190554623
-0.278095447497252
0.125858035785524
-0.009660256135966
0.805877500308675
-0.024011814863176
2.595591474265844
0.507791605421296
1.164528405609564
-0.090284873367334
-1.473887736442176
0.881312353807904
-0.821404698751073
0.544491015852389
-0.461386752483581
-0.810480999201302
-0.677340528161969
-0.969673483781292
-1.711349231291922
0.860689358337653
-0.520164955304240
0.550929888765161
-1.515376042721098
1.322895301848031
0.213975543202119
-0.147698736607116
-0.645085985445919
1.832639074282428
0.497777095253894
0.727855255138029
-0.172850697733282
-1.622932609197581
-0.137274950362659
0.875209231342551
0.032252167600462
-0.337960363418969
-0.250734681230539
-0.490428523738867
-1.225847013197794
0.213960121047625
2.866938596284658
0.784552954384523
-0.539808329811253
0.145277010714888
0.066223182548376
-0.267865139537134
1.086770423090143
1.530189436304750
0.328303105222408
0.845917627048941
-0.965158649258169
-0.449413416452094
-0.037590515154763
0.089201206635270
-1.727349132725775
0.629787480801653
0.542267880073095
1.227561647753328
0.966461819329328
0.613276516244383
1.034293446178711
0.922329555770365
0.632638816860636
0.457864466211340
1.063403287806660
-0.724710826384228
-0.349938955851624
0.274196718134925
-1.372089856768010
-0.610219649491280
0.102157277453801
-0.382158309772652
-0.057209830251734
-2.091071562326463
-1.205615553455582
-0.821281722064573
-0.161534174574552
0.061655241029681
-0.235390729259601
-1.171694414220216
0.592970240212477
-0.097529958872484
-0.885748030418342
-1.166178606363568
-1.940760897222958
1.617959267907737
-2.510557107148398
-1.790086162249209
0.188117671833253
-0.516370940619585
0.356620693425958
0.190416548243497
-0.090485304967908
-0.970297841011858
0.586889315037288
0.205697052084142
0.197277277682485
1.199237060245133
1.788002176806300
0.987446233001041
0.773744530404151
0.683709679845602
-0.172361800044619
-1.028484215267830
0.566769939117162
0.322952301555800
0.549814454405524
-0.751222307633282
0.272100637981578
-0.976570672096431
0.928838856942151
0.621800549525263
0.358974872943191
2.257399485403460
1.392999118769174
1.935239001867623
