1.601229653361094
1.035265145734126
1.515388290567294
1.240890462227743
0.894135515795059
1.122565285973092
0.321606365220328
-2.052109856134158
-0.280580862250244
-2.661733105919491
-1.451258841041841
0.012706115541691
1.521297371565293
0.092272748942089
2.281555101803261
1.232448289010853
2.286627327207162
1.309549609640670
1.177845009599578
1.635195622622108
-2.016598621992975
-2.023078741177741
-2.577890682202849
-3.204436645180316
-1.733656931001696
0.998946205449988
-0.613843671799355
1.661582635864456
3.212584110333103
4.765708602485897
2.406188264367817
4.239084729718087
0.123043116014547
-0.457457521643375
-0.507161991953918
-1.818235897302214
-2.417450349609523
-1.906546184154072
-2.489886058736310
-2.517294074445454
0.857316373373615
-0.122682441948036
1.459127961321002
2.350615733744050
2.534896940196060
3.547076768955001
2.338877305725478
0.742686829613392
0.098053753196398
-0.562056962732476
-2.037733705195229
-3.400030629631070
-0.744912111200839
-1.989715125892084
-0.601398724336162
-0.826439637632947
0.883361377803540
2.512517701106956
2.564774026078617
1.115360580464605
1.909223998734122
2.434440291278445
0.032450683395008
0.973570402234553
-0.002898106474065
-1.537043029889063
-4.816023264160656
-0.667472671260630
0.483493842200381
-0.642074797107926
-1.163109538382122
0.161587103383668
1.315052926300361
0.926631158575751
1.678710403139545
1.813203566304955
0.600165503604043
-0.420052737470157
-0.213814526624105
-0.083085998844182
-1.930564550946651
-2.154178703653809
-0.568182989285750
-1.694722659813474
-0.109302862034428
0.527239420350274
0.898585526381177
2.142820896624897
0.096059933140617
0.067887377033511
-0.306440461606516
-0.416974770822196
-1.167008156243569
-1.828574090179732
-0.404396772272130
-0.816870798243481
-0.255055412893926
0.205576131115858
0.549392280748925
1.509075754565282
1.478718769071039
1.712681004380918
-0.224572774246566
-0.524270123012897
-1.453473647763888
-0.560552951586919
-3.103553659308995
-2.156196054798547
-0.736998772196842
-0.581396956264644
-0.657941277958699
2.175669161481016
1.340556726001940
0.850983648814560
0.275732250766459
1.751373465232596
0.287362207951532
-0.297709721172694
0.442272323516520
-0.655643270261310
-0.634732511526841
-1.455540445973179
-1.303750455047798
-0.299996129011239
0.023685959888873
1.163224404396231
1.361602095165950
-0.563005965009325
2.046710690769405
1.892832350865462
1.135042505182233
1.360222253337544
-0.183140093187122
-0.924667967355778
-0.738063230747673
0.209367257887436
-1.826673798844184
-0.110274722077614
1.344975035598036
0.338759821560765
0.023116303759042
1.276884622033577
1.057910857556252
2.096997407571752
0.456543655172939
-0.369339827897184
-0.295711729040644
-0.177938061152503
1.109200265382713
1.147441250379084
-0.401395576599171
-1.580236728319218
-1.492325304214575
-1.009229578153983
-0.104763205098478
0.441114380404101
1.091205375733867
-0.306935798585308
-1.149730180991467
0.509585422714464
-1.126801058265492
-0.090356110719902
1.058280484138836
2.381546490909814
0.450825278209072
0.011815183158837
0.321965668949466
-1.136863245617489
-0.099208581347412
-0.488029785864896
-0.123802994217472
-1.736782079217088
-0.631516201506074
-0.019287805249428
0.352071896337398
-0.137822628525844
-0.565029152101590
0.915849753418482
-0.246222995805973
0.837408135383186
0.723411893211341
0.412700847763550
-0.807232799904386
0.472217455970247
1.208628177488696
0.486022178348690
0.617374581643463
-1.027075544168786
0.006342739014875
-0.430745964709237
1.514828647062812
0.562108625181779
-0.153786496883656
0.560204096543266
-0.096058978157712
1.046568099208310
1.456713771872521
0.915928209828223
1.242182984727639
-0.768787422576631
-1.306821869073139
-1.220869323144056
0.569519663257068
0.299380728226282
-0.196084829352884
-0.078810327325559
-0.478289411967035
-0.231524915775898
-0.014988101230433
1.023072207688998
-0.965605073446438
-0.160816030951947
-0.714380914993332
0.713664204917859
-0.482599278912505
-0.358848401443618
0.381315971735363
0.599947490468733
0.528085245463426
0.255683912586039
0.535488574922204
1.268635345179359
1.081037678321419
-1.101161109420602
-0.249288369829569
0.951837089405178
1.865078117031246
-0.002101912229318
0.264577314145731
0.744602800433293
-0.949093548303382
-2.213578338123223
1.020180404741658
-0.432870958770998
-1.468691668706624
-0.801474647475718
-0.388953178919194
-0.106519639418742
0.567664733420520
-0.462282872968879
-0.144742204095075
0.489420483692161
0.649860221378683
1.094025477242763
-0.299165236765259
0.788583240239255
-0.253123138064134
-1.464237082422826
0.579728305621201
0.746410868222619
0.842702195346212
0.326356693852363
0.130631426285036
-0.851576675669208
-1.152210406759635
-0.850670563337750
-0.452367113658895
0.153384222506209
-0.191241056252991
1.219838872329208
-0.737536385418152
-0.638797167036814
0.112731812391565
0.853538276323392
-0.585537959737489
-2.135553880598503
-1.398845530371910
-0.852064959672178
-1.180718940347245
1.678291358453703
-0.208395258923346
0.138139583755120
-1.042506534195946
-1.265197450537162
-0.699751511217177
0.816549427035206
-1.037000594807015
-0.180924072967127
0.838063042918494
0.158768423658120
1.466049568928860
-0.655436776310255
1.247004543663186
0.779901574862828
-0.379769910253507
-1.307807068788657
-0.905442120959699
-0.357131692941155
-1.436600849988598
0.053112438655107
0.218313894045093
-0.764784048753008
1.201886366902645
-0.106838979342619
-0.283868754878626
0.752578055332816
-0.089831631452453
-0.087039300896296
1.173865210539763
0.586295676688321
-0.277652715150497
0.175731543072077
-0.915320604860572
-1.444514653501166
0.268635556783243
0.883789874348586
-0.022482191515455
1.053113233842898
-0.365809195632420
0.893220029773349
1.151877032240452
0.216476940391808
-0.459610447622991
1.864600665716167
-0.167870252902386
-1.060718305624771
-0.129952477118273
0.400509741928670
-0.782730660842174
-0.491463441888842
-0.136099062525666
-1.267185270052523
-0.819776828775797
1.154559905688707
0.586140488072155
0.849446743095218
1.671878946032331
0.639238071961623
-0.055184837735744
-2.631979312896820
0.933358400199389
-1.485990174739628
1.405480594184503
0.367830560815476
-0.578918963522458
-0.331285191978988
-0.034913326830889
-0.304044788686434
1.632197025347412
0.151628330439642
-1.122640428940675
1.026330309610378
0.464230547794100
1.995269155140180
1.369222002481881
-1.279109899492291
0.020125158872596
1.460549609037494
-1.581070787300886
0.230005932869300
-0.318332797521119
-0.816672763602117
0.194933671535796
-1.052193856909950
2.075123091199167
0.629812402748265
-1.128170985501409
-0.649588801503335
0.624434804751175
-1.251783838291800
0.714444145836558
-0.361706037780821
-0.403031420814919
0.350477739655235
1.272758770947052
0.285307059106845
-0.948303824723482
-0.807737170413848
0.647200023983327
-1.125977558886163
-0.795819592828189
-0.335696002957768
-0.445517267627823
1.866296171970030
0.580625464306520
2.221731163792452
1.075853126551215
-1.090063006205618
0.727401091577820
-1.084940800652874
-1.702101796957366
-0.248343120810806
0.593092620592280
-1.315270871235566
-1.346281372777383
2.195449567134766
1.141983388213190
1.388032077008412
1.981302091691729
0.712066745090823
0.986994679690952
1.617925754990710
0.177553294103981
-1.782444565021760
-2.367793976938636
-3.240532648328675
-1.834950847780250
-3.191139048124099
-2.557775596572975
-2.036229484703324
1.979964062011157
1.656573278735757
2.281204469634310
2.515468890644795
3.619325394417142
2.887696025806572
0.203755680856033
0.930722022771989
-1.097172200531465
-1.820856833793386
-1.893303928617978
-3.422374976190806
-2.044645708778352
0.070302616113689
-2.169317018329704
0.497580670836412
1.831496145961019
2.450038189650021
3.865213691139219
1.681714199021443
-0.169811098505547
1.700727553419028
-1.385483140491314
-0.551078118017559
-1.106272598548657
-1.370118068835036
-0.413842995771243
-0.742838188581812
-1.229517733570516
0.826523873239753
1.764189504318900
0.892264031112158
0.896840759003860
0.283405676167646
0.726128098613977
-0.106005947642355
-0.336765211068791
-0.039238329640840
-2.867717476116164
0.153042681691206
0.349237818666380
1.715887040028055
0.875003121445876
-0.272160247307181
2.140202427892019
0.775526548094875
1.489248257250622
0.771614036874907
1.484380527599955
-0.442061440906450
-0.767812097120917
-0.980608241527557
-3.592167739221214
-0.847682576837467
-0.654190924730383
0.572346831166867
-0.915424294375130
-0.363491888159245
1.737932957165140
3.285852460710163
1.599809779390268
0.183477586844561
-0.021380445425210
1.294775526605699
1.583955386122972
0.969528005651217
-1.504135550587789
-3.030363283801422
-0.844004277530122
-1.185394574503108
0.195625884379872
0.992168521948508
2.970292472920150
2.567940414727485
2.137592450345549
2.474392294448552
0.334064593380770
0.349034054042196
-2.697530248888024
-2.222401140048172
-3.990502092966034
-1.892588496914663
-0.549807207632800
-1.699003803981378
-0.959837045900299
2.202577320884437
2.057891800647216
1.177351037990092
1.647561956077197
1.200152647710307
0.643593783237977
-1.093601278319803
-0.746356330565991
-0.348285276118828
0.291700239954799
-2.976702084462201
-1.157078520313037
-1.004791570692250
-1.383837945822596
2.161404576332718
-0.092739807365637
0.838923947004489
0.839113781009928
0.617814197491072
0.979093292871794
-0.678806645701861
0.107256142353508
-0.179855072666285
0.439470166630793
1.024072486994863
-2.000931630757299
0.315735877127629
-0.472684011134990
-0.612459087452857
-0.636068191340689
-0.909482891942308
1.592946703523289
0.632114618171284
0.553462374206283
-0.712445898312162
0.406557833436368
-0.248111337406885
-2.587034042144883
0.566392150028384
-0.473215535183372
-0.937033470013112
-0.526140298282870
0.257641690672430
0.233331855873899
1.609962299471432
1.664217775090842
1.606586921649942
0.917331616412279
-1.187386333170309
-1.585268592759267
0.189574424916547
-0.871859328013407
-2.947047889522795
-0.824708526692534
-0.225291491210486
0.049136630232452
-0.709270617891091
1.108593077512115
2.624147205971373
2.454624994608526
0.310254019358249
1.594819904194583
0.626028991236204
-0.159592887342161
0.661916230249995
0.052755167711107
-0.146048442858942
-2.056250365442219
-1.584975498275633
0.145940337692179
0.399943326914943
-0.825381653923824
1.323882790222550
1.013178890329041
1.587476662519091
0.685544770103672
-0.541729186353889
1.749730453914639
-0.191041164005315
-0.405874780198094
-0.669912874722964
-0.534012389533793
0.359384532418907
-1.438068168147774
1.445720831791860
-0.256955996648229
0.247240275269064
1.092205957631417
-0.039857760703133
2.782341132204860
-0.696886422113648
0.499614446764012
-1.373154220083631
0.002441520002337
-0.328969517463635
-1.304994508731646
-1.262758694171117
0.821300483433663
1.431801025642355
0.418280503276548
1.573086731152601
0.239311640217456
1.016325285748084
0.474111091372280
0.011185801796891
-0.715591251570463
-2.471055168879625
-0.548086697447566
-0.159252959153733
-0.162892160840865
-1.998447971545773
0.115415347762378
0.228988814360309
-0.688529117505798
0.078110249994499
-1.136807278824982
-0.727847278379928
0.231396377675881
0.084330946952921
1.247974440964529
0.387645079314383
-0.075740438383790
0.960495098210363
-0.165949612036513
0.008219093664054
0.778677942809365
0.340711156849410
0.360318828744482
1.989859341063253
0.665609975266687
-1.090935955178604
-0.183548333745956
-0.059964183428818
0.661427783705797
-0.713607994131184
-1.128875401154194
0.123310927796727
-0.055856752120511
-1.984932247526400
-0.866170297930183
0.482216388114846
1.188543210056578
-0.757812902697789
0.911119788376783
1.085021615606176
-0.429556801505555
1.488792407051164
-0.138753913418060
1.366217074429467
-1.222300517286817
-0.607343952545840
-0.019548438808180
1.447377683862826
-1.493296635415647
-0.577837820900102
0.184775973577225
-0.212701532854723
0.695618715177442
1.045258336008581
0.048352609440849
-1.460799536047729
-0.034549155374654
1.568689631837067
0.598855195970294
-1.471056294338148
1.182361616831868
0.267926939887234
0.371399241078399
0.238460857962683
-0.588867723967174
0.827665575818430
1.182785352572524
0.415039307199474
0.392784430515109
2.514004752274231
1.644100282820164
1.794200107284394
0.560806821605457
-1.275084244271006
-1.633378792685091
1.647353211948535
-1.473537741250819
-0.792593160098900
-0.452372669412463
-0.348723360516073
0.388727989044998
0.780311198847177
0.546410160268516
0.484890437007536
0.085631225496587
0.042205809105843
0.793571326332241
0.765104826337691
0.602343776064380
-0.668313887624728
-0.271435282191292
-0.131876145952517
-0.183490818373182
0.323578376647055
-0.254356110584404
0.781214025910354
-1.641959384032184
-1.617459312503565
0.553580700385705
-0.009225187549122
-0.143967049220266
-0.621336983323580
1.153840239958462
0.241482906025508
1.880329624487400
0.321476848473517
0.966334112775729
-1.030817104103676
-0.744706915404386
-0.749285453085108
0.115010329270529
-0.373792131871739
1.176608147438433
1.359768080694316
0.654902228885264
-0.119281783207956
0.560746591732577
0.294308095881736
-1.141021075479747
-0.141561070721033
-1.017444293560215
-0.146547857747749
-1.156890976867802
-1.231472141001772
1.675600846561764
0.839631071472238
-0.357057963226675
-1.798299492954998
0.306675820040254
1.548293806195774
0.921254893373114
0.906519982766830
-0.294345846972207
-1.023808347321110
-0.437904444961536
1.679695184810464
-0.289584885707825
2.148237377175436
0.917583367575306
0.700005029474915
2.115619774292032
2.221771959330871
0.518933129828777
-0.196194809126877
0.384139242740224
0.065853781927940
0.856141453696873
0.542529878774006
0.261841477881083
1.580774409881432
-0.179910709590541
-0.394232526913308
-0.149176133648117
0.470836594387206
1.160897490015713
-1.831795743616787
1.210023423373276
1.224984981361290
0.391079489685198
-0.381430452530982
1.343529076326199
0.749253470153308
-1.010864703888507
1.253534576837161
0.717055160267172
1.091734338509499
-0.788876385637812
0.959349747393264
0.470003938442275
-0.657727413959817
0.659025417207879
0.061442346658171
-0.947247161886955
-1.466474550697079
-1.553792100659031
-0.057179574055154
0.756399391180574
1.558732386425539
-0.965706019228154
-0.451827468764738
1.776914345739386
1.138808010652685
-0.459984835513338
-1.149826060811794
-0.750975665221546
0.095736071452575
0.424797536443747
0.275583733148795
-1.668334832393333
-0.716725297309080
-0.622001540801245
-0.495791356028056
0.332005404155465
1.109335841678909
0.625796981395522
-1.276801653401934
0.223931517368043
1.972585999896215
-0.123751943245452
0.726526086166657
-1.633953254616943
0.584548600990947
-0.320389707643004
0.376554278773681
1.029927328535533
0.653566804404709
-0.012960151999348
-0.147876859314038
-0.309508787112677
2.527659196031984
0.000793302365933
1.003217800243269
-0.369717237851997
-0.581753072759215
1.149870943812958
0.094254614544115
-0.191870579588374
0.593937971511260
-0.814007223120810
0.095105557639220
-1.174559604571109
1.096335224102357
-0.394824745222213
-0.198779761334364
0.701550957752176
-1.183326115887322
-0.236832922333000
0.233659287798481
0.095183063800846
-2.326743974429062
0.260451286175383
-0.702003604620207
0.529995406330523
-0.306632065383367
-0.168738409131563
-0.191831804088056
-1.319398830517360
1.630286331143851
-0.129576348215678
-1.004494829449501
-1.572580036442832
-1.782708964340682
-2.517077181742640
-1.928773522276650
-0.298591909595064
-1.722163003909063
0.962781346187071
0.451373492575746
1.784442918664236
3.204661062016932
3.286859404363917
3.139139661029061
2.159922965510485
0.562436510983472
-2.400786193142309
-2.451531046407244
-3.780467983147933
-3.944599783205722
-2.396623481844914
-0.465421305874018
0.454027521700029
2.757148091351185
3.680059065855056
4.662427423574642
3.492934991504542
3.608685837960737
2.999100384468596
0.632977111228530
-0.507522752578287
-1.411636540051116
-5.493603642916141
-4.390607397365057
-4.763780499674732
-3.589909419621364
-2.573077656697182
-1.010840704553361
-0.236570678244776
2.181102595669951
3.175382308314674
5.590476029187244
3.444709091987671
1.285375034384173
2.651666609919330
0.121194877560319
-3.004638655352879
-1.533040793317004
-1.391917451406248
-4.472875128308985
-2.908567578986464
-1.067532998082128
0.686061545861315
1.769775413998818
2.110251098651060
2.313483093896730
1.304917738040537
2.394794664388642
1.594003306248524
-0.068547350649675
-0.246824631970578
1.328357307246635
0.056694299661727
-1.989988699261399
-2.273493695626099
0.690963309204777
-1.033891470916827
0.847722358441210
1.574701918366130
1.831820085480940
0.345638195694387
0.471651360045582
0.112963411055494
-0.712183549469019
-1.029151248303880
-1.740349781645302
-1.515752336118447
-0.792283002033694
0.578181413535651
1.510816353124327
1.193769459779466
1.834534513914648
2.419891683437127
1.886996889192193
0.682547841543097
-1.509234570393272
-1.932686663179446
-1.251722662749827
-2.149825139481160
-3.532241062123839
-2.192461126158708
-0.909086976934214
-0.632166576117512
1.413149619330420
0.545265320211712
4.448309120935411
3.283321191668043
4.588118768177362
2.340035790220860
2.354610521556856
0.503220854749806
-0.850347204745314
-1.721801163942027
-3.570495881484386
-3.516149574306147
-4.013766082119865
-1.749888678271090
-1.324102068794371
2.419463865511684
-0.260590445822934
0.835814992137589
3.239321867305909
2.414713339160593
3.219618312814251
0.631927490377217
0.684348369778370
-1.259344215099880
-0.925711875477444
-2.811832304387799
-3.396745414427890
-2.912776483068687
-1.611551404812635
-1.354763869853430
0.941439839923862
-0.288932084331869
2.269081927141687
1.692894776863673
1.965611141904257
1.901353004772094
-1.009166552500878
0.673058389614842
-0.591733329055513
-2.011268585451341
-1.076396716930266
-0.946394132679174
-0.133148346322946
0.342104967322783
0.820096292227241
1.981859524719795
1.779365455976606
2.139253341804594
1.146740027183563
1.256441717981361
-0.664672974879803
-0.305840640865765
-0.070508014087746
-0.851548441848911
-1.454074037909866
-1.206302269462479
-0.457811168319175
-0.831873988625313
0.190107616373324
1.035890206243480
-0.171061372616488
1.028843543864913
-0.794745309602667
1.713033719931484
-0.832964226626118
-1.334605628787570
-1.269254580971435
-1.402465657204793
-1.771818038722192
0.570494995004032
-0.209159755358255
1.042532638682482
1.168475068762833
0.332081963838286
1.629496990539044
0.130962214415534
-0.047509680589605
-1.153138459577994
1.234342472394229
-0.656038515947098
-0.093480154320200
-1.887051917576824
0.367749501747257
0.569220706468233
-0.510346147638137
0.335212477217532
2.698464382811656
-0.705949121702015
0.688640491901763
1.967186191023762
1.924717376549040
0.060236878454238
1.016172171543450
-0.016206310077923
-1.712944798946558
-1.445336798217104
-1.939859350924741
0.072839724762703
0.812078023194301
-0.438653398637887
-0.039997552078232
0.425250649624517
1.867676326179618
0.679917010543397
1.914606116985674
0.746637163531092
0.837395860923362
0.047101420472909
0.198889509419907
-0.639413794858608
-0.618943203412011
0.071343940882999
-0.808252644290644
-0.231609971823546
1.094904806741803
0.854749102343249
1.472111809683304
1.481423332836259
1.957315468056558
-0.237190722936035
-0.784546803457410
0.428293230033740
-1.587459442928028
0.480186021178685
-1.844938451426141
-0.169239362583990
0.716373923610567
-0.431287681219002
-0.392230817366549
0.223841173773930
-0.111022166513957
0.058219278900541
1.685105541312351
-0.935400052798274
-0.061417160355726
-0.367575257997818
1.861786698009298
-0.494242748329471
0.420415831944264
-0.463692138690631
0.946883085829350
-0.219508717186813
0.985071506482787
0.803523742336721
0.045457289490043
0.656095294242181
-0.504275126103379
1.745908875477306
-1.032027226759689
-0.436222082484191
-0.536682130701046
-0.346921873931266
-1.176664060343852
1.813527407998766
1.484755097659967
1.267352202951170
0.533815373203072
1.824312557071631
1.183271680264879
-0.950814201932097
-0.247556879119160
-1.582166727157369
-1.220840466371556
-1.070187344081675
-1.073931913177681
-0.118729597379854
-0.233055283338359
1.201940616167543
2.913764981548664
1.241057611668629
0.797001463783916
0.438275282212926
1.393354712960346
0.592888152858205
0.504749725578706
-0.009577340150638
0.311297411084380
-1.081472479177922
-1.440134857942654
-0.736777942730393
-0.729445705783956
0.655819419889891
1.200195433789947
0.149193499937009
0.160361975806422
-0.831712076746030
1.823031643513628
0.067724460285485
0.803789763548945
-0.846550695224849
0.903784287842395
0.852386946926126
-2.361537588203165
-1.010701896384637
-0.800243917892021
-0.502093064029274
1.574763452098951
-1.384959823515809
0.641233492948778
-1.380009753444526
-0.388126857785244
-0.031876621382848
-1.120495059420066
0.120251028680138
-0.125980572244643
0.072522850863153
0.829764588415783
0.108881413990590
-0.081775592016857
-0.983187633359239
0.239984746000112
1.033106543332799
0.196610741421045
-0.111638494959786
-1.006608877744460
-0.839333525504604
0.613821701995409
-1.292259563228365
-0.562937342630477
-0.048882693248376
2.093672497005622
1.012729024256307
1.355825141487167
0.719583047845296
-0.002562766035889
0.485775616927671
0.449050258866414
-0.283580703373918
-1.184704192422521
0.300279524308981
-0.315794491026986
-1.189291154415249
-0.368623642662007
-2.199070562383428
0.312078822039427
-1.248074887220073
-0.605759753353991
0.905096515597958
1.284212072562299
-0.209671938905378
1.365999268617703
-1.413153489320615
1.102004188235559
-0.316352151689425
-0.456494640923181
-0.128230669427807
-1.425858228883844
-2.023566546131028
0.123340623738893
-0.223309639665615
0.422338991623509
1.354997190390234
0.785049956250384
1.326175150715343
-0.085729546692836
0.201106538336552
-1.138535627669265
-1.824345079515405
-0.046150321319906
-0.344462018487724
-1.228686397894057
-1.161187835806163
-0.991296522306927
-0.542133111883008
0.457430908129614
0.014899397231540
0.653647915281958
0.343894360832962
0.481516011926640
1.383408915319130
1.668492359688904
0.392400390653737
-0.495085274466087
0.734300305372129
-1.671923812242840
-1.603236859229992
-0.360861316411498
-1.154441102605160
-0.691377711292287
-0.059238903667496
-0.037842053470712
0.797913254833033
0.258845447400504
1.356266089352621
1.055453156613670
0.640935366651072
-0.269454143839205
0.373512225958518
0.408356048295484
-0.605069151199144
-0.955725822973119
-0.716466512610537
-0.076392163855630
-0.498271339640437
0.438404919896869
-0.379033593552680
-1.498891995618620
0.577931857886339
-0.315001826135105
1.705739129239888
1.322966810336389
-0.269967145614295
-0.476013119764260
0.507113181040701
0.333626357261785
0.406896493970021
-0.632166451518929
-0.454783529945156
-1.015237172703307
0.418318037861242
-0.374078070453863
1.541895118699412
-0.243114177735497
-0.263836834613058
1.448328749793268
1.301453874021562
0.465885598799392
0.234704317983927
1.005155282291777
-0.879870244679725
-0.461125903581001
1.474032123906542
1.826758547916224
0.328597894165946
-0.184679903586087
0.811462924093566
1.337846239265398
0.374932408870567
0.387848048712949
0.889352248114315
-1.168821909549813
-0.539423124515114
-0.348904859853916
-1.357339672851498
-0.133869459731448
-0.658023805569362
-0.151533285280439
0.862837464193115
0.822662540928517
1.128646008503631
-1.939026216155393
1.045034827749431
-0.319559335578639
-0.685193913776295
-0.971270372821931
-1.505828652789339
0.044499557636524
2.237481893695340
0.593448776569702
-0.242473980584503
-0.746965570907870
-0.439218041966360
-0.850932733258706
-0.834205353110345
-3.266128996793590
-0.327822100724660
-2.243576828816661
-2.078303849238494
-0.440443047768634
-1.015176189554234
1.558896143108331
2.248927959595091
1.483128704806044
2.887457284589174
2.845268956901724
2.009964128998316
0.509467397314522
-0.319012449832015
-1.147628022167615
-3.489825612716665
-3.430485977850304
-4.963312736774791
-3.620797361610092
-1.723813016479350
-0.660350663962657
1.860620749935448
2.431337745756453
2.148321951734753
4.754933175471784
4.707579901741282
2.395792588872960
1.021367198885312
-1.198467398049142
-2.588400646273934
-2.042371180640006
-4.071931895549410
-4.204776659863100
-3.973136001098653
-4.154605247265891
-2.426964525367645
0.736492589435543
2.357691536544459
2.696431750859730
4.699309822573623
3.946707040509252
3.289275855235344
1.909789723851342
1.535907374471177
0.202195546382789
-1.581750047400772
-4.087252072242926
-2.918511504353652
-1.733974124409863
-2.082081771300151
-1.194182054975551
-0.898966856138342
0.797514928614065
2.620771412704362
1.489472327706248
2.731720096556955
1.601815058641274
0.716759191942991
1.113450097288887
-0.293610842746361
-0.403691763952696
-1.191052024365158
-0.202621533002903
-0.747297381285555
-0.399183978874589
-0.289768119342445
1.447461897847478
0.928682234384215
1.839352110086083
-1.830189900206238
-1.712641446498446
-1.978567892645434
-0.100248358462652
-2.754499867617381
-2.177369220991832
-1.199576192136056
-1.203127951324850
1.438816499663671
1.762156969111135
1.236566679724445
2.170574059433405
2.103625311885248
0.616512001267027
0.523288456056416
-0.004378674428352
-3.354888388304677
-1.635020745530094
-2.566551574684312
-3.119265570882452
-1.181155702765287
-1.903186586455700
-0.172946709517719
2.606694916135050
1.374186960347428
2.847304928204076
2.266889045907060
1.515814835017891
2.130257812833319
0.795003011382481
-1.025191568150264
-2.208739733374594
-4.453023031852776
-1.835096604987914
-2.092130732900841
-2.745590977775311
-1.011556478477649
-0.331927320175323
0.515594514819546
2.061530580099604
2.499094537131286
-0.190969726892310
1.243581400805891
1.907224174674526
-0.274728835060794
-2.158114548536552
-1.029441949626842
-2.753652991960331
-1.823732396894615
-2.799604235959777
-0.794418841018987
0.826706104984275
0.176526064397323
1.901575400395074
0.307754600857311
2.102828720831536
1.389828623120448
1.457677482616396
-1.203980293764775
0.050684327189116
-0.911909292789383
-0.085236452679354
-0.273634592553973
-2.068161920242747
-0.707665717278840
-0.020524319809107
0.058489493016107
1.247729830431549
2.560324826384699
1.820177383262363
1.257831241702541
-0.686385171663602
-0.302909927583902
1.000516931942466
-1.673336059278139
-0.499532625738564
-1.277105979632031
-0.621112387431971
-0.870483953930813
0.433773982785382
0.740629506677232
-0.165391926325203
0.871775485588314
0.789928314208699
1.249380975320898
1.370523709363022
0.088695957773841
-0.704845479257311
0.393616563431869
0.676528652290400
0.468715068162855
-1.912867238055573
-0.287129923795172
0.569489275893943
0.793570365798937
-0.656145685852569
1.384165569360599
0.613209630290086
0.643701394488724
2.352742169786990
1.370085371794311
-1.471118252301612
-0.982779571272065
0.966479813909745
-0.629988777519203
-1.058777024492809
1.484542111687278
0.200184186873120
1.709336322887412
1.168341244510466
0.396139571439832
0.892565408070808
0.625351113025235
1.221815471048261
1.142189220798872
0.887798364291133
-0.058639866194277
-1.342282965877583
-2.148042088127998
-0.903335927868705
0.805763498322760
1.565478529743064
-0.896550220642013
0.060602604711010
2.082068517747669
1.085991006767653
1.900752987288813
-0.090329354478275
-0.186643402735276
-1.701030908782205
-0.607475899041671
0.431925941390257
0.752334551731611
-1.176597100044555
-0.481025489838933
1.960910186616150
1.257315742469825
0.762959749937252
1.454902297383827
1.131488555017442
-0.081898360488280
0.558977286142225
1.365213357735987
-1.307088745388967
0.208949673008821
-1.037668043865665
0.006263104395200
-1.010351127190904
-1.004521193618710
-1.034290830272037
-1.134455716762603
0.380859849592956
0.958539979991988
-0.920515532945731
0.698301187372067
1.227932706361214
-0.906080802888132
1.530970622772831
-0.405165997220125
-0.910519872571705
0.436595122435150
0.417622212921727
-0.000244605104909
0.306750968205382
0.736064452291310
-0.926679154499146
-1.239827818500270
0.483334458824768
-1.019122745104141
0.483098950718637
-0.310366592503991
-1.384105875602528
0.721891432977765
-0.168435176836454
0.078504637838517
0.809309559506734
-0.524790671386786
-2.033425913560456
0.783982688335673
0.576218860302459
-1.224507032861677
1.217017057523198
-0.829928371823214
-0.636946734196944
2.318374527091243
-1.253975809827047
0.556736001158308
-0.937023354541015
1.775625153189159
-0.803071085622436
0.065318002239462
0.540719015544146
1.497213092305156
-0.505727496588949
-0.290335944565350
-0.080163266129274
0.687936161655128
-0.591469727948474
0.643640601891456
0.675143111630249
0.598702265760008
-0.079862130927635
0.171525971554313
0.980020759594113
-0.146585996063268
-2.378923296772387
0.228639681172358
0.401837291613976
0.478809617523891
-0.136291407957917
0.871846564767433
-0.212734372915657
0.407351561132893
0.326166006418518
-0.535777284790343
0.389506546224057
0.923124853391673
-1.457596857610507
0.720460923657295
-0.155460058875743
1.130901100418228
-1.142063541759632
0.076666906948165
-0.735830656942918
0.519583589055520
-0.095603887910683
-1.025414138702682
0.440907259947517
-0.364547409641262
0.333996252671649
1.523385055987929
-0.039501438884410
-0.959265491020419
1.185817819747464
-0.384032636602101
-0.452794809818521
-0.084413453433386
-0.019103684954968
-1.027903528111533
-0.052381533169009
-0.562735738884829
-1.141436951518364
0.513451858760410
-1.059735337946896
0.465879207791891
-0.294145958268157
0.862044792176635
0.512339511437491
0.255062393673882
1.401699593435490
-1.087998504627455
1.272627319388457
0.026165122691963
-1.331700008050966
-0.255604019972340
-0.542566033474415
-0.926869970159591
0.278162135185349
1.783076765395253
-0.168639412535661
-0.946610210466875
1.828344004219674
-1.228054206920828
0.161182569602814
-2.396147515706027
0.114046303138862
1.232980167265650
-1.140716571816984
1.239673691131689
-1.717314837108340
-1.093878604997214
-0.915491085968134
-1.843931847943812
2.031501889724486
1.222825002660779
0.211964765340943
-0.665388340115292
0.247210107264239
-0.226630524525988
-1.019343923040634
-0.885456960664132
-1.760073427410045
-0.870451829931962
-0.623295314869297
-0.049684049804129
0.296010482673860
0.823223607091481
0.285594314457342
0.944494902657792
1.676276292396901
0.560985126094249
0.021371394781494
2.119266303954415
1.138827437464153
-0.096121263767022
-0.395051808981749
-0.419835517253594
-1.172498943145131
-1.073347906007531
-1.517817440185242
-1.288812932573473
0.780981241820590
-0.606991236198535
0.774920429893651
1.253773848051014
1.485397735361212
-0.594691469108094
1.693803032094785
1.747591358811502
1.045327124209596
-1.195567309018405
-0.430877305847767
0.092718181418362
0.146565374476157
0.148754037197230
-1.141582947674740
-0.951953585736264
-1.095391059775323
1.320337950858201
-0.548668054355971
-2.092045888982347
0.170166170837506
0.731491468030786
-0.760270883168403
-0.452397507714200
0.163839773013673
-0.195551115495933
-0.466648761395587
-0.447478344195319
1.024444743701596
-0.974356056636800
-1.688276980768940
0.081031816009669
2.148874337195926
0.017560355448068
-0.742177316705532
0.423663827830290
0.507368695684488
-0.813410755662964
-0.043690910283850
2.509673327669505
-0.480751739728392
-1.911196419517804
0.335368459368324
0.702325775088469
1.048035115247526
2.422388501788250
-1.153623542191999
0.539593835793293
0.584634814388546
-0.719414465139593
1.028960525049583
-1.375909353719779
0.058936113340600
-1.228956108517393
-1.241137463270703
0.394675394295316
0.222743926917067
-1.129023529268425
0.754468873465224
-1.231020165229616
0.636593919599101
0.240280312632369
-0.148345242678174
0.321338472995711
0.903074265588713
2.764841821274636
0.851404051800882
0.275568176159857
-0.308468569168591
-1.479595413077745
1.923945693764058
1.751130792608106
0.219460299697963
0.122663458696207
0.131253322832193
1.728485854461632
0.569384911644093
-1.148847709908988
-0.891848604450507
-0.805069330203779
-2.139133509854061
-0.818237124473344
-0.909495163107731
-0.547640590530385
0.125294931092955
1.924899188354902
1.259320700702627
2.553720667632502
3.663383101002332
2.263296853334055
0.803679195160013
0.895141107867631
-1.435736684843327
-3.042562072966780
-2.516724425087638
-4.320709966051567
-2.992804218975989
-1.890879765909948
-0.773877778564343
3.657051047428822
2.450250827493266
4.497301058281062
4.016081070420067
4.430990719630027
2.844217347847565
-2.142771642799834
-0.218834430131657
-3.186184441515273
-4.166785175114674
-3.489379026202606
-4.234687269333782
-2.052889477285894
-1.275841296476219
-2.643382255320527
1.398759557192203
2.973990222217421
3.128102807242309
3.859564781562173
2.926984616634078
1.980985342597217
0.697067470049759
-1.711260534278468
-1.896534417099835
-3.585350328956927
-1.579097049101839
-2.845361475947389
-2.471745212634281
-1.194063558434835
-0.434360441435834
2.640306341928698
1.763967402937062
2.109868316940120
1.884037901681439
1.542187096798013
0.673917249012456
-0.211846676607792
-2.004757383367589
-0.195424017000392
-0.424433099678422
-0.940510485010329
0.342136645990249
-0.045228121382881
1.198314991518861
1.237274171164228
2.650099267447106
-1.035589160376769
0.492012571359119
1.384479634032780
0.368697538538892
-1.271514760015569
-1.971697945221430
-2.715676651836641
1.099650604301183
-0.609329996758583
0.191113689325635
0.628210230606940
2.160559820745801
2.361660704346881
2.041402995137817
1.326803433910158
0.682838554768593
-1.311868650412966
-2.061676377397373
-3.915719767137806
-1.764160153157740
-3.171274297518152
-1.901480258941442
-1.627621710456979
0.131120371469339
1.414963989259189
1.634709449182459
1.935952582145653
3.115891491735923
4.248186563836134
1.560571381726333
-0.246724639704930
-1.310535643777086
-1.699159551606845
-2.626102938884538
-2.591692836687052
-4.223552278454007
-2.701157149543297
-3.298114540035172
0.350667114318227
0.320867179706265
1.469026802865530
2.952195008683681
2.508375373557722
3.350673278111306
1.148217082050249
0.115032155120738
-1.563241391421697
-0.643576989585390
-1.746276212601667
-3.016564998692153
-0.929489645198107
-0.015202270059780
0.394089225540949
-0.574177326609706
1.817793514521651
2.845605784499737
3.799781093568975
1.824692402552109
1.663337433674967
0.232414416747559
-0.472962452032128
-1.810533923826461
-0.653874790513795
-0.308586098190243
-2.084915483697177
-0.368723276498018
-0.698852611428195
1.792849682921585
1.241390516230250
2.929545294579035
1.905778496704152
0.940294594355927
0.410290245657926
-0.278859054975103
-1.499645138290498
-0.515751498740697
-0.606744478701773
-0.996479818507533
-0.199500569347078
-2.336004977196044
-0.718972606438974
1.075304419778970
0.894463419093296
0.679208365009257
-0.186989685183176
1.104611381821251
-0.643847539268458
0.325087265529382
0.356075928838500
-1.011287968280290
-0.394360269252346
0.366616966938973
0.791960014625725
0.054022698386879
-1.178255627414579
-0.410020913959428
1.563994194674151
0.529659811703278
2.311522973751734
1.240047719364393
-1.795285608269252
-0.091424340868770
-1.891405510223483
-0.977098698220364
-0.890735186187479
-1.589610787913522
-1.679176086086476
-0.353400982121496
1.370482817538217
0.385353527322403
1.709442828315503
2.613065740673086
1.155913643012752
0.814718298735682
-0.025292125159311
-0.510922223412471
-0.801005870761083
-0.732318776911547
0.029173508297872
-1.538765952099486
0.111567351841868
0.247317880092417
0.385442069457162
1.466386670325556
2.315812818530895
1.397541866870318
1.173556137524191
-1.213250070850261
-0.436174696436502
-1.509888559472394
0.369427328851491
-1.580273441775314
-2.068147869695033
-1.092832039947138
-1.082193080072950
-0.610087889485486
1.131345681833453
-0.615825163994445
0.769781560765249
-1.596458127462148
0.136623549954880
0.674386542094216
-1.378686876639661
0.485328771117151
-0.141837465515629
-0.078182015622729
-0.039869985130401
-0.842223467708604
0.922935986442858
-0.555744277843834
1.227717253787872
0.313876038130159
0.358725758028635
-1.653812703966711
-0.782415165221263
-0.833873139650305
-1.181682610557008
0.076043857218262
0.187937877018889
-1.295716069986361
-1.235870697180196
-0.498754215371999
-0.681320746743400
2.255725341650834
1.451033256859337
1.881726163668417
-0.416486093637746
0.409352786318882
-0.857364270048528
-1.364001941939877
-1.509351861540444
0.490998947968676
-1.344798764080678
-0.467159679789635
1.795365770554199
1.552715276273863
0.290818242302077
1.330315568401458
-0.010200806938941
1.252849048593275
-0.063117849401435
1.026292369676018
0.800020518873035
0.063996981448864
-1.050550146381900
-0.344371607461077
-1.188287500476684
-0.281221345301068
-0.670268090836462
1.391345947972817
1.048936602409308
0.920325149034553
0.200037328923937
0.326011677165663
-0.414974241225791
0.054912787784334
-1.365343413822968
-0.035587795006395
0.439486455072087
0.242497137608598
-1.357673675200092
0.939675069861303
0.067676495366442
-2.368666923930471
1.032385810911087
1.187849619247732
-0.110165398008495
-0.045829905354077
-0.445527647115404
1.700081601592005
-1.330346166272684
-0.786079376215394
0.606980262777714
-0.934889049678887
0.639688038841061
1.065967988671222
-0.199500806726772
-0.492102195133811
-0.562729700343211
0.589166590688355
0.327889257896475
-0.299437697952491
-0.282103482060492
2.190629932997687
-0.749467725492378
-0.036771100868939
-0.036247870032833
1.286476338812310
1.393029249999078
0.689752562653923
0.622681484532854
0.139225217007414
-1.083904305664725
-0.915752001884253
1.783127756203058
0.871049646759950
-0.456712484489249
-0.168791813512504
-0.118893580501248
-0.891989403023002
-0.852243677983509
0.498058455472893
0.427430488423430
-0.409858433794330
-0.601600950580723
-1.333370917034246
0.387469087856684
0.040989029480320
0.551382991037871
1.075065970834431
-0.808039151732449
-0.170123887092201
0.375023182782893
1.490993919199904
0.745257281313780
0.082666512396365
0.074171679031855
0.834152388342203
-0.110121527219603
0.353861304011589
1.430184661465647
1.251695316685518
0.794670116374432
-1.158119004918825
0.598727779925140
0.400685390258021
0.257931130120479
0.522055753096590
-0.536060934475360
-2.039698802929733
-0.066335953227942
-0.140195011834843
-1.512973886960448
-0.345661283676235
-0.646809697981729
-0.742891571821934
0.329104790492245
1.151031549879280
-0.060920212769790
0.618569268411593
0.232120535438443
1.639841357871164
-0.435409538270516
-0.378324159669367
0.842744924813568
-0.018122270975607
0.891618694059239
0.466732845712181
-1.448368466678177
0.558543477725935
0.679068684349694
1.147603019134471
0.176957100531715
0.170800825587252
-1.143528130431914
0.335324310717829
0.106828031223153
-1.018518710428592
0.300311895865285
-1.014271074327524
0.661681637720069
0.783680004377519
-1.215334237738310
0.076313118378155
-0.969690642191168
0.219020288870655
-0.032011501790149
1.380712229437356
0.288054030432091
-1.642107195484965
-1.457539311284475
1.302538163959432
-0.159409917605993
-0.236896921278195
-0.375749059626386
-0.492761017175238
0.742298294195418
-1.841233806120141
0.205786007071829
1.220795327324764
-0.588167695944748
0.285330932034106
-0.658770523905794
-0.755339254957435
0.330950339378851
0.264893042577017
-0.502894289222487
0.606550237816005
0.109529105988975
-0.217101690655209
-1.450259102321863
-0.784363293209450
-1.381007099378179
0.740017635397811
-0.458216180611213
-0.204686730158160
0.532573483657992
-0.070055457787666
0.331660922170427
-0.113578743127979
-1.087191665984719
0.358320749599035
0.445961023628761
1.244229842426239
-1.781993173795051
1.943026510998278
0.626553693499067
1.092950643062268
-1.521881837620240
0.343589473073371
-1.205092789217526
0.019546187504225
-0.332975237654981
-0.876463832418957
-1.248046684015809
0.090312428468034
0.679256719925640
0.120573657538785
0.632336575710120
-0.198845193050347
-0.867032120694389
1.350702028368642
1.660570967443423
-0.996655032643978
-1.987056254700228
-0.227462011869456
0.602727564513023
-0.196630908368885
-0.498221738250891
0.474165063164639
-0.800175772648528
0.806022715874214
-0.079085018521218
1.763922240557562
0.233337531391986
0.022546964211696
-1.562613425852414
-0.488667762890165
1.539576606225779
-0.867772932112911
-0.479484769897600
-1.488836873562075
0.700681588280632
0.201049607937937
1.237042597058552
2.822127977970729
0.951076882156756
1.428375768927099
1.821433834656924
-0.048542117342683
0.387846674148397
-0.525672137954177
-1.385528959464695
-0.972529326653687
-1.785842959764109
-2.096202341823763
-2.292864516502623
-0.297360144942829
1.438473356091962
2.158107798413665
2.420994606019751
1.449751928275829
1.597657846054622
1.507145326722964
1.572540787088338
-0.034876845229122
-2.533198496857135
-1.913902673661542
-1.549116266190422
-3.343226455021356
-0.648243056818486
-0.585467536080766
-1.399321692452597
0.780573061880295
1.637711757780091
1.234087585344504
1.025124168843036
1.697719055450531
0.150624148581215
-0.353027565077301
-0.523732043867898
-1.368092025928167
-2.132959450994003
-0.720315678767704
0.576367010996883
-1.709007366929743
-0.416276194463379
1.000821595208365
0.915892996413330
0.699021451112906
0.785606956337248
1.528883937611307
1.401766806350809
0.683656245078381
0.291467228246713
-0.172934794151180
-0.374511548165578
-0.643635884510565
1.344445688929856
-0.745241163073252
1.219517966518422
1.905326957175475
2.012214371177654
0.747937016428475
0.244376889002053
-0.982305977428000
-0.057384322489099
-0.795242399384136
-1.515814901258743
-0.045053914612339
-1.366615110775745
0.761987146454235
-0.307985387289888
0.832873457800565
0.312872331432291
1.918674919800654
1.299367244376776
0.696418571846373
0.751121948281840
-0.285019076061438
1.892500571614180
-0.873250903806237
-0.606417163755510
0.170475463664796
-1.510415915012257
0.201306653003300
0.049365608613229
0.753823961078990
1.781745720974760
2.025345180868968
2.992226695654420
2.572623129919180
0.790042549711794
-0.320391988397485
1.327785030756897
-0.838801944651557
-2.174381697080940
-2.400022428262070
-1.366170124350311
-1.895016719646739
-0.508053429977032
-1.031621225937006
-0.174250873969603
0.666908909756911
0.348475000965695
0.164945354218971
0.006055860896851
0.494958986990550
1.582004188436149
0.579239926492383
0.194401662737245
-1.216294117640843
0.196868847158751
-0.581181871377934
-0.487889415972544
-1.226401754466220
-0.126862435924856
0.368431298317486
1.888809130019875
1.501660682756397
1.415222796746356
1.272430400241457
1.668192100430139
2.100664522246363
1.666639356799251
-0.748780401993735
-2.287196270221659
-1.254999830159393
0.042309741683805
-0.429383221580405
-0.400560368731233
0.191953728010237
-0.255499031990589
0.665267588843123
0.710666810751629
0.090227029163527
-0.442084620133478
1.110415885004956
0.147694672404470
-0.301960664283185
-0.548333278749103
-0.028273828661747
-0.297032073494440
-1.749530284375770
-0.216473593263348
-0.279044083457916
2.300203825032091
-0.472024288370391
-1.781449934706927
-0.300116629960728
1.375557409296847
-0.941537552622124
-1.008195593495348
1.693412861594215
-0.131595286946329
-0.977889658824123
-0.688197936475394
0.331202062723669
-0.198585735057066
1.803090094542476
0.680459242647875
0.158222618581498
1.268891104227540
1.552664637896423
0.922674509895755
0.518996896817410
0.142119800749897
0.067389287853564
-0.867452654366154
-0.054502321624891
0.046828849929326
0.737925246633361
-0.063409963555627
0.034423593850519
0.484683060675770
0.391770264315062
1.284244602742813
0.648642563057264
-1.286641801278606
1.361536919099926
1.302195110352876
-0.633923433078359
-0.826138106290629
-0.305314656590229
-0.115721608859020
-0.860396062403193
-0.158094366027989
-1.228228484286485
0.679105478981610
0.442491587708761
-0.820487035080590
-0.048926206345261
-0.211827689219119
-0.783632890232329
-0.110426154836014
0.734084407345081
-1.976635795250735
-2.711954510972043
0.144581329257898
-1.214506785047217
0.639624177050227
0.942804448145418
0.207384398336084
-0.245044330129935
0.362324650441604
0.184727378686360
2.513869345927050
-0.645192913853035
0.804111432401091
-1.257975981443028
-0.097541990807009
-1.098864439834571
-1.053035485599852
-0.670240486020090
0.278673821880233
-1.389017736799879
-0.941306272493791
0.596091852826487
0.528612956614487
-0.442945982723149
-0.116502730825395
-0.527810394701454
-0.171712344425469
-0.082912424604289
-1.842137773430859
0.946372727847495
-0.201533460946790
0.651459088514621
-0.451968204399123
-1.236592423326815
-1.019829674775305
-0.339409598801425
-2.131843796798293
-1.028204672251789
0.629129025098722
-1.017973498435569
-0.713323645614428
-0.016503455781983
0.361824354121268
-1.650941237333047
-0.276257544106800
-0.927078186948951
0.830904408161510
-0.780691391256908
-0.909312683474051
0.696745973816030
0.034137037746735
-1.235297750026737
1.814050805759552
-0.925317264788267
1.305934284556249
-0.302155656567081
-0.597256694704875
2.175864213064649
-0.446388931453953
0.396031702365114
-0.578808322853889
-0.495715649597635
-1.474820665218211
-0.423572826476743
-0.117895205247318
-1.924390058628393
-0.493320421683326
-0.650959250867488
0.440039125955667
0.836335099062703
0.654175143827031
-0.913917227104030
0.435409332365193
0.646796445626589
0.157109518934450
-0.493499940777747
0.114444140506692
-2.222240457791131
1.336312907040680
0.180235605395770
0.371433655689631
-1.408947665363703
-0.511593618419266
0.238805673814926
0.196665466665484
-1.268329489038647
1.437764010620790
-0.217317444893985
-1.753887309050724
1.711714463705438
0.117326594200322
-0.453776066102176
0.434236642224876
0.434273609429836
0.224114350017015
-0.854950307413070
0.748380276601068
0.786943664419488
1.832507752613637
-0.538161986147216
-0.438630698578681
1.128814125064695
0.177334348490510
-0.018340334754227
0.313431053447608
-0.002635685132294
0.251954599051994
0.303526885982106
0.970187519359591
-0.177875608283887
-0.127867769700905
-1.445902985219941
-0.533164852399542
-1.409298368338834
0.084723025207734
-0.292846050346678
-1.527825731091512
-0.495966088925938
-0.581159847700200
0.225520019461133
0.488984399332674
-0.069813116280173
-0.270447898697738
-0.102382408578299
1.393003038438943
0.762326666060661
0.874744481079146
0.264030802146282
0.784795139974644
-1.706622957456582
-0.168492587815021
-2.437201838981801
-0.679938322378503
-1.190495446656787
-0.298594665514157
0.273622666544590
0.600649940545891
0.505819963902857
-0.229344053792401
0.142066740848600
-0.354584710893081
0.883345110329123
-0.669467776638874
1.129610650464665
-0.398086786098898
-1.670614919591810
-0.261007137439922
0.972249199235903
-0.643503357174855
0.204622169301293
-0.327091979248078
0.895064363321208
-0.905581415098851
-0.561289839825858
-0.516508982950955
0.321518356951535
-3.006162660218448
0.450590309735957
0.838168311597206
-0.775665732195981
0.325604100537502
-0.463086065623558
-0.657164193894717
-0.013800824013819
0.415780915149626
1.085908208636469
1.676500207523539
1.433246115227983
0.114840220312312
-0.319893211678472
-0.461165587613121
-1.524437433817106
-0.288503987894130
0.519847277378144
0.536235343423211
1.730931306041738
0.127203712748493
0.405592244063823
0.984525820916789
-0.055060223669385
-0.481981164395157
1.196930755199843
-0.151606739447358
0.215610968661014
-0.426840106335271
0.058632542399504
0.430521987850704
-1.504769680146210
0.056761488334742
1.246478837511611
2.275417164253752
0.405466942549174
0.526998496303624
-0.822894175499300
1.139844727600460
-0.711770907197823
0.672311546145139
2.652302549009995
-1.063515507277211
-2.460708965588490
-1.815258816520033
0.232777403353152
0.817022899209759
-0.050398571342134
0.627983398010206
0.703939922769559
-0.236783857310387
0.665458365086241
0.296929686767763
0.316676998487165
0.294313977762214
-0.709074422742790
0.749065818881739
1.273273536817922
-0.502564020973319
0.043683055653481
0.048603205278251
0.183483332832416
0.511595963209640
-0.985180225418923
-0.768037084246099
-0.269707801109270
0.304091060226767
0.151250320266085
0.804465049648698
0.061057641462563
0.457170509204881
-0.836628879028240
0.243825165328496
0.692512892873918
0.440586571513240
-1.141158674284566
0.474846239807931
0.297134562918514
1.453386739500293
-1.158030223942021
0.010980025819041
-0.195453836349899
-0.564872977808715
-0.701999350367938
-0.365526486174663
-0.336498104747388
0.781550990182393
1.279228893272621
-0.372629325790871
-0.388591933035827
-1.037471425411518
-1.985236670209333
-2.508701874035959
-0.849331065076664
-0.177649373194362
0.576345446040746
0.318462145079523
2.375943944180186
2.111157805515804
2.347755307228487
3.949804484184992
2.421663391522522
1.021830086259494
0.528215806674683
-1.967774712076340
-2.768139738660063
-3.921038548254236
-4.211708152923325
-2.214328009134349
-1.171615478775140
0.205015129525755
1.357413873045983
0.342660226691855
2.622637975031840
3.376452375942548
3.653395869830655
4.535818603348351
0.912399849233605
1.379468517113405
-0.528090101439601
-2.469065323170197
-2.968900839729600
-2.715015372278636
-3.229916588332042
-2.934288764137001
-2.138203816624936
0.321581382522368
0.067877004509512
3.044165793902456
3.865140435520865
3.073418601116240
3.281173786893270
2.692095610020222
1.473498551900531
-0.909786174833068
-0.345421089672253
-2.149553258037155
-3.169493097275662
-2.799242883071416
-0.723765150985074
0.944848413330497
1.950773916488361
2.120662487189013
2.689566354348656
1.480278849842539
1.043816880747303
1.958489402678274
0.460279142944690
-0.836263174146944
0.292717597226794
0.958489917811027
-2.138317054963187
-0.976709220857510
-1.120538102858439
0.002627243750620
1.064390981012822
1.766981057786299
0.054790236599606
0.777155309216146
-0.016304758976027
-2.362848104229264
0.342689040483269
0.084611617843735
0.422588336208094
-2.249115420456290
1.333028449793643
-0.933893920278550
-0.114441176954456
2.673652564253578
1.252108975488257
1.049604987768018
1.273398294661004
1.442989248663280
-1.698864392943169
-1.232551721426749
-1.399780994621221
-4.468710583894461
-3.172098358575985
-2.964619080971036
-0.749797731324607
-0.831965315379373
0.418202298174607
1.645017650685690
2.262547186621594
1.268888426032484
2.264887517350751
1.865514275345974
1.333809162885940
0.467069044226887
-0.366172809527247
-2.334583744952352
-1.246745541230073
-1.895954905372839
-2.458941032180756
-2.714230167170151
-0.297790678699077
-0.968313104546981
1.936324259872942
3.001905004841527
2.457262415497357
1.337220935309048
1.609538295261363
0.822193432106056
1.009661803698882
-1.020402482676427
0.086240568432913
-2.596746991348124
-1.679264298154103
-2.382035951244728
-0.198124553829023
-0.335674053207047
0.643258156770177
-0.434147417426691
0.231270956122353
0.972660271292202
1.035234192166418
1.604394773311532
0.041261269460525
-0.349574629986586
-1.920178787167128
-2.023588358490275
-2.556558362617044
-1.351773214043932
-1.153700382638847
0.859232922431174
-0.941537830935894
2.188077927215729
0.829201482248706
-0.336035197935434
1.290365738583424
1.028503626321376
-0.651134373627926
-0.890346107550885
-1.685226527932670
-1.361414026707221
-1.151361774226580
-2.162517985942325
-0.146179179699908
0.531601737059095
0.185414388477362
-0.612250961358736
-0.078240238621862
1.378174847231576
-0.032987824672491
-0.847789566853304
0.394644458039007
-1.089097475365070
-0.002998191239685
0.500735321908930
0.077659624799381
-1.636114940413373
-1.183500738410622
0.361773374607915
0.729696442270011
0.242362967085466
1.723006585524692
0.155729490583189
-0.036879858664810
1.777241961655708
-2.627074531946358
-0.921537005816704
-1.052764469472105
-1.497039438165757
-0.063287568524105
-2.631885711211003
0.562073319405193
1.164557037975608
1.626878728993993
-0.735559734928991
0.387752506257234
0.980008312407438
0.618621578396274
-0.704442933472486
-1.351539775970699
-0.867970274567239
-1.339096776306433
-1.443722553638638
-0.260808760823897
-0.480173090221780
-1.730821204790017
0.115885911176210
1.111234773599511
2.754961107653423
1.011694713925896
1.707732847764027
0.791627591234020
-0.345433495256545
0.889611192424731
-1.198350258617150
0.638486614930189
-0.949548180050993
-0.425088052951110
0.314467582518919
-1.525033394337981
0.363730242753221
-1.349732765281081
1.685543030221199
0.849612847990694
0.843359299524998
1.071926112066500
0.681573864932653
1.840429425033172
0.627558993337266
0.188069375519310
-0.165844225126793
0.475895763720225
0.909284104535641
-2.062522215149093
-1.307654355918098
-0.556284098382647
-0.504840022458969
-1.039724840404419
-0.886892969106439
1.202196322199252
-1.134774722794335
-1.832783744102390
0.123998676903763
-0.115613442023628
-0.094979213713142
-0.160427794570540
0.348623049698307
-0.611119041098233
0.272807750549275
-0.036056818222931
-0.242131356618650
-0.931482860016392
0.643436316455823
-0.022160776553804
-2.260503116172964
0.061154100882679
0.181975669805436
-1.310715671518961
-0.373946749157313
-1.046391810514752
0.711099456362672
0.624586906056627
-0.636976664149171
0.903674438842868
-0.901583324434913
0.189567974305607
-0.761025897505093
0.409048217857395
1.037802636209963
-0.611382592606050
-0.677899214198626
-0.484860654535202
0.085610106883415
0.075603376053936
0.312278208903819
0.010046118936761
1.461708827346433
1.149788039959191
0.123318837612544
-0.124030302772537
0.892792998672040
0.651282857165553
-0.157172743763560
-0.527741587174434
-0.942408151620995
-0.114463460728191
-0.357302223448333
-0.275124143130424
0.886421080752403
1.091872099035475
1.650873515495183
-2.315986472006811
0.617880433527133
0.271548462519848
-0.233346658512136
-0.472926701289841
0.180896861794815
-0.122613017325569
-0.324481693692288
-0.767917159732089
-0.851807292055431
-0.004709499910191
-0.151611684652787
0.167983912598192
-0.610117959942172
0.610864050639055
1.168452937896802
-1.323065937209017
-0.932896269721035
-0.516919178140136
-1.606410090416902
0.206080697768544
1.793855898114403
0.387286079402704
2.303697166201257
0.143307738610826
0.279035032097934
0.598173415927100
1.019561655075059
0.534592010296125
-0.414678444921710
0.268362714333594
-0.057862300801499
-0.767065536706779
-1.125273302297660
-1.023002905690678
0.767446552721486
-0.758749401776146
1.408661866363518
-0.438116007402840
0.915235535536587
-0.508253744728415
1.716577797973050
0.731522196620859
-0.157898875565319
0.072735760990240
-1.113108189938822
-0.995717688255299
-0.724876424459338
0.214417233571240
0.453284800354279
-0.089936248760386
0.215577398376825
0.030308681366732
0.531853121431502
0.550982947966371
1.535765728956360
-0.977338470696834
0.682069692544873
1.328544911095870
-1.178932952911878
0.176814418054565
-1.194601515175281
-0.053670769152402
-0.616911220792447
-1.955572302169664
-0.359928046933476
-1.292193041152857
0.237643749637300
1.067277164694233
1.393823988472291
-1.414168134409300
-0.693518866126873
0.924613797836526
1.044103453539495
-1.179459052147449
1.295621769738959
-0.432782947250690
-1.238123788852006
-0.761715579959134
-1.005163076892479
-0.656496061885338
-0.250113410652714
0.169024234570928
-1.387382872497933
0.460379405172768
0.415292714205348
1.742080389385593
0.015175207358328
-0.811541691780388
0.812049193394791
0.336258851254575
0.577863688969021
-1.759164086007565
-0.803422563762106
-0.441013222718663
-0.046820235760474
-0.195085657950345
-0.086496614435125
-0.462200466559448
0.423685131531703
0.916010016487464
-0.066044151003846
1.333074047791260
0.511151867293915
0.662456635023695
0.084352948549401
-1.246723078577348
-0.818788669863866
-2.033208974542469
-0.123842306388027
-1.701093573106653
-1.067154312025210
0.686553866178965
0.417165623734497
-0.859078658581622
0.674658419389869
-0.888119051685390
-1.065854129201811
0.066906911451956
0.125641011258476
-0.449943116703969
-0.869963802610802
-0.673455271215155
0.089288536496213
0.544762219579253
0.337803193562300
-0.287418857430362
1.018068689185244
0.342381843372254
0.305905965465259
-0.440355041516892
-0.088264426361209
-0.519636322423361
0.237848089537968
-0.004644728785790
-1.016235916508383
1.663861124137039
1.113732356807724
-0.065493139945639
-0.703887958550974
-1.041946488547470
-0.120725484391546
-0.875155950084334
0.163556039232411
1.912915750223080
0.900497825724019
-0.233732076973267
1.309063184692808
-0.753618183016022
-0.957464316227497
0.514040485402639
0.898833473465272
-0.167487728457442
1.128063658981406
1.330365316878092
2.019124792762178
-0.301065711837076
0.892769475786004
-0.456613862615905
0.862561831505098
0.510588526258686
0.591416761870996
-1.514217076950308
2.080855588031713
-0.504805253486374
-0.087252249567327
-0.561891295696163
-0.334443076419583
-0.540064897671022
-2.456154743578991
-1.997090123522454
-2.087349345163373
-0.471921681163459
-2.205801381231705
-0.863112809678115
-0.012718664083876
-0.420889608803377
2.859056532332289
3.206592812545965
3.562159950317062
0.750015069977507
1.916201312996234
-0.126425676200154
-0.950697694695714
-1.807895213198230
-2.397474133963182
-2.723602211492258
-2.151765060033163
-2.718388972330258
-1.910949549805908
0.701434517710100
2.242505058380161
2.353680897482573
3.700746744074068
4.319236621233101
2.686717927906860
0.948111511690457
-1.638693979111906
-2.245719959525591
-2.075614541909532
-2.525271847447900
-3.403526209225578
-3.453925817460697
-1.959014834572850
1.043578878931605
1.012848338396335
0.310723210254262
3.226528454656127
2.802335331377586
3.013216743505212
2.545639204552236
2.064595004223178
0.702345591090428
-0.448716193831035
-0.739637513395343
-3.537231571535610
-2.643102430330080
-0.742467904506833
-1.194375382907129
-2.134081319007226
-0.246908410021967
1.422678180669723
1.744524476623719
1.909530803295016
0.978197582494554
0.464378245203726
0.593317569141971
-0.759039614984590
-0.552891633262345
-1.730616195837442
-0.990549749439904
-1.283984136800281
-0.609533055054970
0.588472073325130
-0.407481751459856
0.879500846809335
0.435063133790892
2.221896875818799
0.953598728279648
0.504420943982475
0.440830543823139
0.373338755238959
-0.722162840380665
-0.634252940975720
-1.662385260282832
0.894647622281876
-1.933039521503899
2.595557228053530
2.561193831918237
1.104446127986570
1.072350650260144
1.303255191195388
1.144705035389329
-1.666705908785848
-0.326775281967962
-3.946063239440772
-4.269435718967509
-1.743328009113314
-1.337001858856893
1.258133681840569
-0.412217427466980
1.092769776308903
2.460554816020712
2.556230949068816
2.208202875142410
1.633673166277766
1.890757503688223
0.686567014125813
-3.065633376861924
-1.476462511187947
-4.114691806640270
-2.428488523441264
-3.250043517307377
-1.544060946670071
-0.680996442392463
0.664123464634654
1.309830567523663
2.964560985438989
1.945136217698447
1.562897571434545
1.549821329391795
0.858834803807326
-0.238879468018435
-2.332654932035054
-1.385624018463073
-3.296965597102714
-1.692491203049780
-2.071726612128779
-0.722947640847316
-0.566102975595983
-0.441859652889732
3.104579085171626
1.427749597962039
1.451528888671777
2.474259359199017
2.159546683691057
0.344555519889227
-0.680169389513617
-0.883265912673594
-0.507233548609171
-1.923124161253086
-1.931457099339831
-1.195768803941906
-0.524526988252290
0.312140351148056
1.702237992620816
2.701866472263356
2.194653033789197
1.880701277756394
-0.693354897704694
-1.016774291564103
-2.981508635407363
0.082319661956114
-1.898600751203124
-2.837502566802978
-0.803555647851331
-2.280339217970949
-0.677145879729133
1.175972142650117
-0.701289925931060
0.255040477799223
-0.644811543569427
1.356351688774301
0.025141380647307
-0.300902862657741
-0.334032087634511
0.534057990853818
-2.666258785498629
-0.537693344764203
-0.561557132089824
-1.018680326058559
0.554632538855744
1.351989390931524
0.289053781229288
0.392013541986584
1.333731904265473
0.729427148366260
0.530208483238486
0.099182121600206
-0.696018927052606
-1.633219417624310
-2.034645550793071
0.917421462938118
-1.244154996210926
0.298328916949029
-0.567743890710207
1.005481119656271
0.044465911012179
1.751330909112332
0.492042260482861
1.964413584939819
1.016666536207214
1.724056983824696
-0.860242267766317
-1.332959742278321
-0.119772523871792
-2.502063478503361
0.037822082387019
-0.391818837676933
1.222688701294272
-0.285072966064269
2.086217698557771
-0.943160022227899
1.794296438922665
0.515729170908319
0.523738727717439
0.643269613651809
-0.799887253116018
-0.491027602497977
-2.178776053904103
-0.491579736091406
-1.602048672357139
-1.549969852828293
-0.307203060353467
-0.103668767145726
1.059499277004695
-0.089044452711668
2.522246370590499
-0.257717667196768
1.442747404321714
-1.219677656412338
-1.051309994311924
-2.041925551827120
0.187474170953642
-1.549827145412676
0.590266122912732
-0.187276139440510
0.507811291303520
0.943292158788231
1.311998002886483
0.692603601381263
1.739400872064290
1.132253523605768
1.139906626556236
2.014678101776555
-0.956703472588000
-0.702565838630344
-0.641183023713805
0.591551242193768
0.123633096947006
1.329637564133290
-1.060487954561767
0.502477400339660
-0.956494502964361
-1.263415458341232
0.480539509926394
-0.935857611539610
-0.720589752996525
1.433604992569660
-1.307268410514314
-0.245653146258555
-0.412427725036086
1.841798079987109
-1.086832372696279
0.897077788580520
-0.864381056965859
0.551633275260892
0.128819893737635
1.138707828337180
0.401852540887845
-0.303264375452901
0.680323484228242
-3.010723341630586
0.082309054052158
-1.223117445721828
1.745509189743683
-1.916081873781797
1.090483747123033
1.041406608640638
0.961312209904457
1.180959528228259
0.461446772995457
0.336614308734190
-1.578417083880050
0.097404813158892
-0.547416336671496
-1.921143832280559
-0.704474314211182
-0.844486242657399
-0.732201773043562
0.621297823014901
0.314139247551876
-0.245418675175749
1.221142869288673
2.700865535583350
0.803366041494659
1.930236204324371
0.848436796920488
1.367630806957191
-1.633142578610762
-0.626183191910607
-0.418023259184196
-0.246356256980782
-2.047433971880452
-0.021287005350489
0.343601702181156
0.946668717281659
-0.859141617381912
0.023025712068718
0.567297233699954
0.650791167747370
0.340910885853800
-1.323751296157397
1.400206775094112
-1.078279757439175
0.377138347420671
1.311457373496125
0.499878393537179
0.085006374712098
-1.052308779936347
-0.293583176596397
-0.460658108753892
0.171444033921605
0.475813586920664
-1.281623113877995
0.085092766051417
0.078215911388902
-0.832447076547779
0.875997506399458
-0.016947729209953
0.834055841958990
-2.466248532765728
1.000706914364167
-1.433849015975125
0.304790224133216
-1.551279643154845
0.258344158365394
-0.307445952180596
0.176857141580585
-0.881189881193831
0.862290328261907
0.418843479383649
-0.045819946844905
-0.850932765778527
0.792615186671400
-0.274836062548068
-0.714597773175505
0.376481810664231
-0.243654144231485
-1.012657722333404
-0.918751965122497
0.145894226040988
-2.228006373483871
-0.133684377215558
0.040499998770148
-2.493310842292124
-0.705323506855456
1.925818318272728
-0.491552797631226
-0.975167417913977
1.144328604671441
-0.009203705242075
-0.545664394844783
1.840545619199593
0.185240588531742
-0.224612037183010
-0.099811356160134
-0.485262483954934
-1.676278458233298
-1.280012003575951
-0.607722842063234
-0.108067172524846
0.410232703551206
0.967203353829230
0.369433956243010
0.131799659799867
1.599709178196810
1.420385548840483
-0.981769705243220
1.191730920746414
1.774695520422144
-0.373700863574773
0.414369569177518
1.308993818783232
0.198436494916683
-1.255179925503377
0.504515975713813
0.170114613899849
-0.172086499268822
-0.502498797508705
0.472896460858231
0.502004367283365
-0.178455485273424
3.279443607839936
1.257937525118623
2.635892501700539
0.268961325781027
-0.517120495990802
-0.102152776013241
-0.987535923972542
0.108154585068170
-0.390528231912425
-0.611772667661391
0.756210455453101
-1.358651816565980
1.952183606187797
1.550006805596841
0.817271592949083
2.179709921589867
-0.003905119868699
2.097656945462671
0.609025649778965
0.579774233541291
0.740680094872654
0.286656840331783
1.599168421292625
0.238408605884687
0.066635402198889
0.319840730513221
-0.611270041104136
-2.349895887261498
0.817538643877809
-0.026624596882445
-0.014672653595166
-0.180375309747242
1.600556270670264
2.195252973080940
-0.930419497509858
0.615949340183739
1.334392336399232
0.707515940729471
-0.078501146220948
-0.480309388745222
-0.399534673194930
-1.499606933120786
0.276321087234828
0.362679887723477
-0.375457074159770
0.575061337129058
-0.706529709054082
-0.472513482734985
2.195133852156678
-0.310469614141984
0.311661435201966
-1.037639856164045
-0.241904743472869
0.133269068398610
0.446686517240220
-0.684397868603829
0.028596094121139
0.070103921768752
-3.037281862972483
0.117218980670630
-0.117954121223448
0.977379327695080
-0.399974464652089
1.624028278548081
0.865958626635473
0.692737389061011
-0.359366934159908
-0.303555788119887
-0.563958057973471
-2.435839886966493
-2.839307947104878
-2.564023541305748
-1.532419125112326
0.103910337395087
0.229963149800343
1.618655589432888
2.702006757988305
2.387891679746049
2.768631388224018
3.177513752918867
1.307268757905280
1.087084764735977
0.075560615848448
-1.471609566461638
-2.515385407804003
-3.546528539648384
-2.969497995610812
-0.860705628481492
0.255321272737789
1.246810548171329
1.291377958801625
2.790913056159115
3.273506507051837
4.202593016659576
3.653011131019547
1.648903335255319
-0.195105751261564
-0.545741866849929
-3.070661777461993
-2.370744317614420
-3.712687405101818
-2.980542340942166
-2.638183619981491
-2.215292983419682
1.613510435484892
-0.192502212840523
3.258776883626678
2.838754388010831
3.610594986089735
3.055872380938795
0.106583495837672
-0.043529223854749
0.520726002888691
-1.156567986761937
-1.047669119315933
-3.321081174367328
-2.162274298248789
-2.197993988456504
-0.311278417278482
0.781754871554926
1.270127869198948
2.594094842343154
1.539561095475347
1.300728283584493
0.932697298789710
-0.967200570738466
-1.645592506324272
-0.071171784784163
-1.343638005642309
-0.577712015577129
-0.050339908988330
0.054217095217722
0.443938585133846
0.125569894722302
1.001124065752463
2.219554664796513
-0.530006786591766
1.198868308521106
1.193549393875018
-1.237510416970476
-2.867186060171218
-2.416468941586273
-0.351913845854309
-0.562612767682817
-0.376005496992072
-1.168783898018185
1.485976291962343
1.177741766106101
2.093679634313310
2.660596389043051
1.101537907255855
1.704823979921449
-1.037486233006257
-2.046960247291168
-1.872167599068949
-0.736308386174393
-2.259776371669401
-1.142372695627097
-0.328745439747784
-0.131589310789913
1.231455167024394
1.947417084891296
3.177448185473619
2.694364159111857
2.389110931178037
2.632237467561450
-0.065234541827236
-2.061343031802208
-1.605416870599807
-2.492209882388929
-3.340310182659406
-1.278132644012962
-2.487815088608949
-0.383170592009489
-0.863578995291337
1.282835439411252
0.165017435057494
1.595847513882999
2.001675415431933
1.926722577797829
2.186527477542298
0.038854191421024
-0.352738351736382
-2.300145585094203
-1.722709490218379
-2.895371517984177
-2.476239873226252
0.318147476478128
-0.141064834592607
0.361097017069212
0.501237394843845
2.234205644626425
1.169850754358280
0.053590868220423
0.683053155677247
1.215376116009471
-1.745060583634028
-1.094116983935145
-1.736388348558545
-0.008520575768861
-1.106111452864911
-0.309715660939366
-0.789530465795602
-0.169486743384524
1.058755396822959
-0.486204121474640
1.648536428405764
0.016722795642617
1.543074871575175
1.924895588826022
0.299835304326464
0.365477579713195
-1.929815273313562
-1.758009371071570
-1.195998663479021
0.502621447172332
-0.067426803667762
-0.119170146884206
0.770888752739457
1.634010895615924
2.004878269142827
0.561847989264683
1.682163583160555
0.541180616149532
0.123150809211984
-0.969943387300706
-0.656123860841316
-1.447919558032891
-1.920391387041370
-0.739442189416241
-0.929626708537348
1.101642276993773
0.853771048719251
1.957027889518583
0.373089758850439
-0.730404410035597
-0.010730171246797
-0.554564410688980
-1.725764369173179
-0.290257832328045
-1.815622549376232
0.093356725238138
-0.261527277074397
-1.369975969696733
-1.135550754980561
0.475841353007275
1.085733376087499
0.085969717412576
1.407828205857066
-1.337862176880529
-0.043534230281437
-0.404521983298738
-1.878563653119435
-0.766001400207512
-0.772683668627982
-2.860102546528571
-0.513804591203885
-1.898329171971953
-0.855346664816125
-1.410935569546779
0.464102683698940
0.881641897335260
1.476424890688112
0.268888401854744
-1.349628613362681
-1.090283014248894
-1.021180338114317
-0.326786537675573
-1.856616460340755
0.661371822248741
-1.125823316247166
0.913189821734790
0.933332824501610
-1.211815882288959
1.296989181849873
-0.785260040716465
-0.693155082226440
-0.811196930941478
-0.840627291525218
-0.536191078652632
0.159108251634975
-0.203763819962928
-1.797384774534090
-0.565989335455066
-1.365427251735842
-0.305179791681256
-1.321557805032822
-1.405856675844403
-0.693320936494726
-0.483189962451068
-1.485521615467200
-0.335285041296194
0.583472666625134
-1.378352358727228
-0.050130623473761
0.234429542847506
-0.288784018809261
0.904390816570317
2.065198846556017
-0.008615818368882
-0.866414227265821
-0.053736282652110
-1.427431361884322
-0.099740639983265
-1.313566313740835
0.391165101867517
-0.083170219431058
0.602230032823412
0.823349743973131
1.444789051975207
-0.854953298805873
0.538538423368077
0.505516446462051
0.118134606999697
-0.553471524541264
1.913322329733541
0.463133436069607
-0.087489579373367
-1.007986427762327
1.080478813926848
0.148259703485783
-0.520365481258503
0.164142651108495
-0.641401804840446
-0.355730296532354
-0.589359316966904
-0.028618136098941
-0.051375797068730
-0.687375152284452
1.229389961917441
0.516437524846356
0.034732671026973
0.800406553425564
-1.622788239742795
-0.640194014015235
-0.106732782133703
-2.029679409095388
1.171017435873845
-0.414591926005817
-1.602070070993655
-0.102681063929245
0.020137639138580
0.210346296163242
0.879690343180976
-0.676926033366877
-1.099974790175571
0.613416326639009
0.324326244104811
-0.704192129062464
0.437825889031600
-1.084399327191931
1.197382885096455
-1.188994414682059
0.762627829072018
-0.587970506782930
0.372297911898883
-0.264931784101234
-1.381092866356926
-0.180265420966694
0.320666886540646
0.829194302708909
0.754104565520829
-0.156171400428469
1.087834317318305
0.557858381993048
-1.492420932461970
0.295541269728763
0.239333022269582
-0.629042849451987
-0.360630391344135
0.057060960509076
0.305845588961846
-0.702268399709915
2.069526099036840
0.843092727318819
-0.325202801135216
0.468687175297921
1.029922127039418
-0.136258626586590
1.012609727375700
-1.707221216546552
-0.487118773954621
-0.927820096750325
1.170149473120076
0.547942464347655
0.753232612766263
0.221845828030631
-0.474006955431826
-1.289492082274146
-0.529272556870922
-0.030160327548426
1.030284200928043
-2.102543815440117
1.110434339489291
-0.117363841607083
-1.696270330646955
1.816010788802516
1.989049290334294
-0.113719393901233
0.562460579405479
0.655907549319814
0.146810240071131
0.120122780474474
-0.735266122369611
-0.529712602771989
-0.040950972551492
-0.774542715570118
-0.864996394443521
-0.531410117480895
-1.071452955935746
0.421676126044992
1.561750998739617
0.030724856896163
-1.136809291346374
0.183000382544981
0.267486176603656
0.846832228769557
-0.823249463965704
1.161548780048469
-1.261682684743723
1.090136696365073
-0.673049989592751
-0.933707812633801
2.678517732993063
-0.038873493671125
-0.451757954910234
1.413124325791947
1.187283208658603
-0.222253496436486
-0.052272254862394
0.439354678770674
0.021364180713661
-0.916526604555801
0.008095374053512
-0.549188712385534
1.289181079624655
-1.312305349590913
-0.679235188445809
0.005304576272360
0.321000976074380
-1.310560964901915
-1.683157826040939
1.085725397528123
1.297006201870924
1.225168648506781
0.852739687969983
-0.094177975249561
0.584414419819963
0.698127682535309
-0.960493662324024
0.173377165664311
0.032294999399582
-1.113953484387739
-0.186964577109057
-1.115160958513579
-0.695008557216963
-0.582950105808241
-0.071838687043355
0.552068653080317
-0.280081683295569
0.286281600651996
0.097680463271299
-1.193437240913317
-0.554212719482220
0.275493072940512
-0.707892404710677
0.043111132338061
0.245916940756114
-0.930820830603865
-1.285504697424556
-0.056846396853441
-0.982755642945223
1.775440156316061
-1.237678891586291
-1.025786957324460
0.010872957305938
-0.056002603939696
0.581761043374725
1.618346322785980
-0.510604523546741
0.811001991851132
0.332459159439294
0.907504162190437
0.322610718063880
-0.574116352738609
-0.418480172277475
-0.822382812900940
-0.914213520162984
-1.675905674664676
-0.481640615295825
-0.086947046783720
0.902227883197449
0.004310307302009
-0.851614406446874
-0.223790513508308
-0.758446420926110
-0.157873896178247
1.001251902867104
-1.034776454788255
1.499197320629829
0.424425751406324
0.022331534426141
-0.377299477744479
0.901919453125328
-0.696151075338387
0.655766874486854
-0.317744903775272
0.838635023058910
0.854245957691700
-0.512611156137089
-0.031486309303131
-1.087167886868843
0.712547556828490
-1.116144758507128
0.645509478285865
-1.266110219091118
0.569516339758074
-1.145692659552495
-1.204830211693023
0.003548477613905
0.799576199048528
-0.259827072742875
-0.111355433397962
0.331787247440668
2.630876912980137
1.318425551942283
4.185246753724131
-0.330844825661231
2.391087277241479
0.707289574285550
-1.072645423071055
-1.094039728449898
-2.287810358669475
-3.044645432388055
-3.657235440775089
-1.803645096495076
-0.020822661869579
0.590139372746426
2.072332199532031
4.334662883343022
2.558521799984354
2.910943511819905
2.303899285085955
0.930097824494938
0.956498747640213
-1.264067158270732
-1.842021478341125
-4.375818543337921
-1.768994769666257
-2.963863124386970
-2.044365749654879
-1.252382602815432
-0.557140241244358
2.323467403671775
3.048580345399162
2.919619902078406
3.091264758476542
1.275404740881340
1.141157681009308
-0.017257689043537
-1.924988023434925
-3.231720630159960
-2.549703740419166
-1.546925575146842
-2.755952205467695
-0.946895842472295
-0.047208212294327
1.517482147224747
2.652712058928802
1.641047841978208
1.784163416608644
2.032783519853326
2.714631933363541
-1.577323837738491
-1.336444746659090
-1.185640983383386
-1.397557669564736
-1.410431746182652
1.178661516633278
-0.550753890026827
1.431627480285205
1.125862122741143
2.106600675468071
0.843587887533890
-0.485900675795499
-0.433657787062212
-2.515604993721539
1.139216239361253
-0.352533563495189
-1.788291575356486
-0.671023775755581
-0.172316297557338
0.650386949802577
0.510513593012583
1.546638565582377
1.999678866392523
1.401215432122907
0.915696953809530
1.162553212442722
1.253748118917915
-1.561287463471128
-1.306442861222573
-0.357795226876785
-1.134586813132316
-2.004848951743562
-1.551643319824563
0.101945676713813
0.876395456245841
1.661860406955611
0.504133608246267
3.708740692328389
2.326246267614608
1.686245937059660
0.934850631300342
1.297951018281124
-3.084951472750958
-2.595478685755342
-1.477700801818247
-1.451449373855860
-1.999032267879445
0.072777451857722
1.250446946960483
0.229085800938334
0.476302291739852
3.174293802762249
2.923385369998729
0.046723652192112
0.453035053591160
0.414356299020327
-0.039704803333014
-2.172216153167961
-1.000928384267356
-3.844175684057118
-1.392243329606605
-1.540103888133648
-0.535386213448766
0.415282088222767
2.414782880031414
2.197249394814924
1.391786674078876
2.700508635520229
-0.085380784869830
0.594220924149516
0.080231306568096
0.315583206523073
-0.032157938373217
-1.277254038191390
-0.890544419651454
-0.229771961774848
-0.836106602772881
0.699149403677589
-1.970350257847838
0.359556047287243
0.922468822129420
-0.090557115450827
0.340029445867221
1.004891709229881
-0.229176412792705
-0.731400639335317
-0.852646009301977
-1.546213818356689
0.279262954630611
-0.412867414363898
-0.800790834632848
0.149786443164926
0.407138835535175
