-0.086351170380976
-2.255106423760216
1.102488622142280
-1.717262814145399
0.340472672456953
-0.791877512666449
0.713415550115022
-0.321982782393797
-0.928935685097174
-1.039791095185119
-1.359081297061431
0.317201277685574
-0.537463069331944
0.587075570751455
1.130804161822382
0.257978908005285
-0.171296211366628
0.985605596287042
-1.173491204661161
0.712787585225906
0.731883406076243
0.173979156191051
0.250367063348389
-0.816363947052092
-2.201243930392276
-1.053787066878420
0.197149538188597
0.099040482622111
-0.377807517099286
-1.099389750325785
-1.726335993242066
-0.220277292381232
0.662665538448746
-0.855024054642915
0.519549504094864
-1.551905324837650
1.281051397213138
-0.479560867229318
-1.023574777963240
1.698202407698068
0.140613637264340
0.414875506363550
0.277508225343849
-0.679376855915350
-0.074111175138659
-0.060017407505519
0.261818187738299
0.089290250406165
-0.566262878999640
1.222801517316163
-0.894816252503404
-0.732816415855814
-0.366447769717334
-1.615466963893428
-0.233441520260192
-0.170485985303567
0.815173351402094
-0.864702933990646
0.507499199176514
0.178819968525993
-0.960550796300930
0.585481980835719
-0.477748833934515
-2.044490666573941
-0.371739718388239
0.922779342315088
-1.904108749673606
-0.285243294970558
1.299368261980568
1.065655064190297
-0.573699524699214
-0.078908127266276
-0.260825517981835
0.538952230541752
0.633271964676252
2.144871530689427
-0.174442539801678
-0.101370223358243
-0.373015173108884
0.288967004328483
1.845723837885177
0.540072532791011
0.611703306342602
-1.238014515972349
-0.563390174698405
-0.792501669514575
1.471117444013319
0.085575133761640
0.245748203638771
0.774663013018136
0.665324718833311
-1.044410843799483
-0.009051419460812
-0.092969934121476
-1.138878768959137
-0.218628470183712
0.846717176270010
0.116316078674876
0.918193803817613
1.217985461803465
-0.200090959116810
-0.236736290028241
-1.509636144959979
-0.469736213660944
1.479839800827222
-0.108937180945303
0.084915246512852
0.442393147759223
1.056009169841653
-0.004951209917818
0.331016791039279
-1.477187429354487
-0.680762867653513
-1.876372758780459
-1.523532191297132
-1.086177827607190
0.502233364939361
0.184469314392717
-0.087648094489481
0.244145622114033
0.370329056966531
-1.181572142509057
0.033987772875417
1.288453089800207
0.166682283853045
0.926948457096076
0.750226531830787
-0.706949139208953
0.350047464934947
-0.680881266362883
-0.569799892776003
0.341564241658384
0.328940827578488
-0.601629135586097
-0.855918303737440
-0.557901175652401
0.462824884465271
0.706608357107897
0.399420603045534
2.059340098874049
1.580980620548145
1.630506134195510
0.352174973355210
1.119152144846677
-0.227921999965318
0.331777516725101
1.038977848528889
-0.167747334675253
-0.615032820511004
-2.753035247120694
0.602820558793801
0.022681137781961
1.116819991226168
-0.617572393799297
0.341827602082457
-0.710883375968636
1.211737662043606
0.912185443457107
-0.781241112222451
0.001663390358794
0.202054895097633
2.089101329246128
0.755500372727608
1.530380698116224
0.317679928974640
0.094655185597510
0.008330503134977
-0.078675615133547
-1.825378785830054
-0.500089605758027
-0.178882582797226
-1.019754923236962
-0.109499216298641
1.285629030105646
-1.582211990203057
1.016461874559876
0.457590425105115
-0.323001958880487
-0.031712565997957
0.607539345144526
-1.070067429741535
-0.537114002987338
0.167028703563606
-0.746492990363121
-1.886650544836864
-1.632123997593440
-1.215881019461929
-0.229620670015774
0.198550814834940
0.087771818679307
0.908447727691334
0.721992878683132
0.442280946073828
-1.228813329388019
0.438549545661805
1.722877549563327
1.692632977251758
0.348299750474464
0.164638147290661
-1.336840089067245
1.522976963509278
0.029598100261654
-1.276494324948695
0.363168103339474
-0.106629105772176
0.658596368294714
0.447012904769684
-1.702136563387651
-0.299185741398899
0.598938586534387
-0.444844928306434
-0.181570508608020
0.194554186057667
-0.527483230817188
1.397309563804952
-0.887177787319062
0.507034943938148
0.133459494471790
-0.513604387956696
-0.267452532795565
2.046006304616933
0.138607269132122
2.523796214780435
-0.159431162813559
-0.868833466438533
0.360903201738996
-0.246836875241184
-0.790631788975339
-0.233152679019703
-0.333076177437123
1.674658601308809
2.054951106887477
-1.462177223808488
-0.906430272954181
0.487445007546650
-0.066695697297389
0.311044948687425
2.088350199613439
-0.549347082774774
0.882674491621626
0.547054794136819
-0.150355839271794
0.728739722366502
0.440160763942199
0.119296102561357
0.761222278987766
-0.575685431208709
-0.522625922502214
-0.068945667672916
-0.547759269796879
0.668079322036902
-0.835351277031401
1.336341599341595
0.847681338855508
0.929680362266331
-0.176657459606737
0.636020141026460
1.723166389640560
2.044337784357279
0.696562080481516
-1.150603765684368
-1.757168596268927
-0.123207400570434
-0.656489575651675
0.531959221065022
-1.068303032041699
-0.734428923327919
-0.524835869341646
-0.209359175155016
-0.769227556233351
0.181064988949636
0.411894758655339
-0.573437682702401
0.756210591375534
-0.797923778702836
-0.154122733341992
-0.380196961881008
-1.106965900302723
0.000445958485288
-0.191845959082118
0.389266964425377
-0.152894430785228
-0.016435445343899
-1.475617239283225
-0.829655417572786
0.906251100766087
1.239392198909972
0.472451347555768
-0.888370765039884
0.613112567965887
0.830649947912702
-0.911896124817583
-1.001922248450909
0.284719899115734
-1.955777079519999
-1.897202901083987
0.477654218315826
-2.017485050407256
-0.706346033165918
0.894901208508970
0.597206614010047
-0.748948130411016
0.621621650700583
-0.462688872487014
0.028412287192350
0.659681497915419
1.419039464622359
0.691482420194043
1.452793756218113
-0.625930272773634
1.547238674060259
-0.094038037476553
-0.639778987041655
0.468214014232908
-0.367634056309382
-0.232380678274869
1.122334916097094
0.835380545734910
-0.073082326616379
0.756858275431837
0.009963701889958
-1.167345726036860
1.508023325191520
-0.337201507737145
0.140562996215510
-0.855059640185709
-0.196874758318742
-1.287616357606713
1.019795634782169
-0.071328688301505
-0.035012437132692
1.589047475081885
0.846003185441178
-0.479888269484586
0.231544016729262
-0.195573788661984
-0.266149671229914
-0.153087845757184
1.030783654219245
0.516709704386684
-0.715571307048587
-0.959618222035439
-0.402660576588299
0.339753982826426
1.208730612874767
-1.118975628098474
2.459442144246817
-0.800469946748350
-0.138903685368645
0.766332052988057
0.132795426217239
-0.397697866150603
-0.969410599848096
-0.247789129634183
-1.280360011005413
-1.014668126734455
0.153675753666648
0.196290636577659
0.094428556832466
-0.013683059946536
0.302199090025496
-0.411224371546675
0.740030254608839
0.406829617446447
0.964989140659391
0.785067152063677
0.956417827619703
-0.800941196437429
-0.020452677552466
-1.192146051055813
-0.045423956575937
-0.438920562361558
-0.464804685864304
-0.193806884601908
-2.128060762589556
0.724977832197433
0.052733952779575
-0.801531766333321
0.200449450069127
-0.129300577911566
-0.111875211414584
-0.326163240817827
0.602837912436754
0.319577323734495
-0.546875682023866
0.163904651302816
-0.408690967972783
0.197938042487238
-0.647573561814596
-0.320175503687527
0.774105038148343
-0.577209529678641
-0.312598582296405
0.525728906258628
1.538030871977595
-0.245398804714078
0.291155019335684
-0.059396907047971
1.145764123461782
-1.521688136424701
0.071621547057086
-0.336996308055183
1.224943715358727
1.527131500422742
1.603720415978272
0.102780479244106
-1.267633054128452
1.231863804843251
0.494530826462596
1.654200932795866
0.430644858861623
0.417235852044971
-0.145914238932748
1.105479193930323
-0.189561621242178
0.333612642737983
0.034947022084150
0.629759435505562
-0.304178958123532
1.226149421155219
-1.348815149908925
-0.370538374920751
1.545247690169082
0.281601335740440
-0.243298700886875
0.064517999425925
0.912864343040365
1.473780065028746
0.932823808135457
-0.638690127758686
-0.923422183947846
0.231777380113110
-0.208157782749252
-0.804436161096944
0.706788743893828
-1.806989553550014
-1.159944313796506
-0.467577425241967
-0.583256719792136
-1.928723304361085
-0.396374507996848
-0.984515741702507
-0.413895059251149
-0.154362536453102
0.436318099967689
-1.178284717119186
0.128171184434476
1.181326534952803
1.188687564092793
0.502746322519095
-0.793556767082120
-0.352267316092044
-0.940999551355112
-0.418346378496870
-0.040508587420964
0.625143833641845
-0.033621103729579
-1.029138118643154
0.045554504291560
1.998324816452051
1.462817170256679
0.583301990591582
0.191926195621463
0.037638397480747
-0.517927792002162
0.044878907817436
-0.894890575077677
-0.178864223598586
0.310120039820705
-1.917738410430314
-0.269450091477091
0.135156509169968
-0.007057674124713
-0.176804675848275
1.242531552979589
0.758630502526238
1.036492799565060
1.431991173810395
0.460469996728126
-0.041481346823591
-0.696426617002390
1.146363762066268
1.244435895509748
-0.261836182906880
0.034087838942707
0.948744475853003
3.316192838485746
0.564674534633971
1.284270319015452
0.174935649392736
-0.618067756066278
-0.254758652118853
0.193572303321311
0.597644912677120
-1.360204524663061
0.982935419427071
0.734532523225688
-0.800330856607567
1.358791097866662
0.755348307504637
0.722992850736049
0.406418614821909
1.994114408659172
0.301757317987343
-1.019932908285081
-2.804352794206495
0.747037924828206
0.753941195267089
0.649880475629974
-0.174983855773105
-0.693504515540119
-0.764546185275587
0.616986173814077
0.047898288601359
1.297308412873885
-0.329460427420329
-0.823550943240424
1.102468497437297
0.331334722842994
0.607650436268873
0.254951268647598
0.169657024809867
-0.687955509168920
-0.248497358372238
-1.079644004892452
0.671944994297921
-1.231989516653794
-0.654236634936051
-0.140167939182260
-0.510675095395599
0.170205843181044
0.060381240971468
0.506952663785406
-0.066587998625238
-0.794340820665318
-0.824152087058755
0.631010385145287
1.443191025826495
-0.896536507689400
-1.068292976560381
-0.326945074833677
0.665980563374192
1.119104916369462
0.714644486908876
-0.027229505336512
-0.086006361630506
1.768919492587002
-0.226652342770820
0.398514462275479
-2.380073558236919
-1.220779184403658
1.022169838723666
-1.293674413521043
-0.855922694722403
-0.964757416250527
0.426464361994594
-0.184747702382733
-1.359045819808816
-0.648529293704089
0.658458625401808
0.393913659900324
-1.796379297253431
0.315569886361194
0.033315640050874
-0.761242447098232
1.449019912934464
-1.651520145289044
0.515145940019297
-1.038910923165521
-0.491255768395754
-0.239127897940281
-0.445216476269602
-0.147479814169500
0.414095397517911
0.892606323959866
0.912569769392112
-0.547073442823736
-0.484447538679310
0.733512702226783
1.839857549678241
-0.233662094414936
0.028390507757116
-1.284610098278507
0.798264334936684
0.018324495173721
-0.525149393095155
1.376075188439367
0.360569853200885
-0.518133980287482
0.989398967737516
1.268090282136867
0.840819539874756
-1.794660352897519
1.412448736884947
0.992977441847393
0.109191877830786
-0.445176127613165
-0.446336407566138
-1.508662821917220
-0.523094112892440
-0.418535826060967
1.072105053216989
-0.220012558013022
1.146960183780241
1.392533279037089
-0.815714243057703
-0.501356477259763
-0.279990249773531
-1.463437220177508
-0.978896059578441
-0.727678583575570
0.179822660343146
-0.636010564936055
0.759856645034606
0.399115954386419
-0.445927860774367
-0.824814077762810
-0.760987383496992
-0.783669403883610
-0.807405179951373
0.300029584322842
0.024817651436068
0.194835829920751
-0.569487115621936
0.476595494629886
-2.083490206336843
1.714522112401607
-1.418890618120247
0.830989656891639
0.396863075701592
-1.377216891448986
-0.353218638470046
1.068930684166055
-0.460770426109992
1.508589197814884
-0.447704524180467
1.232029085693172
0.005515406588497
0.867624942875435
-0.779561591300344
-0.620712484022543
0.530779856648187
0.302958804484415
-1.031729431586205
-0.448885356098582
-0.552171877587126
-0.228791706667826
0.417271135348703
-1.469721837657636
0.288573835424540
-1.376889350235925
0.531763095441675
0.182108490374945
-2.101749963325967
0.285993242208236
0.191399804333062
-1.031123026928622
-2.166498104710278
-2.790402937557655
-0.869204118981168
0.371437437326125
-0.437546906344779
0.077517994409218
0.467406445628538
-1.101237065100550
-1.457490253993557
-1.320327788796814
-0.064803899010593
-0.247054657173742
0.350443676420217
-1.407370566770379
0.154968097670842
-0.652694606806348
3.453278541748928
1.350936840438185
-0.398629320889976
0.740610841815710
-1.012357913608131
-0.891475337043763
0.689287463643927
-0.684718215694276
-0.819710413820277
0.890431305580875
-1.167648496189140
0.857220965284752
0.092620287114967
1.588644146501028
-0.164838804347985
0.114132263330386
0.223912349031689
-0.124314696460570
0.662439597895739
-1.102974468651733
-1.032908467100133
-0.821331548105904
0.221467740871723
0.646527949381736
-1.248253650657545
-0.718251870224321
-0.098784087957882
-1.090939828418535
-1.088488148876253
-0.889816235310407
-0.270886956818869
-0.597409658343791
0.365254559629884
-0.392492244172791
-0.155302249346882
-0.908818006124570
-0.270796828057176
-0.755945112208847
-0.450201822860406
0.434205527656230
1.562455355217484
-0.192423675870877
-0.165127227636708
-0.825196987155638
-0.583428086887618
0.797634243872269
0.015912032373658
1.354738989867760
-0.756295783680643
0.150444048578405
-0.170851049094372
-0.469649566669787
1.135961133451980
1.515244686056465
0.516127296482116
1.252853491148035
0.641886907678758
-0.156034546639019
-1.726600357672875
-0.743584976454758
0.299566675082901
0.682438164794655
1.382567805236332
-1.031254352114725
1.053205786172399
-2.817027559763533
0.308153341683856
-0.320501515358887
0.814093160680066
-1.595033939399320
-0.689973910078216
-0.262680180919356
-1.012281582926466
0.199024530252103
0.970734232604479
-0.712804758310104
-1.063118352860630
1.504789687339826
1.947128576971308
-0.359037661128410
-0.212992075866082
-0.680120529439192
-0.988913121708321
1.132378513504390
0.822316213009058
-1.461874735431407
-0.937949315689947
-0.340694132966820
0.380982130047985
-0.955509252415619
-0.505662755045299
0.190413919206483
1.011657941242864
0.308131260716032
0.890044518080246
0.981162752035045
-0.183766353411325
0.234654206942533
0.438567576728633
0.476239140842841
1.029805805549742
-0.581620779544968
-1.072237581014442
-0.542812844512871
-0.003940940991329
-1.936763451916574
-1.971472528706738
-2.383470553169936
-1.671576630671322
-2.537624510136042
-1.525365664762486
0.013073153993916
0.619686710972898
2.190699259071768
2.223257024472109
1.503410128045433
2.110194902985688
1.458215641567953
1.490051312088137
-0.687699634300005
-1.230992019660154
-2.023982277776390
-1.499650318639577
-2.537184580209032
-2.454764894181517
-1.358619333015118
0.504960650873883
-0.075112303587466
-0.227803202164921
2.734296635775860
1.668271454684775
2.649463769175558
1.126374352047223
0.530111093416396
1.228607495110418
1.488458529340730
-0.605975889822539
-0.929861671559774
-2.942179370442704
-2.507329429859843
-3.409390340716040
-1.546825275900842
-0.737514900903339
-0.420470321429176
-2.125456846284036
0.094928506744310
1.229492850431830
2.994768541458249
0.685818861100319
-0.595755981404361
2.235848698413021
2.609040291758918
0.362505688682092
0.102850755938077
-0.658682646833405
0.177509087438937
0.005928700268925
-1.008038539561242
0.684310570698036
1.052737444203873
-0.664172282288344
1.210683105632771
0.118503894551259
3.009898516701761
0.779779867101060
-1.061976782968245
1.811011726476237
1.256772809143949
0.841189530634321
3.341606796344169
-0.493853637065656
0.616783606681293
0.482392240708919
1.327054301874424
-1.891720005071240
0.114087464034847
-0.702024623401177
0.179112541689991
-2.844073645400289
0.353356206507623
-0.572192696705350
0.239669806766718
-0.387768166256489
0.424190498375455
1.169477648485740
1.855507379109193
0.725550451436642
0.765284155234229
0.045523422505723
0.046280146798285
-0.177354166816716
-1.047652116948057
-1.436436573807819
-1.501091678637928
-0.284770162423371
-1.179447946583116
-2.018347416130865
0.084720049458741
0.926966680738224
1.418376230664052
1.508418894515494
1.651574243029929
1.215476699633064
0.235445861130536
-0.069939245905749
-1.941091488140854
-0.710504461522051
-0.713405466814546
-0.096857644591701
-2.053666080887610
-1.662393839164864
-0.733826050517849
-0.076827749227879
-1.490136193025951
0.407947690772346
1.988103621503651
-0.243811619869794
0.147206164904920
0.587873256626178
-1.061146063895926
0.308584749120264
-0.607215855834958
-0.887260757708866
-2.024082190948880
-1.931060451432618
-0.060997670228849
-1.707838589549355
-1.193973225681585
0.231275223418980
0.621947249688078
0.477032616329042
2.349949727745575
1.195231373002207
1.132253647411906
0.847868158031642
0.093096702574814
-0.159453230956633
-0.126583244995276
1.752991635001488
0.872014667673503
1.630925205590944
1.269055270477912
0.890365184343353
0.610416264307516
0.351697036810312
-0.332046734851796
0.562789277690092
3.320927277576220
0.447586201574377
-0.866431773200741
-0.149523199232138
0.974849337640100
-2.436199398673241
-0.711609937064840
0.735952044092294
-0.004550555968628
0.697566903189348
-0.645318058398615
-1.104154094043035
-0.424865307020323
-1.253724688747046
1.168366825434665
-0.030070624277804
-1.448820048467065
-0.049382584882978
1.316188975155209
-1.404031869343573
0.544415357297325
-0.384550681331127
-0.996919194127172
2.296418379898343
0.124059761379101
0.444993510721569
1.243150747031392
0.545285082571917
-0.471438723264189
1.200819489820289
1.360830550005499
-1.339999608253469
1.253250472032902
-0.757161781105253
-3.038461828374087
-0.427666585315920
-1.917211764270570
1.097780990195206
1.303065117152523
-0.851640882268822
1.283797403830393
0.089341322326835
-0.406789509215324
-0.434073711235541
-0.700923072384972
-0.876453612603579
-1.519063215879363
-2.150314185817701
-0.891015603341820
-0.027143655526685
1.254267104099186
-1.100546754574703
1.249425020769960
1.630826984269430
1.247239035566638
0.976696635852575
-1.226939886784284
0.980521056503211
0.103672292205215
-0.312702138003254
0.222266788448241
-0.625294256006129
0.231525190666800
-0.010878080267167
0.142903353750399
-0.189656523035068
-1.010088344822409
0.026308004725246
-0.230664084372580
0.722652331623232
0.366460100732865
1.582228178091817
1.699678222379937
0.748874346746845
-0.419985629833684
0.200379518711000
0.782012247767800
0.326922795867172
0.544860996376290
-0.615374984130105
-0.116349946373308
-0.365896900115581
-0.452931054693654
-0.807973952767168
-0.824700836785205
-1.736767656401615
-0.095313700197809
0.721424408083490
-0.255275987842784
1.439143585379696
1.392345084242323
-0.250241199000053
0.098512444840778
-1.078321395211097
-0.534176492334037
1.320024350868882
-0.384949261976572
0.736164890601787
0.813471910045377
0.586534386559009
-0.403947104298528
2.009799871609047
-0.023584549116438
0.149647902104818
0.363952284529393
-0.530264288242735
2.035845641289382
1.606193359663886
0.039622812108754
-0.310908024767849
1.621058718077173
-0.680091643775375
-0.171218292164245
-0.100649273713400
0.538390872958247
0.343068957339810
0.336042770438358
0.813660287280185
-0.116756213695904
-1.223397291365498
0.698488623619652
0.593108260670677
-0.121410817823299
-0.979426390952710
-1.037114507816775
1.969985528163463
0.833678676865836
0.006102928568340
-2.374984429294925
-1.558814571493067
0.167372457016818
-0.353431700956507
0.546950564237070
-0.792294547184424
1.415144621378899
0.177852147591021
0.839697764856786
0.275159022841177
0.929079293997411
1.176964638464590
0.420972089264368
0.593779978623938
0.219932556433770
0.401159836066733
-1.550317298306283
0.289233646103885
-0.381467280302669
-1.092506822660537
0.272611226650569
0.053510129505640
-0.079335134793216
1.441347340403391
0.206753234194638
-0.049907333256335
-1.136283653970971
1.582297728666870
0.134269684528698
0.641576691313797
-1.645163930557199
-2.145868344940252
-0.160631084428544
-0.757030092997356
-1.344500704872770
-0.201163904926307
0.054976363075136
0.142969817992905
-0.832494966693333
-0.728648503435059
-0.528199473739411
-0.989430053335976
1.134900065788774
-0.351234667606741
0.202172508217002
0.295913952075177
-0.242118214603111
0.826361411302836
-0.579347359239484
-0.729513510672813
0.065242666355125
-0.911680681837067
-0.726575149970040
0.907740589679212
0.432763079299102
-1.117819761378983
0.360962900548210
-0.983469221010344
0.667832475012378
1.660779137555143
0.296298679553142
-1.334071201031711
0.519966362783947
0.607407548027105
1.092013129660862
-0.527626195626725
0.010275753058664
-0.659518759470573
-0.047388895281963
-0.499998278692529
-0.472753222920969
1.000791448583956
0.898536318807632
-0.619852393963851
0.241698994866887
-1.603726272961262
-0.546410621212635
0.988983529984772
-0.933275971425562
-1.707984244956487
1.593870325150239
-0.189962744308869
-0.622626788916882
-1.317759679522740
0.323351055224248
-0.002561137256505
-0.452885426695547
0.623383902500738
-1.083332420847373
1.042493980293163
-1.289945693413838
-0.279560964187508
-0.348449276957425
0.605647385408878
-0.837151333836571
0.368928532115261
-1.103267695779285
-0.513348590219498
0.199622469211995
0.014669123773987
-1.485732415944343
-0.473347515382396
-0.019302943301794
-0.068619226855932
-1.027715615388004
0.600877976498821
-0.714839903042308
1.466421134150551
0.423882810940892
1.442568959377302
1.634487992562604
0.014486585697774
-0.866888560833576
-0.039442271712065
0.172666856632062
-0.244842705047686
-1.300684452248697
-0.924233597625146
-0.001739662125580
0.173488779987450
0.615469304766833
0.484536973646439
-0.162042695163304
-0.129544399926387
0.725277665933416
0.255088140220389
0.906673260879622
0.248665806089859
0.628177786572872
-1.027053184210124
0.306153088598724
1.188762833209544
-0.964902200829475
0.191613377251563
-0.112587748770152
-0.863728891824011
0.859586132292877
0.068894431567331
0.316454450256505
-2.370522226254689
0.680945333476209
1.162336624558761
0.377112917850790
-0.233900710556173
0.086759472835646
0.373196019016859
-0.601326360038842
0.610688969027855
-1.130427670100439
-0.115929563389831
-0.126661560726146
-0.581715191360980
0.190529996583519
-1.069133200512821
2.368154239651844
0.437280925351747
1.399533826680698
1.158999604126571
0.487845990727783
-0.015767397889412
1.086026223247308
-0.188234005726704
-0.244297244768248
0.634568139505739
-0.667651340660823
-0.650730304815854
1.887293006080713
1.020419219597863
0.902423933757200
0.792811779005862
1.730101132587675
1.221514642327389
0.423126866999215
2.461424143991553
0.230576764417584
-1.497754041883832
-1.131704157081540
-2.541297634185307
-3.235320123018906
-1.143604115053790
-2.085917466028140
-1.093348102046514
-0.786005592921071
0.170673406465190
1.753965126375689
2.631699609662135
2.578691938858424
2.034223708926999
1.393622933600418
2.440734630824550
-0.395714912109256
-1.005136090679913
-1.590953397229486
-3.281624885472041
-2.605837872923396
-2.045621371851046
-4.233190371932226
-2.174691843638612
0.501460816846884
0.817180511633201
3.305785156727628
2.474427339599581
4.449450994997122
2.099572702375396
0.960869314877481
0.613274560539298
-0.679677325930754
-1.965557922245495
-2.162501798905495
-3.766348829516766
-3.744764874927553
-3.130327777703223
-2.048332318897042
-1.302411716761958
0.116941054796439
0.988891907688747
1.180704803888612
3.290938105808615
1.744672862889042
0.183296884616941
-0.033932804461352
-0.574459661419863
-1.360016662263881
-0.723347067324773
0.083288086831567
0.896957879701390
0.398633658132366
0.075968083237004
0.993601517884721
1.599741867513491
3.736310814536324
2.667973220920627
0.584503846161492
-0.910102664271031
-1.298371588381896
-1.445309631228388
-2.923698972923348
-1.544244383425234
-1.899056329419040
-1.335475523073147
1.526820780402756
3.007266068993228
2.657396471989144
4.184322680419651
3.535514582390979
2.358843166073393
0.072388243929290
1.249553493489152
-2.211687734172122
-1.711155295707619
-4.104775221365824
-4.639666109280335
-4.540752969530447
-1.043343557691997
-1.214163651343901
-1.324823415958599
1.443068052607565
3.522260800485988
4.565252555935708
4.452537806201363
3.083189288768642
1.241177258575327
0.374671402359988
1.065893130555947
-1.648361523221142
-1.961092741670443
-2.258031994428071
-4.361814600497479
-1.553096547921488
-1.818952748094782
1.114643343041727
1.808167726157058
2.284937189837306
2.854470121336184
3.385491277975103
0.886778000806610
0.398472839980337
0.556070135669631
-0.829536138750792
-1.549539596597955
-3.230655687146635
-3.590406100839350
-1.808844730756740
-2.297642521897149
-2.608027240755938
-0.724653693877092
0.811006495127429
1.016756748283834
0.224561589282103
0.393958810744627
0.092646023493065
0.647220775639032
-0.177872719746848
-3.309916217788981
-2.717527308889084
-2.258005859405726
-2.394272064153843
-0.609637060532570
-1.295512994842659
-0.209514264677260
0.599119991967808
0.763534262010653
1.304614414306358
0.381181340432221
0.391625102283981
-0.756879990297847
0.940540870337845
-1.351649592734643
-2.067394394903177
-0.262724894519642
-2.003952066643663
-1.282804797099923
1.043169058253834
1.074984767874587
0.829562014047421
0.776925013319947
2.902993011682479
-0.306205521729716
1.214385616427182
-0.239358173997719
0.632403947874692
-2.001866357822162
-1.114888494871186
-0.199887960321075
-0.832012827427580
-1.002950658005325
0.335635170281422
0.473574560397503
1.962406205247136
1.699372298460553
2.176475652172384
1.232185459685454
1.017831229581707
0.281045800627519
-0.960433527832050
-1.199477904698688
0.455019962797932
-2.642623704803928
-1.700496283388835
-0.735533708351021
-0.801834040785905
-0.951781303084552
1.015952169804965
2.699802910831861
3.062448068008582
2.415809555997361
2.398070571083322
0.829616347653050
0.513611741276683
0.710556023570940
-1.388860485738191
-2.326266507586409
-1.163328003893244
-0.985655489104631
-2.567398828405132
-1.154373992518291
1.557394727228356
0.325422203780581
1.630431946115406
0.652657222317283
0.120346594740084
3.033968614338837
-0.084482646674126
1.149539391672897
-0.893315023636844
-1.213962517399572
-0.804451860461031
-2.771712446872987
-1.886041057621959
-2.385983189605385
-0.747026340150414
-0.534508882198837
-0.115314146331392
0.635868226752232
1.032771211517396
0.838407291706121
1.605530395950948
0.769308497755515
0.684055470741305
-0.897042787572181
-2.282208184828602
-1.126715790181981
-1.889920625477862
-1.818750603920313
-0.871119197547023
0.550343751629084
1.761824430819870
-0.996280838257041
0.396181796945698
0.370971620763725
-0.446327671501223
-0.423097839763043
-1.454636810422709
0.394597035987962
0.001303972561927
-0.649088945870437
-2.580734678086196
-1.066201460468417
-0.794112872805266
0.368716720153886
0.484597046562121
0.720901486212594
-0.551225339633936
1.185951407177133
0.238592326901103
0.017943120180380
1.451947849917814
-1.255645283525439
0.220637829375301
-0.271606562632715
0.693548070510571
-0.582156070162490
-1.082341264735469
-1.770536347457941
-0.754810784977056
0.531412446876904
1.621579351785532
1.069327785755765
1.243423966097056
0.591784487612580
0.373849356831164
-0.237034691620486
-0.285961592963453
0.173367198094141
-0.102325651911791
-1.844318857892778
-0.220336820798519
-0.466917406480342
0.564558219726135
0.293725728187631
0.557116674269767
2.199060183759978
1.508449196435828
0.265243394213524
1.628890742529171
0.029306516950882
0.061671690570957
-0.779924113685621
-1.312987374164260
-0.319298305290279
-0.524265826556623
-1.987297019121961
-1.299990713950808
-0.034581991720376
1.136727473319887
0.692777200079985
0.920225831904721
0.391300136437823
-0.152071116030482
0.720408381941285
0.317856026991053
0.035964278217917
-1.323839120130876
0.092255192978381
-0.833715683682997
0.419603985375067
-0.670932521159678
-0.032047359933644
0.803967018860725
0.730802997276219
0.799850345304859
0.834911793138750
1.024780246143405
1.001190067780491
0.893492675225720
-2.602190679430096
-0.433309063554095
-0.182649126142400
-1.991277406120853
0.487910995470980
0.358973024038514
-1.159516868614378
0.339941837815532
-1.307298384049453
-0.917001945817319
0.888431561188504
-0.191832521560474
1.437641584094707
0.515510993945842
-0.270757998404014
-0.490276346318140
-1.102814098470622
-1.991068749116789
-0.908633279425821
-0.526056454686096
-1.273154305174749
-1.981285792516263
-0.595812258779927
-1.078362920366571
0.575598610829592
0.963769250533635
0.288841100066699
1.398326813028964
0.212277419871254
1.218924271075067
0.789694919942943
-1.041248533269958
1.107148644522323
0.408480886138441
0.980447719499891
0.033348349317105
0.244341004501220
-0.800178864449435
-0.308343667047479
0.596343357225369
0.511794965223613
-0.293363944122072
0.104034459005656
2.340354838084376
0.450998387382152
0.078367086679669
-0.239606340253777
-0.668712776913384
-0.306149545164680
-0.302964433836018
-0.652016644118032
-1.330412025795713
0.514580083215280
-0.526251591629466
1.632392025867540
-1.414845532451967
0.095179911712843
-0.776593755210838
-0.557690789866035
-0.152433420742169
-1.059217087958166
-0.791664196605292
-0.258915291183596
0.370604901519494
-1.228894321141168
1.018982378851896
-1.147423817672368
1.406254720148188
1.311287657783764
1.144900264566503
0.332787707929293
-0.408644297882576
-1.603052797193012
-0.341519365968555
0.462690212853852
-0.965809334803587
-0.520974689006949
-0.774183903708776
-0.859188313202587
-0.877008182684706
-0.434468758266874
0.533342933876555
0.691177090577678
-1.487738240829557
1.999002256394581
2.432197404535543
2.131384180061231
1.161102272871638
0.425874677848313
-0.323181157324093
-2.062495323923198
-0.394514158502209
-0.894312512686080
-0.965026708983331
0.045358368002405
-0.969137178868579
1.711213441776589
-0.497472543474951
0.447826679100872
1.900901860621572
-0.659131246504520
2.826659360387718
-0.134949393288862
0.208862713422189
0.112533987346642
0.256242458083111
0.873172323900066
-0.083426278452535
1.252882651700143
0.058695427325174
0.108500634685559
-0.892652608218557
-0.535292131781668
0.012409090445038
0.357376511295916
1.136052021921716
-0.023347609618973
0.434052721174467
-0.853813361827722
0.860624206572911
0.043866673501718
-0.439472697434696
-0.312113496604987
0.002244926039212
1.524742396588211
-1.827410556203040
0.168475578525310
0.671390021182867
0.465523617070490
-0.456717098991975
-0.565825570006251
0.809690342223153
-0.164157768466162
-0.750948978020800
-1.135816176305064
-0.568967732008940
-2.179254519753014
-0.406628496077733
0.011154866091551
-2.169144973314365
-0.741450054838337
-0.171095320889814
1.561723736343521
-0.259169517047607
0.987332591175751
0.943810064740610
1.698049961939487
0.416194432166444
0.915202706132409
0.376412799705642
0.486494754977745
-2.080001320647826
-0.743520026254120
-1.840539605341152
-0.285324452174684
0.116795508903561
0.570145301527968
0.891129338876965
0.898278420133019
-1.076744518621978
1.341959913063342
0.414294673997331
0.617247339310915
-1.073275109917937
-2.411317107164834
-1.284740539956156
-0.101650383928783
-0.445146168752123
0.127532097709485
-0.715753171891210
-0.785971964971469
0.751237465175455
2.283273188783688
1.252409790490362
-0.474727889729897
-0.142497842413022
0.858697359548794
-1.116995823761662
-0.015216233403086
-0.361026750859202
-1.055649622474648
0.404376337916381
-0.548337456607127
1.125412557514134
0.141062386291032
1.495480646344274
0.686781612224089
0.841968546728518
1.395369436440429
0.507156978732026
1.089327713589652
-0.451805783177161
-0.499587276457079
-0.856955844203864
-1.094039360573400
-0.441774237575435
-0.883593934077954
-0.835827394597384
-0.793513920189078
0.795271858868926
0.951061118689600
2.449497755882135
0.741589751768476
1.967628091113540
1.297328451364913
0.486946538276550
-0.734658388125813
0.028330507666098
-0.142643456550388
-1.084451828955135
-3.032020611798130
-1.919787525417737
-0.682477885580657
-0.106507027659005
1.277748135983122
0.989147738491921
0.409913028469099
0.541485013622431
1.349743433869923
0.167589243400962
1.556353213360453
1.927662142365966
1.291892505129582
-1.583971489674706
-1.084068445566420
-1.645985759982625
-0.428696910883599
-1.343915772111146
-1.155919495831547
0.807606665473788
0.740936036040336
0.127026818478768
0.394086396943548
0.883729065899029
1.608993763836762
0.206816250446845
1.300678810869500
-3.059073284758590
-1.069566732289079
-1.223752729056033
-0.072265991780241
0.529623376480416
0.725065577824715
1.044859076198900
0.138200748288603
-0.640389017736463
0.810913388742926
0.428472471470952
0.528506353185014
-0.441702796091156
-0.069751836489867
-1.632111685615234
0.152427095185822
-0.034321365905279
-0.159343632228635
1.009730382181969
0.170588286456950
-1.206658860389840
-0.328251890628271
-1.782692688322188
0.527951460452555
-1.495645535366042
-0.569969221215253
-1.299416245135312
-0.923023457434926
-1.309512956095341
-1.779051984708936
-0.960811662097436
-0.836783544453562
0.374222183783415
-0.813492643092957
0.444661927762081
0.963983481294672
0.569928903903603
0.572915238873340
-1.736037554438479
0.128456903860582
-0.213596531550559
-1.518107689630461
0.259880350273626
-1.044233950841984
-1.858851280101827
-0.408344167751743
0.221432021837809
0.257148231179607
0.375729854582444
0.998759566853835
0.619014287054780
0.960366689597996
1.862419022428240
-0.535953030357839
-1.475199315260717
2.251426899493929
-1.686391267943697
1.186323390801657
1.519026452863054
0.278619606853290
0.179956572913410
0.111716197346561
1.308514965087871
2.392192411960210
2.519137461766595
1.055560107928023
0.806400384092986
0.019388393131334
2.534354718244808
0.300907408987708
1.349426321215922
-0.710131875604896
-1.229064710830359
0.971051157008024
-0.843238625059223
1.152755743112806
0.545513220841044
0.239819907766377
-1.185826455721400
0.396582198943466
0.981712909230632
2.072358121750146
-0.191655335683630
-0.375952675363282
0.709253221758203
-0.010463855677272
-0.533690554496811
-0.818602501253406
-1.074452565941415
-0.196307057209786
-1.897962412600724
0.630164392345673
-1.019301193713715
-0.851599847067286
1.778261797913800
-0.385069745162257
-0.942209678542952
-0.028022004906731
-1.849515209862954
-0.770434628878904
0.516381023904072
-1.240174876122516
-1.234764435665779
1.221529605651095
-0.709691361185484
-1.147333601971683
0.434153641007811
-0.082451017034222
-1.336374495360784
-0.912092035143498
1.074517813382551
-0.998628788685018
-0.915193740072545
-1.496501454496223
-0.421611293288450
-2.003166909589773
-2.443471372973857
-2.088374945245330
-0.516188903810623
-1.006868569997934
0.080960219146135
-0.178453410859299
-0.462034388429564
-0.634440304164791
-0.232265527818641
0.226359812995349
-1.227458522332058
-0.957604001132348
-0.441523175210494
0.123916734415782
-1.747236369358478
-0.512730303400330
-0.314852396703140
-0.128824045813167
0.743202924042839
0.890626037728892
-0.027001823270593
0.150140765571733
-0.002880952378974
0.035298960515427
-0.293029806589713
-0.070734403785833
-0.256685639787271
-0.264258871159667
1.357400883010236
1.372712191215075
0.801730338865331
-0.906364824166682
-1.575130840286760
-2.126597742780205
-0.446071288529358
0.633901706425242
1.935746702116138
-0.243038437546097
1.011905932856644
0.350070321155833
0.460368797533793
-0.510190894220938
0.415657055814709
-0.470697740211870
0.107327296756191
0.169035578147920
0.554019907740834
-1.052432423242138
0.745718363429421
-0.345250695799026
0.787293592593885
0.269988065156127
-0.075070260307380
-0.600035053655776
-1.022649528440265
1.620292214947460
2.279607029987793
0.428143195800956
0.988696557429542
-1.448858196130542
-1.464703206180101
-0.660297608591590
-0.189993836557021
0.191614565984825
-0.477267802539727
-0.972136610188669
-1.316763470160917
0.779389295826518
0.555469887689125
1.274300629109008
1.290409322521202
0.338704727648781
-1.250606755529583
-1.605791644583117
0.134185067883489
-0.504442506870479
0.207392310974024
-0.242604240482453
1.343088126651319
-0.227746463476139
0.986380228526853
1.166520086228592
0.293301475474393
-0.512866614973894
-1.554927615179451
-0.581230674321390
-0.396507183166009
1.274821390287737
1.353923747553099
0.538866965090665
-0.339760545540811
-0.875854888783818
-0.587620942467292
0.274356168721084
-1.512029870447622
-0.060112385840789
0.091182276648890
0.223576292327486
2.003799428376093
1.917823448136892
-0.733383765784585
-0.474340102308005
-1.168232478108659
0.019429917160490
-0.451268046434525
1.059214454398395
-0.370259079656625
1.452984018095899
1.953232906730703
-1.227510632246180
1.272950851627519
-0.417214098092895
1.410201918242870
0.700334858424905
-0.783030430346725
0.236941131786106
0.577661517585605
-1.263017399308933
-0.749678311221822
0.448832426354126
0.662794815534230
0.241157010322151
0.574587690360413
-1.011729842616222
-0.320309353695242
0.178560672804416
2.479338662163430
-0.874614101744759
0.110601544330049
-0.016330691538502
0.012716511289755
0.178156195990343
-0.243500283305097
-0.351014083306776
0.404391245599240
0.803995761633025
0.464092031392765
0.863309483884014
0.879627484121448
-0.191717228261358
-0.723741674140272
1.252067611464415
0.425852846711378
1.029598257905471
0.006949906308002
-0.331593571082588
0.094537716460057
0.445886687419581
0.182653485543227
0.966343272049377
0.515332560311277
2.328861565606172
-0.205528192561694
-0.865931015587174
-0.418719992652079
-1.261977606435868
-0.140375828267118
-1.240386969551797
-0.754601672431328
0.844486459775578
0.006792040885506
-1.517011622779715
0.271388419484039
0.804473277842905
-0.101276429074378
0.058937106713409
0.501338163013636
-2.916062237118364
0.103390289963346
1.813356742221173
-1.260692004674759
1.126745871127325
-1.649029470942740
-0.143133834402304
-0.420619050253457
0.520326963717373
0.418831554982425
-1.582130276405512
1.169829542431868
-0.279187411158510
0.959934612690810
1.604092507864362
0.434675254243344
0.923416155133196
-0.670190670882840
0.723553214593501
-0.925768557761707
0.553840045560519
-0.847007392705778
-0.275779225063895
-1.331613601303450
0.279629729260660
-0.766214964990311
0.005773519963347
-0.116225605971370
-1.042115317290427
-0.594000804448788
0.598589400864202
0.250057791750017
-0.078625109122129
0.354809326166804
0.367697101511474
0.489034962098938
1.121702655217156
0.339333567623851
0.316010509970287
-0.149754423115232
-0.131768071160076
-0.246875620191528
-0.467386900762868
-0.961490045260227
-0.897683563732320
1.175895504621833
1.024478923102992
-0.317729853257479
0.398489044078675
0.023609937006542
-0.095686074868689
-0.799573680417347
-0.246109808022246
-2.608393004586694
-0.583353061538371
1.318532833344800
0.569002105703966
-0.945723161259548
-0.625643150621843
-0.850518971862989
0.831065291710023
-0.090821172651809
0.110501428513913
0.623446013240212
-1.507298306443295
0.069086113392147
-0.714761365292737
-0.961445513479433
-0.529946202837975
0.354896613717085
-0.405983718364812
-0.380101909221204
0.020369923920566
0.952632630747809
-0.761419086299500
0.627270673944352
0.821777377705609
-0.322754720166058
0.870942931814359
0.701953565236927
1.864037822338062
-0.306513146659798
-0.664288411889627
-0.471259080932033
-0.584012266816069
-0.911449213090206
-0.428446035495222
-1.062835013330680
-0.019528853612140
0.427668087916326
-0.382066596978946
0.962715870677529
-1.733761128831099
0.156522400103258
-0.432203252888335
0.214628980883406
-0.432044916365961
-0.498927971930460
-0.453778318946816
-2.389807184877747
0.374296036347119
-1.828663312263197
-0.201375726106677
0.385607158382906
0.471233610703133
0.391315540245790
0.431731281019697
-0.006467833173866
0.441038519224864
-0.626330029399266
0.316494374362559
1.249975226917788
0.650413027550146
1.994904830052019
-0.591880874234351
1.634936519287606
-0.116486223137075
0.054203397547476
-0.293751182151285
-0.578084775997297
-0.825874302548419
-0.834427878202153
-1.365155063466207
0.119700896147529
-1.532519158258618
-0.633222018446915
1.344994369587568
0.891377223919382
-0.307785791467768
0.341857682782444
-0.270909142306248
-1.829956660891751
0.659324315274618
-0.952752577984791
-0.667181226842848
1.378964682399354
-0.277757001393548
-0.203829396933232
0.545336794953043
-0.035892522565478
-0.439325660040843
-0.556850765420154
1.709077717179190
-0.656348331656559
0.720141898741038
1.637482296571538
0.818706294181214
1.251359606109024
-0.654859376938345
-0.375175443519373
-1.525214288128288
0.201053090705774
0.967610364596717
0.592621381340757
-0.138304843697091
0.309182670857956
0.753532537537029
1.228761724825248
-0.677093714849933
0.114132565798781
0.779378036007547
-1.350748657921422
-0.446394141148765
-0.640464819743315
-1.224540429273643
-0.422479414885630
-0.313207422341057
0.968825239629593
0.110687915870943
-1.191362140930209
2.261544542398676
0.337125376381066
-1.429181782615318
-0.222609791888769
-0.909178353194921
-0.061600161815183
0.278749783396520
0.634211857365690
-0.865190726788918
-1.371569438786918
0.407899242908393
0.410229761265765
0.679029995997499
-0.659688861583785
-0.311499112819517
-0.780553863433845
-0.421158774510090
0.537551658189038
-1.472041861473458
-0.773740474200081
-0.561496176168214
-0.625729436898717
0.000199615549572
-0.045285634652443
-0.280558262874297
0.202553601110858
-0.829715699699523
-0.848863344578532
0.539470354703200
0.394717818325385
0.689115888259636
-0.272448122150420
-1.023481907201918
-0.935675859175541
0.168904877092218
0.223080358124624
-1.607716714036040
-0.375656448251809
-0.858566788902586
-0.317326593081743
1.520895238652098
0.585825606844852
-0.292158353274348
-0.992978243270749
0.936676628349373
-0.318742068883884
-0.331096777088107
0.297211857799614
0.327998987184361
-0.444678157363384
-0.205416324214417
-0.212805588632172
0.656583948822454
1.586907069805693
-1.309733383191625
-1.509012501433080
-0.771591556398867
0.335792891117494
-0.294619866519612
-0.069566928592894
-0.341596695930574
-0.016093213930356
-0.570597530762178
-0.081957553452029
0.772727830826562
-0.155546487948130
-1.148747243700674
-1.842697582423333
1.156200147967056
0.309080535687456
0.081178173280513
0.443940050323095
1.341321742493998
0.246050436750165
-0.037416776586730
-0.501267714044035
1.189042506846440
-1.559906365355350
0.037364564573750
0.738597594734942
1.058850478981906
0.161867070025022
1.306055074803035
-0.380941507946074
-0.680919639123625
0.466777012430509
1.473485082690038
-1.057742427890812
0.752779950734530
0.550167061560734
0.333931154142756
-0.202717526711735
-0.096811104843766
-0.194053855180072
0.264918029730076
-0.055239321375384
-1.379892604476788
0.075370752566326
-0.526602856499137
1.728655147592985
0.896391008015348
0.399213540479826
-0.047951468187170
-0.606982305528433
-0.255805700124758
-1.783075352613378
0.834785411470078
0.300807941783132
-1.319234219542982
0.503365038503881
0.589379873767031
-0.914319744261793
0.537863364876041
0.163279769458594
-0.653494704920390
0.335095270240296
0.100625219961827
-1.190141246716012
-0.019503978002279
0.878117583736885
-0.867599906583807
-0.692366770651089
0.693311281472156
-1.089462577745391
-1.638845242878286
0.579979061381144
-1.582729435042560
-1.084124531327514
-0.635668792894508
-0.294871659230128
-0.778068765993343
-0.465744699845782
-0.544806051449085
-0.365592995274539
-1.504562540691477
0.195033681269157
0.142963911575834
0.405084284783904
0.385183484035305
2.187613464569893
-1.484872837277309
-0.166025275176203
0.291564643306691
1.499999995174667
1.375305265128058
-1.000441903640044
-0.088955458263239
0.283161475370503
1.725665218030146
-0.437836776272324
1.274945860798053
-0.062667570419531
0.539384107526892
-0.104181185693154
1.429691172333488
-0.368413887277377
-0.268401893587891
0.070674806987816
-1.208243751052303
1.272040672051314
1.353798504700095
0.629492484550494
0.626605045812629
1.360433565465227
1.261047936170872
-1.612606578797911
0.626428136046015
-0.364682017849473
-0.815991677123762
0.338117964009543
0.529491218793073
0.346159142983577
0.934975388252095
1.806936419099416
0.265792934156664
-0.930456867905299
1.317442217246858
0.934418788621233
-0.282122312234552
0.808241410223314
-0.754212137452172
0.796031262935019
0.821770266218828
-0.822064483891320
0.130012481589105
-0.697513569715293
-0.487165525291517
1.524860323732366
0.373768709035188
1.131200100949960
0.353311921136611
-0.213038507457168
-1.748706063928224
1.031322655699231
-0.279659459140166
-0.818609937481314
-0.614477793708220
-0.513360082731570
-0.664326211025745
0.794343119212178
1.328005975637087
-1.996000820139673
0.791101837413054
0.069109268943085
4.168854161027500
-0.175705509720577
0.497729979029217
-0.704396905749580
0.532673454972405
-2.114793809798551
0.388347325664170
0.093065919399123
1.570623644604305
-0.890779253863601
0.472640865085360
0.709763119811045
0.312577897485393
0.227805952976144
-0.970447214426269
0.519900172981953
-1.362817098761273
0.131711283090238
-0.012640085621792
-1.200291290639439
-0.184306693545760
-0.107999955535352
0.178204251236830
0.386506273032160
0.174742765342752
-0.023707507808708
1.663882719039960
-1.147943451990842
0.905763641854656
-0.682339648738640
0.428359297015426
-0.096259715261361
-0.460348757197411
1.672848866226830
-0.926502432472298
-0.914177568378571
-0.382022651445031
-1.009555246164706
-0.387991374720008
0.534976266264215
-1.222846963824279
0.975764130596736
0.608875505722666
-0.327516519317460
-0.036401959044752
-1.380664843020042
-0.310471875418768
-1.471079648186583
0.738613021773886
-1.038330623101586
-0.763131402819560
0.184671197585862
0.212733749229062
1.402978312319642
0.938230404282061
1.692309461016079
-0.070132631716418
0.031174236870742
-1.427661503454619
3.183793068683705
1.001118987901487
1.599030510594512
-0.418600411179727
-0.296290734415990
-0.209084711366710
-0.460121530902073
-0.404365440835782
-0.585067916951429
1.045690882239832
-0.107339722071703
-0.322868768247636
-0.020007802053364
0.733491897372326
0.828151751822823
-0.826301457001912
0.138735812014542
0.750498316727031
-0.096249472685595
0.073130377530582
-1.272895455714800
0.606893454100073
-0.097616336973927
-0.131644219019007
0.207221595285789
-1.864192219559945
1.166361939281791
0.795913465864696
0.517912560399629
-0.257863595015371
-0.300628056792275
0.726505068671151
-1.219000543883273
0.376053874953273
2.744900699192180
-0.135504128075889
1.240688471863080
0.720445466081880
0.022829322785634
0.293550811016481
0.845470278396252
-0.184166612295551
0.219317449698191
0.577038209500422
-0.517846929398575
0.594461981521464
0.878076533654805
1.971320742889101
0.754471283462122
2.716052082907307
0.141030458155227
1.959536629582575
0.823521340180896
0.577406043811732
-0.404108143947918
-0.911687413153120
0.331180886641965
0.543397263172073
-1.297873352874281
0.813961930349907
-0.036391496537237
-0.164089923180464
-0.916813578544151
-0.355859389429026
-0.337644727719552
0.294292100448446
0.882411518268133
1.652985476959019
-0.534356033233977
-0.324228437967210
0.832247022977499
-0.769152885229130
-0.326617672323893
0.670164747391770
0.638187148604492
-0.567855285349163
-0.834863090480716
-0.153753371459185
0.073608465552539
-0.409699538089803
1.506359519810015
0.276576438155951
-1.081720615820537
0.294980866039154
0.435493458339725
-0.250193472960877
0.913999952775137
0.981681712158298
1.605190919119714
2.280648247123594
0.725625692000213
1.305843040126314
-0.016398091640970
1.040996152572010
0.821700270423600
-0.693692696861071
0.851166067234444
0.834293800448386
0.864864199512529
-1.002262632094945
-0.316282150900273
-0.274900826236479
-2.365657901928456
-2.183032304993169
-1.590331737344041
-3.249154704498119
-3.331888134743433
-1.697699370918321
-0.084938108759545
1.158495923927082
2.322621356705403
1.554563275940948
3.541406810943798
1.925550847949461
2.276596945589844
1.534959188410671
-0.534545080914819
-0.634134538994283
-3.842937974478019
-2.942495411035841
-3.626604389522097
-2.294418713342257
-2.851614772312141
-0.841274884528094
0.187321332278555
1.067031108095000
3.242761026411400
4.220335419398335
4.332332656347491
3.416876866964572
1.640954112407390
0.873004787108729
1.246720014445856
-2.584614721938011
-4.376868804934710
-5.967807979444400
-6.478518325573959
-5.568149741938470
-3.822858117227636
-3.215789531059231
-0.250767437140573
1.238939602726967
3.973282741412703
5.287326455715412
5.089427257435459
5.538591130810640
5.560520087377864
4.655824693123642
2.337805688348668
3.544957592477780
-0.230919768742631
-1.596384605679994
-2.585381365626908
-3.445290532089799
-1.469140248341333
-3.378864394603630
-2.520657700132046
-0.862007617696503
1.703925678901607
2.352515393797220
3.608132573695641
3.218659137392015
4.515308388608256
2.899826262168022
2.805605249434786
3.281606956129152
2.581651837887463
2.140018856846606
-1.127668155024151
-1.509156917199161
-2.397740370448670
-2.851062024638746
-4.007702782801370
-4.350303671078819
-2.415004899816110
-2.362608885470118
-0.966489535814899
2.225263652966083
1.800168988426017
4.162068228065243
3.368803463606486
4.741063424404930
5.512314755959050
2.941590658166998
0.574077443612524
-2.960568819318811
-2.948001502637731
-4.444411097499121
-4.426161543147104
-4.215613974736378
-4.697075761332401
-2.553525755664343
-2.759100268173508
-2.795360728133231
1.313289576125716
3.687076581978916
4.531778131110967
3.908907516119779
1.847543210945842
2.881285554998826
0.625873433339038
-0.963501192456199
-0.987449970323953
-4.458748544688732
-4.801727750680863
-4.989914478127131
-5.624513490211237
-3.925495263043477
-2.789497461373912
-1.093895219538382
1.991582193047279
2.020233329201631
5.112164339634408
3.534840916483594
2.939702403091489
4.514183350799846
0.739149858392484
-0.464500053379482
-2.335249402402149
-0.804346825602211
-1.341432162422806
-1.355020330394632
-1.195582058361880
-3.090626578093572
0.729921194753434
-0.426388451402816
1.758268952819129
2.916572050205961
2.426950640184331
1.221734823513251
2.922826518478805
0.680216027567331
1.024726063827353
0.828319924930761
1.842657674079843
0.501018151392301
0.496362833993165
1.356014479689643
-0.103221570079978
-1.682087445854538
-0.837042926508036
3.442113182062591
0.420046329584357
0.701743130480948
1.371620613612127
-0.066899778356455
-1.034203044357659
0.420974899529706
-0.002061665670894
0.727377053256198
0.535879408264721
0.173070597918569
0.161950620311344
0.302547833354896
-0.192780258479706
-1.120769024730450
-0.833378308244367
-1.147844977013517
0.603707679508942
-1.396313988858720
-1.546521686479201
-2.232803967854049
-2.126740230010250
0.467571494642333
-0.046496423825535
0.714241958602408
1.454224768328183
1.778336235893301
0.287456802796262
0.281503211170038
1.625400751224741
0.147329065692364
-3.413086733302681
-1.739310900601435
-3.087134290298123
-1.469588611896834
-2.791702035282541
-1.567991137167399
0.985386466569627
-0.793049047529333
-0.133357280910419
-0.305431344219639
0.987494450118039
1.689188154654187
1.343794740594783
0.295150752971748
0.178520488844178
-3.146361705249398
-2.237520279475080
-2.951801391276685
-1.136743173043814
-1.380268360109878
-1.079171654272467
-0.640463730331027
-0.227476534133436
-0.913942681696889
-0.307404566948941
0.617469424420443
0.035619560041154
1.233692070835137
1.275605083761695
-0.124885583349412
0.418914596483418
0.350643553476237
1.319462036386781
-0.679082366615977
-0.170577184269697
-0.143012507837186
0.070226749432952
-1.112389073276540
0.757293146024776
1.723600449085873
-0.357060475260031
1.624124231142647
0.967428198270550
1.976048164629627
2.240250024498879
0.435785363397961
1.541210752313574
0.267012476779364
-0.299845711840421
0.196271812606373
0.129835438695022
-0.112268024514776
0.605607977700782
0.424648762221513
0.671022905608861
-1.242886764861279
0.202271826713005
0.164132628791259
-0.757655583766896
-0.970221469853005
-0.357569173229518
-0.761080811305329
0.230517850237432
1.252181203952412
0.270102182831619
0.511837403427428
-0.341461094829501
0.614664215908742
-0.609253795658321
-0.431603258334133
0.784330063999861
-0.387252064005035
-1.400106606488201
-0.544911366287026
-0.012626469543725
1.021938693460069
0.499554629382949
-0.286636976772844
-0.676069465664451
1.409809919280670
-0.490196564668648
-0.118585506302271
-0.698443188496459
-0.220508346653532
-0.641050015418013
0.320147773830245
-0.187711015384309
-1.201532699648855
-2.839177029405350
-1.053667169851092
-1.957271273865996
-0.757830944721920
-0.798125443796685
0.772271840392100
1.513240243184085
-0.999499462580917
1.390925247634425
-0.143243685398372
0.034178841439439
0.571197271161880
0.065473163980729
-1.232018469654752
-2.695943958213241
-2.620855457877705
-0.315594023123439
-0.188897838731641
-2.228403321131051
-0.698375684143917
0.390058020150216
0.327675152508229
0.712673954600582
1.507070375503135
0.502852369727404
-0.565737378059935
0.283519872571852
0.374639130064085
-0.089502238494233
0.178022302226258
-1.115931572259939
-0.636044408857631
-0.742511951064561
0.007335541595442
-0.682169317572157
0.786755433947371
-0.860256874685785
0.275036174775514
2.515315465932972
1.039663614332210
0.587975714363512
0.644970870766403
-1.215745973929121
1.259318303592612
-0.302013885796315
-0.172046617087450
0.059887456169653
-1.358795556744353
-0.364933611321976
0.214595296884527
-0.694545590492253
-1.182103719654078
-0.079731023051929
0.695969010660489
0.545454964034486
-0.018763219108036
1.098950578142883
1.728989050062212
1.905175259600493
0.579195248198386
0.902840109523731
0.381184145700607
0.964370835698135
-1.607148143491348
-0.736890595032761
0.763416384938860
-0.914061743003803
1.914210337110021
-1.360236052611932
-0.938928084242786
1.122264985379751
-0.698694224726741
0.085658918650585
0.478874187267077
-1.475851192371847
-0.447555707580247
0.782765369988645
0.710313039678916
0.219932674353937
1.251421143928116
-0.145684073434701
-0.740266009581159
-1.628852759729056
0.199408080437750
0.023783038030227
1.118929303563085
-0.932328829331326
-1.136332864765062
0.352900991922266
-0.338793256610134
-0.140214653583572
1.652218099539619
1.251106909846257
-0.415838215416797
1.179249128805906
0.215766727276281
1.807357712182623
0.639096022865015
-0.966158079350437
-0.688304587366635
0.242018401522709
-1.590826313930909
-0.663750798515213
-0.222727605646400
-0.466065820024507
-0.863900891133481
-0.398865648499344
-0.547239338545115
-2.096651714908252
-1.521075710135997
0.289034776504730
-0.240261778163095
-0.793283059532839
-0.976296416833352
-1.149104846297893
1.591618089314335
0.850787187513354
-0.107668485530330
-1.058268918049407
0.290493954086102
0.502538019505915
0.784473230113035
0.958332103110752
-0.591337085213623
-1.149303608497474
0.662229320864861
-2.799120162162581
-1.445818376284699
-1.090148802218605
-0.953604732007627
0.732459214940148
1.616828041953486
-0.457441477076825
1.334672520261091
0.669649337141559
1.621124662623274
0.011352819012196
0.242393823067091
0.836531027633835
0.084935319263933
0.077223966858232
-0.913999777313053
1.009051859628853
-0.295488637898987
-0.068066696747205
-1.044500373606515
-0.839148010245223
1.350566226509414
0.915673179182037
0.693618055364193
1.071497463613632
1.289131985049733
1.428335161372546
-0.628586851168307
0.724707757413140
0.256993366982733
0.783018270172681
-1.365381121462798
-1.173123569654674
-1.166805816014384
0.806003529236997
-0.877928675574822
-0.894909146213116
-0.596729403053298
-0.030732462404712
-1.014128940211149
0.032829038314419
-0.447817100423035
-0.810061627089531
0.256318188252718
1.489391751227370
0.446656020851850
0.720679800410311
1.421399318374122
-1.589120735089539
-0.679662146711164
-0.023433538092371
0.654594778971094
-1.473813853748312
-1.260036833435895
-0.039385352258396
0.188690144172790
-1.285447826340126
0.732885235694389
1.005490333499939
-0.634521420254969
-0.869971223252050
1.592074577703406
0.270260182292236
-0.218407552077291
-0.952677036305838
0.324375916948905
0.778951248654764
1.036368206348339
0.398187056803867
-1.186089996192469
0.801381889739938
0.392116130986339
-2.266030543676596
1.034539672497265
0.190574709622607
-0.179977963825058
0.195141938280397
-1.108056341264110
-1.416011167579956
-0.095804490014744
0.443753591844174
-0.210165201138001
-0.676732971499887
-0.108702619310720
1.640374754280619
0.204413739485682
0.284811178794363
-1.016007883511107
1.020876035842087
-0.787302783992268
0.536599447610679
1.528227619450327
0.517550641801807
0.119384951294574
2.017552814979942
-1.300587159965659
0.946635314211246
3.239519189568564
-0.769068191600428
1.757924968397463
1.583844422728242
-0.483323302238241
0.359248850033397
1.139962320253882
-0.722882262320934
-1.209246320058992
-1.787544148716082
0.141666081104573
-0.645651192810703
-0.984270820131145
-1.325423117279060
-0.679592741616500
-0.863728201343102
0.650883022847533
0.715893472586750
0.050363164714696
0.330493902590197
0.089445649896134
1.616034825168116
0.613418675598528
-1.192607683498067
0.680141527817336
-0.314080191544811
-0.977113630543622
0.184771659903628
-1.724816014100273
0.232286187338649
-0.363679831956303
-0.778729951089540
1.429987524821835
-0.381861039028153
-1.383405466686039
0.187440492404153
1.149200107434467
1.116358317396118
2.010093469729597
0.718564690268386
-0.125959959444715
1.330743726721997
-0.337909829950853
0.266954926841974
-0.245318782728290
0.108357091326568
-0.398016146350671
0.416825893916642
-0.766078250424508
-1.038289470879293
-0.778069032462183
0.367940814957568
1.959382857246787
0.218592545063559
-2.314462203330983
1.157504115276592
-0.941061362139031
0.144922512939907
0.917186014530492
0.040101889126685
0.088065175452152
0.720996700946075
-0.800597918320008
2.102787669484126
-0.245924280203736
0.478337111546451
1.521032329901219
0.703829140570748
-0.790969332122449
1.141551301663542
1.874405945561084
1.595757266575560
0.393978760817027
0.616043312221122
1.092001853168114
2.006267281269299
-0.596425260467640
1.045739287840284
0.883341306350708
0.617356334987346
1.028338062651068
-0.890204947693838
-1.558039160553277
-0.769662278972497
-0.210511799374301
0.223617528633236
-1.097146763729150
-0.144905408505502
-0.911531460353036
0.542479034225569
-0.309453739506799
0.506706709854129
0.672765525958163
1.085113320498408
-1.095073028990043
-0.541331140977094
0.788393333948500
-0.131751526892060
-0.966669435519756
-1.157860808839419
-1.673157530548014
0.417291033314842
0.025925403703792
-0.963613756971016
0.804227082122855
0.446492094025467
-0.064569466812369
-0.943226429636481
-1.276404612235965
0.017937003463525
1.513527823335333
0.095354482556389
1.512351344954216
-0.548264630171881
-0.075139751917454
0.253663864078595
0.202009543768029
0.189020726683541
0.085480996845481
-0.780188015578197
-0.057496455521339
-0.606687562018259
0.204277546992360
-0.506191180635567
-0.768513814475689
0.305509513209029
-1.124462306680474
-0.643751939577202
0.759222649617138
0.256353308454430
-0.673215925274378
-0.658338110422044
-0.336059421993823
0.597195539441460
0.885890898273489
2.298152769011240
-0.463082281834613
0.724498644610297
0.286124572377484
0.066330242155231
0.216315885134851
0.711473275706936
1.142423946690124
-0.999381611678972
0.666485521804241
0.104497135744774
1.824354037828373
-1.076751390927122
1.491079170186791
0.995685992782088
1.113002768016789
0.204284757855418
1.133282094458801
0.842222790336903
0.898861158498415
-0.019062733013360
-0.019301136842955
-0.545371301337460
-0.118937909784709
0.666831791719896
-1.804633998678725
0.044694386059641
0.481265140853321
1.102375976095320
-0.656795494412614
0.072818006644475
0.084989865097435
1.292030794169582
-2.455768603178402
1.327139626676567
-1.268467137716082
-0.161624665559740
-0.529171423872863
0.369074529004903
0.298447524184131
1.623374073436532
-0.253870051969374
-0.257441750392705
-0.992276488117353
-0.921529089353626
0.555991956669075
-0.919743444815317
-0.341392224286856
-0.977383909517766
-0.294468438826631
0.573534088113656
-0.153465727583034
-0.571777964359817
0.244372797633553
0.517017239211289
0.283212381934505
0.473038261972379
-0.148555536857075
0.183006444084175
-2.093326308373179
-1.870898696701890
-0.771715807441699
-0.538458598921057
-0.215951501656091
-0.294733520848236
0.979939396882207
0.653473075789908
0.690133003012620
0.862835322293971
-0.036007798415148
-0.998926977230609
1.463584275791517
0.208453377220344
-0.536222642927024
-0.537791841325002
-1.168931126071822
-1.708263974079415
-0.779252345854432
-1.342218854178379
-0.714340269416749
-0.984854436670346
0.184300335293995
-1.225928567253977
-0.587098980310608
1.241609882864427
1.751032203104158
-1.415624455802557
0.773680245256930
1.372382499565886
0.253463196671697
0.007352938801774
-0.658510778363075
0.007693723270532
0.127917673717976
-0.455939377651807
1.409000424911026
0.711898998490224
1.263970158413867
1.345631223251466
-0.145714166501357
1.543307612230964
0.704520617036127
-0.468276008900591
-0.072021693452638
0.937842361360302
0.287744582147161
-1.488726246595156
-0.059322967285028
-0.909639751643934
-0.447172195771269
0.504055535405626
-1.029609371475714
0.873326773440994
1.316667249676540
-0.440637607372252
-0.361105018697920
-0.718576614890028
0.576260179356064
0.591679807729737
0.099877823960806
0.349226004442013
0.779754232556077
0.407277393481745
1.380802243016177
0.253057731252398
0.584305559447926
0.378674488138105
0.437535713412641
-0.591929650214185
0.884815794740502
2.370684081164927
-1.996767156073148
0.250859944016980
-0.195730202425671
-0.504904638859363
1.441346742604557
0.857826164412788
-0.885529467743719
-0.231707334324809
0.690403398092579
-0.344792216013728
-0.013631590547578
-1.154390430270361
-2.125098864382665
-0.005124414372097
0.656065104293799
-0.383939200684943
1.197122947705821
-0.543124962509224
-0.088532527353937
-1.815961698749536
0.033047306304219
0.497782633264059
-1.828176935461889
1.429256355019007
0.080643191251306
-0.248397674505403
1.128918758696035
-0.168665012491020
0.180129818079576
1.029273286057674
1.231134049782631
1.380604328598192
-1.692976260131107
0.168309752661528
-0.290865303200450
0.551907207460020
1.679439249350462
1.709035202416582
-0.801449520734816
0.035985671636441
0.417619153752483
0.031274819916214
-0.949180181896823
-1.121387371505394
1.279929977771236
0.805171232901664
0.045582158500612
0.404922426492685
-0.362937021656793
1.465074367268886
0.243041309270890
-0.493390182360259
0.650698562716630
-0.576975666341377
-0.498128624027101
0.285318686501486
-0.861361488464592
0.722854766236786
-1.024177903171295
0.518639187954274
-0.197872560266480
0.856839852037409
-0.316462048150336
0.842369655932704
-0.645917550387047
-0.876380956700225
-0.383908610913297
0.175257959872640
0.785496545210302
0.992387422907260
0.533598367645153
-0.239343212620835
0.210199118289319
-0.311771228016726
0.237241190485990
-0.858073403136169
0.288791728028067
-0.774115690443425
-0.293487432123492
0.928321047774192
-0.164271320340622
0.573296184487413
-0.563748299841494
-1.501513214071972
-0.838617624709242
-0.581394887075782
0.098738173833008
0.268399693430440
-0.782206326688878
1.627656799319493
-0.583701564311707
-0.281060285532453
0.269763084828293
0.632996556854971
-0.212648361459965
0.447052269707866
-0.544899096261028
0.680027772642083
0.879934869416564
0.056469199723611
1.664354862498398
1.408892480267514
1.566642983436754
-0.042500634234090
0.241549606880957
0.301344393566970
0.281803426952068
-0.555407080984149
1.057406446073533
-0.434743151328627
-0.729836189233483
0.381120340207939
1.362811509240122
0.933609057961581
0.083075339675926
-0.496847955860999
-0.381813038719169
0.992305667222969
0.570875855202695
-0.366358033574495
0.442275111031051
0.075030717773602
-0.833902781801033
-1.433555585353524
-0.231893131555597
-0.026098496863696
1.173531493516144
1.301391328636916
-1.183908689564217
1.021802998007651
1.673332524179257
-0.634494805342204
1.641465436119905
0.263277633395811
0.045297807100005
0.859847814201928
2.189788757495315
-0.795196227923995
0.848667288317091
0.225836512799547
1.721804220143610
0.889577876129977
0.123175108736482
-0.314003570090468
0.859981712180911
1.097471989478341
0.986014690180869
-0.754512758323119
-1.909366323415286
0.116036555321067
-0.574759372392234
-1.022294493371770
0.405849681397473
-0.384108717830582
-0.508699465485786
-0.132013277494346
-0.634070585767831
0.801994618619576
0.241562501371433
0.901782087119927
0.487399021749153
-1.055407727953307
-0.554070052969721
-1.550539823488595
0.883601353907449
0.480214328853870
-2.226413634407171
-1.042093986486757
0.189752978651748
-1.649841378004311
-1.442751828888306
-1.691794909597888
-0.790621728223986
0.434171820017639
0.725516137383138
0.222019763957223
-1.204938746717861
0.434962245632745
-0.421826163432379
-1.194436809382142
0.226322299755879
-0.646466577959817
-0.961503448433125
0.570065710566431
-1.173827852884957
-0.759987381812731
-0.581491763343933
-0.588784466942440
0.576076032498204
0.757073925658179
1.270810144680802
0.617691170946011
1.220439935685491
1.207154261380212
0.592091331478992
1.197057123606718
0.347685662965321
0.083169383053735
0.185528133169570
0.917098689847856
0.085167992807805
-0.223184227237602
1.343493034858988
0.131390072962000
0.690285736345177
0.704897926322035
1.878120411656191
-0.205314582941867
1.486724532663881
1.401714597640218
0.512576486552983
1.229807742109282
1.110953844122130
-0.464060387455677
-1.015990248316992
-0.148067988441546
1.253463444983734
0.008257981242871
-2.416890081766687
-1.606141199437547
1.173905497774700
0.429759839547070
-0.024735235652558
2.183692226688164
-0.448970338620639
2.074494096100057
1.438659729231073
0.597539626958359
-0.148254807080071
-0.677247054124007
-0.963966530529129
0.492683556480581
-0.804656724800388
0.012622890258653
-0.656955659077557
-0.674111284792151
0.721261433866199
-0.573921979246517
-0.140575896902593
0.592128229106214
0.546536164420251
-0.508639890190810
0.019906210094866
-0.444606218793878
0.737617570559956
-2.472133085268319
-0.469500199417131
-0.119240032712411
-2.287133352370233
-0.685395065353622
-0.653433329949904
-2.389932040511757
-2.240879445248297
-0.046503365769596
-1.063014463675708
-1.548545361030958
0.506393299785477
0.162867468657726
-1.453057147559466
0.069284040145779
0.107680478026574
0.798137347875387
0.047263290299973
-0.118046469102903
-0.489453132191230
-0.280370269593048
0.256724032103351
0.262912687837455
-0.114907019537577
1.100216081364304
0.869085804649073
0.984864363066291
0.206609951086040
0.022292142645441
-0.320976055452868
-0.880184967192838
2.233872879240340
-0.052596574778845
1.246632504107591
0.318788141467577
-0.045421945133428
-0.421888583841380
-0.235308631654523
1.311447665700004
-0.082711775392131
-1.242319670984086
1.234717611346706
1.397376481480243
0.489916663742183
-0.317294586364687
-1.569028871951162
2.810566028280127
0.111367714789515
0.549091727743199
-0.290885006281025
0.487511973698588
0.039522921926762
0.299453118999592
0.359668599762159
-0.838900163405748
-0.343982504857250
-2.178213723167679
0.472238195864548
-0.708249447447837
0.058627246083128
-1.871088981986726
-1.969572256998851
-0.343936741875619
-0.723057327887225
1.956877743550377
1.441083768658709
0.203583416483766
-1.220845815913411
2.042810403748665
0.605643086337807
-1.104092699922816
-0.014136325421534
-1.701498291226657
0.274177488476533
-0.831469822774207
0.327213817612195
-0.490252098380263
0.150138127179484
-0.591487609383763
-1.296644384227735
-0.244218730337022
-0.188836431468448
0.598730602891637
1.232617970338280
-0.229033970710428
0.396410439052386
-0.116578829833443
0.472260329157888
-0.387776021410952
-0.104704889399676
-0.535335396947353
0.386107246543730
-0.003355538018089
-0.506479410345328
1.716003917471317
0.771037827297377
-1.898953012690911
-0.529626492667049
0.183989748898475
0.040027497722958
0.102060365296701
0.698851552278709
-1.092571274384025
-1.055935022193406
0.715411110854906
0.101690896319546
-1.486524373683443
-0.389699638856916
-0.302746761849999
2.768425395928274
-0.086989950659219
-0.975849341171122
0.461891091451885
-0.150333988372365
0.788472968838655
-0.203891886489385
1.153297194538526
-0.430292636842948
-0.900764622207755
-1.208030464483727
1.311408116395546
0.783073533469567
0.595627129438320
-0.557658607188298
-0.704066985657409
1.550765738071552
0.366834768540746
-0.707217425029268
-0.739423387018776
0.408154394241364
1.339976039523190
-0.899537359587376
0.767276793912545
-0.113108898129993
0.931856247324263
-0.589621130742671
0.839072541886598
1.163546169126473
-0.281634445793383
-0.950607288028189
1.997298230295853
1.068200896981191
1.192440239558058
1.969381593531634
-1.118961178906940
0.368200269829536
0.219889016950738
-0.702302718869051
-0.867856975852189
-1.219119008275578
0.498982409027472
-0.348362079727053
0.255712112667115
-0.322641555997573
0.423221911641791
-0.851121981768577
0.144058851935751
1.118661044247511
-0.063139373614000
0.533732099230331
-0.665356601853778
-1.070457916038714
-0.142598337678904
-0.116392901548275
0.992917626256147
-0.844561887740810
0.133837291763145
-0.609558588587477
-2.010856389330832
0.107331775460989
-1.330101973290375
-1.086416822398451
0.213124738230774
0.344298183221022
-1.277763574604160
-0.683522907904644
0.447518152196441
-1.527577562302488
1.982533749829593
-0.741728316760394
-0.361973847330270
0.873483493499335
-1.056863982925995
-2.480523675500008
-1.575921745060001
-2.394669806856028
0.087717204023056
0.644779127498764
-0.473343564984144
1.270873090696369
0.417801323962704
1.175719616666675
0.674541915200616
2.261978787689519
1.614898867565558
1.553062166704934
-0.096476326997561
-1.091014639095176
-0.872012999530238
-1.909667991103478
0.352402635437543
-0.664795396416141
1.421556312394697
0.036685528850608
-0.745042876628095
-1.228962896721101
-0.022636295889778
0.649740982657633
-0.219829696011896
0.593348221403995
0.471369975888420
-0.574429456111699
-0.285502346513910
-1.515107700269192
0.933703909905111
0.598758591945047
-0.356331919651311
1.024152400903082
-0.600085283254701
1.963390445080602
-0.131896899459400
-0.155067103741623
0.453417584822700
1.604788714997291
-0.462782383269675
-1.035748625034820
0.218274527553567
-1.215792762972765
-0.091420477533479
1.655113602065227
-1.454522890901476
2.315331577546810
-0.800677888049379
1.047755218906981
0.588045507298094
0.309609844737119
-0.636418576731660
0.316532524156234
1.035738177389145
-0.654847222643642
-1.448550146491301
-0.281898228257124
0.397572935430821
-1.383248384541525
-1.566588473915822
0.427046334316744
-0.329909527937389
0.628587295109946
0.327183808285424
0.829570354592823
1.318464838091713
0.589832582001090
-0.935033813432712
1.120193637670145
0.380872001276615
0.879937308751952
-1.652197249361395
0.247476531288283
-1.414437145667672
0.412481252515042
-0.437322911014858
-0.460560181109221
-1.183427372206109
1.275422454387993
-0.770755809650454
0.252242119903194
-0.450014095019167
0.180082200549645
1.500732014421413
0.392286916836697
-1.825718893354566
-0.528347546621378
0.479114075966183
0.499029674306975
-0.306032174505358
-0.356979093053001
-0.845871454866701
-1.343580767346677
1.178130998125232
-0.665386891164270
0.103361562708565
0.277725752136499
-0.238173074550892
-0.921889037454989
0.147878136863319
0.186319885137625
-0.133433480359147
2.033400971136983
0.323350739886077
-0.444798708257625
-0.511494349547925
-0.701541879998644
1.182357314777656
-0.177545926728658
0.175143645698527
0.237036861172428
0.942484030579652
1.485944261901089
-0.724646430821829
-1.997980496334949
-0.641193142132417
-1.596846730877640
-0.026445361096153
0.144228424156508
0.071023542789214
-0.621362780127311
-0.043313653632377
-1.147266109385435
2.262062187626614
0.271077661784835
-0.410261819057670
0.171905849537298
-0.516867048651916
-1.522191462219648
-0.672515058353619
-0.607707924130928
0.239138636925096
-0.578835843540055
-0.802539098208250
-0.518860656289047
0.990864952659808
0.518297309241230
-0.680417758676378
0.039628694093474
1.659330052020050
0.904547281773058
0.951892248241763
1.344404507445423
0.055167303651944
0.052718460170812
-0.214405639319110
1.728196943443188
0.025113381093991
1.228210375255396
0.305151062674811
0.270941505441156
-0.842897572704187
1.197671117873852
1.291321212789735
1.153141865615108
-0.995433751869177
-0.040709049202691
-0.974162230890454
-1.013642178832193
-2.160203194140755
1.374192483925309
-2.598900507497399
-0.517534673161420
-0.651532809014570
0.999669709143091
0.027562439516601
2.203920304425388
1.828708295447913
0.518937734830745
0.701702057477140
1.290890939486999
1.788446820830083
0.658909918473418
-0.552294203193386
-0.243449946890032
-2.367719017948042
-2.049086428781851
-1.753797355648186
-0.982446784969002
-1.831384757041557
-0.167286531417209
1.194325049704295
3.073232245733974
2.361211555136161
0.250959389179142
0.700595355582495
0.989720309197312
-0.469120338038303
-0.223940646501218
-1.100329755865995
-3.062521747779535
-0.740535977923958
-1.753166576403377
-0.600837992139439
-1.334704679373238
-0.848287102463938
-0.487151566293200
-0.071376024924107
-1.458334270833722
-0.565879164518095
-1.119236724671664
-0.961059654764889
1.057279934420777
-2.002624723360628
0.017696552563844
0.680932250390529
0.211377575547020
1.135551698457052
1.385276506555501
0.870837859815683
2.307434658786788
0.872960799298236
0.814964937641274
-0.399979809809348
0.812695667172653
-1.823781632453868
-0.468996928163986
-0.707809851217633
-0.159130533579925
0.843283550365250
-0.530601857588361
1.979562587259220
2.463261040935865
3.256781259544133
4.478507087739912
4.413770111092255
1.349405853923321
1.792482646262689
-0.492632663962875
-1.252090812475089
-2.895813615040543
-2.342928268990877
-3.357229942471263
-4.089012013008834
-2.396302330650464
-1.610927807499831
1.002462430650705
2.094303398712003
1.089315587356542
3.586667627327083
0.849622861279459
3.613107754989449
3.136237199565710
0.342754008668057
-1.016817438605684
-1.067531424909155
-3.021296920518001
-2.744652832313658
-2.285563693566359
-2.012027085295844
-1.836408673375578
-1.396507465864830
0.116577442710430
1.114819798259415
1.624113949927929
1.768282178127923
0.816899392963092
0.465920567596682
0.680683704350493
0.427977146554733
-0.787272952319133
0.350756864846743
-2.276380834879476
-0.877420292153120
-2.256280417006578
-0.891767683113630
-1.618150518987419
-1.351733411605024
0.602480143844242
0.326483783131890
0.715517201434919
-0.162405303330889
0.830203930617429
1.462701826296584
-0.175945727909231
-2.072371853619920
1.740883103037468
1.309428622121859
-1.150891249394352
-0.547668321219750
-0.404604855698005
-0.463483561264371
-0.119009704975651
0.200121709627859
-0.518562102202885
1.504523478541313
1.337125686349033
0.092447148505604
-1.006934391060702
-0.524600812039127
1.393235036186538
0.461214400753597
-0.512007253624753
1.156618179258866
1.736109582915170
1.131167832202263
0.307184133341434
1.055688161517590
1.140801744422425
1.027595511673432
-0.320101373201637
0.088104142534161
0.338706480818918
-1.049035238703308
-2.014407160885340
1.279657521803390
0.028232504072086
0.447904127822562
0.396726089686215
0.678852092413745
1.465847960526518
0.739683758082214
0.453314668732261
1.195370099561608
0.298931784536519
0.545775265188810
-1.062166007909737
0.730353306977759
0.373213273511129
-0.640578942487593
1.189865187246606
-1.593348149844529
-0.737374733666131
0.490238579223799
1.049465354546396
1.472590364866745
1.182824548342619
0.557285719615115
-1.530369073601964
-0.871682107522864
0.178045018426761
-0.371843300799317
0.679757010897795
1.275374852051800
-0.205186113276453
-0.222446404533414
-0.669067336060201
-1.952390135810360
0.977342305397868
1.162573652157382
-0.260629725259591
-0.376691075495364
-1.321153137166462
-0.885332956563473
0.555968954361088
-0.631668098329292
0.001735941666378
-1.476873658939834
-1.469562541135548
-1.149517098353498
-1.408614055209659
