2.386783752159265
1.929580357480562
3.891735743366448
2.692608373765900
4.572650081428906
2.774628022536072
4.183924593189325
1.762533662275602
2.347791224674579
-0.758683108436161
-2.776868107785194
-1.849227064644132
-0.845594995124330
-2.814105604369286
-2.031531881081536
-1.518185648428477
-0.090620960206957
2.362108592446567
2.220762842857051
2.701168462187269
3.307268906861716
4.185706730031440
3.281219153275615
2.784908669818531
2.453268414823767
-0.085254420005915
-0.547820923158404
0.306362115132914
-1.895975203505195
-1.274508262834305
-1.776285547849023
-1.485502798720279
-2.023006214672303
-0.342462377903894
1.364946262574588
1.911502122947623
3.164194374180112
3.552142685968646
1.895173400915834
3.022937231278168
1.377187245042532
0.975313993788929
0.077229581179891
0.068134607889799
-0.205850037727875
-1.263037816796434
-0.839412308129136
-0.461879935634888
-2.109618113937173
-0.232430567653340
-0.575424618729352
0.275669937498514
3.266535387302802
3.088167240410760
1.380361214785075
-0.601356110053922
0.041490874567076
-1.325830026379776
-0.850677153760923
2.008177957147930
1.673180993017285
0.231924723337395
-0.634582208263863
0.754478758353168
-2.037976274724757
0.900918082452918
-0.116463419028224
0.098177791044208
1.614478710677482
0.445082711856100
0.603747860805357
1.931349279795078
-0.302708559883690
-0.034201992819862
0.295986118410023
1.894880760338110
2.390972388607887
1.233639287971054
0.901124649721047
0.443952064800638
1.101408834039554
0.915427935204735
1.070127454610691
0.418750234948048
-0.106163062674811
2.293695422923887
0.061048487563548
0.641452291752277
-0.301164618615995
2.110258936286754
0.174908985244196
-0.026830666181935
-0.562835689565386
1.840314769443243
-0.442424916352714
1.244804882871339
1.564905054815441
0.840086267805915
-0.094821431034558
2.354703061744442
1.336509292209831
2.519442898407710
0.212276454495336
1.556009934172580
0.993116765007283
0.077123020966845
-0.029027848194977
0.230359556312752
-1.007629268597015
-0.649927991624366
0.802167697258258
0.455795735759042
-0.608602717209308
0.106333533748746
1.722144370330641
0.547711478802625
-0.341068228256152
2.333998313743308
0.848731849122281
2.153703678853709
0.626661252659581
-0.947787382946069
-0.422037562532852
0.107977380128334
-1.257372314997177
-1.244391892393363
-0.604404899510796
-0.686185491256387
-1.788452404482388
-0.436081581408926
1.476648405387201
1.091302064891125
3.084949409095448
1.289228951277521
1.095467396302360
2.235092828130504
2.035649553238708
0.971886731834268
0.726149364754360
0.625144397988486
-0.261434035317967
-1.488161112466044
-0.279373569104879
0.388186050819299
-1.849049622148552
-0.470528543547709
-0.041694648576867
-0.072334186619551
0.358290833675027
2.993190917747564
0.357387532499676
3.038351489379354
2.834174534447919
1.647929218769868
1.679547716920894
-0.835519515083346
0.444278882045375
1.467506626882886
1.049340118095513
-0.632723214752045
0.717402319178516
-0.835933912027400
0.001178312393189
0.767045820218032
-0.587129311824460
1.979532964639539
2.831798743221806
1.782663220537553
1.155726410669384
1.243310328402956
1.414385988417323
-0.188428164814066
0.796881760913579
0.940793947426821
-0.780377656709534
-0.308914718933993
-1.457243362435467
-1.085451441544070
0.167430298906280
0.208040027252493
1.268219340045993
2.371223848596912
1.124368594615905
2.103048614554181
2.085693280112367
-0.103875768863860
1.094036268627295
-0.649549470539890
-0.518365067159169
1.507821898091892
-0.170401995147816
0.304730360129101
-0.673253273555464
0.647695890512890
1.506283439019762
0.609786807840795
1.120343964926375
1.278590218543112
0.663752533522946
0.698182379678259
0.480710918146753
0.123149739323794
1.522891023884558
1.010498024568663
-0.769391262893916
-0.725445421030243
0.705548248904666
0.084081634988320
0.228542066868081
-0.071843961217930
0.006391430851897
0.355210789428740
0.897182605174528
0.985003671667813
0.552476321456257
0.998413578914015
0.190395583231183
1.872389492128421
0.357589201873923
1.394347544578411
0.368501503623993
-0.492497104282166
-0.710250423871220
2.051442281714877
0.584742551252861
0.745596555878182
-0.181088747107720
2.420603108008308
0.482711080065000
1.372394793443765
0.680456734977071
1.443724537113170
-0.601572115957675
0.393320667007852
1.075403322600777
0.902682264853634
0.746607786388864
-0.717460462139330
-1.160378545293654
0.985546136801943
-0.168399074298525
0.344055484715107
0.612527008303232
-1.450019409063542
0.712892368236348
-0.274449916871328
0.373699156403403
-0.011378589758310
0.928893495122613
2.034493471934071
2.222537925238615
1.776510138518649
0.991946793784136
0.426860961199318
0.289258045063060
1.398530381640622
-1.808752451309535
-0.906456537914474
1.003167569674432
-1.232293029583416
0.523374404116164
1.242631900594264
-0.182877443299026
3.086181762063019
2.780533613876925
1.042592939438026
2.113391148241118
0.941961830462172
2.010847247981037
0.613811183432341
-2.483012218860169
-1.077871068915524
-0.262428129466603
-1.527684826031650
-1.584632983486977
-1.663576589638069
-0.459025167963697
0.968560258944041
1.597812348270032
-0.911226873831204
2.281537881236042
1.807757603947747
0.823662420351855
3.304500295329983
3.206468677153255
1.482957691433920
1.246923725950688
2.031519139120543
0.690524591800383
-1.545880136912383
0.058214674640463
-1.485525582849246
-1.531977903944925
-0.255392186800829
-0.546597269564892
0.790399219140428
2.381693647910564
2.220424740530738
0.207788287963800
2.656097352383220
1.369883073988206
1.227169113739525
1.249484401890582
0.537410047319725
-1.144959462390632
0.037353650059317
-0.037322395187944
-0.294596136029913
-2.670179588114474
-0.740841247468908
-1.650666349097856
0.328903205981876
-1.145775619281030
1.591105270947491
2.092591965990371
1.820371519652881
0.613579608649830
0.527142951993790
0.281822500643528
1.044185867573629
-1.023221804486083
-1.888905667648306
-2.597822552393628
-0.656635847037794
-2.791969414792584
0.310271146813893
1.763741214740894
0.011485862139782
2.542268750489485
1.217435585339565
1.825956943946744
3.797541059798790
1.765062382128069
0.983318059389417
0.975467810585447
-0.431461048888524
-0.696676391625211
-0.615720314582858
-0.516592264800491
-0.819841786814136
-0.058969040564642
-1.489628593934867
0.391729759183497
1.547708771721212
1.139625564352259
0.213726199088835
1.898115934304264
1.595192998177242
2.806195650955488
0.162447060836868
0.461786287416135
1.433101686327295
-0.862446008216095
0.149840466361041
1.797032216627117
0.074847462687432
-0.277729665283549
-1.757404999642570
-0.169970581452913
-0.379721338654022
0.397503676585398
1.449357346270806
2.253871572007984
1.620206351265235
2.530910282726678
1.633901063690623
1.216287337900843
0.876701983875171
0.970472741233053
1.201925510556972
0.299465863579107
-1.874543430185597
-0.425485558312500
-1.419735106883152
-0.404239076915509
-0.848015136774418
-1.234927019065814
-0.160225121784428
1.034800462160350
1.817324264230234
2.649115127428631
1.841351421289746
1.454172944690963
1.037291295886567
2.090844593337843
-0.157807003473952
0.445991711712649
-2.976837435003628
-0.194295266140085
-2.142070919444285
-0.637848737220138
0.233243308023751
-0.475255206952161
-0.311708883339775
1.553298597066820
0.135741946919451
2.873922641680867
2.254010820971712
2.169821855434208
2.418417969856446
2.057182828197520
1.753234210311747
0.432472643029940
-1.080488216720469
0.531018574804152
-1.243670430981573
-1.138262540920467
-0.609704406884374
-0.756966887995972
-1.605397828486320
-0.153321621602895
1.551055140054125
-0.619230305594683
2.235694342828506
1.357950719438452
2.430690099555306
0.939989258335132
1.718506660411724
0.302060217275559
1.073962512155612
1.331812630935241
0.203714360996413
0.418226740475196
-0.516534254772237
-0.821625443363615
-0.816779255378029
-1.445109584878577
0.823777165233869
0.012467252086991
0.355719471576745
0.874348672477319
2.574010078836877
0.908000052973912
0.054820200633635
3.284945503294737
1.135261054675340
1.822644317451707
1.847245731328293
-0.403328973457553
0.199541673142772
-1.231522794407148
-0.412697603075813
-0.739454547359952
-0.502316902129967
0.416268123935134
0.390034826350345
1.132770087723085
1.349419804932092
0.477898868067406
1.461140591577421
-0.530708214795733
1.134350794102065
0.495424936377670
0.541852602128349
1.702849960977340
0.378006536131333
-0.237233500911474
-1.537405451578306
0.611207053475998
0.162270850152617
1.978599140795274
0.173735143204920
0.114888415404843
0.989115198981464
1.326368866515237
0.725168755033449
0.015364531130525
1.259146143517174
-0.261685244144085
-0.119328446042069
-0.348099501010511
0.058665404474924
1.028397980232040
0.133430677256055
1.019084416410968
-0.124852586811896
-0.487689199188979
2.566967596221701
1.582821676288401
1.301320169380860
2.749281423627400
2.391572377623456
1.227782380025296
-0.462130373197595
0.602776511013660
0.930057361614326
0.918880954683770
-0.447832140284382
-0.894127297096992
0.010009346683847
1.184429887790023
1.190028218752167
2.018573066283810
1.501463075498577
2.700171522902974
2.545640319549587
2.112701522110202
1.863573092527294
1.645785228720746
1.477688228899416
-0.041211486570369
-0.841068092139193
-1.679462150311880
-0.474732953354189
-1.043576564854882
-0.381876893499247
0.221984597974659
-0.561892985848100
0.906185151763691
0.322776963958209
1.452132178003921
0.667693560090188
0.685210104783524
1.729692022308576
0.867993577091667
2.283539359025863
0.954392283838376
-0.375755555443682
-1.700489629409652
-0.369225024497577
0.432817181289304
-0.854927278437636
0.420653397783914
-1.887736823150467
-1.614122609128746
0.567999512867818
-1.962134325293426
-1.270603953643513
-0.782645480882062
0.848771468881445
0.994944168597265
1.649519189036204
1.687352151831076
1.628318832567861
-0.191331374114067
0.450609917572789
-1.539307019576845
-0.677758109851953
-1.045801846632972
-1.616230950869152
-0.578778940391115
-0.684342750429608
-2.087983904965925
0.530828384829202
0.720439682327816
-0.653126368566518
1.409901811216921
2.572442703307378
3.455767877979417
3.075995434143974
1.157912209021345
1.485186564787469
-0.673577714397399
-0.467353586439458
0.655748980366052
-0.437710553668369
-1.211838272521468
-1.456948711441986
-0.394233489588428
-0.166703234319608
1.846534219717454
1.868786955346862
2.196500219323537
2.397417163982974
2.049767343210221
1.604893557820032
1.794753348646822
-0.333068585717843
0.270802248121064
0.047729830265867
0.521474090734980
-1.502954180423286
-1.555921780218154
-0.597627102705581
-1.304511332599070
-0.171129639669581
2.230880580296121
2.348054838200248
1.792119143611391
1.979154975819732
2.782424429664001
2.428652246040574
1.655605215414113
1.182394586858505
-0.572895186290814
-1.159856485474994
-1.278354793524190
0.052246136027818
-1.306590784211181
2.087399598396313
-0.004934552127180
-0.179067873124650
-0.172858497866847
1.443034677617053
0.043153098108644
1.775064213931417
0.206442477284464
0.000895504184483
2.010041499232671
0.341413639608611
0.290336724757859
-0.506022011423120
0.239740121629289
-1.117871039415431
-0.164635126053522
-0.064914380835132
0.051855282524938
1.077665822473810
0.701340324219256
1.185733131797684
-1.397482344738616
0.900629271442546
1.776360432462215
0.963926564869699
-0.649564096599782
0.307466164977497
1.062198674342307
0.980931554236688
0.273170505469428
1.047718456635260
0.535111617458650
-1.836962105661917
0.307449153609344
0.591716167241761
0.148276720252011
-0.429168887551209
-0.093526890208412
-0.649073936863631
1.280179350509376
1.477151738738087
1.109149428469791
0.935534441959284
1.049528593619253
1.691109768491566
0.970390408289898
0.343552683533375
1.288412777683647
-0.783405652585025
-2.359817210949577
0.408816314726693
0.029222474744306
-0.061178765241826
0.351284985482840
-0.302319336469570
0.711468675565276
-0.137958455318396
-0.316551766941062
3.151517198813358
-0.433332542566057
0.785652153107325
0.704464921319263
-1.113452974321550
-0.870736965932738
-1.240224032989404
-1.053308162559083
-0.548490738604933
0.622451349192911
0.457195449900915
1.293333061850917
1.840471068570917
0.942102552531942
1.901593056800938
1.792155253529487
1.360415851134175
2.838953974823072
0.376167398735696
0.737965672084955
0.936995462253928
0.950780211010321
-1.108322387515036
0.183385773259171
-0.989112663504143
-1.373214670055213
0.473902483526691
-0.701709699229387
-1.657800862945752
1.575080334083634
2.638424524674433
1.531893298163594
1.946880505585845
1.497358924997402
3.713069971411635
1.234135374006430
-0.108192975166581
-0.649348557390018
1.221730510965198
1.164710719383129
-2.150531910593711
-0.768382876541660
1.686960246811755
0.639010985985994
-0.152006900213525
1.500852235373219
-0.444404710176472
-0.267802634072886
1.686664491802163
1.717102598354625
1.072007389686154
1.216224380354891
-0.472590622163017
0.196658698420800
-0.687350119022024
1.257631916326812
-0.558950121684761
-0.534846000164516
-0.160728205447893
-0.585776327331398
-2.092286930520030
-0.500530442404067
-0.594757511300938
0.649227675398616
0.302401451318674
1.503013797169119
1.855351113604008
1.334096568695818
1.420377426143142
2.532363616770561
0.532195032255144
-0.475706242005433
-0.775212626578669
-1.135376334661534
0.677797077718481
-1.773133560357161
-1.516467602181213
-0.352749277665953
1.479775618502169
0.588054923790922
0.488744894246681
1.288258327671876
0.688857798250441
3.008516820236065
0.711732871699694
1.423921270651999
1.007409325444877
0.040316834689605
-0.146664679237149
-0.144860684464782
0.049722183003272
1.682347567910443
0.054859294274223
0.907554011129461
-0.808201819600033
0.295710924282684
-0.627151946509765
-0.641925239602642
0.045737985378603
0.339381602836511
-0.562759862153166
0.417848038528269
0.374678870462290
-0.099089005693743
-0.603251095379873
-0.496204837057434
0.388138728227873
-2.384315589544529
0.226654194231362
3.214852850260776
0.218192795728774
-1.977377615266552
-0.575177293161654
-0.595620539156494
0.307073588783604
-2.160697194669254
-1.474410626593874
-0.991564936114559
0.443779418937049
0.421991062798884
1.355841051730780
1.420475317865479
2.502019314286222
2.942307493534766
2.166700883419723
1.864385981518594
-0.473051247336794
0.393979709818883
0.465417670788205
1.441267745867326
0.633787184669602
-0.767973498951113
0.038913455406784
-2.335607735315423
0.599611062435573
0.816191574961731
1.353653480749023
3.022453395054130
1.730659036871401
2.478409603429841
3.100670274685442
3.996619101815991
1.847493182011654
1.762550250042358
1.800877802472137
0.592287513189541
-0.377082099767667
-0.457961200201653
0.942251880248904
0.454651667916331
-0.311256378017346
0.297193442507327
1.696087829670039
2.011343467344711
0.977252498698266
2.550684756373344
2.906218119647799
2.094897072384642
1.710676592585841
0.760013754864904
1.353722550899479
-1.275660627764518
-1.351122356468612
-3.286711074325356
-2.625450647353391
-2.059392902874012
-2.381581586277063
0.058353479863968
0.134288929860389
0.490154761416262
0.468548353116387
3.338639004128619
1.094210721953520
3.475688026029084
1.038530203205197
2.398038005786903
-0.712945495211529
-0.720592941140067
1.387050924643753
-1.834140198557656
-1.917623952147763
-0.461128361104081
-1.457472498902685
0.640572949776218
-1.914890181695119
-0.725072922111898
2.254094786931494
1.095280529272661
0.280172673744277
0.461873508129544
3.213326512325032
2.108911904692632
1.299295381587821
0.967985454639620
0.826565411319016
0.972533038698455
-1.992822851279413
0.405158323434414
-1.605058534148241
-2.045362061569343
-0.977216195937839
-3.042068827702310
-1.608959743645620
-0.476906261018596
2.132739703009785
2.319378364709482
0.530787195804584
1.629470291933777
3.954571876949992
4.577838605433584
2.415808279962703
1.954511405252524
1.609735437290955
1.400292432584517
-0.292130024118229
-0.468662547206600
-2.387464559369240
-1.408262557900992
-1.212181224002858
-2.586449136300743
-1.088680308757418
-0.329131659249649
-0.013206597342987
0.110526117895920
1.936337962804485
1.609457448642350
1.490940792332568
2.989936374407388
2.549960264342728
2.513120099342440
1.385011049101098
0.788333475421711
-0.522459584365691
-1.567667413516712
-1.893500543636308
-3.860901862909918
-1.951889494850005
-3.059705946449641
-1.123184663447414
-0.943254757285837
-1.267705053183436
1.547627198172234
3.516559995039537
3.670953664554642
2.917418509301188
2.729562640194790
1.932316068965145
0.380445235552614
-0.530231414966935
-0.619287633888538
-0.626703924310993
-1.850552532761669
-2.401780555793458
-2.220437916477855
-1.973796517801589
-2.772295996325256
-3.452022440002595
-0.495018292595023
-1.290257799980102
0.107470246494777
-0.121871984502310
1.893015903677807
1.525224800870396
2.292691978641539
-0.216583415453563
2.767007171534490
-0.797616602807679
-0.574847016299148
-1.369465804434208
-0.858968651394262
-1.404533968654514
-1.397500366247753
-2.744062504153363
-1.710186161530448
0.993614801926379
0.116341310456986
1.935352295902002
2.263032078881025
2.145429766440711
4.051575378322320
3.833812811449489
4.644724347392225
0.831951031176314
1.886191111471664
3.263488959385354
0.816786434238291
-0.552199094269706
-0.546957704478103
-0.516997545420364
-1.181554475759598
-0.468690849933452
2.276239368359725
0.203671812939103
1.226704273358392
1.307470889318979
3.288983595198846
2.607583039855112
1.596812756117946
3.052784427177092
3.189675351530775
0.809475798898479
1.227749588262119
-1.175848849597318
0.560832389250283
-0.879735975753466
-0.709918804334460
-0.989772025678912
-0.074640149732936
-1.580376464576381
0.897535265935835
1.510807156804961
1.573811901362724
2.677955401664600
2.604187614636835
2.458900333885576
1.072643162766927
-2.066212609955501
0.561481622273243
-0.380992791960734
0.177372571303821
-2.113727386040263
-1.034115566583810
-2.299052884673935
-1.439831142600256
0.115772812073024
-0.451456653146347
-0.905186114537956
0.269359895633321
0.945033351538209
0.179671605460351
-0.674911600035100
1.631064440931245
-0.256408367380632
-1.265431102464905
-0.719747934991049
-1.949494782214433
-0.468846819653676
0.475032642919744
-1.117023645774466
0.287759448570886
-0.118896673848882
0.168074650769373
0.365078737693735
0.110860016215655
1.403879252948421
1.647174559297186
0.140918381439784
-0.213659351552154
2.142549790138401
0.542011992211503
0.148850049497188
-0.130004566069880
-1.680725411060038
0.468583003429215
0.664001753583852
1.427979804688053
1.298908833188761
0.726147074012152
0.413729340798634
1.899194483909491
2.254613131523626
0.993068216097274
3.422368413700703
1.371960853733067
-0.335771056590500
1.089395185064823
1.194296701609122
1.571471483231885
-0.014911343882385
-0.036324290016419
0.352244882985048
-0.707857056213490
1.008165281628829
2.335690761155819
1.270144915908834
2.441073747720375
1.559379133342037
3.317028822584612
2.134344874639420
1.706367998303078
3.132820993580473
0.584850484856010
0.732449593831835
1.213471811792061
0.500661510592395
0.661851657997623
1.259424985044345
1.116123151957420
0.352796453479937
0.192032213656416
0.109825193384033
2.251971937028927
0.000227729015977
1.166600287952976
1.556879279602354
-0.311571323560978
0.998899082802942
-0.117966522557141
-1.019437178975981
0.088656816453462
1.563668473892295
0.324158284203858
-0.769236585763498
1.813179799048075
0.618669070804815
1.302857080844460
1.158057993572768
0.145371015643575
-0.702499093568284
1.999792605633945
0.906723603172660
1.907984156181763
0.881982640342100
-0.463784880464723
1.014865464333646
0.550596261833527
-0.868853392860938
-0.138641943824769
0.204813670825054
-2.006015225241386
-0.255978409762877
0.176146179525136
1.225037333296743
1.121829568284311
0.455709693500670
-0.234047668782201
0.910194143049346
0.552906939501781
0.231392732550129
0.740454340858571
-2.054757012168104
0.219371539344248
-0.361605913878158
-0.655363372030209
-1.171842568374607
-0.312582596723447
1.364958733746934
0.043224323001002
1.996530536433160
0.440194703208171
3.490642486132367
2.670100358078455
1.403120767442745
1.051782676876948
-0.162542455826437
-0.575195600990800
0.127546395723626
0.972357969044759
-1.968601483547898
-1.190304573468823
-2.102705423359341
-0.515238195166680
-0.332544717682501
-0.025997533559694
1.343422062050859
0.146895106073744
1.642318663840083
0.817468501827659
1.812055014307684
0.932835809440414
2.269067062187135
-0.587132452732539
0.420881798683005
-0.503264078768947
-1.034320402272553
-0.896567428601464
0.873414554950110
-0.405523408201122
-0.946040497627684
1.890283807803113
0.140816982035068
0.777241024572518
1.199029559549132
2.223757042643506
1.678917684276068
2.394454689320987
1.073524820820321
0.787804368739823
1.533268134129767
1.207840534333159
-1.134501396985224
1.490190616229976
0.152396496991525
0.451786032208865
-0.035130256090593
-0.115447351038931
-0.588382039651621
1.091907551211652
2.391708085865825
0.448259331681111
0.722298980194874
-0.088355904917945
0.114857757247845
1.379165439747412
1.163854030117420
0.702656778674953
1.076364025211910
-1.012750767438564
-1.163938602331206
-0.480822004993835
-1.079061297990379
-1.714089990092144
0.957253435716013
1.014810857176110
0.521217939093838
3.189070808840365
2.144308718140099
2.710695674473985
1.373370695854126
0.326425865369587
-0.595560692350009
-0.837877910721254
-1.724032181695860
-2.755441486435866
-2.619501994603537
-2.147358844474629
-1.643380851485948
-1.362900578235047
0.176393797770893
0.818402049734384
1.740620914367794
1.796142358204547
0.841640991424950
-0.158088755994052
-0.655201337479223
0.194171718788073
-2.331633479419894
-2.272905421466040
-0.062445041499285
-0.458519812570076
-1.344933340235642
-2.293799741232277
-0.947182586129278
1.032308051564468
0.580761478963175
0.602802764947397
3.368593398076681
2.098942739289214
1.066092541088627
1.202769692668675
1.435926778260052
3.138258079368828
1.443670477472498
0.623111797754207
0.130285073316156
0.531856709926915
-0.562310631257070
-0.762238431571338
-1.071991583887943
-0.093860057722490
-1.398273847129724
-0.103274184643138
-1.909196871616609
0.658423818259765
-0.027217320574242
2.151115449373945
2.841382683988146
0.801596538401787
1.597929178622084
1.640878322453893
1.313461227130216
1.981064223209906
0.547236193703322
-0.180262993950971
0.334015772870731
0.640057612753744
-0.602936210909624
-3.082966956537625
-1.716917933479602
-0.659974446069544
-0.329609800350096
0.777158124047856
0.244448637787095
1.581439512152531
1.069541502249878
1.607033106307565
1.042195525900681
1.811963519469420
1.931604545153149
0.606277832078663
1.317199590822359
1.004630369327771
-0.598338863251027
0.392721410841260
-0.547664598243691
-2.331868862032301
-0.039216400115748
0.153576577614479
0.921878062158566
-0.247695722313695
-0.022853213985518
0.580237202036671
2.334009271870729
1.413950126100753
1.672005260428974
0.793890405601125
-0.864896899920603
-0.671068817742737
1.652564970801037
-0.396735493535336
-1.872944554039667
-0.929811337902103
-1.538148842664076
-1.442443845109434
-1.833777780247964
-0.811866212988158
-0.880790052802802
0.998649657717462
1.613919021249146
1.635076965087031
1.517452023577892
3.301643791754603
3.991785142882959
3.738450847330161
2.091078179064402
1.647846829503070
0.805192932123351
0.272492487319630
-0.994492568395369
-2.373612243032611
-1.562029770348480
-1.752473170833665
-2.762421329552295
-0.973363524277483
1.915859871919150
1.323437211656766
1.325165545461315
0.594138341680221
2.543600335329457
2.921955524476131
1.204491360764196
0.850411196453598
0.285889524027784
0.860039647758011
0.464051229409650
-1.678806910933068
-0.959362899935642
-1.210015260339558
-1.264669765257654
0.460184268620692
-0.414340377437015
0.200973852594317
1.022284141939437
-0.913956500788559
1.832173405574076
2.236535244418879
2.279021614918725
0.576088911497588
3.047308809606932
0.838730774992289
1.134179450170318
0.022856372887802
-0.521239785753583
-0.890929493207893
-0.885629143707526
-0.384024169561703
-0.615497432222048
-0.686673021180128
-1.015033276938815
-0.385548139476741
0.097458297412638
0.490536343729447
0.777081163044646
1.444646562843048
0.632732492770933
0.082242318747314
0.469180692166970
1.353432712988069
2.230324838841454
1.304678344857269
3.018346602350227
1.424002231309623
1.588765066390112
-0.484100827684087
-1.560389405722341
-0.320620234100840
-1.211351849538526
-1.327540283851678
-0.072629022725497
-1.577816269745856
1.703407324729347
2.840110541001305
1.377332014085416
3.597302186671731
2.640637735464013
2.112951757041215
2.681052290357682
2.376096816830035
-0.148769402607971
0.194922597292859
0.873110183081983
-1.863569167739670
-1.930890145881042
-0.774984577106973
-0.615583093259868
1.803889249571412
0.192522673862197
1.588582461337441
0.974042103800082
1.428091390700234
0.900264823675749
0.850352161747340
1.952078669784970
1.524878505845232
-0.277930019203431
-2.086262736080439
-0.626497148454886
-1.920546502332920
-0.849862397874377
0.601332371736939
-0.841045508811661
0.038163125212777
-0.959820116091419
0.983493909848894
0.978518025848484
0.325604062557111
1.251429616057894
0.520569001780647
0.168331015502197
0.259405054426527
1.555334915221190
0.215310887380357
0.668272344445057
2.730856057973595
0.590911671143089
0.422314744989887
0.562870130549990
1.187820478078444
-0.729406372686116
-0.789158521473680
-1.911990162508896
-0.403988933116959
-0.882901220566520
0.331719653705837
-0.944328953486488
1.676687365935695
0.329340145247089
2.699739908619311
2.326268906949172
2.676420847970954
1.982836139150434
1.663127658889830
2.287421975976790
0.387148458251604
0.788769265869371
1.922661527163571
0.164949675813676
1.143834864931925
0.644710222545005
-0.306852158576164
1.986244031823242
1.086447260948710
-0.804218697165258
-0.978718040504720
0.252549738787465
1.064119133989962
0.177204198244529
1.319897296719444
2.032718386944003
1.684235844956170
0.934680419852249
1.159389876680888
0.489461237472255
-0.012637162835551
-0.303865505232901
-0.119803875815612
0.116745433103858
-0.321143440197192
0.879926684540566
-0.498300952229153
-0.585671434979836
0.038299989642805
0.352811476178800
0.567125243965884
0.084938776366176
0.211954074253307
3.280506669784970
-0.270127834147152
0.052765481257348
1.047950167405532
1.871156048998111
1.957562768814923
-0.043258187169911
0.941988497718417
0.043511505170518
-0.666374478926543
-1.968410217768156
-1.592123901044558
-0.831633786462176
-2.358977989018928
-0.925729395753924
-0.323002040481197
0.438175148490429
0.122557221338750
1.451987253904558
0.771853456988862
1.062347421241311
0.599130629996809
-0.310462867968122
-0.762119099419759
0.342968931402705
-0.176303607577660
-1.629993580757878
0.226538162008585
-0.433419345183980
-0.933872887783636
0.259825093497495
0.177362365449979
-0.013036042412903
1.235009237695762
-0.099719119666510
0.004761117485973
0.460184019223446
1.743150918104597
2.780015085700528
1.410949395493072
0.525316275881395
1.660724564527762
1.407969623867840
0.412737776356787
0.991239300981369
0.849080231330780
-0.028262558810130
-0.740233014884959
-1.509698331114020
0.518352030135958
0.353458379846418
0.510201781684031
0.571000182293854
1.632665421981079
0.987860320011849
1.770155801542494
2.427266849422799
1.031384177692891
1.209400272611680
2.706111534194712
0.447143980843091
0.965430078594098
-0.120042836325025
0.821357776115098
-1.058610856796175
-0.751677847504490
1.631750675307722
0.894583203044017
-0.768799871277839
0.746236831047401
-0.497228604518187
1.469359283402961
1.478218264350920
1.695404541832265
1.316428980324352
0.264616717653018
0.699539437595460
-0.177405916474798
-0.983308294775499
0.322341394903774
-0.084546223214786
-0.887890607582582
-1.053266314039239
0.083411058726114
-0.155384949951700
-1.082603776961499
-1.141535370957755
-0.385420451438612
-0.351633509797373
0.701687985829278
-1.506381354356820
-0.083943093316199
-0.306010773062300
-1.826293176408379
-0.849913112988111
0.100412748177936
-0.609531400954052
1.970653166409650
-0.095945941190070
0.781026732741990
1.132770675763604
0.484063222626250
0.465654416326029
0.907201855306084
-0.111657680427777
1.132207638886443
0.809444819620878
0.995075658426349
1.443456971789898
0.154315219367227
0.885009739846170
0.300333457428809
1.766196671818740
3.241093940597510
0.651296991273442
3.147462166230015
1.799866933772606
0.318865855973596
0.662323735757574
0.524992465223754
-0.044642020786240
-1.162652371973478
-0.779155831794255
-1.735807397886517
0.328921342730754
0.813658009790282
0.231574932566594
0.704216306626736
-0.335478849784130
0.742285185598726
0.652820670208765
0.158404982074252
0.289276699766414
-0.451994174354444
2.025557024332455
0.403528037486965
0.305595449964108
0.093722128772751
-0.452785387477857
-0.378517805271526
-0.835341750233606
-1.070320705464635
1.329977874513129
-0.659868259781465
-0.528765588037198
-1.185325385236727
-0.269334505803122
-1.225470807163312
-1.791777129324045
1.378805554084391
-0.672615351553457
-0.387245072249908
-2.405079022680159
0.601498573179175
0.415125129220759
-0.073459758053357
-0.592572756000223
-0.125095663965346
-1.508119683499312
-1.276385502956265
-1.389551564343832
-1.625354581864404
-1.346625158769627
-1.051786530287958
-0.169167103286542
0.419429496295465
2.739127146260690
2.386141225978236
1.511119612117262
-0.013509303502604
0.956442520711369
1.294256876230914
1.040934574570161
-1.017871421651657
0.137528504939098
1.398390147235695
-0.753925282284739
-1.466901741241081
0.306386404988921
-1.214124195791642
1.398654496829723
0.836554922659489
0.509926500033320
2.131467499810225
2.557513161815985
2.301639414403216
1.085234780428900
1.876705051599409
0.277118580410425
2.300687676252484
0.169090695933006
-1.068142115371192
0.121017581453564
-0.282254004822045
-0.917321520255969
0.052128021431258
2.288397181955255
-0.689358998241962
0.606337063393812
-0.234483442960282
1.123471066752332
2.573879516558840
1.742548721353962
1.331671123349388
1.261888677813019
1.566018825813435
0.822864498932050
0.036039881186900
-1.083285911509971
-0.930903325576009
-0.225849958738669
-0.724581548713322
1.402990693303190
-0.042470387914500
-1.508568203218528
0.402984189252399
1.291319567783960
2.003479817684502
2.076047605235451
2.600817584018766
0.168796977077223
0.493031841853764
-0.211000475430141
-0.446038417518109
-0.832607107882708
-0.089067096184770
-0.004596266531088
-0.847343406801317
0.548935129773310
0.207756727943708
0.584012081807293
1.554450235480359
1.177451538013596
0.814528415054558
0.686304747906257
0.998769080691880
0.093651300227044
0.821665933240538
0.164875747559863
-1.447611703406192
-1.000175573896229
0.021160213214742
-0.987280891596792
-0.158245577613766
-0.551078132946136
-0.411756695635847
0.309223277946971
1.575939442725179
1.070031746431771
0.570899456606580
2.297199555694740
1.289960706671901
3.905065865579570
-0.337267819154228
2.358452191806102
-0.252602711145161
0.213155524169302
0.442720667122729
-0.035572776712314
-0.333684991284980
0.155787295830410
0.050798901573911
2.562104756019102
0.404346830752196
1.992242152022194
2.441024188410287
1.366522331365930
1.513149579138285
1.820316098703194
3.888231430502052
0.900621875456730
-0.577363611229181
0.215017691939859
-0.367931104326439
-1.271614583498403
0.901596505164417
-0.110356203395703
0.725008573994289
0.787136060031408
0.242028377154152
1.337900977013088
0.741237356524101
2.672764773858635
1.140075065488719
-0.018859472051470
-0.341815682156093
0.121580569532299
0.750133719150858
0.520110997727087
-1.077702095966488
-0.804366374164976
-2.846702804142907
-1.681281073399496
-1.502802288266988
-1.152782592274604
-2.117449937531017
1.044167007921422
-0.164449501076174
0.267588679795133
0.671316670285799
1.698092004848419
1.071801172807544
1.271867947336983
2.069536723600687
2.766736117182973
1.556322064131622
-0.188386228756780
-0.517546394188378
-0.364744545227967
-2.182584223635043
-2.258857437292604
-0.317644420990558
-1.508447592176493
0.370508746502279
-0.845094522189113
2.243307957631988
1.703094414042462
2.859842591113891
2.593178495066684
3.290284648279563
3.956871019677829
1.840748129658714
0.559040625969950
-0.197160997253606
-0.713659175617195
-2.925426529511285
-2.470805987021984
-1.043946345453348
-1.655090189421202
-1.478631269882065
1.235103467074428
1.810865162302632
1.707348848058727
1.328908176588489
1.805815296111207
3.827990933017140
3.294548673855750
1.375805043057223
-0.324906273785791
-0.152015826995460
-1.244674881490408
0.540128327097719
-1.622822721840510
-1.090888951691527
-0.591436269073171
-2.165853766097708
0.851373022356692
0.205058559780330
0.709739382361402
1.516551262258728
1.627973216232984
2.289657359127377
2.794667195459357
3.645174062790877
1.556315829940594
1.586870845328788
0.243096799183535
-1.832231922371513
-1.013839874547261
-1.819939637219257
-2.024266292969896
-1.166125587118243
-0.340314865447721
-1.760795314710608
-0.513094717575845
0.442798214519595
1.382229963766820
3.136493000893998
2.689818507336456
3.885743365823824
0.323470517950955
1.796420420855630
1.083243394646413
0.724160868889419
0.450315603708245
-2.351947511504377
-0.353197831495964
-1.390144463978463
-3.443367965601046
-1.792075729726204
-1.420407384489199
0.501157293980302
-0.187646303676800
-0.301548879128968
2.094667071128552
0.983028750088429
1.373474172683162
2.449942363353615
1.823199230452377
1.797370034711802
0.387962811185683
0.438435803887903
-0.943893094788007
-0.897090762770152
-2.005680009115296
-1.663558536868192
-2.522239425776896
-0.368397385371271
-3.082386534047093
-1.896781468241297
0.559620920155571
2.776152905428536
2.124438035830773
2.972382883827160
3.055252555357812
2.649258576177364
2.314671886300454
0.812485052513426
-0.441839829562422
0.016944404284067
-0.444152512444018
-0.851438774294774
-2.649408319961379
-0.716594450391832
-0.941785885960273
-0.861005664795197
0.061018532865808
0.590474433025125
1.556790084890360
1.999896094361284
1.812192755845880
3.359552522643860
2.826708084090987
3.741951662845521
1.581437111101778
-0.935150944292960
-0.922194400337642
-1.203850469207543
-0.792950071671348
-2.035549542855526
-0.781225694062769
-0.630651834080085
0.802698255699824
-0.543078218696820
0.677863562402295
1.198747208867004
2.532400385092977
1.632296145781190
1.086389197159653
-0.000801107407893
-0.692112068635883
0.444431573116082
-0.529857409339186
-1.709295855095381
0.036341433221103
-1.218198314716636
0.673256417215819
-1.001030775920144
-1.560800566727847
0.479945521265047
-0.128006824232958
0.584880011518480
1.430809648795375
1.527921867642780
0.725510267596602
0.647780493110905
1.060794093979493
0.438442227943207
-0.302230464117740
1.081251822372899
-0.057621149847970
0.057167546290882
-0.013998580846654
0.266241646830968
1.829932525552013
0.212703016498576
0.903111235139366
0.555832997897892
0.782976721895011
1.192201075373497
1.131316532614373
2.819701385825824
1.689609293093112
2.143808032828846
1.025466432837770
0.159688715776184
1.708970253963648
-1.213684183346353
1.485677950292282
0.122469584229841
-1.210379138524654
-0.499669975613105
-0.861826387461376
-0.281510667870017
0.521135306004110
0.631627751194630
1.195998519540767
0.388994590135289
1.638338316095630
-0.303330907456789
-0.217861472412343
1.133640684706513
0.277820420120566
0.227923984267058
-0.523875965182396
-0.516424974301130
1.081192042606149
-0.537895528149275
1.217920336378841
0.906764625377039
1.456187648151298
1.062258039084051
1.207902050803653
1.338632980097123
1.495888368483936
-0.269589675419258
0.733514688966825
3.084905563900367
-0.037832810239388
-1.350730959526079
1.308019261611402
-0.123408398498839
1.641540418847009
0.049325343194170
-1.158069086805435
-0.482438884531253
0.960103722229272
-0.470028643077872
1.394763259796623
-0.137813370215407
0.518395794646745
2.064699919720500
1.006355759386240
0.117744721453947
1.430011622425333
-1.755069412794459
-0.806253418308636
-0.882421650132276
-1.644052725662068
-0.399320721156077
-1.457016908891849
0.138787709728538
-1.552917059051313
-0.861099811656668
-1.332344146015384
0.378669393503007
1.545263590321996
1.385071067698190
3.012394378248023
1.441869180045414
-0.044045960683227
0.749200996174510
0.837756341345569
-0.546174910043171
-0.727932789271123
-0.918240459001856
-1.378679881493445
-0.027342987534980
-0.337478394426357
0.167987513279165
0.353631756916933
1.662448825993735
2.259297342766868
2.278297741586787
1.129785733037772
0.844508703450236
0.922616428145890
1.427220546420945
0.628617128804170
1.808065525855219
0.722343262657142
0.505632781407772
-0.408740929487986
0.328122888885750
1.709914522725789
-0.559562960011372
-0.603511702094057
1.073890118392071
1.095693495699479
0.767266512353125
0.418855780228815
1.595978287586485
1.029783612996709
1.167499783467578
1.962198929251979
1.377365501622328
1.631635240554504
0.769492590824300
-0.335972014751744
0.891744615847997
-0.639316993744631
-1.498866295144447
0.467826323899554
1.158620314363595
1.597167954111761
0.451408345440468
0.216796543667264
-1.227692275470463
-0.339791155824770
0.163460213288839
0.943093220936755
3.281633514912849
1.041653686113530
-0.514894569656452
-0.772159957742400
-0.952348946737060
-0.167621991044460
0.181297852411582
0.485929177172491
0.378758112841353
-1.007622852486315
0.239532002855805
0.497394276512617
1.596516781758430
2.697562382638564
1.743465844730335
0.146810773333273
0.170674392550942
2.502346487757808
1.320769586125203
-0.330571531439890
-1.033372145168831
1.828514410491451
-1.256182049175476
-0.730123685140376
0.283802087734772
-0.598246120303930
2.011956781372111
1.623362000967156
-0.381820060186037
0.647121453903796
0.778875633382511
0.594560804621308
-0.704592630358714
0.490703976364140
0.459911936673524
1.049528253457171
1.010195483115378
1.437392903562138
0.094825720201868
-0.349320988229821
-1.300025611776652
0.540426346940738
-0.968694903064754
0.248693939009007
-1.100598878501385
-0.505719082374801
0.433184886457040
-0.355486805761053
1.338488316090158
1.953503343666515
2.018264530176754
0.737940002289045
1.883973199073281
1.190414878782921
0.757206674683715
0.616113457933331
-0.245297972298189
0.672078336818693
-1.470862410625214
-1.326180496532314
-0.471920429402037
1.761884712243280
0.461632718667804
1.432962415119256
0.413572016527705
1.878782882645625
0.861142402962870
1.913404626660861
1.530456737959970
-0.013504190884815
-0.245548202394462
-0.521161940023470
0.386414641714461
-2.274629989776202
-1.023883658314738
1.400339884583770
0.285351032085762
0.338155124552372
2.609712631498164
2.039374408069359
0.823856543478469
3.583214705952355
1.175554424500062
1.804521807471255
0.619910296894944
0.375452640709512
0.116454373398447
-0.043080465989662
-2.108443170238440
-0.840456692824126
-2.251521978668875
-0.041926074073616
-0.716284105348718
0.037703187895433
1.347876141611280
2.487742491559593
2.017975350198445
2.041991184305652
0.384945079606100
1.176239546669936
1.951451411710320
-1.535170048879440
-1.937563887695560
-2.725111927412132
-1.808224158048040
-3.304115903469177
-1.652482477271664
-0.971416682601426
-0.732712186308868
-0.035319299103242
2.119486320154868
0.850921675614102
0.616951178796369
2.764903414766010
1.923822409955082
0.772594600285080
0.455559591325128
-0.296462781343721
0.140590857557722
-0.392134101678958
-0.452915487627932
-1.197879978433387
-0.306203129600428
-0.177892812776225
0.977072429102515
0.443406523437605
0.062517116693938
-0.723260609583649
0.317351111882983
0.775036083113209
-0.558239042125444
-0.004612312844674
1.521607620922391
0.937639874303578
0.107432655476543
0.800978672806507
0.105381718543614
0.220717465064015
0.246997584825490
0.595564105274994
-1.552467712221972
-2.947084458113462
-0.579886000148495
-0.565429164879784
0.050084116714268
1.874257843060361
0.329356954633004
0.661674045244969
1.075208123346753
3.854674115812269
1.151627578893648
2.969241104498556
3.364157098781416
1.150260404842801
2.612983732364546
1.667970724093001
0.907998553916450
-0.460825505225249
-0.958382116541525
-0.484983061100825
-0.234053610424313
-1.317737554569563
-0.963857658429817
0.513161227699821
0.739945926761512
0.890785507087815
2.043546089395858
2.258294505672592
1.473453160247402
2.190297291837425
0.437510265211824
1.949485826935820
1.290314946528407
-0.581209104070387
-0.458143977766416
-0.818867264531730
-0.772940138628818
-0.593695098974391
-0.945247219899960
0.744379090794721
0.012510347947421
-0.518128939672405
1.764167111353621
0.882210116975582
0.213668669693098
2.426147803184029
1.733165312344994
0.809500024327899
1.739582914702419
1.611125657354148
-0.394059853961724
-0.447253202264426
0.450649799961633
0.435993853071171
0.389809037454765
0.558197477297197
-0.205449499818554
-1.186030974072780
1.309142153292977
-1.928560349742323
1.318215948045609
0.448589628003265
1.233985202245134
0.983077757278815
-0.593450328448002
0.172698578503610
0.752985436734037
-0.100552494533191
-0.170628493700992
0.811979160412884
1.067688169282172
0.535250532297899
0.459287137314871
1.537071635635969
-1.191621245802979
1.129223816828560
1.452035383403864
-1.594679726922662
1.699862637828254
-0.147423204422643
0.306174296933234
0.195279022378752
0.308105941768560
-0.397687387652517
0.963650408107359
-0.512150213853047
-0.413959343397343
1.332962137095339
1.178223765490657
-1.218519953734498
0.337651327347644
0.734075123620675
1.017833230954105
-1.238503507250071
-0.209544919772183
-1.340406041792733
-0.537477842902742
-1.083969527736234
-1.867148436061877
0.312030145396926
-0.163512952946186
1.281439208634549
0.263538443912676
-1.172925886887596
0.874935414981900
3.199534732534136
-0.468621338655533
0.480008901428643
2.520898203443491
-0.128952411241966
1.444670306545576
-0.100874977842626
-0.680411029287989
-1.914250224262479
0.105132515964990
-1.261906747677795
-1.234491112798668
0.014663345290920
1.284347183433484
0.439958067727948
0.559196222376295
-0.043854606427146
0.453498925323662
1.422053024755825
1.032125883035744
2.577069223380846
-0.690651716996742
0.909601894488745
1.838253123928754
1.178355961493795
1.888232889589599
0.896548361966330
1.171325709163374
0.687455352871820
-1.638883400781171
2.747675761577422
-0.157813816908101
0.719864356094252
-0.566802999539064
0.908123450209001
0.523577557945604
1.762318415531775
1.728862554659789
1.848175605555520
2.499025385146961
1.053312853199806
-0.054087703958164
0.159970824371601
1.157371562965116
0.933411119636737
-0.876521994631435
-1.091192342368578
1.018136908491721
-2.422751208846327
0.181150375138507
-2.128060064615108
-0.196321813966434
-1.574063607494424
-0.263877550555420
0.345157109790333
0.596409083969894
-0.060600651119259
1.295614453457985
1.958717647303273
1.178643749229269
0.212495186360917
0.797007467863994
0.018202617555023
0.227673833657136
-0.741108298808795
1.027317791248060
-0.483376503527187
1.352280388379106
0.749188070629156
-0.298989007466948
0.575888927828636
1.288380889417268
2.945520218922004
0.216603620931347
1.699755007496791
-0.037708168770988
-1.248918410800947
0.190623928847002
1.497569232926623
0.591227767367627
1.274622143236998
0.608568330275874
0.063188612441523
3.083607166342973
1.440948561357295
1.197948792244893
-0.180434449707136
0.745814711736806
0.394516638296198
0.307555164317279
-1.912121664082827
0.889491754810483
0.353150691905264
-2.566906136869394
-1.860363766992725
-0.588721458739726
1.476012148447029
1.625329182096281
1.824295950573914
1.511930048656619
-0.015142738715801
1.323152037932586
1.597676637637986
0.528598472988183
-0.155547251964679
0.657593327859582
-1.189529220217213
-0.165802981093973
0.127570085761655
-0.547678366563059
-1.279792760661034
0.744768408388769
-0.646868743696526
0.042071473531472
1.670373676504613
1.789957149892089
2.703977391950724
1.494557906347929
3.153744525507606
1.756779766048597
1.386970329503087
0.236830896034612
-1.475141919867704
-1.598836219911168
-0.766635430980451
-1.188221806924267
-0.815134518549736
1.569277223908087
0.254498268891223
1.135667814420218
2.098675099390086
2.313943226307646
1.912183411490834
0.846294083598888
2.740959352348307
1.411420879579828
0.482877684508065
-0.606482228490944
-0.845836631287899
-2.093829129447104
-2.751801503067818
-0.332654726008466
-0.025984945007009
0.564242944992990
-0.501207382760595
2.056496448206869
3.153667370068664
3.637883228280818
0.965624704991934
1.603790112961636
0.274674601016646
-0.727823051939894
-1.788205077139835
-0.432146879269554
-2.719801977380274
-1.823323692931405
-2.852321136853133
-0.836722660965855
-1.271184745389048
-0.716108505707273
0.996717981076632
2.021493339036588
2.296226241726659
2.583338448168235
2.021388827367790
3.187173044734317
1.241864799528074
0.675255667561574
1.719379702721298
-1.561163056865530
-2.400492114175170
-0.078095890329587
-0.487515382364838
-1.329415905956757
-0.009679685542391
-0.217475579665904
1.329644248263534
0.677147648362888
0.942497428602363
1.955770391050979
2.859545715261236
3.114206174426667
2.531092616404732
2.416417658559777
1.098525029206260
0.954513909017246
0.607904774224064
-0.684794459438319
-1.081120162841493
-2.735337872035074
-0.302855339318173
-1.264317720361925
-1.964466198327586
-2.378590086339737
0.742266881566236
0.816863559064306
1.349021429856771
1.556261193291322
0.393767807713699
5.030840265179826
1.627585025051693
2.431306386079586
2.249445888282544
0.242953978098622
-1.207195196245633
1.082737089976906
-1.695052542234594
-3.052870726846788
-0.719140869249252
0.342890465061774
-1.838710703020561
-1.105731634186423
-0.063801250882552
1.359299910411353
0.843066547896077
3.862478363664344
1.687112499728930
1.252183129859358
0.249905697407043
-0.000525022031885
-0.305514252823810
0.133819138742298
-0.697790173485266
-1.401257521972310
-0.890048456164648
0.130218753631498
-1.556192708832697
-1.345181128718940
-0.027307649712989
2.315835764646777
2.947560352924756
1.697528936204509
-0.149213570060376
2.102027084128092
1.553212031312063
1.320984941199119
1.090248479584630
0.502995068743264
0.203606210628469
-0.103046969204036
0.730026802573770
0.075962447793353
0.220140986305806
-2.379381925833484
1.541008845322348
0.391197114415618
0.568001740680249
0.854305865280851
0.097701950266168
1.529506278096263
0.624947832710646
0.551031531846199
0.755024942019899
0.212364953691847
0.073547297962249
1.866675591157837
0.169127400434139
1.106366152206295
0.885644286093463
0.109931025659217
0.537986500229920
1.394954713663754
2.013334340539845
1.626247139171985
1.209187073104496
1.291960030303496
1.655278022499440
1.504304273664831
0.641189438579898
1.691793713799521
1.162912118419499
2.780702940989298
1.242403362562869
3.375069512780135
1.699553472213730
-0.532826579909986
0.272181885849806
1.377874569148300
1.526688402512643
0.050359389105718
-0.456508151136431
-0.008344162210642
0.046658341162362
1.224344914042376
-0.822683699152708
0.777606209494441
-1.081070299267695
0.442002096861671
0.278150731135734
-1.786656571204563
1.308058936647754
0.129525861877553
0.995477099352893
2.216086997063811
1.763987512379695
1.076383733145662
2.915611418538196
0.756361895841144
0.824132723771764
1.329031316893427
0.600498159823912
-1.745731320077458
0.270631675720340
-0.252704998948804
-1.858338066431787
-1.380495590248188
-0.835026854059970
0.615382673331199
1.100955979015202
-0.196398408136976
3.094326033903022
3.252208811419213
-0.047845658811335
0.904092291207818
-0.667868223183549
-0.981453900515071
-2.713107744047377
-0.915729854942493
-1.252041224816423
-0.193172624925905
-1.188152209989733
-1.218423690664247
-0.068968782719395
-1.342052274355735
-0.961732859450619
-0.016897858595365
1.593430807057105
2.851998740719771
1.365839215020720
2.018838462281878
0.413215206811142
2.116671473468888
1.287163640449420
0.684677153758023
1.803698055652684
-1.419431295317043
-2.631029025997899
-0.213073650483793
-2.053288108279049
0.564882432330356
-0.448094568889044
-0.383519594494958
-1.901182491667671
-0.252741154642431
-0.861889284649386
0.772504716053397
0.756547744560165
1.472664616759810
0.506787675734165
1.856679451986387
1.888624557384933
1.513925847389046
0.982900817739340
0.403335925085753
2.157508433912313
-0.327777155170642
0.946870960464049
1.134704651597630
0.358365319116484
-1.018548482368217
-1.050009663955820
-1.087103708717564
-1.923307556891030
-0.158869375549138
-0.639498068764379
2.693708466731867
3.281010199401974
1.172605806593206
2.162886182289401
2.314776445748449
2.241483604565187
2.344391715653306
0.711436960783242
0.329488079313368
-1.419815171784865
-2.131912520492890
-1.841027499701735
-0.759371350538708
-0.570955225567113
-0.809055054102427
2.494018756988026
0.234307813528125
2.187965867512509
1.526976297826667
1.580461288837780
3.167075074811545
2.262259442146712
-0.131285674112513
-0.842578199509590
-0.635970246190312
-2.458917846229080
-1.985191732025766
-2.233985241317270
-1.908864295238450
-2.304332630311243
-0.607001319081561
0.670065966993209
1.073965296590961
0.715560486948729
2.775212741074920
1.443767544104922
0.486979269938995
1.212296889810875
0.876913236149658
1.003719866486168
0.681157649561074
-1.739955172761382
0.909572044844362
-1.538324155812437
-1.134154027457624
-1.562147008841222
-0.699205002474813
0.658260596507213
0.034311779600020
1.089668711277605
0.434953989004307
1.180304623826014
0.868981766350997
2.525108570159698
-1.426863823781148
-0.469740301670323
-0.423425150843531
-1.917003012729063
0.166492792880574
-1.221454968853678
0.549923271392309
0.683189724603505
0.884962166730032
-2.063392468493005
-0.975927169939447
0.868116101671885
0.101988305341737
-0.341219749344679
-0.451883217437137
1.358674363204699
-0.498508461621551
0.139824980700346
0.937462632626385
0.001932603471990
-1.132093453521944
1.047685170494292
0.783125785905724
0.108272220430208
0.340160543652112
-1.461042407536942
-1.709058138476321
2.468530486124575
-1.574485364586663
0.434363931204237
-0.440349753233350
1.293245188042216
0.897446901072515
0.838391936538086
0.795142881917187
0.765113545332624
-0.463686665108415
1.143318829598265
0.866791242508719
0.872734997853545
1.470981656058412
-1.074824914996417
0.140212316940177
-0.057064832917380
0.364265356255557
1.002191228423817
-1.314000969442370
1.530487573276510
1.197007363563157
1.569101232017314
1.497369878504605
1.359101472274822
2.247553407698237
1.717402338953848
1.285809769760703
0.758269465223924
0.352832435469596
0.084781336079252
-0.017853097818772
0.690458004675567
1.017313976582074
0.773004927934043
-1.110744246880435
1.153594339695278
2.465495224256783
-0.490057148401677
1.128828872106327
1.162574363357725
0.694168731654796
-0.150371711404726
0.566276224809304
-0.419839234280016
1.527904501758078
-0.702582357340562
-0.903284838781690
0.242683383889520
-0.387996983294806
-0.154505634075416
0.177144330493900
-0.522827021282732
1.435809621861359
0.503835530574968
0.316062182579288
0.765211218940067
-0.339206122757448
1.778119776928347
-2.237668812797233
0.156263709113086
-1.525033486483081
-1.728580329576634
0.683406725610048
1.388752227824277
-0.033268404947532
-0.306886010705445
2.261539069025985
0.829071399633060
1.699581307662536
0.218048465519029
1.836482353842981
0.565292633778687
-0.197876870601877
-1.545554829061625
-0.533775579557087
-0.665371310037431
0.402847394954529
0.112220590723442
0.560177714345010
0.944019336505167
2.739289379944577
0.827447263235703
1.410307849530000
-0.011454112459428
0.259511069780534
-0.014424766616684
-0.529091320936958
-1.328748532370631
0.752368133052336
-0.509196855838692
-1.071624133644064
1.348372435644366
0.083638869123250
1.675185985661698
1.233881296249082
3.060635963774483
1.696627235129196
1.726956364149168
2.446411903210962
1.751403794380513
1.442229764724118
-1.477003803875906
-0.882590170568835
-1.306406084930714
0.737483968357015
-1.848890872269398
-1.152240237382103
0.168101028112320
0.758978299028998
2.608703391976418
0.982330875751501
1.332604009719702
0.536633146739346
1.120034327603644
1.935522866831404
1.169837351050728
0.276947668116409
0.511693973840076
-0.102945223177519
-0.818817835187729
-1.880773035373134
-1.077827076473636
-1.828394702842723
-0.964920019147682
1.087454910923744
2.033021936829583
1.422690664491510
0.201820673449338
1.731253071858180
3.119873576480789
2.635529468177282
2.213056306870298
0.723499761055071
-0.017057603241951
-1.819494488912908
-0.841302386516628
-1.891184586145114
-0.031492348182544
-0.317318010938831
-1.657284147549712
-0.234632242280509
1.765396453826467
-0.255674808293144
-0.559806934074281
-0.207980191814139
1.989830916081046
0.408118373166866
0.452958347058860
0.974208763972747
-0.549292774996012
-0.286680704522963
-0.814047618833405
0.627366992444263
-0.193765111069427
-0.552491989905722
1.235938149269070
1.396463072028523
1.908556210638458
1.088504084420562
1.782298539904086
1.837369384263178
1.670761382841904
2.554548985551094
1.265169475106028
0.512156014864392
1.720565118963649
-0.100438066606651
-0.957185201198648
0.709326849129230
-1.309864024555297
-0.443575411858293
-0.633922797852337
-1.288259445798011
1.754680406488206
0.822487731393039
0.333080002537215
1.359064197101332
1.273962956722222
1.742106623098146
1.819825970729697
0.849799256545204
0.379469207097037
0.397645159720787
1.526998830121257
0.565143915058999
-0.543757648610224
-0.528729899323420
-0.751753891417401
-1.276226242536123
0.495979033923001
-0.438099542081515
-0.363244898456941
1.669031465073238
0.906588357231985
1.480374761633013
1.035683073014607
-1.835018413323211
0.112535357393927
0.213478221585020
-0.599013700877145
0.575795028062496
-0.340377125524540
-0.510647242571098
-0.136805168090435
0.472171269158175
0.341492475288790
2.119036087517565
-0.193155645683116
0.774442367235591
0.133220441878518
0.076512548754048
0.295287318555696
-0.759867096337880
2.196933133758249
0.628134787271156
-1.240311668496983
0.016308063099242
-0.611072828603703
2.476595482500816
0.477138266565155
-0.964258941461391
1.649843411052508
0.294423190230311
1.279717596839844
1.176722052222931
2.403076594930361
-0.014882908808146
0.542106576992096
1.048126215990831
1.774276241193301
0.383272379113144
1.035555578276969
-0.516698476157677
-0.849957427937860
-0.444585499547331
-0.082682396743148
-0.355060704599426
-0.395232276020908
-0.287305975289085
-0.623719500784562
0.552530620986508
0.630108355333097
-0.017112473929748
1.033396056415786
1.047927754393984
0.730977974292907
0.323270082842193
-0.342864137232869
0.692933264144768
-0.045081736474304
-0.402789767018685
0.689634134058925
1.036263329067164
1.279137578711246
-1.865071870920738
-0.092340783986712
0.552663283839082
0.613794836652918
1.218292094122268
-0.060414921309647
-0.069724154094578
-2.024555531010152
0.163399288926661
0.025320887842970
-1.213678088192863
0.128564621879335
-1.483845098825584
1.691470668482226
-0.476669597699151
-0.376165171307583
-1.356425120805645
1.062636892235907
-1.126771230785737
0.885426128063733
-0.081214953173411
0.758992290292086
1.761988886408609
1.478802636158524
2.050850514959264
0.941040572867997
-0.300527948569494
0.803457776059718
1.270135164813440
0.614667535026188
0.837406388151388
0.306481078723196
0.665015298474619
1.689589298512484
0.611959379505649
2.019466787895213
0.467175516410579
1.661061380425121
-1.022779427856327
0.483363221233466
-0.673179768534724
0.461736015518533
0.716637964661639
-0.205874574322421
-1.369508888750188
-0.434877604447755
1.247435464304997
1.894890874718870
0.342600069602203
0.353657718456633
1.564188357219599
0.759812934751238
2.505271750475321
1.691629873259099
3.402189075650738
1.653388173000190
1.201509224739743
0.801166684215869
-0.504883604647980
0.083535758930227
-1.343948096668962
-0.597073466446117
-1.187709188561706
0.040352576111233
0.556012430467781
0.155432758427954
0.672274671688469
3.153377264702351
2.378337918289073
1.894668505426014
0.944725976132825
0.139304795735553
1.381930707648988
-1.555334918498234
-1.681701046949969
-2.239678935942615
0.076561895153929
-0.330560000406913
1.505177391098470
1.042895787415136
1.424048078627246
2.631222901192928
2.612172480946668
0.781847644837348
1.927661069520559
0.585635375161242
0.336296199234811
-0.603402967034144
-2.801522305230628
-2.575356731947649
-1.424765527552132
0.252614885084745
-0.615377598217651
-0.198748039871358
1.488433616219445
0.898060818090793
1.689270388487714
0.645775040905599
3.822959403675823
1.000799664393131
2.096682590774305
0.863857309114974
-1.519776218544919
-0.910367259874993
1.152632397759143
0.438734917075999
1.325170626229308
0.103517477031699
1.386153194277918
1.090177780980210
0.499126420769268
1.220624582248611
-1.320909780925432
1.859761615684712
0.484297992011037
0.563622746205743
0.695923743945593
2.367446460780666
3.354375951663440
2.340449684246095
0.733502163022556
1.669444461546082
1.086604786939499
1.163591971724250
0.234838996712431
-1.099247030903179
1.168019977978371
-0.450920644900014
0.916993254823285
0.947406334048972
-0.796810032687871
0.185226048397516
-0.560189394268625
1.533519388468331
2.818214858665674
2.008908298837509
2.706606403643986
2.271026502630551
1.498235099516991
1.788127210909734
3.037242858355344
-0.930007949825408
0.277456619655803
-3.099413293537041
-1.032813020911164
-2.954440007332576
-2.272791316895087
-1.215801040209210
-1.761170147791039
0.807921771871600
2.426925215255493
2.309425165952425
4.192221597995069
4.132456091905526
0.636045976033308
3.680142343978527
1.591183800900400
-0.847100245269277
-1.796881274600345
-2.639704592768814
-1.417554285765966
-2.925394929226831
-0.722663262339191
-1.988900289021536
-1.159163260710927
-1.746453098052717
0.764125556359057
0.865838970793242
0.975493563211186
1.484600075559718
2.537897575608469
2.573226907550387
1.272568768127638
1.303976711252505
1.774998547749958
2.008624018794506
0.813521841893238
-0.072256692468449
-0.942201459521057
1.094344902545960
-0.812504841908713
0.135712651253854
0.565037921166195
-0.587183530214635
0.038137045235149
1.813979960433542
1.636211209328260
1.237198122249658
1.654227523182997
0.161076443437725
1.579422950517516
1.538403712381450
1.402678906589474
-0.301766669836263
0.288247909464738
-0.486498031161188
0.299194695241625
-2.600960229999729
-1.681670598541232
-1.424499574361311
-0.696361560801199
-1.330628175889531
-0.832148703996358
0.251386744694546
-0.226723867726254
0.373922271470041
1.434968518180428
0.563509148438663
0.966650393300216
-0.182734224846655
1.201476287236024
-0.524450003537776
-1.405940667268224
0.096156407634817
-0.656436531329062
-2.475326044228596
-1.054188404492098
-1.194552209342568
-0.380241512200132
-0.467856908452704
-0.205594706450183
-0.209618470671068
-0.803706524781434
0.796859835958963
1.211816569216868
-1.208262615029815
0.401447026248882
0.425163336799933
1.554964085343516
-0.037791101974978
0.597230706495252
-0.034586606988605
0.317896357027790
0.618947408646053
0.599758877533877
2.181250899903334
-0.681393238927820
-0.297308302255497
-0.048592390886968
-0.550120031171949
-0.163326537172339
-0.658008207437746
-0.045535959427422
-1.249061615203094
0.632186596104363
1.318510522741569
2.988054464532677
1.365535058889313
2.613264885590239
1.764204576276477
-0.273359268917540
2.182615316875764
-1.345570208578549
-1.125408925558194
-2.544312622545139
0.543504794643637
-1.740887162570697
-0.058111617435328
0.604186780212990
-1.482047615225434
1.555048754221449
0.611744604883430
0.923303755804091
2.685180307928332
1.078112544989604
1.415385789201985
1.864666213175153
0.785602077919525
0.711974611184341
0.591075130499438
-1.222326407455266
-2.944293369798507
-1.334705533968677
0.000486032376765
-0.950051396458356
0.224027692148100
-0.061777363856667
1.060130853953242
1.280795215281919
0.115836300935693
0.735804810642980
1.377479558212416
0.385476436032973
0.606659338369628
0.577857325295239
1.863592385564806
0.686709841433912
-1.084466244903470
-0.369536224949300
0.266576789757042
0.732148623945975
-1.406702053058352
-1.945203265735517
-0.353481132000741
-2.095656982644735
-0.786432143239415
1.130882963117746
0.454762409579973
2.228286650504813
2.157848177014414
2.137065031922998
1.304368601197504
3.505723816510129
3.331471690175942
-1.131827627385705
-0.921642075663549
-2.080470815711035
-2.254388816614640
-2.576282401805934
-1.318211630768408
0.572488146115572
-1.576084046030439
-0.615391386895880
0.545992381928361
2.493548557266936
2.824913905864900
2.160695442905824
2.612078664166782
3.674575874954723
1.850670652400769
1.866127452231941
-0.744449606524309
-0.224719305887772
-2.601430384704429
-1.168289988921635
-2.489781940345058
-2.207795370616966
-0.234314609704425
-0.549054541338167
-0.788726821143058
0.274224459215801
1.388163963945970
2.958500878619380
2.788905848664335
3.484402371917510
1.517739650785844
0.696102030413491
1.340942292625692
0.780355539559094
1.286784479911387
-1.792628253360533
-3.106183258110736
-1.497569816549099
-1.427997365457538
-1.597354287884133
0.793512009028433
-0.222417679029682
1.061557355606729
2.573928531959911
1.356579638634612
2.281100503773793
1.873146715444829
3.517462115359459
0.654201692502846
-2.420367963280574
0.384557023965581
-0.946355916900098
-0.513056952104414
-0.625201515937364
-2.483050591565046
-0.668432266718963
-0.215664350577411
-0.967628802039256
-0.407579412206530
-0.121805612443509
0.539642663040517
-0.383099494490324
1.716561749669470
0.754433528877812
0.953081005814584
0.560936762150559
1.558519204562200
0.920194062581800
-0.170803388720980
1.042436003013249
-0.304384886571270
0.295078617422035
-1.279508460485403
-0.670418623789424
0.048660040301714
0.110096450009957
-0.337108147237196
0.932611324241823
0.186390725311914
-0.758676187946471
-0.037936419143453
0.018868620451794
0.980046293187323
-0.373762454097640
-0.302927458031905
-0.182255205780365
-0.523475376312218
-0.557741749971289
-1.424394807941497
1.572565124616222
1.089490910792735
1.107436564463486
-0.155728541050691
1.394714155975399
0.525213512825966
2.489865712981731
1.804993533113663
1.563582484180585
3.266830838549410
2.351814117277313
0.278682303078979
1.671614523054127
0.570325809341814
2.041501619964896
1.430940635607890
-0.960735318539953
0.086550004391137
-0.282470645089616
0.493227024083491
1.326850137064936
2.365844080567725
3.078714016245797
1.121589326543121
1.316139914217402
1.546168027665774
-0.759362889073395
0.025357131528231
0.397567583420458
-1.218148054250691
-1.101415230569489
-0.968405783490317
-1.488258476708986
1.522826432296719
-0.033787616892466
2.059532900257603
-0.332836922801968
1.532257881539518
0.396759925663118
1.042139823162241
0.253546090056334
1.423565058639959
1.230924701691644
0.509299735577370
0.195694176321291
0.564364786662217
1.736387825116255
0.446070529783875
0.848112861666463
0.092925194017578
1.546120981027683
-1.210022308490513
2.397811358882617
-0.725731088889641
1.163838733232252
0.420178215350552
1.325607596489289
-0.568471637563476
0.003682437887857
0.533629927238547
-3.179864445719227
-0.273305391960785
1.034586190501321
-0.437478768190339
0.973669030662206
2.342470317837682
0.812480909155045
1.266126943632840
-0.062041925066418
0.174264262385156
-0.176952621763635
-0.368011309200092
-1.201867340812443
0.430016503604289
-1.067183237218211
0.220300545540975
-0.035632282134429
0.458803972354471
0.138966500087519
-0.251561144356030
0.749946829766187
1.798427353602664
1.353681515561751
2.187001697559481
1.522223954772733
1.176246542403727
1.947100999578359
0.934315904856567
0.508597086010285
-1.615004279017198
-0.750960082354975
-0.476009117740280
0.567270442760056
-0.152011266804734
-0.580135353857063
-1.126697761831192
0.449503416981350
1.684115068273390
0.722181021829786
0.861934447000095
1.462479154311905
1.756760921075203
1.393368652400770
-0.352532114555581
2.113688070730098
1.175667853800269
-1.284232682094827
0.454544739285574
-1.700957038205482
-1.427412273260496
1.071609878793135
-0.912010551844464
0.460519336871845
-0.158844049013931
1.854853468846011
0.994084240069562
0.352566254545829
-1.199733702051932
1.317780242562105
0.149008691184269
1.336347663302230
-0.069519653436322
-0.379734142363459
0.625294800802484
-0.548870168237231
-0.824195422213903
0.306706203527943
0.383543870412290
2.142450419840276
0.703026589170589
-0.818429927491178
-1.202808618537451
0.672201763558635
0.005585026349956
0.055849554552473
1.119082871382735
-0.547696368159528
1.108978496079263
2.170764980650116
0.916862939477163
0.343072555444913
1.544920741015450
0.559158650562701
1.260606564049902
-0.439295728125196
-0.026744160258025
0.537396190097098
1.161220830191280
0.401891305459509
-0.327483531015598
0.292996897748060
0.258959922667336
1.541173056087347
1.158446633143482
1.161689084922403
0.873672960664476
1.146717948802268
-0.242713070248092
0.935030715641081
1.103715139349751
0.302136425815682
1.122300114643750
0.034229958321160
1.009172587177973
-0.889173346442072
-0.203485358022156
0.614361069701624
0.712469634278150
0.383865628741936
-2.236395368587428
1.345821687042709
1.502409260572061
-0.862256195550784
-1.054254870793073
0.523101597744790
-0.189881255336774
0.088734082843275
-0.851315476356821
-0.021263149220204
0.887828164857589
1.794199486335646
1.714062757005569
0.449506504911953
3.124492065876594
1.063423497923751
0.547701545693246
-0.195476261120862
-0.881672576372056
-0.337596668208035
-0.128671981991877
0.037054058781135
-0.148450553091680
1.383021714501138
0.088189721048026
0.007368976228874
1.575103661665128
0.266760327340027
0.871005499994851
0.125072405395773
-0.938775440571466
0.391995912973466
-0.969196254911778
-1.092683309844785
0.083459038745149
0.145938070132568
-2.309319108455395
-0.178757133751747
-1.089648772669078
-1.279000556840113
-0.355316427769976
0.146173042488960
-0.348621459397457
1.997095453646955
2.402264730248107
1.373116904011732
1.524599447413931
-1.300392368663552
-0.300655940304946
-0.177903606960945
0.807766382785208
-0.073512904704763
0.144598057419364
0.822535488226909
-0.386002486796779
-0.410881326901419
-0.109192292084174
-1.380733252594650
0.667426155973973
0.711596002088430
-2.226584844837620
-0.047643929939916
-0.041123629742295
0.650411658237066
1.793846572613764
-0.219908013909086
1.371342047110831
0.082518121710803
1.194301975468252
0.822553285825655
-0.121909110039495
1.688005095939796
-2.243922696243961
-0.012719394494579
-1.387201240527874
0.392445144219899
0.182115360868956
0.074855603312093
1.049325934340339
0.830563004123633
1.357152681336236
1.717763680781996
1.893494365428077
1.535974211431563
0.507811533617525
1.600667765202181
1.445468732910391
1.388539195742461
-0.540913193633267
-0.311232570205120
1.066316449088239
-0.676267930183288
-0.621519649092168
1.186268438310199
0.393454141114238
0.219788586848065
0.826079718637958
-0.863187898316764
-1.110438138974287
1.276586549069516
0.337283208974649
0.383876792817734
-0.648691346934933
0.023363236416641
-0.502034262181160
-0.833876869683973
2.065644351687872
-0.207893430330270
1.152088087370455
1.388360889799990
0.567539821173482
0.343149804516894
1.023548304485729
1.111816413091629
-0.682569591093606
0.779976279247261
-0.576188340630329
-0.125354388005694
0.499802494156703
-0.472646143698844
-1.114405821912560
1.613389272415398
-1.436840044025604
1.778199296730272
0.492709888007854
-1.135243269301021
0.665330498472402
0.378593599818398
-0.883322002972575
0.100164665725848
-0.656334888633315
1.828086174660011
0.651590236529010
2.269111037248201
1.473104968756984
0.706139663519878
1.192001774168053
1.289038351709912
0.127648196717435
-0.005424395943869
1.876334982933203
0.066999146645424
0.666782220592944
2.763179299005720
1.751621771386778
-1.130033103423554
0.508787495620810
0.873013967217605
0.850700525053846
0.097253823067902
0.623261272404791
0.898582098465180
-0.179653524549179
0.784556088995701
1.375452630505134
2.784621265392725
1.647754280079145
0.291189923450021
1.772120900760334
-1.764634805043001
-0.090665443260331
0.256939651895187
1.240548033495859
-1.479731227721444
-2.249934819691207
-0.716189223563278
1.434736417565650
-0.020802977306888
0.074142576319683
1.487220604687326
1.173241222854440
0.983316096249445
0.936958852666336
2.325359386025283
0.118971222804278
0.230468774103898
-0.801279096359350
-1.206353607456748
-0.291817143782874
-0.914139249973049
0.599715197731238
0.001242352830628
0.338541513239615
-0.473629987315691
0.071916728021201
2.577402892086850
2.549144401503582
0.974736649933064
-0.943671122074315
-0.905858371453612
1.065001891630168
0.710718170225785
0.198609983464854
-0.967544721017054
-0.316371796558503
1.233243413893775
0.486489672369952
-0.011029658528563
-0.409319670913971
0.306084259706325
0.029877517367287
0.384756206608808
-1.978209585985441
0.833297013434990
-1.337186958962532
-0.936145510864133
-1.155927650317671
-0.311767170689250
2.476782665843019
-0.703783768124589
0.492711701736273
2.068566455391354
0.993319335645023
1.377169327724185
2.735468339560144
0.562780866068585
0.578739379353717
-0.499997745350668
1.529868044974373
-1.711054949202046
-1.104198363917906
-1.324288847783845
-1.955039183010419
-0.646916243089743
0.268246003280787
1.321932441460495
0.688724050277710
1.862533263064591
2.819112815428642
0.901417857986105
0.284921755428373
-0.445001736508227
1.738931593024953
0.606254908493529
0.293422786010458
0.444177474200275
0.482567762986819
1.265829537268690
0.001928795408636
0.764117526048292
0.119665101092017
-0.636589262431882
0.095054114538287
0.370153361323354
-0.363799366731976
2.449807981950701
3.099098509632456
2.131217952292008
2.446655024458626
4.906420599302757
1.890052484569237
1.849532873589691
1.591143842305545
1.996804970564433
0.472930666897958
0.742961992545553
-1.323660399109759
0.168168282545494
-1.505744315419574
1.438357140915282
-1.375673122908088
0.254209537394746
-0.509256549688499
0.979734216938101
0.385788346435674
1.346193446540213
1.439329790411869
2.883003638842546
1.354312190199470
0.250693653201016
0.012003653344605
-0.147344215425416
-0.138594222645135
0.805166279207140
-1.123760021252294
-1.619795941559842
0.329798500107799
-0.315747895723512
0.257100739588153
0.809357670699077
0.136135357704040
0.352058208942395
0.014223438500466
1.949897604876011
2.239754348595635
1.807141685333727
1.268485712851975
0.357334289943291
0.298186381277769
0.282192787232509
0.764281762334127
-0.440894077517252
0.368999325791886
-2.259716981181386
-1.094491401523013
0.486237192221184
-1.007293137501564
0.329873367260982
0.117840805859038
1.768270190717369
-0.725204962304802
0.988318015767803
1.424124038886538
1.113411116607753
1.156660402410606
0.387429694978538
0.559629940739605
0.200196638550690
0.276921782301116
-1.807575930620484
0.016122903610709
0.608046381205062
-0.260681568506345
-2.350877666664806
0.878054038130232
0.380029187695068
-2.479508488119877
-0.368632544363139
0.612400657535809
2.067781206777896
-0.207941214280673
0.403194757528492
0.434172861457971
-0.727338467981138
-0.236462380759952
-0.839812121245837
-0.084319453342889
-0.132692550713905
-0.513389495508460
0.497879490368486
-0.140774797323417
1.704648691958229
-0.380762252216656
0.236174341238249
0.003903178895357
0.007846679797795
1.870126489818955
0.266241708466965
0.184612585469816
0.134004310411515
-1.569011531480099
-0.567710396353169
-1.116973875255265
1.644389688427906
-0.322483527129704
2.078402259992348
1.331978240430198
0.843641722058091
-1.199444638284636
0.814511053001326
0.314404181415938
-0.197856230958977
-0.201407285883462
0.046071466517186
-1.844348331302680
-1.043391266256320
-0.726751524831485
0.054557119888248
0.120344695780260
1.027300142673091
-0.007686489746207
0.170286803631719
-0.401668550099287
-0.423931247696837
-0.091633571925326
-0.816174776488012
-2.174674287402139
0.101841418600367
-0.689990138280509
0.452064098780329
-0.866071502803166
1.911510644060227
0.434271009780488
-0.100393880827657
2.255335241799783
1.863206343829338
0.769715380830361
-0.290037485057922
-0.120346067228650
-1.832528665768017
0.547147353043828
-0.013285178089570
-0.992096227132895
0.192159054972209
0.557893681425860
1.241529633042802
1.787990960134040
2.245045777939013
0.795652195702587
1.772129710521380
0.213688655794458
0.902003196468326
-1.869764623526389
0.121792330196671
-0.071372061436702
-2.268090958815939
-1.497372817051875
0.310210102402531
-0.175231594720987
-2.138095800073844
0.234672658842108
-0.009137181513489
0.171776373236860
2.247568239268442
1.940238453534414
1.913968563638188
3.511657593655578
0.217482152462965
2.102492522028939
0.861425923671362
-0.270014739668345
-0.289941460413712
-0.979527429505554
0.641496169055283
1.443107883276239
1.368959567607710
1.233693456658844
0.219721700931367
1.000061499939417
0.424822303432767
0.078482635129110
1.869129931444267
1.084727866659179
1.615577380149185
1.259225480560256
0.542802670906948
0.784074380026502
-0.072490882853299
-0.215493782850518
0.105419863838361
-1.065105311167695
-0.514474885426789
0.989776233449580
-0.706965843847349
-0.303848630569018
0.168418846951950
-1.217009400332533
-1.297774402408167
0.184817285583040
-1.200407787486867
-1.646671509023749
-1.497787073636990
1.822993733001202
2.058563046352055
2.541070070193659
2.268550498673942
0.329486597306627
0.724049811694915
-0.537051456814668
0.592730608120526
-1.317188023194758
-1.688582469450418
-0.715875731388268
-2.728595243376789
-2.255754956821515
-1.215227764424303
0.337665803759022
-0.774079830290512
-1.501047321082343
1.388384653064849
1.527143024272238
2.548861712624476
1.171814798182478
-0.305750858869941
2.005860806637378
3.085148677847526
1.069454025122938
1.871009033718221
0.179785989496172
-1.137474446354319
-0.880179633902385
-0.564232624547928
-1.018378572502277
-2.525524242236968
-1.260225641164382
-1.310637767930881
1.344418765879596
0.777529127868158
0.651112425009600
0.819358697513716
2.206608364654953
3.632126556047645
3.718264337471578
3.185063198950147
1.109689982039032
0.012881386275380
-0.206334671481581
-0.419963376584394
-1.060876781596114
-2.007015754190258
-3.029035586869280
-2.312245444411631
-0.945206910568336
0.131224125243454
1.960975010217203
1.851928383538998
1.961367019888295
2.016186761750518
1.574884880198685
0.947805486751003
1.871958140457790
1.437010999201763
1.353234912057247
0.091584945104374
0.464171982769728
-1.513337051047674
0.199141876545383
-1.027527976634030
0.425409320477489
1.390031901750209
1.177279422048795
2.245702844923158
3.588137491520607
3.016645592528852
2.971970779608612
1.918089360814787
1.729599765817204
1.346490285348986
1.264924550338155
1.534433195598321
-0.355845683575113
1.136222932837520
0.503938702655516
-0.948274126399018
-1.698292899240375
0.181444778816863
-0.191712367630788
1.082345812045547
1.183421236122658
-0.560084254660109
0.387230563658734
1.903869245963815
2.445192175681987
1.100405039288505
1.362841594754727
1.104847697732231
2.128513208039858
1.709180783836004
1.002925349513217
0.110796759085286
-1.033079306415978
0.169751851488576
-0.745980109255016
-0.755260106307971
-1.500962849260180
-1.283313507258635
0.443223398877934
1.000463827795741
2.063441425300891
2.691412219184928
1.941882521300613
2.473452857369634
4.595145294803265
1.196949046957388
2.159454994827460
0.945440555445807
0.584752367603658
-0.090680186902201
-0.864569891164474
0.246360319179846
0.286984372179332
-2.720457975752951
-1.571885617711690
-1.576451689434767
0.336166182676084
-0.073496836780550
0.802418230149139
0.753198565388091
1.542755291082981
0.219994672403581
0.872342511100521
0.467855562260215
0.463729022440213
