0.410589383027308
0.082152895645674
-0.456327387223060
0.719418758487081
0.375502828484378
-0.829878642535235
-1.488222578767729
-0.334831477904677
-1.673582065075767
0.898480965417040
0.041441830493024
1.082621750263842
-0.810066677186571
0.805297577027880
-0.177223045127582
-1.509929897328780
-0.391076715321911
-0.395658747275691
1.449636498309954
0.211410071813351
0.778552432480228
0.371620290266770
2.067596654134840
0.640946094994498
0.647132076654911
-0.668368678664357
0.463001676493404
1.415737813006736
0.810574845410765
-0.153419546200658
-1.247790507616053
0.690220095947540
0.243427526554411
0.360323959131995
1.001819191625547
-0.213082264903136
-0.148831714534082
-0.185854034921778
-0.049922615023515
0.908994065012878
-1.119619688552062
1.256221541535222
0.563731032624350
1.120060242941666
-0.366307681958544
-1.012467732816086
0.030493751583694
-0.904064722413669
-1.127542220616206
1.678520485333622
0.428598495940708
0.159348414797459
0.571817786899395
-0.005488118196404
-0.344077546146712
-1.890260372931106
-0.145465844886673
0.442743651276316
-1.833591463193476
-1.114905710884587
-0.384676634485681
0.354964838384694
0.938123282445247
-0.425269253991767
-0.280753862970260
0.149825960020249
0.010993139834230
-0.095658647530261
0.555699799850903
0.178204294410315
-0.694348334438029
-0.399690095892259
1.685678724186918
-0.136039382662374
-1.209185132918558
0.559496296213124
-0.167263376556382
0.827410803352234
-0.627587721467086
-0.204138216093419
-0.533735322038677
0.718265935321638
-0.594289976145520
0.851690112848725
-0.885105971071655
1.244826563083389
1.526293314312694
0.845176260516408
0.957147965377444
-0.414118828815558
-0.613068532189084
-1.057084402208295
0.405425536323386
0.544670348633554
-0.764880019140252
0.139802525773553
1.256929069683431
1.172032357436514
-0.056767657291373
0.902034692468265
-1.276374841388330
0.414976321682264
-0.887962683122772
0.019162261025202
-1.526320388002643
-0.800984568621538
0.527465120351168
-0.078534381034431
-0.750964970228622
-0.912077624984813
-0.708591233679933
-0.958258435297872
-0.127630678546062
-0.561271666673545
-0.730182797842181
-0.414027648483421
0.442735945652263
0.132739874251674
-0.603166325034608
-0.282316248427100
0.569239951089635
-1.457310222339667
-0.178997446888656
-0.917272924875013
0.330883980353508
1.122183794799577
1.415887128549871
0.797497700123978
0.033391343558005
-1.009906218359301
-1.130979407870598
-1.233360370060890
-0.800881163482841
0.373954319295845
2.042225958554212
-0.728271341309914
-1.198885441326629
1.248496149294606
0.743922420878008
1.399765609815444
1.081177808072997
0.928976581384066
0.728688722912164
0.134538638247603
-0.440771909940961
-1.448966472925746
-1.756161537600983
0.672153582819284
0.044007371267072
1.532021928647732
0.264317916356888
0.076801284210856
0.409096058478002
1.611452452002246
1.163554370513074
2.068759331916556
0.436700748397255
1.007101924893210
1.719085992304650
2.467214181574217
0.463646029723162
0.344143214760550
0.804752755650735
-0.361912905041178
-1.214320726178039
-1.531822372127296
-0.691785337602614
1.301666040519586
-0.012212138990954
0.843960214959164
0.064197660386699
-1.166319393294019
0.337080491392890
0.393089014125792
0.745455065740737
-1.000167912447530
0.089944243065589
-0.834555833470590
-0.488389347601670
1.193855222821754
-0.271548349799940
-0.703419291285274
-0.113024691452262
0.896507460154821
-0.767876668220070
0.271920553562161
0.283278154237830
-0.098682693847289
-0.022254824972043
0.964184845633543
1.118550798259275
-0.890660674515305
-0.058578519497497
-0.219300315207463
-0.627393515117992
0.059517902349188
-2.512807066383263
0.099186184812868
-1.679064813711049
-0.814352203973144
0.039165124695507
-0.869258831935037
-0.238588829927243
-0.246307816707352
-0.006289614602477
-0.810015934419401
0.475989888211826
-1.011548155185235
-0.792542763182649
-0.909738093914173
0.711394663751847
0.961811773142545
-0.747013091037798
0.401316166877426
0.627795824177254
0.312137711866423
-0.732409935194246
-0.096882134743724
-1.893355664236700
-1.056709056813383
-1.121487865745739
-0.174537671678693
0.376100129166219
1.272097068849965
-0.189987274614568
-1.224250183627331
0.262482692063741
-0.189083663816628
1.011034640339247
0.325125635746679
-0.630894256420866
-0.417655758642613
-0.820440377137134
-0.671299958098020
-0.415272535828517
0.528030266345170
-0.106397848644519
-0.086881246285466
-0.647031798425569
-1.270380166538742
1.430048961821085
1.177687001301984
0.234455369574673
0.767137280568817
2.178034278759454
0.742736644526497
-0.261064204279087
0.870911467317781
1.053062150772794
-0.558961858314013
0.508929519415493
0.003762741135246
1.433586242765606
0.362556517082285
0.128445444790562
-0.410898513680547
-0.500874577810929
-0.396705404078751
-1.444495220179188
1.977826005959365
-0.954068526006337
0.456370870796362
0.303518277882942
0.325582382799580
-0.468671795562935
0.435113598314803
-0.281742068576837
-0.174496704204176
0.275201308692235
1.811363987549898
-0.322778448565833
2.008801245959182
0.028843205915156
0.020304911802836
-0.006095957641306
0.535500188651020
-0.723335989260906
-0.695675937727861
1.571397239390338
-2.414988033188302
0.412000532698773
-1.546785551624512
0.339050873955019
0.038223548937440
0.245955703040754
-0.695052394494341
0.171518142439339
2.405162941775372
-0.273947172009439
0.424149552008027
0.988989206289584
-0.999618494586570
1.140490202160023
0.267880017814753
-0.013565001654019
-0.391967117565058
0.354589142219745
0.200965783212589
-0.933534693115327
0.644363495780678
-1.691144416448455
-0.486326817940059
-0.923234218960411
-0.020123173895601
-0.978244567151646
0.024310827612500
-0.151415066017824
0.673044825993034
0.202739954247012
-0.235217258446032
-1.991622954164189
-0.936036668184632
-1.292895239745730
0.020908327349232
0.137488945666180
-1.473572154010797
-0.885581933125814
-0.557014839303935
-1.167794065621333
-0.336102860521805
0.380551690056371
0.742215222160596
-1.143572968924526
0.825045771063311
-1.309558006653644
-1.075867230287007
2.473326191032635
0.100290154021852
0.055832570465493
0.854039047219259
1.001182803372067
0.182718046092362
-0.607317555535050
0.651130670009712
0.514726624218464
-0.135358978634587
-1.534041545924361
-1.190317483298985
-0.159639007257679
0.500058222280431
0.533343903469063
0.156923001943046
0.586334757565564
0.857297568467901
0.271957949380072
0.032733805720590
0.956911111233719
-0.214686227894879
1.394086096920441
-0.107300909430052
0.060454560253471
0.044478191357533
0.809344155627597
-0.687890103331387
0.287799664565688
-0.758264858925290
1.452288162464307
-0.838284318223453
-0.567607951351433
0.007573591545332
-0.493796607044423
1.169467266528933
-0.630032132970376
0.482971928133347
0.192293926514784
0.838790602644577
0.805395836178397
-1.239626980576614
-0.661969052753964
0.632266022105003
0.698384435661186
0.477785709777384
-2.808598748985530
-1.975533494540648
-1.919346865448199
-0.722253925380690
0.355853901866190
-0.544717389085324
1.399195326922097
0.163091877458867
0.887733295092175
1.048844959507452
1.122345979951907
-0.377684360603697
0.472472656566259
-1.330431569969758
-0.361428482526200
0.287476089770364
-0.465816382139643
-0.783378197356762
-0.178534884810241
0.098492155466143
-0.622626196953676
-0.272633659419285
0.908562340271127
-0.377042936337388
-0.026344290622839
0.523410095081902
-1.127646855980583
-0.639285696134110
0.719406976939958
-1.129662723351678
-0.792167061046688
-1.493143923497256
-1.403598639892585
0.119636272643565
0.013130384375546
-1.087494078558937
-0.811488478161002
0.072183936731476
-1.150753409201759
0.976610889225250
1.040317725570496
2.503523074059540
2.175731295992797
0.242650892006571
2.156574218056131
0.957084503378123
0.701583799253765
-1.932827702104158
0.654243710061631
-0.306888914121726
-0.884027783507527
-0.051345224963221
0.495823488126403
-0.734582778776970
0.663973131537708
-1.055472922863213
3.153581975758866
1.952933247880916
2.924037436002158
2.586378063959330
0.937552464347207
-0.264908727046251
-0.821756488746961
0.514637914992494
-1.412944367062782
-0.444635549321842
-2.348789190670274
-1.253628166619236
-0.715274564481585
0.771931939009976
0.700949768171820
0.851247999413054
-1.169563895418568
-0.264796572788801
0.739525042789748
1.405167988544312
-0.134829362644462
0.010174125554292
0.015923395383745
-0.990670136780948
0.615733464216665
-1.032021595899006
-2.030134774810542
-0.642560300487091
-3.044763294756922
-0.455494233765387
-0.649754025930670
-0.783994889812403
1.313292871312654
1.610102924566385
0.539340985428211
0.452436268348808
-0.159860461030227
0.324275308665367
-0.263327160569676
-0.858150309590182
-0.924658390386400
-0.023513791999843
0.488232462732808
0.305738036466813
-0.213359564245853
0.532431404397805
1.007003179737330
0.786544548909258
1.213653627688317
-2.614303570504157
1.203819252301726
0.527302301589734
0.196824540895927
0.016733360833042
-0.467166842436615
0.914177247953302
1.654318933002829
0.284227185041878
0.724579884083677
-0.571252936344072
-0.150621814751980
0.057915162197551
0.338708221564687
-0.729248937587385
-0.019462952188837
-0.073374340708985
-0.071876737244331
-0.513019980364003
0.797374211250247
0.327527244128589
-0.163523539239852
0.922988303777187
-0.762080496365251
1.230555924488288
0.809881455523782
2.280888301654461
-1.356676444630779
-0.345998521922514
-1.023068800123902
-0.487868440517525
-0.967632233139301
-2.461394178068578
-0.071654566318656
1.800024581455936
0.112158419357004
-0.361125743103417
-0.138080275972488
0.904562668118477
0.936384205495800
-1.060060590044500
0.728394905956278
-0.846546046286438
1.305405003101809
1.293294581534910
-0.039019352394111
0.088950113607533
-1.893451483222445
1.353069890111174
-0.396538573692316
-0.572404300163825
-0.566942860660294
-1.147566206727186
0.079803404482859
0.568368960428260
-0.149842074113197
0.347570729769038
0.917183616712722
0.419341220535437
0.029047100343101
-0.074914998117549
-0.919841517823095
-2.581853931902289
0.129173012368613
0.054458159319992
-1.846423541062554
0.275633765267649
-0.127121140688224
0.221431102121526
-0.088887716400326
-0.644209869947420
-0.164663792430026
-0.263157204244660
-0.648035048698286
-1.179549806134310
-1.502396714666320
1.805930526704684
-0.628485150552557
-0.433275625572254
-0.209212345095384
0.514237140617399
0.321427851276085
0.571380664276155
-0.878245557911913
0.772331752222825
-0.972441514386557
0.032941310166411
-0.296677978090232
-0.179553450007644
-0.091515897276424
1.105015752890247
0.365862928014706
-0.737737201797367
-2.989900390395985
-0.537043369810035
-0.022145537131694
-0.105384752499080
2.119643527170317
-0.645151538062593
0.896237598250193
-1.015915848055406
-1.195116338985411
0.400726232174174
-0.192137513764083
0.932940973925612
0.697655220261470
-0.858413004963730
0.339912128864842
-0.615397100223113
-0.583645972999248
-0.653805924803797
0.998892691016708
-0.633173186306511
-1.529889526004744
0.875953313586245
-0.626336515103912
-0.816470841923083
-0.554160473273984
-0.664084552930033
0.333385708341251
-0.400043462823795
0.195189562528797
0.018232811549913
-0.293981860325592
-0.345643301906442
0.397697934438103
-0.932751373790161
0.259082934897442
-0.722760649693827
1.238892992460368
0.653087658557249
0.790571235631348
0.618884178297386
0.312519543818177
0.084704439524609
1.025336856149670
0.901608491070393
-1.747186137823839
1.024462384940809
0.016189119778273
1.208855417128773
-0.407413977468397
0.255565071693282
0.264428775239613
-0.692690269248034
1.569945066617253
-0.149985602522598
-0.647640964885961
-0.605582504178346
0.324180525922995
-0.371172314476799
-1.164178024636337
-0.351171216206183
0.581911762710418
-0.181034523418211
-2.454777212151139
0.267219479487155
1.079673379997939
0.376868757253082
-0.808467755406049
0.523044126928825
-0.173818666026195
0.481749829120565
-0.075385133672721
0.083062604944176
0.078981598585561
-0.140453297721662
-0.006630054007501
-0.239754044927272
0.194027764769251
-0.352643295456465
1.659407191589331
-1.242529353858279
2.083009759407765
1.280551852732238
-1.303067903650726
-0.264749270504576
-1.866004418076512
-0.971145507209378
1.531425385041128
0.085773712650857
-0.282404496010354
-0.146999253335160
-1.209299636380431
0.745656481513335
-0.279788094435800
-0.760157863081029
0.567917537555245
0.133780137315432
0.843413586468064
0.995916276508678
0.002638469324740
-0.971483952792038
-0.254002495623052
-0.855872544034525
0.054823649596251
-1.750010436805954
0.967411232194950
-0.412333714404434
-0.053910192579226
-0.654690385419805
1.128887541156883
0.825182549865492
-0.196613004496754
-1.474974333761601
1.050148702458888
0.230680128315505
1.070678883510039
2.218848122120475
-0.617780843581194
0.745595173962703
1.238615770523791
0.499266902926824
1.699038242357018
1.237862893080397
0.349912871917322
-0.332549857841667
0.339323608147650
-0.105268178518694
1.784240533339467
0.214536106288664
-0.942529491131818
-0.785503048076376
0.340281436533645
0.710621682726559
-0.181726387609374
-0.898270222367105
-0.737123338303531
-0.962133797902922
-0.095247524759472
-1.491036422349404
-1.473874499793876
0.211933548985909
-0.245631975451994
-1.470160001248061
1.169618646917882
-1.641465843615726
-1.087628948146413
-1.055289174915659
0.137321963508819
1.119264545504620
0.367371995636496
1.575028975740764
-0.181539581115412
-0.857687961447869
0.446956417758279
2.213276808254864
0.315924226247239
-1.107551131227167
0.969335781055548
0.356542731312319
-1.026028293104201
0.040957126624627
0.528269744708882
-0.044687045877853
-0.401750083817459
-0.651166704358608
1.419765529510062
0.729814536530527
1.771786942102129
0.442642336600819
-0.938328327501674
-0.950687893486890
-0.764485996218620
0.148112762256405
-0.984915852714549
0.635573042548786
1.129522760779819
0.324266036259980
-0.562236585574793
0.574300660369543
-0.544608027543259
0.059728842177808
-0.516266402888935
1.464483021283373
-0.278219658133804
-0.986047736339378
0.449496456852425
-1.174142460230973
1.049837771193602
0.898251989443306
-1.006862735062742
2.090526646594705
0.203190191254603
-0.705103981529881
2.484496512500778
-0.080425567158953
0.116095274471151
-0.499346996373386
0.630807706150236
0.948310827552321
0.866356346682931
0.151268146051476
0.942289489991673
0.915493151444962
-0.104735876944348
-0.107094558047540
0.117340701114546
0.353246725344834
2.455132644955341
0.318134827979432
1.783026963436672
1.200964224986738
-0.404205383432199
-0.757469308092782
-0.639786491961338
1.319216777091181
1.014961767708114
-0.849989824253797
-1.146078752965467
0.048324751652001
-1.161011030326466
1.247361435127643
-0.942387337687463
0.856080606025548
0.558051395700421
-1.709441346047064
1.824311837150832
0.599589821802483
-0.845017901826677
0.108035620989914
0.154211407447139
0.450752837015413
0.090463291715976
0.604812828819355
0.576075543775150
-0.016041602870000
1.035841327881982
0.585840789979834
2.484352993760371
-1.533293430054489
-0.997008304549336
-0.758251782376993
0.558063902382673
-0.549492500550465
-0.378270114335252
-2.124028077935862
-1.753712020632263
-2.751189734750967
-1.583603879363607
-0.437879898954319
-0.211872684506585
-1.422665890866017
0.123384945635143
2.392269099069049
3.089387652688593
2.117578793568402
0.121144022758248
1.292230670373451
-0.903289315971673
-1.749721837367265
-2.273701521192399
-2.871592063405418
-1.162622177318209
-3.140338382791652
-1.025595693346777
-0.525587082242387
0.170976230345143
2.086303324227357
2.073286485716737
1.703949849219136
3.168240635231085
3.458879172065460
2.984668224172759
1.953305072778276
-0.548126182137676
-1.865718906674376
-4.377785363728488
-3.303915893141992
-3.083554725195518
-4.551957958227853
-3.397227102122819
-2.849574188115753
0.374352153139555
0.864230543364478
1.196589712767482
5.677614114272602
3.158348374864131
4.068995839608628
2.132107404414027
1.182593522381064
1.219769517296034
-0.670492027643930
-0.060758855516709
-0.375623891851734
-1.389627848478352
-2.034059040989633
0.451036748968210
0.519809540780629
0.305653422745283
0.190756570860033
2.009384455074971
3.161564816737211
2.484572610359958
2.382390982829919
1.156502665142041
0.659274149802638
1.777258534593402
-1.209681852865960
0.552712605209132
-0.073837593784014
0.774174907002657
0.916540810114459
-1.021564193579506
-1.340326344136378
0.685930610794792
-1.084552975047202
-1.221654090117112
-0.966313044681687
-1.881046846477432
-0.934685774227757
-1.547755150562879
1.600972389150476
1.279917762914882
-0.149056083626299
0.675459658288156
2.479068960945169
0.424777740259773
0.479036053744873
-0.058207771806865
-1.305649709145934
-3.033414170339638
-2.725557765360279
-4.122045949674459
-2.902702088315202
-4.011089554536912
-0.265193329636567
-0.938961503971893
1.379395076521884
1.270348207034087
1.867046481523934
1.185561187187912
1.758459651930524
1.245525836091032
1.185287667226873
-0.899203061720328
-2.303516599735235
-1.850873162851942
-1.716500492166988
-2.429283969910987
-1.461097857105387
-0.748404986279813
-1.418229941972932
1.075563777895843
1.066003328931574
1.257619977737464
1.414315403664265
2.585846596682447
0.971326103581085
0.096796918514371
-1.084613896312578
-1.205913243669443
-2.568274310208674
-3.686395468499841
0.198358212024127
1.035442517596823
0.229173121429302
-1.027750516950805
1.790284408611767
0.398410783284011
2.678202311286208
2.536985024400070
1.692066020077267
1.552130492981454
1.915605420178250
1.286724537834077
0.381922815070444
-1.081686805554160
-1.583122138003460
0.083996793717876
0.968795228470472
-0.457584622004974
1.281625134885086
1.641621680133622
1.642171249567103
0.396244997757403
0.333611141715228
1.051766723829293
-0.279354732400872
0.055968462637050
0.226618286784200
-0.857104858285469
-1.777495700999066
-0.634295113989654
-0.300483598102803
-0.319824346396908
0.026194354788418
0.879268848830974
1.620825951526367
-0.929381989841201
0.278927875602590
-1.470415432304808
-0.691764089849142
-1.319950425221017
-1.135084704607358
-0.341640443847571
0.525744252966538
1.341878240722207
-0.316882606793889
-0.028138081569537
1.017194276521248
-0.156742174307473
0.088549989555201
1.482457316583942
-0.477911139986912
-1.080366799503850
1.428189200752177
-0.125185201722267
-1.968739636927751
-1.191348773790039
-0.976528111318131
-1.085416649346844
-0.981085035969201
1.507291187499307
-0.406632364654311
1.538771467319600
0.079418228307181
-0.115937940793259
-0.541341664939022
-0.974374567118829
-1.231952869890571
-1.213615391598127
-0.981141348380290
-2.768713192222497
-0.140908332624797
-1.521343056910957
-1.132507545040468
0.879633805446948
-0.322697964756132
1.691618435709694
-0.091508581111702
-0.438424118453641
1.851739121991315
-0.197007393285597
1.342059767125809
-0.949615821941752
0.488371132429679
-1.447379987504073
2.507278266258223
-0.186014736926164
-1.397993159874717
1.878180793098163
2.212787465445724
0.293294422973525
1.463219503912388
1.912858428823953
1.407036475513604
1.070921693181540
0.405594951732482
-0.082627588430370
0.757795315784400
-0.452386031582208
0.722046973542728
0.237021732141309
-0.057682917415519
-0.089009835382174
0.940782139888966
-0.348502398494573
0.167305165612029
-0.114317547831520
0.268879349490895
-0.017360593163447
1.299078200302684
-1.165595467348743
0.392641727110191
-0.790378966372239
-1.665218211433098
-2.395031628745627
1.156102514336051
0.807958834087361
0.536227289922007
0.925488956807433
2.014238437206699
0.830591081328838
1.147198257548720
0.765265131789691
0.246137255465664
0.032805564208327
-1.051345595073153
1.298907141329138
1.145638962532170
1.240519787803655
-0.029675705135070
1.675664392252406
0.050109055944382
0.534364660431896
-0.681282894771942
0.275285697439339
0.876848171235709
0.157206051351732
-1.657775643328481
0.285666923235893
-0.528509489623566
-0.123988346559214
0.305457045097553
0.431432856281065
-0.111389090375589
-0.611666039641672
0.244535669716414
0.687195190868670
-1.301072044464969
-1.310173564844183
-0.539205536123821
-0.464371793434932
-0.891931790201950
-0.600643164170379
-0.781482695344623
-1.073128798205317
-1.734355509792886
-0.255067930730513
-0.831899659607723
-1.397512093238814
-0.047109892550560
-1.000440959822262
0.160845464337766
1.333159062808041
0.857070301295571
0.572628815120236
0.030772700857829
-0.578550518741730
-0.179378439635761
-2.057837800052081
0.053569724388734
-0.693914876743809
0.642089778965706
0.409305892700748
-0.499824050506379
0.854937442658839
-1.079003416214095
0.023186071213499
0.292256189606893
-0.180044625989362
1.006561382264241
0.700099403636733
0.099628824957206
0.098376825558689
0.791559127223121
-0.299592045357811
-0.266251610129098
-0.445962742804808
0.253632463009591
-0.577215295158100
-0.869979839668394
-0.133717915372840
-0.145389539411120
-0.367304817183255
0.919661579808064
-1.005028058889029
0.059352739218801
-1.331731422409951
1.607136225261665
-1.130149462857793
1.425774307808140
-0.241386067204136
-0.833121941052132
1.576397099909906
-0.192138054043071
0.776555215495951
0.896609754216553
0.336065632995172
-0.239315835252621
1.458951116383571
-0.617488895769580
0.121885026426417
-0.828410540467077
0.532939107584432
1.945933071359979
0.624868052412697
1.942386286080916
0.958568574776843
-0.279327426794628
0.096689788932332
-0.710284445859596
-1.370689161028710
-1.119205529318101
0.314085026858872
-1.989163529144408
-0.515399513748390
-0.916461020419399
-0.605392215623225
0.170955318300025
1.711642019866827
-0.641175355932192
0.597975290921806
-0.302347877995019
-0.803199353756303
1.733244289197541
-0.409029549380718
0.461195649649626
0.274739077977775
-0.202482371672213
0.106329689114511
0.866780392583158
1.187927548722885
-0.085191926093903
0.474373930928425
-0.272635461937116
1.222511643905885
-0.352267955724037
-0.298435489776786
-1.311916104335476
0.396130623010119
-1.152227583377158
0.274485161553010
1.710065780611465
1.307881041626323
-1.835546167906356
-0.617151784255154
-0.629120900615735
-0.386068817836362
-1.227270082239586
0.152354564477846
-0.652747943831380
1.039465381517845
-0.877711746942444
0.615174668980350
-0.894528816762100
0.067591293084946
0.365359667971153
0.236404785866658
0.838553475451375
0.110035305341964
-1.655384823798880
-0.911428470032185
0.543843942600179
0.618603698713076
0.904387224617548
1.128228023952746
1.266169690141443
-0.119937799627931
0.199217017039703
-0.330717563126314
-0.378324956390858
0.778318037939379
-0.437269312817268
0.171069441516395
-1.622947167013804
-0.530001606181135
-0.352032344210507
0.770232770772780
0.941592862619348
-0.806656361759345
1.619722019685255
-0.239139173432927
0.379883968284550
1.299568091125703
-0.146358690525741
0.470315207721036
-0.890066901441101
-1.633254990288086
-0.554988510975237
0.265004065593130
0.739707201033886
0.397367786632130
0.502224881976088
0.656532375557464
-0.837356013745933
-0.012673918316567
0.378315440197349
-0.900726725957071
-0.430242537145684
-0.506096456429282
-0.055670965578268
-0.551893725454900
-1.417034274336111
0.257943342126298
-0.306499867591916
-1.439320121818514
-1.394723137757111
0.633151618567697
0.654700814967197
-1.435025756738224
-0.186316972026884
-1.319108093765311
-1.287945656161497
-0.291623987665989
-0.554444653686337
-0.275644266597326
0.977755513446674
-0.350617319684449
-1.074275440019358
0.629249922130639
0.626547657489913
-0.622661259630983
-0.118284184359645
-0.275716849451656
-0.003272919107739
0.130759538178099
-0.708080586327248
0.617386939105383
-0.418142223217284
-0.839416823211822
-0.121763658306053
0.325080589767322
0.692400188433069
-1.713604861129887
-0.695386996319136
0.627037550213396
-0.694629157386860
-1.165281503334166
-0.565620475397857
-0.401679851316641
1.825123793704520
-0.684170660654967
-0.922850029090697
1.515433931230718
-0.136455779567618
-0.918811646797562
-1.327138594060243
0.058427775443187
-1.257482816683122
-0.962504431232606
-0.167773670167597
1.143576245303823
1.159340700801555
-1.160681286242412
-0.007876608663707
0.813740775589782
0.316708046587725
-0.371902350719525
0.235987046271793
-0.119241339231125
-0.207241968816289
0.276576234074167
0.597108241475740
-0.895536059833891
0.909170121517840
-0.783462856312367
-0.976045486226430
1.096142886491797
-0.749757167620688
0.974856622756273
0.586901757113594
-0.269561242411121
1.212700838583519
-0.568111175513730
0.481279446778717
-0.851070821867061
-2.008813805608837
0.205295211695599
0.770714113203790
0.238875863435903
-0.182423067723126
-0.317871038793223
0.284425764346805
-1.023287016246797
-0.679509536825176
-0.480403688333936
2.390049904865187
-0.448271157902629
0.409945751631945
0.720132406713357
-0.036639151248150
-0.314562534069581
-0.128807605835253
-0.944449119282440
-1.116224827392663
-1.631473599690495
0.454044546701014
-0.371377900651436
-0.465976739232681
-0.992369673662719
-0.758440387054595
0.979509887744173
0.436467963982051
-0.167507084238322
0.266475598458256
-0.945235657290829
-0.919474268769746
0.855414471157640
-0.061200716545692
-0.363680645405119
0.069622944886324
1.744345121141574
-0.569082895556881
0.245607485180102
-1.908847922984554
0.801381248789813
-0.786387552677745
-0.252405830065921
-1.584189491414749
-0.305226780590597
-1.512545670033626
-0.546174855181678
0.306330434084892
0.718130653216554
0.677595987078795
0.930599905534855
1.605828198782647
1.302317353086183
1.779620252828012
0.654894806157378
-0.314595337059458
-1.202691095411182
-1.044406760042866
-1.246042201697801
0.856847478943394
-1.648201741660035
0.566712469049077
0.832814172867845
-0.066116033785757
1.448269215804575
0.511436378791280
-0.742295499023173
0.511857841196555
0.489346289620931
-0.788836755428241
-0.427652591714129
-1.480439633364362
-1.239457183630972
0.219130906204115
-0.111880416237932
-0.772104275946262
0.164243062547972
-0.699047585832636
-0.480156981671149
-0.243657131379799
0.055530466416269
-1.295353605687149
0.443780933616133
-0.484612978268506
-0.134133214527776
-0.602858402452235
-0.705686727219281
0.977673401622360
1.617435732203474
-0.693445536262238
-0.531437959207645
0.577623697421616
0.293079772521603
-0.511693620732797
0.874015499300572
0.370785067596621
1.009182437649987
-0.520650811863930
0.355135253576773
-0.163933854661939
0.619323699213130
-0.201095149819390
0.780347801137760
0.218880099590134
0.077575797672893
-1.311655654100014
-0.456288408136250
0.281018708285150
0.235013886606087
-0.369465291334111
-1.016882704838765
-1.507694705451656
-0.844823874513232
-1.315794819073518
-0.709216910697372
-1.138833172620038
0.309754872417270
1.220929888766439
0.393642075248267
1.348083920173574
-0.644339611363380
-0.129214774841704
1.730574292929006
1.575713984029965
0.542479717313305
-0.671600900987180
0.802359937541785
-0.470279668334366
0.040846222031050
0.503456012219503
0.450106091801837
2.450985665304414
-0.773142519379791
-0.282836751721573
-0.105905550490630
-0.769045206623123
1.586699342449791
-0.941385128168787
0.791987803626933
-1.472629644893183
-0.565799513159476
-0.536947174557499
0.021834048815849
0.156782533136184
-0.876080248473780
0.082374865190763
0.580409034680010
1.805770966125575
0.549470103701607
-0.798408926090790
-1.381566990946233
1.332108683173836
-0.466880485043295
-1.273889955243057
0.900110568698429
-0.716253731440350
0.075005681145667
0.535397036156907
0.727405063414082
-0.800541366741597
0.645711543731458
-0.332764749017919
0.996288888228811
0.741902714860908
0.549625888254792
-1.577148639550121
-1.754102198382508
-1.324051739904213
-1.327321223110758
0.087113857498034
0.324184009025175
0.650899033835603
-0.547967488969363
-1.853645523609491
-1.448698337001652
-0.096465072842569
-1.425731864133118
-0.194119790936139
0.709010712295362
-0.714294431474941
1.424933527169898
-0.008495438656585
-0.188741765579119
-0.322031046990825
0.792947392941646
0.849784760982758
0.206179544060393
1.521247218363670
-0.191687258252737
-0.866561460422240
-0.382735233145614
-1.601830359084057
1.277168560639190
0.516484802490143
-1.229590445157098
1.212826005832097
-0.366300388467100
-0.917644949403576
-0.693324799492288
-0.106649098731514
-0.270460577366377
0.202729362809691
0.662713857097320
-0.543307462638337
0.299054799695877
1.084401434245733
0.054933026826849
-0.152800974571674
0.097896388789883
-0.986415152082472
-0.699725676014800
-0.746097662639496
-0.415471723546899
1.647915400951455
-0.827597704338800
-0.162269295492129
-0.650490059902893
0.533598919137917
-1.300392338367573
0.434829541396003
0.149732758451160
-0.516342853047629
1.046846976736270
0.331234357346467
-0.498978697694288
-1.131556951588507
0.486228325982298
-0.306527142258789
-1.394527978716327
-2.226577612198428
-0.601020617509789
0.393285720698113
0.770457003245923
0.176694778157488
1.760978509292588
1.022411889790892
0.593307680868373
0.524566115761509
0.908937442984458
-0.819076738364837
-0.532489701857492
-0.120719032228229
0.014280538521425
-0.296328376284569
0.193380555093337
0.191349192494085
0.197333002969830
1.472171277068750
0.198010126099364
-1.040378807245275
-0.980258334828705
-0.572414005695943
-0.077496590022588
0.795287123099354
-0.423282040419452
-0.468280975727911
-0.025716203699319
-0.550320290009930
0.241794155191360
0.619744720093405
-1.819571191639429
-0.364242605403318
0.970351971438395
-1.842400436461882
0.950381786445095
0.783642878789668
0.771759785569717
0.199877290919933
-0.056655424225839
-0.774548846962487
0.197757481684960
0.127597341498936
-0.455938835153646
1.657338348919610
0.055389941559969
-1.681901099532096
-0.410774274965478
-0.533901654127911
0.421010343970040
0.256358097977373
-1.305051816246532
1.491041922868973
-0.095214665586527
1.825050502229275
1.100127256304247
-0.671373442951311
-0.269118507332318
-0.197860351187003
0.391527840678838
-0.492172820258651
-0.170172550774385
0.930231359304835
0.803060004123373
1.966598481575030
0.063181327487188
-0.627213262931808
-1.269470023313461
-0.086567432145535
-0.594800170774504
1.022554406767914
-0.785453375175127
1.556501068006158
0.852029047366991
0.712766440340009
0.226207318254961
0.427634081201375
1.165008351347092
0.954076305216656
0.220547644664414
0.306200741993935
-0.768500831359836
0.159345639537699
-1.363526587052565
2.073971344330790
-1.381470444215812
-0.542506359345033
0.622455731675196
-1.166329198503999
0.524016149385347
-1.124528579750622
1.525322274305797
0.418359638408150
-1.127168805833407
-0.362741544206111
-0.774134301138652
-0.189116853150713
-0.124447856364180
0.162483445211944
0.238421030530838
-0.968158027311677
-0.067975615543657
-1.280572007672626
0.150988804614553
-1.575703035611941
-1.157278460468784
-0.955717593963587
1.748857744348415
0.106308569804847
2.251945204291848
0.651532182408777
1.541685174994458
0.054229384007165
-0.342940046241970
2.402334831900729
0.388218975962817
1.521652442789438
1.191831914679044
-0.276951300321413
0.754878028793212
0.432562369541080
0.912449125792220
1.119869096897524
1.402658598727929
0.075932909886532
0.033671913436054
-0.172706649652033
0.215155907908651
-1.069479686181258
0.317957827380235
-1.425146199249513
0.503912582549678
-0.838653482240997
0.112465807357272
0.826055401349100
0.047116003603585
-1.130055105952516
-1.017441592513116
0.414156652992664
-0.660112289586602
1.017719111542303
0.483172831091175
-1.862362073082962
-0.046790842285009
1.530027878698535
1.279917012080772
2.195378234205926
-0.395075062502351
1.538205300515579
-1.364122238979093
0.537807805501657
0.754959225073819
1.950173499304662
-0.823657957647819
0.557875980043991
0.130917604305599
2.119557236012668
-0.477042640401403
-0.236194053388291
0.478026596432126
0.562271096983741
-1.061993518650264
-0.640871380016765
0.682219391863954
-1.100579727161342
0.087691121050035
0.440720481225865
-0.712008862855868
0.937960680909371
0.611789876627811
-0.276213442474426
-1.467451335038684
0.506199964629941
1.968620828675278
0.182990451106836
0.819010003529787
1.080405729095341
-1.721055175343067
-0.729758799243557
-0.174565980820525
-1.065570384145040
-0.216061901860457
-0.490954977994613
-2.398041439487081
0.144056502647903
1.581883768840315
0.797519438257241
0.291893586324706
0.594819018031319
-0.025180049247341
-0.404161730655754
-0.758103866443815
-0.334386264531824
-0.713065639019935
-0.332923931860644
-1.749542565183930
-2.008468313638294
-2.895182731036217
0.985018886286931
-1.142919938110386
0.291460116464149
-0.180449198621681
1.677754613131147
1.268628153111210
-0.776125626475144
1.578554583274817
0.847097519829182
2.319758460460761
0.558362577055659
0.448903475942432
0.963071058385692
-0.896746465351074
0.995998797058790
0.466023687777216
-0.053618605897413
-1.258980312668478
-0.479779116400041
0.129559394934656
-0.368386350646465
-0.487088548214302
-0.476386511786159
1.158871526973294
-0.163309544243463
1.271057793584136
-1.458351827766443
1.640432783917340
0.104524249872707
0.279225987571990
0.749222368540584
-0.286826143104382
-0.417652231049810
-0.095253583316603
-1.606250243155853
-0.960124925089548
-0.401157261651430
-1.807289325459867
0.104749627723123
1.372586449345897
0.890184559502563
-1.215990326388138
1.461964333765807
1.263355563473149
1.133580333452399
1.159977931372220
1.127603685743384
-0.267899480233402
-0.328145045664063
-1.794988227735370
-1.172300419886727
-0.788031759478420
0.193853063672876
-0.381078032108712
1.653073535410555
-0.535245635842380
-0.939504849881177
0.581655619510708
0.232930888837760
-0.070752139472771
0.045683407660681
0.016793307883860
-0.053164118052864
-0.281932510755560
1.699291095900420
-1.009746393201129
1.076960270253506
-0.940894429921707
-1.836944340105978
-1.075060298480663
0.294864265709256
-1.783127488088371
-0.512339930746805
0.464910926015499
0.130364755372972
0.713952845771624
-0.421012125807574
0.860316341881848
-0.191967002853136
-2.178623119580125
0.721783776314258
-1.298563996695481
0.145960075259288
-0.545962304865945
1.607647241983589
-0.798285515771267
0.856570119682604
-1.579110064678734
0.216485910954847
1.391544185491146
0.011179113628438
0.035101671920558
1.147862161411919
0.100629802671052
0.486360258625828
0.749721597113808
0.051218155329807
-0.325177816145478
-0.438952442162195
0.765180640265221
0.788563914852556
0.867693250219391
-0.913842178808509
-0.362317215224973
0.856586418509029
2.227229144398953
0.049666168365014
1.880932062843776
-0.899566644581941
0.697327618873485
0.482248708692016
1.360881606834353
0.929713366517162
0.592630309184407
0.129455737908979
1.303219244800341
-0.057351400688437
-1.341360095486439
0.422127541770528
0.429175927310916
-0.181485141917684
0.163552168749816
0.349558988367099
-0.337316623739831
0.022292241588660
0.373385825374813
0.485366514095726
0.844823773163966
-0.473480342750616
0.548520448830563
0.303908307255373
0.643968355625764
-0.605631117440702
-0.977008848174849
-1.296078707605485
-0.395762289641014
-0.804012774710984
-1.129448194996784
-1.279591439085357
1.253795925662052
1.966672296959905
2.378860407486319
-0.104201819684533
0.098799288937989
-0.068020069408693
-2.000339469313835
-0.322822900884147
0.103034766563498
-0.568711951817947
1.796385808742065
-0.948023426373411
-0.958985963133373
0.808848212459347
-1.606938617435904
-0.436352022245017
-0.044347906558789
-0.110552555516830
-1.346557120943821
-0.579241392794454
0.620464245431125
0.297695810439723
0.441222921933047
1.270851217479445
0.570121677462560
-0.136478842846876
-1.471078414655808
-0.558538272725567
-0.769791605587738
0.403149072584981
-0.796485942957641
1.296545067284127
-0.920382031051427
-0.087872773217587
0.771321781821538
-0.393647441469274
0.857167588720193
-1.164031487662516
0.383846375455650
0.995375823196296
0.162033314054293
1.095178898640764
-0.428018317536640
0.354813687534408
1.180269523721392
-0.157790817235718
-0.553525015819124
-0.963409887767277
0.474754300022451
-0.458294464739553
-0.280033291699184
-0.113337178307315
-0.167424283674952
-0.534800092082348
-0.140538073672325
-0.261803974110283
0.301963453560745
0.066178102458256
-0.651771011427555
0.710536191762063
1.365215647448411
1.602397326923893
-1.550943497498099
0.067185978520629
0.313864465536320
0.780526267780477
-0.477864597600244
0.662149293811167
-0.861001553200120
-0.646263825467768
-0.551222736135757
-0.600812901458548
0.320071738955175
-0.434566942255034
0.176066258849371
-0.060091842463490
1.109206518626723
-0.110551071606014
-3.179744135294248
0.695570339732815
-1.046200947402404
0.853113217282466
-0.672172470729246
-1.382946253263821
0.517429629942330
-0.599720062610043
0.189223782875241
1.362670988941295
1.734372654812974
0.155176503796332
-0.120042636243241
-0.645923192221648
-0.341210826616226
1.755281124150457
-0.703326885308480
-1.564828085495724
-1.488816116562690
-1.064572266159106
0.877407790530377
-0.283806635779080
-0.294278467902939
1.597701800262131
-0.123481718188250
-0.091522039005887
-0.631170668754356
-1.231967932363336
-0.353142419420310
-0.402357692921247
-0.194403900959284
-0.353439398657371
-1.442073758304355
0.068391948263447
0.116362550353551
0.425176589751242
-0.527105729073557
1.437763271847122
-0.258708734725996
-1.392281632136516
0.718523943242326
-0.703332803342229
0.540409892044351
0.051632682719869
-1.911725275142635
0.150484172764367
0.305986054341874
0.250346090763257
-0.777186195339886
-0.171943836359155
-0.661250520844166
-0.341785771131331
0.598727708713237
-0.268077196064167
0.199037349099627
-0.685391893519633
-0.791102061639260
-0.160876132238662
0.700024723627053
1.109139698946719
0.316861757734666
-0.083716504881181
0.640503270724272
1.863517031860343
0.237547268714355
-0.187631546938428
0.428484387670344
1.116768621647698
0.137938382578422
0.095652142601980
0.269264181452990
-0.963569169428004
1.577102509049743
-0.057168437625892
-0.842128254719468
1.381147064187213
0.536709094737613
-1.518916036839345
0.281825812895727
1.208834250118210
-0.268408042577854
-0.465142104454154
1.127776258974355
-1.398074793851560
-0.659178815794438
0.479870721602302
1.206232105249122
1.053570064204993
-0.762580684906929
0.968692617227892
-0.047102374926276
-0.456792641034072
1.534042773447814
0.837832099465052
0.622127332893847
0.338114005022412
0.801855198510956
0.803801000452185
0.121831518306889
-0.799786357254264
0.247841665141101
-1.697615170507370
-0.407836110621550
0.458041000967130
0.870089388885102
-0.543315359252340
0.644167348473389
0.025555430686162
-1.030363468637309
-0.715948123849746
1.025820365555804
-1.622077349161502
0.401030917071283
-2.052039890595552
-0.828972598434126
-1.035683453105720
-0.343555662618782
-1.444653567708097
0.756375084865389
0.968799866390668
0.642548875479704
0.141592345749538
-2.143661297440910
0.270976827365936
0.356703473631937
-0.171304185402029
1.717621071749552
0.374878861858914
-0.094524185854523
-0.709653575533796
-1.224407826939867
0.108755770017573
-1.446731947644363
0.434192912076398
-0.578593041964232
0.566967146570985
0.655516486624797
0.196647983839100
1.378627662765930
0.314872383951477
-0.063127689746946
1.466651509943079
0.608995965167577
-0.597534288010684
-1.565098044845820
0.456185733840294
-0.475711605171973
-0.656265847756647
-1.425464092317666
-1.162964376225768
0.915241519228282
-2.124947383059184
-0.725326831387734
0.598006456950850
0.634778430011261
0.005058748080645
1.237824299168316
-0.434946399529227
0.560178691895632
-1.713789788538426
-2.559141578935477
-1.075009311610367
-0.441818458254382
0.194543323661426
-0.928635661186249
0.847298928152155
0.455489005012277
-0.126507376382998
0.210921699075122
0.258141902366173
-0.866070449612685
0.173668260190524
0.166482079203300
0.437860165690300
0.553744751095056
1.088301572488823
0.199104673522700
-0.094427224274800
-0.526027764428407
1.413928512670707
-1.220361905329786
-0.638804228262599
-1.834648137415524
1.058687558167827
-0.105979700289773
-0.204540091955207
-1.538061130053254
2.604993599963436
0.199890457914785
0.068002412521341
0.300539071676860
-0.576325181011121
-0.124836051009261
2.007604780918406
-0.784680617093284
1.601035574527252
1.579075131243610
0.130599674992292
-0.824088292827073
-0.257970708774664
-1.055415875982088
0.582953345074147
-0.471592586689954
0.645388241270786
0.128813333344203
0.389275307068788
-0.907543788343336
-0.636368347288546
-0.336631557896792
1.027020096763225
-1.607507204758417
0.337074546111006
0.736722483062567
0.462920219833282
-0.179587401081203
0.634713035529008
1.181010265439023
-1.578187648075577
-1.383847408229498
-0.075180321727159
-0.715881478323294
-0.443253551420954
-0.103078897165937
0.859149516286005
-0.400341497184949
-0.445979685831192
0.549324143242066
-0.053424432188929
1.206236955761196
0.800020842464745
0.001240409208487
-0.946870958983560
2.110726247950525
0.374864525249447
-0.820010106638952
-0.878143320225183
-1.131549723567610
0.162586935861264
0.122301479761067
-0.719660281645848
-0.486317999690820
0.252749714355766
1.776551321666305
0.757526968814410
2.238566714669804
1.351726467186525
-1.014024794026202
1.196706441539339
0.136233925230430
-1.407595819878289
-0.924738554043308
0.353570582492615
-0.297606324616099
-0.445095426987548
-0.613668627722107
-0.048641076273442
1.144532091838438
-1.194964256050751
0.248015679159659
4.247861665004618
0.107622737920531
1.759251603467627
0.473225378752864
0.803910907445525
-1.111442583168233
-0.575848934260111
-0.950175919624362
-1.625012662883159
-2.633747541021726
-1.234155295928523
0.142203317121126
0.386541608822936
0.481796203316837
1.411956806649301
2.365471534341378
0.662881017735468
1.916971436608410
0.868010026956603
1.136327810100059
0.628773725700817
-0.518317259201286
0.340545276547593
-1.151671314634223
-0.916347846494125
0.366823152371250
0.746531199602557
-0.371080087671164
-0.076994374171312
0.304253521514881
0.907772581438229
0.574144957197923
-0.570205684275251
0.024138447490750
0.156328369475769
0.481484333752800
0.077495785471098
0.989181149052778
0.407634073984156
0.208378600020736
-0.474196699230743
0.044343295210295
-2.131743258688058
0.140304533538830
0.739909308803720
-1.920974134552536
0.182903067167075
-0.461533525786776
-0.647520717204023
-1.514587431846254
0.797309681813012
-0.843831705629293
-0.708873010626772
-2.063356345573937
-0.665888764305652
-0.364315388757695
0.528911196156485
-0.366800661930917
-0.005815458519786
0.544488229553302
0.455746032086524
-0.522985115907337
1.198389747573405
-1.579338934998978
-0.493547929571987
-0.380978883824732
0.931746574632028
0.405502655501137
-0.433204578176853
0.994215982111774
-1.072753703767159
0.659508140107757
0.153676148389604
2.276606831531488
0.358995397319835
0.498663214768794
-0.118894789445822
0.204070550656133
0.063089860280051
-1.127197203424815
-0.333457823703325
-1.609463239269307
-1.172999708516919
0.487602222488675
1.576606637727242
-0.692211401610708
2.843274929547757
2.781892679882215
1.033555423108030
0.780875209752288
-0.394696194130796
-0.078431453751628
-0.233447850477369
0.350567810865241
-1.970023242046637
-0.531540096487681
-0.468106485764058
1.248345289685993
-0.151053847304242
0.224341305109463
0.030508571783735
-0.174662461703949
1.236586108600021
0.086654440735363
-0.020288570411732
0.583438821835006
-0.832030963837385
-0.301538279595763
-0.959691197118312
-1.136154997453872
-0.436752628961720
0.108912949230436
0.547512452376722
0.047383379233420
0.053072336898342
1.344684880254908
0.268517251955788
0.414260570593735
0.064598105582004
1.236168397830846
1.294064310387776
-1.407222266400465
0.291032645064669
1.333567254952183
-1.056376507380698
-0.541588112993814
0.927095460816920
-0.935553784261095
-2.080570417328521
2.642691361241222
0.237780291411973
0.243638130792494
0.076528470054888
-0.738699206124043
-0.882225656397869
0.405393843344502
2.289322098360441
-0.514906705518224
0.683132373161137
0.069943145545123
-1.267857921909080
-0.680740896284703
-0.100294485381490
0.414103752752242
0.648884729861131
-0.807219022171095
-0.096850268733661
0.349343348235484
1.305049158869948
-2.023554820821660
1.012177411606280
-1.283929945238542
2.726677433490624
0.597124891907179
-0.122300966006568
-0.112079168011389
-0.351605846065271
2.203126740273047
-0.282909987782884
-0.490341740996751
-2.000315480250745
-0.340853220705169
0.569550903762947
-1.392638149184577
-1.112560937346979
-0.951654585219462
1.468196235640839
-0.485609639853859
-2.140526166339432
-0.986057647714705
0.647229531329157
1.295837128997886
0.943746650661157
-0.311564021566087
0.729943708074221
-0.200255227609277
1.003050305931916
1.188304693664579
-0.652695038691733
-0.715781305418633
-1.620406084039343
0.374241799913818
-0.224675565904065
-0.378581038852501
-0.300540985474746
-0.906447865495324
-0.242355447814885
1.613948876060767
-0.999946569426391
0.513206933258492
-0.097807160784270
-0.808482852662290
-0.619079122161153
-1.618056938875784
-1.045720695829989
-0.785677925197871
-0.425129891862832
-0.742762972877327
-1.580642604640264
0.479057722175803
-0.281113180472613
-0.584010043545872
0.952079511430152
1.398236517685043
0.044555205045870
1.444125968986344
1.976326389103289
0.076666198796478
0.017395439431798
-0.724894115164691
-0.927791623908583
1.750795000754937
-0.494804882516337
0.427821694539685
-0.945757507340063
0.409945392917106
0.171100823770623
-0.595302800680069
-0.980390327362803
0.651715223822312
0.325870912439730
1.204641562184573
-1.031565458693446
0.364330671895874
0.045458196691492
0.046198220815508
0.216860741335246
1.492250438260861
0.667762773467471
-0.846940296491675
-1.608251872952119
0.106724959961958
-1.045827674535479
1.086137157160041
1.454202623045270
0.175778784339225
1.589993637496518
-0.693468606145676
0.025225167780023
-0.316074739083765
-1.516632674644560
0.094132777763595
-0.895474256051820
0.211112546639134
-0.076536425980358
-1.272377652942355
-0.153965744979632
-1.584854907482612
0.982307003659621
0.465582752818753
1.309647421694845
1.505934486783009
0.506985681241038
-0.409801959556417
0.755593276654775
-0.197238972372001
-1.097168979295613
-1.264579413312696
0.215753864192387
0.918489148020015
0.970094277679396
-0.624645594727159
0.737225260472005
1.067677220043178
0.929405263132347
-0.247001242671036
0.295262193207510
-0.696756652529703
-0.824446288819713
0.392613402346117
-0.824044520102585
0.857631726558100
-0.202518271856753
1.023155434439177
0.212523439197136
1.236007007445532
-0.784863669608809
1.009861427212579
0.870820330093214
0.246580398383809
-0.795631884225843
-1.051001002842195
0.125041259097504
-0.404379941103955
0.386583180488278
-0.960282479073630
-1.927586993499315
0.337132814110294
0.748765634256516
0.100977870493706
1.559749493618491
0.502270020613720
-0.602878322840174
-0.894377291605575
-1.458882072401982
0.348056079872499
-0.622001789107595
-0.313493124587463
0.474430221279645
0.471475267301808
-1.041555358933254
-0.159395864325401
0.720119011229219
-0.618600866051916
0.626460476254718
1.326988452307743
-1.460312747890180
-0.635591446091413
0.576814595375205
0.083290621861978
-0.197927309239706
1.441139702053196
0.550077676627787
0.426939410554797
-0.082622888233391
-0.080135677622196
0.520692840629127
1.330731861583608
-0.356808061682709
1.318368582211709
0.421821503126330
0.648212010349003
-0.433537751778494
0.332549001316990
-0.862059784072544
-1.241245594983416
-0.224006158498712
0.283834522104983
0.419414489208900
1.162506389292855
-0.368367808953092
0.146918633472920
-1.326226318423657
0.031996574367471
1.373323356773779
0.070955290172850
-1.532552305881552
0.660494956243168
0.162235326927290
0.321960182061733
-1.637057342715628
-0.075441927666240
-0.692456955465249
-0.333730915213413
-0.239289200719231
-0.375190164046025
0.063775694245615
-0.235543213335023
0.486461559934935
0.500043973576040
1.878603033784783
0.370461281683161
0.162289764361961
0.920967947592302
1.188394357602495
-0.002470779319813
0.489156687111600
-0.296812374541099
0.686238852443330
-0.011115998254085
-0.554387190761111
-0.200411311507325
0.127893807267560
0.161652914394128
-0.467323580065142
0.342054234624696
-0.261079405582787
1.356143116585337
0.662880626072635
1.031617369232359
0.597340434941579
0.092000352464936
0.979797874639731
1.838549921804429
2.367399321381217
0.617049851065319
0.486599527174395
2.071931689352773
0.995237949603743
0.619423265609444
0.096589379433857
0.752763446014399
-1.847827670119342
-0.759872826719631
-2.918011326046315
-1.968899283443484
-1.160079687362925
-2.567195465435416
-1.929890603358956
-2.457762935414473
-1.273134094844762
0.855837277743407
2.502236748414771
3.996754310079870
1.103950169477926
3.386719996490896
2.686858487748837
-0.197173478325245
-1.169302844327658
-2.813111268048765
-4.731313682275335
-4.645866885354238
-4.104313417520583
-3.348966265971576
-2.098204327369667
1.149768306574118
2.316337774643540
2.377451234923613
4.723163899542615
7.098349959843175
4.525028505706358
4.850253418826214
2.060811069345726
-0.756923580856675
-1.474429713589601
-5.445269839480673
-6.310679285618694
-9.600063291600311
-8.392131034867671
-5.057648407323151
-3.160413296021729
-0.165731736107687
1.775757819378075
1.513344781427858
5.384246636893991
5.092433986298151
6.507015582165188
5.273358863196018
5.177384478996749
2.122162302513547
0.643955562581053
0.786644362459233
-0.771337944157393
-1.944072973666286
-4.027075483486684
-1.969457000830930
-1.437794832603346
-2.052305755292013
0.308820790032958
3.611821063901523
2.072346169977616
3.594169058445606
2.922570743790178
5.002563342859186
4.671567822753627
5.527596042659072
4.832955326816138
2.949767756928565
3.246184799979596
0.392917091293568
-0.995177922850470
-2.315329547361050
-4.838898315691573
-5.097059285719475
-3.993934704443481
-4.761716998743064
-1.737074989858755
-1.383771594485460
0.167760670669871
1.504823699554962
5.430849595058930
4.065791924032782
7.023496762678003
6.468041182378455
1.705719070366244
0.174694667816702
1.034549077285566
-2.810362889119149
-6.069371227377959
-7.227269607568411
-7.058249420763785
-7.725382723336364
-5.376751134390608
-3.406754847148388
-2.435312476703756
1.816500243992962
1.687445374261522
1.309099566669377
4.136777208568673
4.968123148712211
3.220624381221928
1.335819982040198
-1.611770118598359
-3.082498229830789
-4.924891245491765
-6.695286193831896
-5.460030487905075
-5.902501577758017
-5.146528528921352
-4.251373000118325
-0.395697590590140
-0.196197657188315
1.778537356486360
2.986959234246211
5.130670767496039
3.092063156866903
3.448207461969553
0.944081424341151
-0.676640052549981
0.158698993808037
-2.568630667652295
-2.380790761546757
-3.187125085480390
-2.550417914930471
-2.157770865982747
-2.387125730775509
0.571523011349700
0.121458332819072
3.424124513779295
2.573402881315551
2.703010683168376
2.032227368942805
2.504207058454957
2.883966282460339
2.983229250977334
0.380700991454363
0.604879482146566
1.367907473414675
-0.297365438931577
0.220735734643363
0.502268202059730
0.672058295869933
-0.941079776354710
0.775478245059670
0.846810871855620
-0.974454857892130
-0.717229050880077
0.517783680613718
0.729998879622083
0.945318170224737
0.907730050940623
2.714791045303770
2.044849192494728
1.578235391992752
2.597843160550007
0.596722671327630
0.262888535547906
1.148361127692325
-1.629813389651967
-2.641410722356713
-0.710058467028855
-1.512278296445228
-2.587722584472320
-0.458137378242538
-1.651107430247650
1.757810798412697
2.353496069441768
2.365682070517190
1.988829192759225
2.590809927050199
0.111979424582773
0.006370067820489
-1.331130325513189
-0.670406551553463
-1.897028601983345
-1.311975531697976
-3.184278603118367
-3.563308410465155
-2.524645364377002
-2.124225079787790
-0.970317885945221
1.229593734536186
-0.633058413102662
1.406324180124681
0.880444840059679
2.347393015643030
-0.208572373253680
0.766082962862622
-0.555404442747712
-3.501883372298140
-2.161264609467713
-3.750762054316125
-1.053359325409795
-2.701828947404342
-0.568803391143295
0.059095292481106
-1.434644500913289
0.553868014111755
0.709874128920964
1.823567551199656
1.494224808483728
0.921352390376553
1.066088741080155
-1.054830877659279
-0.169565673446140
-1.352268674598843
0.324268682409622
-1.117152490711584
-0.069464806310973
-1.898614514547010
1.193970790752835
-0.037659241614198
0.043414342186314
-1.003012573782327
-0.523716907574696
-0.635731889870566
0.732676852578342
1.482083899325819
-0.176447865571600
0.071603539455458
0.508015111939189
-0.506714411313207
0.305629078309534
1.183933385099733
-0.416038635782208
0.572906523706844
-0.263127999859387
-1.023350592858497
0.018295880884803
1.007651649305031
-1.753031143987715
-0.962528733195778
-1.379842629439364
0.613390363674764
0.040724690825072
1.586492026589432
-1.251027886442458
-1.253567774369868
0.765662737428694
1.054203919390974
1.113254700723292
-0.045174354454095
0.466671886074470
-0.195453193374231
-0.498336265028769
0.147683819353559
1.354811524328684
0.185732087776044
-1.228815957488575
-0.083038665504874
-0.068459312810740
-0.020757505743839
-0.529644349755825
0.463592425303723
1.863962764414428
1.098990899377601
0.993069596755741
-0.528384509756263
-0.394932072745178
-2.687100804183156
-0.171483941109807
-1.460263544825615
-2.240910728460308
-0.231705690615349
-0.869326620625861
0.272540518168932
-1.034495243188123
0.537666305950238
0.592785933965342
1.267053060268204
0.512696579672558
-0.799138832481989
0.411187399168905
-1.456468211898784
-0.993270070957667
-1.364011862642015
-0.153269616438913
-2.826992071336317
-0.585077206097485
-1.810497393272447
0.492521198437855
0.573666544475761
-0.781671670549064
-1.050824142796005
0.834162927394522
-0.722421087714188
-0.331968184464587
2.022655797435269
0.835594609233200
-0.955019280106773
-0.665156299215043
-0.927482118986700
0.145277723538689
0.647788555183255
-1.780069251491991
-0.101570612980905
0.067024963078647
0.335451803018526
0.317155762058034
1.574612519432826
1.335999541734246
-0.763731859086823
1.803590783547294
0.368227270518846
-0.879786833738115
-1.269418912686269
-0.088658086408263
-1.885102903179777
-1.525807171976692
0.270941922747350
-1.983842572340770
-0.644817780744521
0.620424741567590
0.196988375566222
-0.116637711266755
3.195004799324111
1.128714357495705
2.077081167400688
0.589697670700715
2.906612383759016
1.313926845920508
2.486848879849881
-0.071240285865518
1.340110485560781
0.106452628970101
-0.564365908136096
0.771850940979360
1.040439487036263
0.855289287943913
0.978798784936713
0.925350922064985
-0.978072447920317
0.653116121387964
0.056856707123204
-0.277159418656221
-0.786860205820443
-0.083570368164618
0.149587180373693
-1.370185454895389
0.657346643690822
-0.756503061080938
-0.836185573308380
0.800511244700284
-1.331954692607086
-1.109421422958238
-1.986047226405862
-1.002858027545585
-1.715181803551431
-1.714906546260199
-1.405094154478264
0.071105089237518
-1.161934235744223
1.613471505577753
-0.577293593937768
1.553903178545938
0.285083467182582
0.701479375883608
1.389322383212120
-0.589504861685109
-0.253505469035943
-0.862791994598206
-2.757293565504258
0.693634077628332
-0.146338865064601
-0.965278677136595
-0.667372690450581
-0.127213397780123
1.108842065021151
-0.539136492561110
-1.354206113079975
-1.266109111006876
-1.678694422159142
0.237607145041521
0.160761907072969
-2.130215348890902
-1.467732788430599
0.126135352703309
-0.955952685469459
0.478176219902966
0.172355231203854
0.172951582725337
0.599969004760026
-0.732668602123229
1.590965911667987
0.701709497960506
0.114442668378836
0.703330144129394
-0.007821795063732
0.419386175716748
0.097060195117010
0.268001053443173
0.769987039352132
-0.484441462380896
0.792233785161480
0.412205878276707
1.211234522602479
1.899175834013957
1.450351161890656
1.101350654604628
2.318873725196546
-1.497954837789048
1.515545896346427
-1.480992874409960
0.277596099814149
-1.480685044064092
1.046727294731579
-0.316793278578139
1.140398046283784
0.009961484320388
0.008715442712885
-0.288083572352308
-0.234748135018346
0.280533188473366
1.434709376332412
-0.275542065399932
0.943303267982928
0.115866320340331
0.693232116064616
0.135355983389590
1.405232468934404
-0.237952337053845
-1.172316696704198
-0.286009209560852
-0.588975211199048
-1.002557077752182
-0.461129141647204
-2.107681614758816
1.559206102048945
-1.698478980238979
-0.005940875752469
0.742074638784657
0.024889581707129
-0.657288896841637
-0.121177027442951
-1.116486803167308
-1.242764383227573
0.446935060722576
0.258944212441715
-1.005773891482541
-0.276090908415569
0.457218519700463
-0.481153445823010
-1.052892578993251
-0.053472044480451
0.418211731856654
0.371382162001800
-0.909770976005271
0.330512180621307
0.297526730447148
0.262754324651514
-1.950553118158064
1.012186170611991
-0.322567943985973
0.959648267122810
-0.664866637378260
3.029771274349483
0.448440399590386
1.285815647632002
-2.331793110617279
1.396969287234930
0.494031250238722
0.521525828850787
-0.125123764821210
0.153277213336615
-0.355774204722460
1.301001223363735
0.179977926099217
1.066277986973861
0.972722920602195
0.695064905774939
-0.336413150493492
0.545926979260849
1.501157385319380
-0.000870208912446
0.451533684440850
-1.184242752515122
-0.830230293792182
1.602012297717075
-0.318127220666766
0.716122280192811
1.422901644107184
-0.024312485732080
-0.402797139940296
0.737961266430534
0.389892849460749
0.594272529447736
0.732917384655457
0.584102224737459
2.121236481465631
1.347618146292571
-0.240488481900034
0.960399588719152
-1.068043679380443
0.259842341521431
1.171528001142473
-1.522594623122435
-0.364015754418225
-0.389380852492861
-0.291196813419314
0.164735589541507
0.653956444547726
-1.046727966946225
0.571935254146408
0.227919404329171
-0.611535364533275
-0.381623294952711
0.572927113066570
-1.439686476298629
-0.023154152825200
-0.678937320198689
-0.677045301582246
1.274779186323285
0.637616029997755
-0.924139483720656
-0.081840473368311
0.913906944273483
0.437876338746713
-0.670911367241085
-1.766519415952548
-0.559229851926663
-0.019555251479554
0.667441533346951
-0.927163895967620
-0.303283323423121
0.143657977392716
-1.503898090612210
1.730502807070433
-0.637180613878659
-0.480241413985269
-0.883013804559747
-0.100485283171973
-0.234517987984112
0.050511159821411
-0.223807595318230
-1.624035018932460
-0.515182103146141
-0.595699092276537
0.922977872417214
-1.910009510503338
-0.585730610524125
-0.846172156302903
-0.171912858176944
-0.339069718664804
-1.031186040027467
-0.079534355195650
-0.309585557638785
0.772207258552424
1.885730503234449
0.696815200004473
0.444863263554422
0.634002610274565
-0.189740663342518
1.222162126357729
-1.518552490509806
-0.260186132328125
1.999635955678408
0.691221771984218
-0.869451845629671
0.230862685016164
0.078212635047931
0.195862572929518
0.882830843327275
-1.759280242747543
1.021593239257793
-0.673800440718159
-0.720005682319896
-0.153046281423394
1.200393340412952
-0.199995955253109
-0.874018400095504
-1.066976366055862
-0.238640556556424
-1.290755327745264
0.040201368264370
-1.087671424265666
0.143310173941690
-1.745285577517668
0.533702964421349
-1.466907026126872
-1.151619626766127
-0.517132444760427
-0.337812678452180
0.385432450605975
0.084588229530370
0.648791465950608
0.372960126681479
0.303296272529665
-1.064293294906856
-1.292642209668584
-0.878496219637557
-1.093739680372906
0.311389761502765
-1.087473883489446
-0.157238812890141
-0.203705309008999
0.300314318470832
-0.534117429369575
-0.395948230564900
0.391326469117994
0.848275340803415
0.541461866469698
0.311797711675578
-0.413261778296869
-0.191474588337709
-0.676796179799689
0.880387513105019
0.753471953682092
0.400697708216774
-0.084540332237608
0.093829609491184
-0.518570231079664
-0.232109319645773
-0.667586946305554
-0.949025387518202
0.370812607144852
1.690701815312355
0.153384555626973
0.861717773127580
-0.684690356423926
-0.470227037282070
-2.250630476831720
0.321953044503428
0.524027064994147
1.724053844147404
1.994663639632293
0.815970211633476
-0.041463089531936
0.680638170887781
0.755116983525726
0.634089752344399
-2.113198926375838
-0.560758217651813
-0.108994013340504
-1.075544221539669
-1.063170619297388
-0.047426803870931
0.842169823542104
-0.948057661494192
-0.123303751414039
-1.734607347122840
-0.741618240072547
-0.630223808280844
0.677390588894216
-1.286751178092873
1.197478682033177
0.011127754035825
0.149248402000834
-0.391536959488514
0.251348067733041
-0.189241910899985
-0.028519387393085
1.226356946954119
1.991482685112571
-1.140962455174224
-0.616696180088873
0.016286167080978
-0.733026405334842
-1.108222169833594
-1.574732206939024
1.225987201175992
0.041125178987050
-0.749344243448355
0.205983684961964
1.021949933021073
0.714893766299023
-0.010183569420578
0.933508706844460
0.330577113139156
0.958865059486931
1.849984801045811
-0.906594317626602
0.641425368526006
0.401151340205964
-1.654375388360681
0.108015038076371
-2.318787929123729
-1.029289096799900
1.110275382833420
-0.377782857482903
-0.560693738351256
0.539624973534817
-0.635541566812293
-0.760777391445467
-1.458515109213241
0.211068838514115
0.914273717188884
-0.163650138528308
-2.273842673845155
-0.053061021264568
-0.260217140057531
0.326007394421664
-0.275231874882002
-1.593583212816854
1.953855208815353
0.418908247284355
-0.248230200164692
-1.378912377567987
-1.184160989617008
-0.110215462502436
-0.019117279471777
0.211477260624829
1.375565072056741
0.487064401153700
0.600116613358003
0.989049743446921
0.475647777315877
0.903678874720953
-1.320065813995546
-0.867324183852971
-1.093917615254802
1.793163111004110
-0.864607980734725
-0.343317108753966
0.653275827873013
-0.225644191221154
-0.357884158931931
0.014115197578417
-0.100971426803232
-0.402218210680824
0.072247204869624
-0.423347650034400
0.085394718006008
1.414005269051260
0.195211874117418
-0.164381168845889
-0.749561922275711
1.101087096725776
0.145102155078501
0.424688500935329
1.456818376715442
-0.627093207168797
-0.231894932196480
0.901619666785628
0.078267012652568
-0.640836445763135
0.088107043401356
-0.563895607243981
-1.453505543995053
1.987289997610531
0.402307600959526
-0.404759073009656
0.815471437078350
-1.361019893172083
-1.454837991540171
0.337989200774538
-1.338144039546726
-2.446707271868361
-0.833406576241619
1.248368397557230
-0.015918790796432
0.980976611076808
-0.667603928846995
-0.450820853682930
0.238397066213092
0.184499957406566
-1.576128497037863
-0.022072929813103
0.909255844168147
-0.582688819827893
0.866791868010730
-1.482667305597829
-0.066896386241323
-0.519935498003104
0.560321658314698
0.538393932308309
-0.871873253578378
0.223744909175766
0.301609937953627
0.870332996242290
-0.360127725397992
0.426452307772894
-0.705116059833719
1.251468901709641
0.590113966974537
1.691315048285452
-0.447167495918778
-1.243990145912941
1.589328976416217
-0.225700934756613
-0.737879437141236
-0.005137235361411
0.321770923915385
0.345136030872402
0.019933382469536
-0.013058877264816
1.348748256754230
-0.506000729841265
-0.712784634780596
-0.203873414496098
0.310913154715316
-0.724097162362343
-0.231380565455872
0.662349253645194
-0.547683298459260
0.970661737118535
0.977667829896498
0.920615581259424
-0.438111278013505
-0.310670285289820
0.690561222654154
1.153609487857771
1.215520954074123
-0.212441409008200
-0.022777723220060
0.816508458813253
-0.903492966140169
-0.350774580577678
0.799064984286494
-0.496261036703847
0.389523613122895
-1.479144191288125
0.737388499639567
-1.675991327020260
-0.899943728510215
0.050625516511087
0.996174799575477
0.702179553377069
1.358021231638717
-0.165998216178039
-0.004412952063464
0.258871488561226
-1.521259401850027
0.836551601319389
0.239813657313373
-1.346233059136642
-0.855707274040626
0.098555665511436
0.043375611664592
-0.886423639448704
0.235006485811230
-1.439656285434198
1.218514339631843
0.321938301399157
0.898063909517285
-0.547900397257084
-0.182190419568128
-0.198367825860679
-0.218678585729527
0.526488802038671
-1.481847357192422
-0.703000157579129
-0.124645274751202
0.784044267312594
-1.781493799712053
-0.460853119329980
-1.039040910823951
-1.624982830248887
-0.239863503484116
1.120726485513448
-0.374900324494995
-0.480192690349398
0.447623073018256
-0.048782877186817
-0.368755385115595
-0.705675089752404
0.554833154927266
-1.054249635918525
-0.312342816884008
-1.281369794614958
-0.888952895161534
-0.107510032418518
1.057233320216172
-0.459700032846507
0.656936385520427
0.285981009026347
0.129032137805380
0.741115601046510
-0.511234167342249
-0.576833912605463
1.040620984335582
1.626535309624646
0.755804649935089
-0.040958025915773
-0.183058097770999
-1.223544399590063
-0.054825149715520
0.350736274448858
-0.003619429836201
0.093402000478140
-0.415029034356569
0.211878628439384
1.279077336628628
-0.703421192046167
0.909085247858923
0.650995187839661
2.079534627469551
1.232741379965214
-0.573532977793049
0.585087596045405
1.060537942324701
0.285309803490228
2.371943097160365
0.349253316330544
0.763497675315929
-1.219712562251093
0.658107678945484
0.496254157831095
-0.538930250792733
0.991053614596760
-1.565386249908105
0.695468966154438
0.521854160815832
0.046606186344962
0.229260784282889
0.378860770287070
0.033384767018496
0.288506604883435
-1.874747827011114
0.484019454579915
-0.537171815615938
0.434220545284140
0.366258857277996
-0.308665774610319
0.001577849224481
-2.730791777610919
-1.089005452890186
-1.335746653993007
-0.381241477587190
-0.680111744763035
-0.850594911016530
0.571828994008144
0.245246167280872
1.079736018342824
0.287354534839392
-0.226593050606378
1.434895355255526
0.843333754744568
1.304521251974855
0.457131832651478
-0.736137088897162
-0.848732343133037
-0.547198420691239
-2.344675687599709
-1.978422571016344
-0.631880182212207
0.565485905954021
0.550817854784410
0.477244490560433
0.358472304188061
1.634203380384269
0.681456552352285
1.622870166111058
-0.561628255581876
1.558971605864356
1.279243942917233
0.000653521013202
2.061976621170993
0.988703345263789
-0.008225201019999
0.305191428639188
0.501620748220962
0.265165516855203
-0.173345821869333
0.690566432631975
1.479882485935720
-0.634783899770380
-0.129375351169435
0.109500603029898
1.736620022635766
-0.326467282993471
0.848357847369219
-1.265912030034313
0.651820492206896
-0.245373137073061
0.070379461199316
0.417250253338452
1.470010518020487
-0.747993404901436
0.170549112081111
0.454126450907451
-0.742347292566758
0.529780665260053
0.474646933825445
-0.477856610906182
0.052115828112967
-0.609733187297818
2.306871786225352
0.183038345585749
0.218954892997560
0.779692128367571
-0.331293582981232
-1.216298464353977
0.026002013674401
-0.339141104607003
0.389023940033222
0.648519290220165
0.326849251571095
-1.762533598815569
1.726516184783214
0.411246106687716
0.805521273582588
-0.970717848925917
0.389989940905590
-0.241612587761895
0.114733678914835
0.342978010214626
-0.264973765766273
0.262062151201264
2.269432953901809
1.412670607007342
-1.479626570071191
-0.600752058720238
0.064939251910943
-1.489526703950460
-2.231418092970407
0.111058639727939
-1.261264245333873
-0.179701813491594
-1.903399994212647
-0.200405155899511
0.840989245855361
-0.878237412968491
-0.243105347438069
-0.065503111235185
-0.883685240716540
-0.600829723885508
-1.038141182581054
-2.633152454196423
-1.845342733698655
-0.966228574533782
1.131074320908706
-0.270801788346127
0.877555746100287
-0.716940126810634
0.836354970894852
0.697208623874576
0.705953258834334
-1.029386932187157
1.312249122760921
1.269886425724814
0.963667134931345
-0.126392567568827
-0.049817617584885
-1.679520259992490
-0.647853732425182
0.850282103791171
0.812070654937627
0.445650136184810
-0.842852249499974
-0.450715601555141
0.755709951169805
-0.196463447076851
0.365695043825856
0.075144321079822
0.942688935930300
0.166283467156674
-0.097414624694119
-1.121460356020255
0.317768462926154
-1.974036871835723
-1.028148271853031
-0.770429454822411
-0.586290013810235
1.204734944205386
1.194347045793301
-0.042786618079015
2.785700611569379
0.824594722787214
1.187621083517883
-1.725105334874033
0.239329261061784
2.601947190630542
-0.720545343455724
0.336984888700138
-0.274249571343222
-1.171390056271952
0.038395773392628
-1.652697432360503
-1.155142088151096
-0.136296566970036
0.163484219621272
0.165373692118283
0.106460113262706
-0.097850260972859
-0.606842402875407
0.814506564457174
1.184030853604450
0.541203225100079
0.844559501362414
-1.055875762240378
-0.534641772756481
0.273027038626837
-0.701448080481927
0.149001320796009
-0.277974023142620
-1.188153487264697
0.656245152289453
0.167787835456816
0.048194276220318
-0.565188580726008
-0.253278333594236
-0.195533018049903
1.591447065216831
-0.367531551169188
-1.740888121808163
-0.172402091917634
0.429611534835621
2.815814025071687
1.459729671374385
-0.612379459337013
-0.367244172280092
-1.714533491252702
-0.484924335845764
0.706346040867909
-0.473881708426932
-0.800241916371807
-0.464958419730505
-0.673032551757712
1.874735154116140
-0.742377611863960
-0.237954191514981
-0.824313812674761
-0.628594482296579
-0.702745611964589
0.030998985122485
1.120396844504364
-1.252147548911078
0.321453184379574
1.063874900356801
0.535604385277544
0.513009171269360
0.544489712122964
0.423882157191393
-2.137076123033996
0.277143841382917
-0.116498426800168
0.315959459252244
-0.314641920837884
0.365372531453071
0.531963118964332
0.290650470665799
-0.414787274279748
1.079404483042667
-0.291491106979238
-0.614185144665011
0.254323927074291
1.201198991173313
-0.352339266478428
0.141222529700449
1.187520382443569
0.843796717838145
0.154682019884674
1.321448510702455
1.474293450449847
0.039451536089848
1.780412742277270
-0.949120886856107
-0.043338423395948
-0.804902822860708
-0.258140510699256
0.541459386624189
0.856814780891764
-0.916071326856041
1.357831514655666
1.051232134833244
0.389461819139223
-0.860128857839332
1.418697201149641
-0.055662352135234
-0.625927630716386
0.090938081295572
-0.067758591897057
0.846716315788456
1.213939285672321
0.799466299466247
1.648505251612899
0.307011595976755
0.250385126888420
-0.995109502845515
-0.342978103621909
-0.481883126206987
-1.375083033885659
0.351118102352860
-0.850507422351840
0.572031464158290
-0.734573898354857
0.301396103720425
1.909405228810027
-1.208051220012197
1.037019723949004
0.605115520085476
2.386452875099081
0.661258527342640
-0.602120788922206
0.592339154318646
-0.419571236214688
1.133324251079086
1.089766089926657
-0.278919780360784
1.277122552360608
-0.324981988761667
0.125702991759474
0.992922309642838
1.448575189192491
-0.469574861447454
-0.937377433513298
-0.109483002110846
-0.161644700693288
-0.250639793565025
1.088118036006722
0.592671993540168
-0.647181591471118
2.863937192941012
1.829777071433518
0.476866580306207
-0.304678938375145
-0.973794361894462
-0.544476499672378
0.338047032752731
0.041682934942567
1.923908427557967
-1.273228853353024
1.276529615169644
-2.519350816705208
-0.415793529662205
-0.410406303867807
-0.131064586662099
-0.589120666498029
0.456167397571723
0.303297470212512
0.871082169627254
0.970800523925779
0.204063835230725
-1.428236734918400
-0.232456663140737
-0.168264488208885
-1.878118857352596
0.158132561338646
-1.894475960807946
0.103533751500439
0.893502382932660
1.322601576550835
-0.223356891395808
0.636987420613316
0.704412444575182
0.930463202706858
0.619355452016073
0.230332650702509
1.208676105813754
-0.542068000449751
-0.258614008557504
-1.505046299960112
0.246923291199077
-0.368056202323065
1.699642419004143
-0.134687788451664
-0.229338594899619
-0.650803534036260
-0.978897760564398
-0.930386509551579
0.402527242921076
0.129291821197513
0.347765310775489
0.844781931588809
-1.373837215033596
-0.321615036219611
0.472671530784081
0.150216852685444
-0.558747965775490
-0.068387044252162
-0.162663473131371
-0.630642490839954
0.186323557810018
-0.592118036513152
-0.565193371386939
-0.166011517784811
-0.179905560118910
0.450006113389725
1.442585875916384
-1.674253574002714
-0.158148251587265
1.026468227515744
-0.644577953940910
-1.291879579139886
0.543148504608604
0.414179237838404
0.437977326808180
-0.802883125414134
-1.891891877890011
-0.577498542912814
0.019711882784075
0.277530409463328
-0.541373374556821
1.087337045505506
-0.124437698265032
0.388788706667981
-0.366658476441726
-0.714494413357883
0.997723262712663
-0.516356800505569
0.854941991045369
0.991342519569624
0.774207355034227
1.361230357489713
-0.178585941337516
-0.104867058980250
1.746227615940882
-0.367127560213876
0.984414234548113
-1.133581833113448
0.457733496243200
-1.411589577779919
-0.525929874144441
0.452964185170699
-0.415861731501243
0.310863643332448
-0.502629476368144
0.007503077284751
-0.739997275481851
-0.441692606881813
0.102676172395097
-0.643921143519487
0.420780580184629
0.021122741073194
-2.130451928490439
-0.459441075674689
0.334367418831523
-0.324554818642141
-1.281052545300527
1.569464755698690
-1.538088449781809
-0.343260730043282
0.193545057642321
-0.166141756949383
1.024467163373707
-0.480534489957865
0.764194435469639
1.283650980525246
-1.063826968562715
0.194132308507887
0.200108514964532
-1.328646105090904
0.736126128413759
0.828378194807004
0.306792688644479
0.137389370945069
0.940932237426459
0.363767620569966
1.075598118873480
0.521978724915497
-1.086911105043720
-0.181526057998775
-0.825730729879113
-1.666070949619658
-1.810755219377790
-1.643247530452821
-0.059130780288973
-0.678960261267198
0.808381234364899
1.770987007789260
2.392180550513399
1.190838469768341
1.004949135693715
0.557046370059409
0.029684895978570
-1.369634979696386
-1.891523014517674
-2.478713194455824
-1.977434563777414
-1.219702576059394
-1.589227059112288
-2.084978164920627
0.109041696232123
0.210432976217764
2.328826342334833
3.790782870250740
2.548780259992347
1.766250624295853
2.549847953058321
0.884539328328855
0.422969447825838
-3.274953468475538
-0.623225111765240
-1.308900512055267
-3.069247844208511
-1.348088394959208
-2.604404635389932
-1.390348014671208
-0.574481932567952
-0.085196676562144
-0.022787420586256
2.024638734537681
2.595997284622007
2.898577034974078
1.437666628893081
1.210918102531539
-0.010272083371289
0.243006049001649
0.822696973230303
-0.830210063330577
2.393552360832133
0.597349478596460
1.107932983481444
-1.751826943071776
-0.933071181870104
-0.490986216051408
-1.554227712202659
-0.862444945795621
-0.847397351756936
0.548033088965358
0.857017517602154
-0.535591788836489
0.783557167683919
1.548587187539959
0.883507205473044
2.322862418761376
2.412166541800838
0.846426227048641
1.122332841928131
-2.784298594311563
-0.661354798352433
-2.401331301417252
-2.272921745998847
-4.546880346901748
-1.954513416391898
-2.519254443066185
-0.179553869328988
0.103757545393096
2.215391327303157
3.130932960711350
3.068224032560553
3.613948343241466
1.212415531581172
3.177306701087637
1.249646986090694
-0.547883876930349
-2.677138812448860
-2.606881289563555
-1.668945757698995
-5.027310396649608
-2.394997229421257
-1.380616318526203
-2.193108438537899
1.409716394691404
3.251200592286022
3.707246967058115
3.054316467671972
2.807565103897129
0.768734132555925
0.669549252209429
0.059008381989491
-1.827890291197989
-2.738566898366528
-4.052428725803142
-3.020803652088321
-2.480685121998604
-1.372972396765533
-1.568208567590771
-0.347683736215060
-0.038787928988077
-0.058358089403880
1.708285448245771
2.255718580018637
1.588524532134788
-0.044609088338275
-0.338596659111593
-0.806764467071702
-0.564497847440496
-0.676831693559445
-2.115639827581261
-0.379388644687841
-0.567206922421626
-1.262040010233480
1.892442958002587
1.615876855805173
0.674575123915543
0.815359298027662
1.213939034380647
2.189761178790679
0.293844783086971
1.124233301344464
0.077840664177570
-0.183443250874650
-0.300183364939749
-0.509483348966619
1.844606606617197
1.688380491819184
-0.679328233445387
0.780306753308694
-0.363606818802897
0.799208796515030
1.522393252714568
-0.760712499647833
-0.843526798941883
-0.290733112210284
-0.450146382212266
1.398855773081765
-1.024854263387193
0.396700009617322
-0.712872727325259
2.495973228072291
1.927478100508521
0.683200953065870
-1.139571439783850
-0.572040215699966
-0.106634013090064
-1.092381508637216
0.433127146043735
0.233803647128046
