1.017078225741763
-0.003439950211401
1.713325040132459
1.613512870534779
0.714473898378942
0.263999562650085
-0.611150767196886
-0.512482240925217
-1.224502144003239
0.210327436023485
-0.795524225135658
-0.981533599596084
-0.344372175252114
-0.276088917685537
0.898541098596368
3.403692003803664
2.480919414463365
2.737507574081048
3.157684888241837
2.217982133210943
-0.261131872032150
-0.629670130526473
-1.197143142114752
-1.339492433362837
-0.795410161338416
-1.632716115135766
-0.912211596194659
1.953391941175290
2.052795700206781
0.298442631517858
2.453881127232853
0.138344575249573
2.596298387813536
0.806613720581775
1.090913031196046
-0.689167447958200
-0.904609926138719
-0.143374063208668
-0.459885194663871
-1.074516707505544
-1.123333033395521
-0.919415148985952
-0.504804167400680
1.050409439822887
1.584200081062220
-0.567006993607033
0.865644803496488
0.537896471866298
0.925310710488248
-1.076343311721092
-0.107828838652936
0.475088455157846
-0.844628138061511
-0.508391110521923
-0.283566714542757
-0.178806399587251
-1.061460344175756
0.777898428654439
1.346097364488731
2.001513604208065
0.633905899133005
0.120959727929748
-1.430170441724200
-1.840012469855229
-1.346782629296761
-0.181005889164128
-0.552067935017469
-0.094940631168985
1.438215191322930
-0.354540881218198
0.251820279305100
1.747264504681983
-0.901396751017003
-1.398352427768713
-0.123716946149452
1.618561311262912
-1.807299092263502
-1.568199851026316
-2.331665533967025
-1.933154452474389
-1.087985497361263
-0.989250398823279
-0.988221170800505
0.370137550378419
1.305202472244694
-0.384886005750020
-0.118624332110676
1.370316609406801
0.722799082508697
-1.140026574722800
-1.207200274982337
0.928488168721889
0.124938374042603
-0.103257375861387
0.487008473188683
-0.979032841397039
0.011295843464331
-1.167059930063411
0.748946223266369
0.968992192019795
2.295122146137454
2.102636648111029
1.164718197049931
0.344846262378835
0.584060703569727
1.050288432007923
0.480409193230711
-0.279457841432033
-0.072194811014177
-0.584240996290986
-1.122584788592577
0.303429054592727
-0.954671739880703
1.096160480679073
-0.195662072548050
0.318122171793850
0.267360134138719
0.748542888655368
-0.464691618157366
-1.258062642467666
0.913147270713718
-0.526444166815076
1.266860257371019
-1.066965115798489
-1.006497667434706
1.115747665903838
-0.285612105756826
1.192310913026746
0.809149068083236
0.074102747236899
0.984498809222052
0.459116694450633
-0.254757395671572
0.441386863526746
-0.210040417597157
1.522609431919592
0.395006259831975
0.901543698540449
0.549762163278049
-1.428977717813607
0.396270694202451
-0.405438514696045
-0.118699545379607
0.255734452014068
-0.248391016241574
0.170611241580037
-0.820302692046569
-1.438929039000982
1.234226874704207
-1.111406003799667
0.744966165715300
0.428828987832157
0.679674727977488
1.437092145516452
-0.052698258162273
-1.025307523421212
2.541390275239858
-0.073055106248911
-0.669528679441621
-0.613721673326172
-0.824085028790200
-0.124409285004219
-1.172819789458968
-1.644107983802860
0.301581315230531
-0.385966984812257
-1.217189039945850
-1.233258279758132
-0.283487213355835
0.720022494232138
-0.101966060804469
0.728451178425281
0.041157034549000
-0.563918536203248
0.285105411298315
-1.649662445320673
-0.152464391430275
-0.448844880451174
-0.411624272342546
0.022468358053719
0.052553090444083
0.352493835036893
-0.920596168606564
0.331610159201357
1.445561207787620
-0.086124771465869
1.278172434215197
-0.999748542804087
1.565104955950700
-0.872881697582224
0.064511270212316
0.599783091102682
-0.724494874798868
-0.945234884830124
0.697510410306140
-2.080544188959383
1.502369291348715
0.283311606574677
-1.446714162561886
0.096916249012901
0.257473638246472
-0.214012261707399
-0.073989596759757
-0.098689414481954
-0.647654668959269
2.239318617251862
1.264085933441986
0.489451146491990
1.168087005080986
-0.278500699145579
0.275418186365124
0.961184100654663
0.451074315724033
0.294504518764776
0.854381400952202
1.184698615834441
-0.949666407152046
0.586417964769920
0.191999540303606
-0.970836358739153
0.660439700697315
0.373993196235155
0.511766261783415
-1.192986034563029
1.456569581620143
-0.368705323233655
-0.784617470790822
0.341896879898390
-1.506502109777041
0.940449069158297
0.232117324504384
0.757045350928845
-0.561868358339746
0.491271273872934
0.460718419667132
-0.831212670873536
0.429955931578248
-0.655404497706770
-1.232167374010523
0.179612262787370
0.189106707615170
-1.398282669235083
-0.745491870156531
-0.963436610235526
0.162600907917536
-0.371800975936115
-0.305924146983954
0.036094722951827
0.580904872248700
-1.171796875381868
-0.284092944658211
1.073137062322405
0.798978263167253
-0.306543889667077
0.653529205751589
0.041028559321447
-1.993966740577426
0.436633366979971
-1.260751529367164
-0.539809879558499
-1.188252442701853
-1.232140245229511
0.380507631479254
-0.179053539492015
0.125414489576823
-0.869312499607671
-0.345598697686695
1.176354392452812
0.849447377055987
0.541742559873912
1.548843407748577
0.635353207009034
0.375844632354129
0.080994714022164
-1.577047195333325
0.665051426284401
0.811932794257842
-1.760266499016471
-0.064786477176850
-1.165645578936689
1.330061208769938
1.157850600668762
-0.176766232569253
0.765644416802657
1.837685145245746
-1.315956189138206
-2.219512948820219
-0.926450078674240
-0.314268355509239
-0.140766817328401
0.576867952171534
-0.161036104255174
-0.844747973996404
0.441951281131573
0.800593262469427
-0.435485484309424
0.119602056864558
0.377670145324594
-1.334390737560864
0.252864510066407
1.890712629729387
0.265001476789050
0.582700763890721
-0.385478079975950
-0.181740614628230
0.649108493104355
-1.185563414232385
0.785093772174494
-0.739851746736397
-1.715251256331374
0.403062414288806
0.151898391096615
0.044999300385609
0.410233933065077
-1.405702314808563
-0.515320034859511
-0.401551128750987
-0.866703470855304
2.263321993578792
-0.987278767332709
-0.755306881394505
0.775212450333266
0.888702682898063
-0.175568565130158
-0.843615125538212
0.865601381567188
0.022978156998441
2.647501580569501
1.418675154002967
-0.637845665155838
-0.883483804500223
-0.797979961241167
-0.822250899582737
1.170696824503299
-0.277663095741316
-1.026321521458977
-0.922133254494492
-0.834047083229289
0.058933619625536
-2.117635285893515
0.724805143407694
0.339770506229470
0.434488670272219
1.890679682898408
1.324820273829716
1.332344423143158
-0.301580306756081
0.005095516379581
-0.345273029860410
-0.984110207250772
-1.305966125197392
-1.689933221802701
-1.171932252704568
0.766088823975354
-0.259253108700146
0.724614503068232
1.062540392133759
1.376868140457286
-0.441227927105579
0.423432322353721
0.175634401929763
1.611943037058222
0.094681128582823
-0.360690562625587
0.879592818468788
-2.114355671255835
-1.988695018038773
-2.016403151803611
-0.478776182322961
0.171399807954729
-1.764336353652892
2.067118452810377
0.659913775273978
0.480713932158736
0.288991230944883
0.015275274491714
-1.054872714226868
0.366621147904943
-0.414685017081553
-0.101797016895536
-0.555393929717864
1.083687405971850
0.348386444593623
-0.756167591958382
-0.048530014009963
-0.455599084266487
-0.220380049642603
-0.068258484388503
-0.395412525369728
-1.379950973547759
0.862731833543925
-0.918414313739978
0.859754993541125
-0.576091315379968
-0.113075963574054
-1.084702091044186
-0.485337860795437
-1.161418647200284
0.134009559462831
-0.148948913468243
0.914665451370810
0.489502012944326
-1.173828874584586
-0.429747143846062
-0.328447559466647
-0.247234271942070
0.081016722265649
1.217943733580878
-1.069399751977517
-1.354597420293502
-1.182213745961742
-0.734883986462431
-0.170833471572677
0.592356681737347
0.554599845368321
0.717843528083412
0.376369514828723
-0.197565868879683
1.732857310352077
0.733687207400764
0.419163428067865
0.166555788152858
-0.760462098546355
-0.009792813231692
-1.074075689761431
-0.658797571989173
-1.206181048937733
-0.676676268445121
-0.810504255446030
-0.365205071864945
0.315952428793359
0.529521445839174
0.155043491163730
0.061523135650983
-0.001157765245797
-1.029009901993995
-0.207286927488507
-0.143594573711124
-0.807672026441614
0.271961217501715
-0.777771030930419
1.567239535818226
2.078745194610673
0.243642221338447
-0.157890842812739
-0.315034480481270
1.047382518148010
1.200175785492829
-0.679211232973267
0.104919404979007
-1.023994568381819
0.430483924883055
0.420832728672105
-0.714775149504822
-0.830593438584012
0.889039298040654
-1.143382579469632
1.128941953284932
-0.530600628628529
2.491715097399835
-0.654597356995993
0.895382572714841
-1.170823098579995
-0.454096142721718
0.637445753059506
1.180839300277342
-0.855492656979323
-1.825417374370973
0.896838915547606
-1.467552735170147
0.884953245837156
0.671359375674858
0.639386177918499
-0.983976136598242
0.435584387092370
0.892044457725463
-0.537003759185259
-0.750465644979027
0.718749023376212
-0.399999522551896
-0.876442932057922
-1.856972882792276
0.578790271493814
-1.311654076566980
0.288516296977227
0.303479820144003
0.848529970229195
0.596332637246460
-0.144231841473130
1.457057354295290
1.377543447561395
-1.839570862577803
-1.364505239140199
0.167106574560244
1.752024134536593
0.069419342482199
-0.377197758075139
-0.431900415843742
-0.759222204124731
-0.079344481082587
0.378082459405201
-0.956117055418871
0.600142127336834
-0.276596768404132
0.049875897157564
0.646088608474982
0.231102569530404
-0.060005686849209
-0.102903701079557
1.948973454690588
0.270861775739032
0.075027260299777
1.017233289979785
-1.961280541937294
2.486323642045853
0.178130032306730
0.050845034855699
0.523685639587692
-0.260801337400322
2.356516940118527
-0.416114727752894
0.772322243689412
-0.199819660145985
0.334504343940248
-0.235570576742387
0.136959607886990
0.213703317530944
1.125606786171718
-0.236632880931885
-1.761029029879500
0.803654199300902
0.598622247253328
-0.102541070335351
1.200598016252657
-0.093850640328027
-0.402869147742519
-1.638807927613896
-0.208333030988326
0.109377289363540
0.455479295012816
0.661061461460141
0.047137038270478
-0.479501030882605
0.319372087053863
0.978079406434186
0.053174428633758
-0.060713699983251
-1.133522249144984
1.465886761825064
0.383667573555835
0.944781463964657
1.110319761019278
-0.530688053294692
-0.240720953705066
-0.098807304584627
-0.395612056042255
1.573679053377298
1.400719206918566
0.398611977078940
-0.919631854581794
0.881889536730956
0.444551419087692
1.092120715614096
0.667712475088778
0.439574169284843
1.427266929660584
-0.505062327773259
0.139493522530814
0.657438698895173
0.018028136292968
-1.414897982646926
-1.065123511702984
-1.575965216597763
-0.183659778171350
-1.541014742609015
-0.508235838440451
1.800724693782675
-1.042391994548401
1.098188539419374
-0.564744767684535
-0.071340379661402
1.353557291155392
1.673483681883189
0.474210605008135
2.032014569858158
1.113843042232469
1.910418390705679
-0.434512024319519
-0.212137346450800
0.408218880198575
0.582252618901131
-0.564684947886583
1.794134075797591
0.772221932947908
0.677653099532690
-0.289090440437209
0.759566969569673
1.217975735283023
-0.110081423874186
0.706256051034246
-0.746795205767751
0.671099327066780
0.878430716437632
-0.072208404918751
0.325232149348833
0.056442323058973
-0.353695666554890
-0.516074377090580
-1.462945874428650
-2.013260943317764
-0.138642954105493
-0.175966786009487
1.044830506245523
-0.975202923477328
-0.361138834524590
0.557194082464481
-1.082348701745110
0.117807216479439
1.502305791796131
0.421679168739074
-0.345605620313962
0.441286492850131
-0.099180655925750
-1.658862323066911
0.905409500802565
1.545254489942649
-1.128314258196711
0.210651602120260
-0.351100444298925
0.806199454790100
1.568392269560487
0.867611965586599
-0.169039274831696
0.192678970023378
-0.759569183174822
0.552748289971488
0.016474449237241
0.671660948665610
0.922156991807763
2.188182221370980
-0.005565704408926
-0.082699877332372
0.586889680960528
0.461563005358640
-0.375860911298483
0.927120374649175
-1.206055295404202
-0.055875266835876
1.026651639348086
-0.799115102687531
0.238400547515476
-0.398719779236112
-0.747337581353819
0.549237597217260
-0.403765871699264
0.148196766311123
-0.546062052904825
0.527914650427331
-0.377521682026409
-0.517029543413295
-1.240486571974980
-0.906146584461576
0.159430731619832
-0.267219480987489
0.569117384676957
-0.291437527832301
-0.791433919654361
-0.296932993827566
0.304334668000204
-1.341028676031341
2.561418871373039
-1.349043369147393
-1.473390763635790
-0.823751448305151
-0.653279592634954
0.594728469476875
0.082114055144366
0.673821820165800
-0.553681507090529
0.114962334529945
0.153052844140820
0.857895263611240
0.187506768341903
-1.166002624095333
0.250606304963112
-0.836886934178980
-0.953755847170880
0.045849828730962
0.207761538632423
1.479339652651285
-0.372099274773084
0.246249592473033
0.077359210436751
-0.785432382329112
0.990072041156223
0.265825209194022
-0.690171382926715
-1.380664265298724
-0.608677318734372
0.819467478124148
-0.321440844065557
-0.006562064797087
2.608872139978562
1.084348842445085
1.719205024353553
0.992022426274835
0.867063056232059
0.662674608944366
-0.585975880218894
-0.552960383263494
0.418259561542449
-0.944335136311503
-2.346646589336039
0.007380157664661
1.036666541002299
0.456108603709642
-0.622837887935864
0.417393980779763
-0.283945494421340
-0.359404794332191
0.733922956045148
0.524775405744890
-0.213292516667694
1.062106118016000
0.633686244917455
-1.886554151846782
-0.086196131047098
1.074604682948515
-1.025058516527826
-1.748101563659178
0.194720481140962
-0.787633475792041
-1.396932138728146
0.455891374952324
-0.748286293867003
0.509470475716270
0.249653478694606
-0.163127546329557
-0.141775967925807
-0.703333636186363
0.812097767304101
-1.645449818886892
0.217126308572366
-0.802317303653968
-0.061689015323644
-1.452208381525489
1.949390040667838
0.049312678334274
-0.835145330445848
1.167449042912375
1.663951816869593
0.894660480090160
-0.886206259857240
-0.945225849529724
-0.423270491809302
0.286735596912854
1.244621405830404
0.829622234318418
0.005380867368554
-0.816481691162517
-0.672317551804278
-1.320889135184164
-0.322855328444179
-0.163186557840718
-0.204391920786424
0.084268767910567
0.861762207699227
-0.027975960198593
1.273271616139395
-0.863003187198369
0.810828134464355
-1.132468260838123
0.024210435638620
0.362014409146603
-0.794449179644142
-0.910739602950122
-0.139139166334184
-0.021078455699144
-0.566384289053541
0.727073578897649
1.662002480829700
-0.000149876000238
-0.365670711757678
-2.202475707044054
-0.542355010891280
-0.953319371700521
-0.082575773908891
-0.790257950544748
0.285696156304005
1.338970749361172
0.442543753385634
-0.101941947564315
1.153681017137554
0.765685454902510
0.523118505313528
-0.411334323316109
0.863620971823480
1.088947981217552
0.112252949380236
-0.165667784272887
-0.115772448917498
-0.041912541248472
-2.502624267967998
-1.276848379484837
-1.217094287632295
-0.367048820154952
-1.896465497038396
0.791681772727335
1.541058660631483
1.431241808741234
-0.303212677085206
0.521021164362039
-0.351399057308312
0.831104450866006
-2.404655090195254
-1.972873645372334
-0.296064075059332
0.244963762775977
-0.009037955450086
-0.803269889554757
1.266355499240539
0.458747661837914
0.841779497064369
-0.248682005010566
-0.677698705282983
0.389414627428159
0.000436189872768
1.345338115655195
0.045767181949285
-0.450514068198015
-0.319340457752862
0.237200897076829
0.739126271204440
0.432779089541928
-2.398590216705802
1.838836528411586
-0.240500213601923
0.429122413638762
0.956672283077935
-1.332576990783477
-1.829329470737909
1.251674068789824
0.484493685652063
-0.768325954242943
1.274873649598301
1.265578247144348
1.064870470862976
1.239249838149642
-0.457302024311440
1.354951701333133
-0.799360623529443
-0.909909503564047
-1.726186523487355
-0.419906500780311
-2.712562196881177
-0.051130974326214
-1.939616651933529
-0.388261385775498
1.136931840383138
-1.316055516299555
2.393437553876399
0.435162227200842
0.447308028408599
0.174143854156003
0.544703322975480
0.569837439053569
0.939875595949467
-1.262514145134082
0.494421727784047
-1.078099526749811
1.134881997665179
0.599553322920494
-0.983406104385375
0.521032323863104
-1.297604608068583
-0.097448538235525
0.281305491395578
1.455988927329421
0.381091621037748
-0.517515857491017
1.284833649156653
-1.405730674896137
0.005610463996085
-0.362604304140271
-0.511173515669723
1.643582261816671
1.276555005492110
-1.481499335886754
-1.112815699305632
-1.169653782215603
0.361944511618214
0.240388790716512
-0.978616813311705
0.004508715965523
-0.356707565431551
0.506426461251426
-0.036266025092789
0.231329201501498
-1.309229255478909
-0.311934667214636
-2.662763158232992
0.586257794296409
-2.621190619047586
-1.176555296850073
-0.614613822928763
0.574742103390346
-0.683285196351166
-1.654945162318120
0.363271954475488
-0.495229507761668
0.154590498150593
0.073511135297459
1.339930020719394
1.204951749823072
0.235250190129390
1.043773926786341
0.690395512436148
0.303704369575987
1.758020619973049
-0.595469732980060
-0.830164834806162
-1.118376022062820
1.248533125670245
0.757670478866099
-0.456484959038597
0.579262930292582
0.761677093423031
0.424146396796338
-0.117067269267291
0.324324943497725
-0.724717277911881
1.232123255700713
-0.728671808410984
-1.176150480695190
0.435921094740649
-0.900666807779837
-0.901350662403811
-1.421989880476272
-0.877977080450285
-1.365072568300669
0.310114378193671
1.475702921713052
1.276503563823899
1.336951452355003
-0.315834784336478
-0.130540236570732
-0.360814330214811
-0.317482452022295
-0.889823814830204
-1.683738401648911
-0.400040256052711
-1.212145780947588
-0.207647825771157
-0.426924366952454
-0.284441535556271
0.833171536641398
-0.320967834988876
-0.904005463786142
-1.360175314441294
-0.630788093014792
-1.137543249464492
-0.095291726847490
-1.935354767537806
-0.579075160054934
-0.820364761732501
1.588035196382675
-0.289273771178848
-0.596399471935026
0.372929852609745
-1.023909322955271
-0.485450657578532
-0.332575360611875
-0.409472559114619
-0.905053331945390
-0.927130372984903
-0.550447389665291
-1.296453530969313
-1.083656125616049
-1.118567408449215
-0.748283022731023
-0.534986523823238
1.163621368397358
-0.272930635874058
1.371117509236675
0.038523757564717
0.795157460714329
-0.421297495281194
-0.938835800511333
0.184202910470259
-0.366644051105926
1.387147034629825
-0.661832834681542
0.111766502037065
-0.278578418614592
-0.162568139601816
-0.236787473843849
0.807538241531667
-0.757807245856692
-0.192611496904323
-0.754597156774306
0.394811969766744
1.116163818020101
-1.487686339902864
1.044373111964552
-1.239032536817993
0.385961615859543
-0.595280168921984
0.347298859522656
-1.368418802967371
0.871440743401752
-1.836517293124259
-0.701881635738846
-0.941300577416735
0.025552932430488
-2.178482891595382
0.268985416791291
2.428858255305566
1.351957974235592
1.407642751626250
-0.060005331409391
-0.815420241818789
0.401163821889631
-0.935063531411826
0.952840483918494
0.354614978956022
0.412515666739111
0.014000352154493
0.892516361793210
1.892876320625448
1.491956217012891
0.343456169267832
-1.432417554571428
1.540177152508838
1.113493040532286
0.770539877659417
-0.393214351393615
0.755902152993927
0.182574651134040
-0.526198241547203
-0.168663960070945
-0.631945325280621
0.404530123063702
0.593282923018918
-0.675289827239384
-0.240406096360137
1.076798450415293
-0.333226803277898
0.652672477357547
-0.717995776305785
-1.548418318776348
0.889602036267413
0.461238021664826
-0.395170329730733
-0.924959088002589
-0.576895073625757
0.064566196059580
0.155506739300938
-1.017132583292301
-0.026295607804140
0.234096337866364
-1.398475614835735
0.157247855432281
0.607584324705950
-2.853680052912915
-0.602383564925214
1.082629813516023
1.229254057013202
-0.169286344183543
-0.455979881962400
0.286276795203500
-0.336926694000479
-0.422430675641951
1.238324717953213
-2.216240854328879
1.264316007086517
0.245120749998198
-0.090993768722024
-0.302600512386154
-0.780925756660410
2.002126077321456
1.050758753686964
-1.515628328553476
1.549429020220695
1.685294375602560
0.912926640497728
-0.547623155632786
-0.588283652185859
-0.513047270182615
-0.502842008518307
1.281683200497556
1.165100048028120
-0.369670611676784
1.139736325347089
0.824283060043672
-0.023202832736893
-0.263338519921888
0.587082324655560
0.727359634722200
0.820738898305432
0.072326581988416
1.154264477466270
1.750883378501608
0.632731557988164
-0.270326204068859
-0.525972849817013
-0.599318515818762
0.619131136580642
-0.200739189072670
-1.835501749379310
-1.051738196366245
0.330430544739490
1.846058796672754
1.118842371624354
0.717002659207082
0.922403826081611
1.169357086321481
0.497253735902268
-1.083051908006683
-0.403210505121582
0.000345548394973
0.187635249241292
-0.011998304504576
1.211724296472404
-0.178604018754542
-0.554212771680251
-2.251906077147215
-1.003052133592099
-0.359573749362632
1.784302897089838
0.140396667891917
-1.647732905932698
0.091745504633509
-2.115003276152417
-0.287939251073658
0.350585502406033
1.412204745909658
-0.288057515961514
0.144854220566302
-1.047250745083855
-0.948067886899280
0.307181867729698
-0.560286948256363
-1.257532171171310
-1.044443636688551
-0.842704677088203
0.633147598235515
-2.157323005220797
0.165905665981873
-0.592170342475516
-1.230930155587544
0.268875845575658
-1.156895186319321
-1.599128373055877
-1.157905744911401
-2.333769794762065
0.473341064192040
-0.094546461881879
-0.744535424171530
0.663160807129479
0.803935547265748
-1.601481722595544
-1.287510493905766
-1.151351421931775
-1.490292330132494
0.140000138350728
-0.555957777789771
0.463716231874876
0.104071922332678
-0.697425832278777
-1.403323575881223
0.054641972436675
-0.214161498533766
-0.003492710453868
-0.935064369305337
0.320987903309602
-0.473928372025851
-0.087324158330280
0.870209309545949
-0.040782701716322
2.008152516655708
0.190678003116860
-0.159326779102852
1.352630518625138
0.436730655019900
0.208481255372317
-0.927687706544746
-0.356601684373573
1.092161429927603
-0.284695287060723
0.145870982870049
-1.468158323160116
-1.932492486950292
-0.481269087867286
-0.870848573387428
0.106213366122833
1.001332461949018
0.008965875804307
-0.600990093089283
-0.811891451567408
0.516107161279841
-0.956552145568672
0.055125874630112
-1.182388576565821
1.747605545199647
0.494406757680259
-0.091884194528163
0.002462118710028
-0.865904490687064
0.952214546666296
-0.729387843991724
-1.084431530624617
-1.224014610063036
0.303367346182534
-0.095478144055217
0.191998096662083
-1.089137952542794
1.692002849730833
0.493104842067444
-0.797695989429615
-1.034525299404206
0.056022398205538
0.036838443924654
-0.948005634485569
-1.012506859298502
0.045043525513051
-0.296677766988434
-0.870479304779558
-0.844141750685180
0.569363482060007
0.284367285860724
0.025501367059665
0.553967573221785
0.273461822069659
0.456112729641312
-0.234454485399941
-1.962221802695409
-0.438626954263003
0.142760605525109
0.459430403658095
-0.251199754187914
-0.030465863373484
0.077623925517699
0.760422531808601
-0.537725121981022
-2.004653325669619
1.419741344330865
-1.473995257304368
0.624565373600869
-0.771427724187663
-1.492324559100206
0.438432735652184
-0.381637317472433
-0.488603125909893
0.955953270855517
-0.885232097403463
1.742559678735908
2.197542933580305
-0.136292563656242
0.064923351970229
-0.126232515250297
0.792208175681778
1.443735937325723
-0.136505050751244
-0.601319957565181
-0.484906213052710
-0.587458923762183
-0.366692445641544
0.303394437559039
-0.094934416410297
-0.210084783845157
-0.498395760512708
-1.516399951433044
-1.448965983920652
-0.075646904581237
-0.032713904059012
-0.854120083755277
-1.908742847738758
0.240248979301845
-0.356744054833728
0.364492140908143
-0.840327937024063
1.179765187161171
-0.213559213501785
0.296603661147925
-0.147096691918885
0.124296087794291
0.826351222394250
0.973872068868773
-0.145795864159457
-1.879229268416802
-2.845765048064101
-0.764811666630682
-0.982568981643401
-0.844413308595323
-1.653430693740208
-1.034055325770068
0.066328055951749
1.029623019632093
1.318872339961488
1.513580861300174
0.325367278102888
0.599238794784030
-0.238088084080028
-1.375710479598738
-0.930164066315737
-1.594402675389849
-2.185000305225503
0.100452909573936
-2.843215598148520
0.633184889945563
-0.026332090750100
-0.742801540065501
1.218797484363704
-1.186311053309154
0.104913995807872
2.407923359180490
0.325525748357644
0.500440719113105
-0.559788892093278
-0.420939616862944
-0.374695486929905
-1.950846914566766
-0.417895285168603
-0.671080623130324
-0.187717170479190
1.504999160342086
1.005727196186143
1.849005021378315
0.457451817678020
2.723492039041839
-1.247429558428562
1.768028761499122
-0.052787624542182
-0.388828061650172
-1.220344367197355
1.298893164449709
-0.678931102554753
-1.271409503318445
-0.189466179410522
-1.275963353048024
0.278519787988570
-0.284933052551756
0.724302242020790
-1.072512805956986
0.710883688685652
0.497106325225816
-0.506891428462958
0.118688690557252
-1.180493183616266
0.121618408545756
-0.544062959589517
-0.033524585063522
-1.786322850796175
-0.800294583264293
1.858882319075670
0.386612561465468
0.054291699751588
-1.582153341353504
0.388949486615239
-0.631372605083102
0.961290073953241
-0.727227426531398
0.772254759174485
0.649161714753071
0.110481797687254
-0.997288494357515
-0.937119726234717
0.174799736364146
1.290205336554343
0.199933853762669
1.121487641455156
0.459325168363330
-1.266866805120187
-0.558647007406023
-0.247613684869733
-1.814334014131627
-2.173174097937824
-0.884355963842089
-0.941576378259652
0.141090693752842
0.000501760020251
-0.669247373227558
0.324209416945391
-0.001354900539162
1.061553605234062
0.943596018559922
0.144734114320781
-0.360703445629715
-1.345746204185491
-0.704743694178321
0.181601408677257
-4.235507251801065
0.732645097859994
-1.984755589926252
-0.087881258464369
0.040878347453060
1.196686133672560
-0.390570555091343
-0.744583785513105
0.441355643330117
1.020380130036792
0.163833513131881
-0.586365329892144
-0.761509212397224
-0.842330632260055
-0.057444902355285
-1.549383917068055
-1.585222369568703
-0.089736760353143
-1.151003646004236
-0.617673432924436
0.905758726283758
0.532340499353073
1.475128590688620
-1.457145269176412
2.124070839433592
0.936795142025239
0.448270012471858
0.405043570707999
-0.696666687319721
-1.994900211452800
0.309973140985922
1.717284935550283
-0.676256671025945
0.364383734864184
1.108519235529110
0.707474821525309
0.000078771137190
1.258222130126312
1.061419538089853
0.507247981100988
0.295782033388021
-0.781734661511528
-0.073178847187920
-3.910737947315233
1.290080811718531
-0.132309902363894
-1.037405545024428
0.203603411408117
-0.330820999453550
-0.375137409127330
1.565199501556784
0.788544029489531
0.451355177940934
0.305823094395980
1.694530490406330
-0.039661104354466
1.641735643117403
-0.111827645239617
-1.639160159500544
-0.775406046225051
-2.214614766513722
0.514674481549394
1.019855054125219
0.769162781607811
0.081234125881892
0.528207362393672
0.234782442317793
-1.375736871398114
1.293338386231629
-2.320411705345792
-0.577112862418981
-0.219762156501303
0.208220694997215
-0.458654013643678
-1.028402645957015
-1.701196793097639
-1.627253349503748
1.116424965892538
-1.668979973206360
0.739558877120619
0.520369269903736
-1.098802156802106
-1.085658213254382
-0.130066770305015
1.420754385948798
-0.971892090041379
-1.625875808174683
-1.411568174196738
-0.186689556520768
-0.993675278694439
0.120131094120857
-0.969597717162328
0.250997844627312
0.898551953911814
-1.271280764629566
0.383541367347054
-1.238505691983841
0.383903939969213
1.101657396044285
0.554960398744856
0.044986313563003
1.201277321667336
-0.032451289460364
1.322031131697578
-0.844742362664787
0.446688144622425
-0.188527974404091
-0.131720233480881
1.175638946535547
-1.405572918070209
-0.544282205499303
-0.295909706618960
1.220568095842292
0.920725575884896
1.388454796992364
-0.750650266446301
-1.247432512891546
-0.340789897028749
1.221416312991328
1.103417552119331
-0.275490134939850
1.321671396548432
-0.496686481418802
0.507203924659851
0.357655244750705
-0.415372235522010
-0.602237375486665
0.118955434087753
-0.640162478972159
0.947925748805646
-0.286197584143493
-1.802432850290591
-0.000029484405927
-0.468349422961623
-0.227274973030652
-1.706524950749692
-1.227610190090552
0.587172691787097
-0.786490397182577
-0.420718313702629
0.211173033496236
0.895681281374896
-1.196221074686736
-0.163274328779834
-0.075930470268774
1.082141915226994
-0.159116998687232
0.264101038185462
-1.130055565157049
-2.130254526139483
-1.088597373779931
0.675345791242336
-0.132377074186977
-0.772692873874310
1.682861527158763
-1.742886982161726
-0.252060606284577
-1.750699341152920
-0.490820325657860
-0.301065197560276
0.661128528994244
-1.808264963261339
-0.345834400653787
-1.121523340407882
-0.007190684537373
-0.419648900457565
-0.055542187050904
-0.467528891238911
-0.494434231787323
0.491540077228732
2.602903338480280
1.576703644564703
0.073456128052901
0.878963822475457
-0.534244507148454
0.990807059231538
0.098291219252396
-0.988370752990081
-0.390240166202179
1.398570737638451
1.701264318805755
0.060516741120458
-0.323016481900148
0.274686825662275
-0.038449272868941
-0.202683791505597
0.875368752693747
0.577598463331342
-1.740477513880854
0.870442081409425
0.014094295482175
0.716862713102506
-1.306489148853882
-0.103969636379544
-0.091402299455931
0.375789651228060
-1.067075400511688
0.304573431965715
-0.581514140317186
1.398914083763394
-0.202074732688520
0.375153573446640
-0.537514185879565
1.647766852495121
0.583097479363144
-0.182998642822356
-0.984322520926878
0.596908245215777
-0.963971301551351
1.750885712423691
1.148611278758704
0.647343355322137
0.883832180970814
-1.966501137388384
-0.598754339617502
1.704431940757781
0.267454468003709
0.101303293701434
-1.036923295104814
0.554595455629621
-0.149914589960614
-0.317630097735975
-0.968956179220730
-0.584389486720944
-1.075663696711336
0.022823766556721
-0.536257757049050
1.063093219199714
1.310992842803887
-0.937653628122378
-0.090542309865527
0.301522584213285
-0.675554996947582
-0.786916430422657
1.093877112373138
-0.718634880523409
2.013934787168700
0.219305083913087
-0.659968601908357
0.412253003735852
1.274009269339810
2.651445410354432
-1.093385798092960
-0.627093927076377
-0.538914417163640
1.015096686056140
-1.722795103581994
0.639372909137308
-2.051522918135826
0.249295810920330
-1.153117396003175
0.438093877912136
-0.271095747510816
1.177517679294791
-0.547734375741859
-1.255981473650301
1.358665156434492
1.275660236749480
0.394301573609600
0.622052806541203
-0.696418189759056
1.962296058382668
0.361912127284949
-0.590818880591952
-0.081074288225227
-1.671087334184605
-0.599062188201992
0.036210179569468
1.622223977160579
0.135053282169154
-1.065921502471233
0.389147101225670
0.455838693960941
0.519017289829144
1.042580310516865
1.057834285651345
0.137280622104495
1.380653690119320
1.726159007209759
1.270158625748774
0.910833396631325
0.164264114598507
-0.546685348298459
-1.690981351108684
-1.358528037526670
-1.179506531592238
-2.089972450905671
-2.343508955751743
0.526877910859104
-2.043589780830450
-2.877206052682617
-1.492732075093925
0.476815202806612
0.724397421428994
2.584566100016732
3.883424652506765
4.212207389381566
2.111532001494864
1.702842373668923
0.254940233997530
-1.613792835009325
-3.185093226722032
-3.705261635406175
-2.264038390489803
-3.522536726859788
-2.946628485412808
-2.861799799090486
-0.811849715506934
2.032729525934210
1.566827405781451
3.483532585098086
3.603705764995211
4.687633180250097
3.184446342628758
-0.358735685746595
0.389429808085432
-1.572256290671711
-2.923443081987751
-6.177129980149987
-5.583747451723692
-7.939019465414032
-4.777932156357274
-3.938395900130173
-2.698651260247457
1.070987298966247
3.565615526159355
5.443208065157650
5.749328860530549
5.863337122157232
6.178424665102949
4.286519722826882
3.408978350245099
1.939905818033793
0.122627170552139
-1.826449950449636
-0.911479323955084
-2.601407841675685
-2.810902888243604
-2.433033532210891
-1.788853286711504
0.864059526027823
2.091132866784233
2.620073297613771
2.511019542907208
4.283010037263936
4.837967238301949
2.981542640447501
3.722911586552759
5.343772679842449
2.336102667917104
2.882605770501526
-0.407255436108736
-1.122951210255521
-2.204208734355289
-3.313961066741316
-4.456034886700979
-7.137941144416157
-5.953592951709286
-4.211613367190789
0.054826648517987
-1.653495177931638
0.552000266307319
3.849247423893821
3.760253908345375
4.859211982578722
4.170536496341689
5.565808533943768
3.726275923966120
1.295848176638462
-2.292761616429500
-3.492413533137894
-5.028843945226098
-6.332402956363824
-6.515602852919998
-5.041125023523615
-4.313942112872138
-3.274573348041951
0.281814128547744
2.385876840922561
4.003800111385122
3.793871934105910
5.537017250633541
4.530657469322450
2.666209807553850
-1.379249795606248
-1.533766713680894
-4.329259451532958
-2.797672338676717
-5.311222877412871
-5.763293190793050
-5.817778299474476
-2.215193362640036
-2.617704576953880
-1.087455416205573
1.647838107829373
2.095496156963317
2.513288409155419
4.489266372603031
2.270301256928148
2.621222335831568
-0.621816044349343
-1.224691769472815
-0.896147207957218
-2.928656921284547
-1.466572411087833
-0.743772383470345
-2.844559186964359
-1.637173680294976
1.149901408655852
1.443985006646114
0.688220183008731
1.536655037264540
2.276047656794082
0.344421197485808
3.260097661394132
1.364085119741652
1.935130362883586
1.019912653339634
2.005418051792556
2.095268280811359
1.475062533570805
1.233300991460008
1.322159636038793
0.515359524194557
1.483035974583349
0.509651400832476
-0.946610440650133
-0.545370319487686
-0.452176302122399
0.162728444181691
0.732528746813377
0.439544696853934
3.067300133532883
1.217991237107248
1.659923903825158
2.482419388467028
1.850044279513263
0.353259608177044
0.062628084336845
0.761618092459126
-0.215980095730096
-1.502522895501916
-1.491355507729086
-1.793492279234830
-3.366412858882844
-1.081439126258813
0.622503680213079
0.358781760374005
-0.375072936357057
2.148873969525392
2.051547201110500
1.260613388514521
1.855639557695894
0.821501453538931
1.302374675906601
-0.644721086974610
-1.665174949266323
-3.110967243437954
-2.800147422490221
-2.725765252699558
-1.346444704569424
-2.095042271612606
-1.997046678825969
-1.686303708633414
-1.697725385634483
0.990999800336774
0.612388723883209
1.535743970486542
0.511326789008198
0.597547187038795
1.241811735871140
-1.077059824054180
-2.525161894172661
-1.891614310289914
-2.607081138080086
-2.553166599599652
-3.479002410856361
-2.174121114941569
1.258279527224318
0.150682729236149
0.834158287838666
0.424439098649799
1.711337283673539
0.503278509293790
1.707224803252489
-1.137239502558878
-0.406117600947086
-0.117197146665870
0.322435333213740
0.187026008827007
-1.335757139317659
-0.431762334186325
0.215075772406199
-0.646529407179405
2.348662747625957
0.694427504530346
-0.179939097182415
1.653036172927203
0.680665633853377
-0.146799585274397
0.633334188502986
-0.415862991345125
1.076598271246379
0.626486011461422
0.618427776698179
1.074466656208517
0.376541971947645
1.199144435125248
0.015824678033387
1.141824298845483
0.018741254850720
-0.094656227801041
-0.365049785877340
-1.098437073018003
0.242403583953011
-1.350860076802384
-0.268938352142272
-0.413139259095614
0.972729852284318
0.147890934667418
0.670946945577106
-0.163050562240857
0.848557487156371
0.927115700816215
-0.360579441604167
-0.374973217652620
-1.002900397163026
-1.012301495768412
-0.446878162702986
0.508461917692207
-0.740169018520610
-0.770108913038861
0.710540628322227
-0.653009954788731
-0.663312149689928
0.078656256118175
0.757965508801335
2.581205887472769
0.741721612428755
0.399089270939944
1.337772407451505
-0.311150217326970
-1.760367289982917
0.975577361424225
0.191766786383128
-1.104430173068442
-0.243955294184877
0.341975895006356
-0.605231940416854
-0.450481622743546
1.135576728676192
1.063668803856274
1.321110487952956
0.987231060728762
-0.047826944742139
-2.177278882042797
0.455419692862751
0.215583465074731
-0.499357248908420
-0.451442008601273
-0.689321149310411
-1.691461115727957
0.095317948316928
-0.236361536989475
0.103845716536917
0.900710654825019
1.240747353826104
1.081116886229037
0.450011532974723
0.226830249829279
0.780100249723510
1.451086997826456
-2.591847567715857
1.606552140074979
-1.075454666600630
0.540527588193911
-1.432482726751992
-2.488497543940349
-1.225690902383734
1.460461076565499
1.205959401432678
-0.138167275222566
1.232902421599958
-0.427962650375695
0.877520624926647
-0.199195557245366
0.477647124322621
-0.694864648879964
-0.110446802431393
-1.659683016556607
-2.103416872769881
-2.135545064960674
-0.366113572838307
-0.022878028930780
0.711246653149323
-0.900116323898328
-0.244593760431804
0.401462658537410
2.216765198936454
1.337237977134771
1.568747498748249
4.039529354267591
-0.845299357916711
0.726877998970092
2.071909981486820
1.933111771810099
0.266784705461181
0.278459497013912
-0.039700185032705
0.381585509012160
-0.111530478628580
-0.867327974189606
-0.922995606677807
-0.864362730182185
-1.282808102960080
-1.307112959611537
-0.741794424386836
0.841782831351714
0.906268595449199
0.755855160093163
-0.175703787087440
0.185420811808305
-1.088492932343297
-1.179998796081300
0.729970145996915
0.051540783690349
-0.826033799602357
-1.970464235570824
-1.684989065867188
0.377769411442782
-1.134279213643697
-1.037111115214021
0.577864954724072
-0.637846693062919
-0.758147085212538
-0.711575735846951
-1.665911798604766
-1.094495840664263
1.231903142743427
0.086356813285536
0.424006158152256
0.130065456327880
0.381803797132383
-0.387635634828481
-1.598336980521568
0.339269663800675
-1.324841321657158
-0.614420205206623
-1.586052431761616
-1.902180193664611
-0.646271068532153
0.656854488880450
-1.064473312320110
-0.101202961754369
0.081962209023319
1.477647111729345
-0.488183874045703
-0.682487643125248
-0.101615049687605
-0.674401332873923
0.846449796492831
-1.450601727024966
-0.100275087491000
0.229504661315367
-0.777104426166243
-2.234611704674228
1.232008966274958
-0.350600547960501
-1.161138841677852
1.299166702123548
0.092388125985284
-0.076746898824243
0.867143745629402
-0.888424021433491
-0.470009934261907
0.842114231258106
0.242465793000666
0.960635545688838
0.727114513153775
-1.045560243001136
-0.573261573783380
0.355046695611275
0.124619291157692
1.391534393821922
1.477004454478395
0.320426441923742
-1.185112737640978
-0.379787870742726
-0.354435355405190
0.155444623515180
0.072348627897427
-0.369573745164238
0.638826913686403
2.611997894989488
-0.373962068970596
0.883880193742863
-0.370241893418766
-0.443673504657858
1.259100310396448
1.073890058476395
0.709173933077338
0.396302039958947
-0.307070714339487
-0.955657393681200
1.106020489783474
-1.893972613695550
-2.130181971235297
-1.691678195081215
-0.278182078518643
0.344778359624984
-0.032273706133396
0.619090019022432
-0.114903737137464
1.269642273988323
1.691925085743767
-0.028342441082502
-1.152155842941911
0.822941899761701
-1.875306073893928
-0.468049072162349
0.021224871179387
-0.531920011871075
-2.395379503221731
-0.879425842968415
-2.084601997428296
-0.527341217974894
-0.216252913993648
-2.047215521664345
-1.750564917704112
-0.657300286148676
0.297479398116333
-0.056128802581190
0.917198699810623
-0.647702970417246
1.807559769665972
0.216182382689733
1.983619628405253
-0.181963499240201
0.405308918114388
-0.547837890717648
-1.058086318507710
-1.334065203597636
0.073910333989107
0.093685169380449
0.883120413201159
1.232777743865842
0.496581948543593
-0.795516250123622
0.981424418747407
-0.017986676799073
-0.388635721670353
0.122754170447501
-0.235935144360093
1.853030287675245
0.933169408149364
0.201859500762744
-0.902123491476239
-0.800660571832557
-0.096826820167503
-0.308561770954367
-0.699280486316034
0.719102277190778
0.014055906519661
-0.667963985479650
0.737409479619484
-0.132145758698648
0.687552000426747
0.427250749976506
0.471241681709849
0.259283617644959
0.131557291559104
1.196410380486342
0.890984261129198
1.195235506891619
0.490144793854656
-0.882589145363948
0.981347964766835
-0.711152154372497
-1.162831269623697
-0.724129731713992
-1.276903306446433
-1.068637302149955
-0.639490415218894
-0.758791004820402
-0.375247418869905
0.290016659516329
-1.912056185818465
-1.915995804105715
-0.193183575872601
0.089398058074272
0.711015081270561
-1.375803247455620
0.055435996184181
-1.213910820144566
-0.713607740429836
0.043322709882221
-0.009626402366716
-0.932314229123325
0.061166473295831
-1.050305160023286
2.034739189652724
-0.791922530198729
0.917755671050052
-0.289322447136090
-0.256614751624316
-2.166650337456463
-0.850060630265112
0.403393175708291
-1.193248262283047
-0.412048938937203
-0.805058588048315
0.343993194347659
-2.274389276837343
-1.999576067144162
0.843661111482775
0.236026248474088
1.259918917611919
0.504743696822902
-0.399197855880221
0.098597870569172
-0.619413592189888
0.109005611184377
1.094055954875172
-0.078226793688456
0.341815139715976
-0.463821740462761
-1.158721644258570
-1.308319893918251
0.682496978689488
0.265450978099420
0.041367501658559
0.333637072040268
0.643016990416250
1.348836332690575
0.518868834343772
0.658464141378980
-0.450676101544726
2.240138581293152
1.357650197124405
1.603210269779235
-0.032878090051441
-1.275092701726791
2.889286889645743
1.016864114714128
0.393264848184076
0.254701791722823
-0.568676372368566
-2.193437296114311
-0.286507275149408
0.568177064852303
0.104591468960464
-0.695536527406701
-0.756854606380181
0.480428384105812
-0.808116260803075
-1.054213245584285
1.815903831489097
-0.485366934397431
0.810464449709951
-1.563068965747916
0.007488914554273
-1.531257791792662
1.458655748843199
0.058596368024707
1.493251202944984
0.439391493535478
0.852023360494095
0.278023165943354
0.588635561552946
-0.131074362574583
1.314420827327027
-0.053400453046484
-0.171055226834400
0.040820227859882
-1.999417997488375
-0.888772699216729
-0.392520260687924
-0.592919112295379
0.531151393183413
0.713591397817281
0.333133730937822
-0.185454709910220
0.027280956948444
0.076689931618734
0.586026199205769
1.117308011798332
-0.843107822429905
0.178756902082418
-2.082320084904709
0.165835501251057
-0.049738253254673
-0.383661739581180
0.809448257424434
-0.593249547594685
-1.367934279062053
-1.172197072483634
1.289712696423691
-0.745700412532484
-1.336060692250891
-0.299620912621785
0.282424688290665
-2.523759346711048
-1.178854797362787
-1.122307897984908
0.991148090719831
0.517492709841874
-0.312147815380982
0.998430776204469
1.166823599034283
1.323361926641370
-0.571518650342006
1.259208874605120
0.316490986145322
-1.271382629283797
-0.186143588133718
0.359070987510559
-1.424518177210872
-0.066791063613136
0.183337429312667
-1.068545867827968
0.329032263052719
1.138291009132935
0.632586493266970
0.222602505412366
-0.184981884514582
-0.898073096164976
1.616785658537382
0.241253418534451
-0.819371843707246
0.421275939296598
0.197518495465074
-0.945111760193717
-1.169454161957997
1.119437358472498
-0.060390773913766
-0.035563222996568
0.952309058149234
0.326955211092148
1.540355032525817
0.436858009668336
1.113414809094539
0.388142857414465
-0.987434648065973
-0.398428258119915
-0.607006022846636
-1.272270738435049
-1.328487712246032
-0.576906227823560
-0.699797848998153
-0.326456848810537
0.640031130589480
-0.231063643317282
-0.288258913150044
1.774839444180399
-0.280969916849060
0.332152874873915
-0.137631729545353
-1.810014391630488
-0.169552368530721
-0.206516712696973
-1.083567787097059
1.066139138965214
0.496172636520972
0.662864379862236
0.303948195831256
0.833517312555732
0.328321501180759
-0.027781196331710
0.203557005143961
-0.221695123527541
-0.002098358600780
-0.636625532610217
-0.720521419218171
0.405390247207148
-0.798786814948500
-1.829976796414116
-0.772285156127203
0.367629543622655
0.284688266282259
0.740619506191169
0.376383559939464
0.217166371316651
0.016818547753164
0.833555917353481
-0.629216080653007
0.817117187543293
0.565896660635499
-0.422783108176970
0.763627147172574
-0.117249132287584
-0.288081539367051
2.576720864599920
-0.058792809371331
-0.598046579065991
0.065681633727553
0.171746851296389
0.555486392139629
0.903307676081176
0.515319638503694
1.995224994741140
-0.995172431576808
0.626573662594005
1.188433888132423
1.010578448524321
0.954109944727303
-0.046258654688333
-1.459547520629328
-0.155019197932597
-1.021622431761640
0.149271739890271
-0.582667797900120
-0.295164863545304
1.042534625319425
0.668432887567961
-1.086687745530874
-0.101055559344152
-1.242958753761640
-1.017335676168178
-0.261089579238239
1.455571986552205
-1.517520761007684
-0.827600757676114
-0.181993925325701
1.429804454013607
-0.059042653119489
0.459377764685030
1.190487693866905
0.356400371006358
-1.154448338577766
-1.434115775866797
0.282895933767715
0.249359272355829
-1.583382397265348
0.354056054115113
-1.612015235618603
-0.108050840042410
1.004314270316754
-1.666364937753579
-0.035200969947795
-1.596681420597444
-2.214940077012159
-1.888356006915810
-0.806301733973220
-0.005038482673987
-0.226807947674504
-0.345432137317491
-0.082007942187204
-1.762605080731616
-1.412836743091793
-1.071801748454530
-1.476480725235640
-0.271746772139598
0.589200521943777
-0.682772436286258
0.800715438387998
1.344740437061215
-2.067478269368751
0.029352645364418
-0.016776003327002
-0.388414276146250
1.114637633615161
-1.137045374497200
0.832479557383145
0.439467049270326
0.383833251436360
-0.926947806690366
0.242987075613615
-0.019756425140537
-0.841343488911541
-0.347444202572153
0.329408931945965
1.317428599116062
1.205605792132505
0.436949099517520
-0.959130605234737
-0.376710994172181
1.275817350933296
0.497963776094286
0.186344893366730
1.172132883123818
1.630600624200861
-1.090245898412170
0.780179307784168
-1.246785148957525
0.236007772634241
-0.236812503405141
-0.561617132447412
1.142001590885885
-0.867475633005073
0.020909115091330
-0.329679481612644
-0.625179458454210
-0.177803202347896
-0.426061950373734
-1.054057843357485
0.220439067447608
0.439139990884984
2.713153466272427
-0.586733666057181
1.329996277769446
-1.099363825835177
1.190626496153484
-0.473139186119516
0.009518195691740
0.020323102038224
0.664569601696719
0.032396627709719
0.628224780710379
-1.300413237984518
0.413455642882453
-2.190486790505810
0.767271393181775
-1.026989126692611
-0.309544941370782
0.204440941347387
-1.032210874025454
0.205311871472757
-0.505625792550672
-1.690025729345820
-1.082476928161448
-0.354225704798946
0.619094162866088
-0.212805349291483
-1.622233582648937
0.349212962231519
0.863509916066219
-0.700610797857845
0.373625285197934
0.267916427093007
0.101396668767370
0.402953275999629
1.122790321215034
0.265883720773007
0.483524262964145
-0.085577569187807
-0.148313216525276
-0.064250085496301
0.201728562620292
-0.449278743051429
-0.063996096651165
0.302628480794579
0.438043216334311
0.073583895865573
-0.661602507047436
0.497372513418980
0.156096928004482
1.053471901873611
-0.112764091440108
-1.496234492151726
0.876473989953145
0.905265042745967
0.922999035368742
0.603812676695264
-0.858208467681530
-0.965931434869754
0.065108447524004
-1.029133163534534
-0.777227004013872
-0.820232421844877
0.040400396139662
2.373946599953286
-0.224154410937867
1.202347917905271
-0.693495015647114
-0.408542050248980
-0.249201602379998
-0.588237969209549
0.050136402787533
-0.643878205174222
0.745099401269416
0.428141191064937
0.689383639405205
0.511250095303013
2.033437579210605
1.305166009820563
0.715855346910764
-1.340110453256610
0.435614162906960
1.189324138278463
0.328639204678766
-0.587741260578811
-1.121771747984654
-0.062670952118125
1.126971690090868
-0.082545945000762
-1.403944506884616
0.646037668057920
0.622187355867362
0.396025606448499
-0.834642760738860
-0.162658939118791
0.342618364120025
1.320459036374067
1.012425108201397
1.370273431149964
-0.477946189388759
-0.280898976545579
-0.263428031558917
-0.598628617771643
0.138216690162173
-0.608063746222418
-1.363147224786718
-1.384971198555029
-0.660693639208111
0.018643469289678
-1.301430373562282
0.405875505817670
1.697625990894436
0.292247220908278
1.362508804246252
0.075461855838403
-1.547460404958096
1.447096351846078
-2.476260955662766
-0.566009539731302
-1.162421086398360
-1.007798226710599
-0.666541633688961
-0.313692667660523
-0.382896718467176
-1.398312715943246
-1.553616797598860
-0.109334871813720
-0.134676266593660
1.586436154651719
-0.802722541325837
0.993241618108408
1.245306227888974
0.809221842008269
1.871319138160934
-0.694449554366628
1.140460981737837
-0.298988617480183
1.030390991795395
-0.362165205494080
-0.734016407538194
1.791838167434552
-2.029932819813292
0.063518543728485
1.171538687014229
0.368399632742993
0.138143067727474
2.638397402423200
0.537552279320718
-0.168742349242313
1.010595391703349
-0.634062367697342
-1.189691584046948
0.459507477504239
0.382524235487149
0.731788842214665
0.088450447399184
-0.182639394818513
-0.658313747984739
-0.099203641696493
-1.215449786123945
0.483493312301089
-0.372193687920412
0.955124209548180
0.153068110684949
0.212207670643187
0.355487657477350
0.293507112454129
1.942385708835306
-0.382970254003295
0.550610943803249
0.179797416956536
0.834570428657130
-1.129437629709954
-0.580291560609989
1.757719993759300
0.215044133014145
-0.691538197106509
0.252122236758129
-0.341246400612737
1.174064874430372
0.669599349551225
0.352482734860580
1.407751373465128
0.730646135995303
0.343175198010597
-1.000570427624505
-0.817357783452846
0.035671228815263
0.802374096497072
-1.885923999062584
-0.883076181039737
-2.117211471069235
0.163705387699656
-1.892061431784942
-0.181984783975515
-0.301273043973787
-0.699899448387411
-0.898266539625212
-0.838755206553258
1.621124103640895
0.217109676003822
0.168161292549356
0.316871634254055
-0.205943879030103
-1.043694329394928
-0.983285664790091
0.447149430646749
-1.749062836521088
-1.033058841690327
-1.370543024318913
1.767895149732215
-0.116698503459346
1.182662898384692
0.788716173070093
-0.045491351105449
2.305872977140686
-0.033333033416400
-0.872835535924660
1.565171217408837
-0.175994562318325
1.127749972889485
-1.125537844138169
0.330854876496415
-0.382185500127592
0.711031248311231
0.700513864885660
1.779705512732309
2.082982113051687
1.123314149390310
1.382820712569053
0.615713033653985
-0.404547547555323
-0.001069626539848
1.074241891260835
-0.338873933118688
-1.364321677864226
-0.104788890001041
2.152522195459261
-0.424408503643392
0.115200635099308
-0.093404433533690
-0.170567040048196
0.807205243531213
1.328310171575482
1.061408338775993
0.072745367933257
0.314401011592375
2.151015540540665
0.986505794097046
-0.887595615343709
-0.424521602342464
-0.646022500667400
-0.582881148372204
-0.884037074826214
-1.143434119392707
0.089340673430476
0.259146966323839
1.359862082407426
0.625341640561018
-0.921454356485880
-0.061962763612066
1.782953299685139
0.192039557822320
0.664627947400501
-0.426839300686215
0.193589805533172
-0.339803002460705
0.842133682583021
-0.493736707969532
-0.766184749902465
-1.808169405152485
-0.397551369626418
0.528519432703206
-0.080829787679792
0.529229426264995
-0.290592876358316
0.257622140206994
-0.143324774063130
0.255417835273244
1.064109844622918
-0.020413314542341
-0.629137977731114
-0.157142484109708
-0.632706413008246
-0.080688902074306
0.379568781137695
0.593373149717025
1.275707042470998
0.266038255940263
0.550902150578217
-0.404985362615873
-1.443124838569820
-1.350007866466046
0.449375796529618
-0.545393067077056
-0.064628451626720
-0.207187544658188
-0.574639691951805
0.634055623083456
0.040250720879613
0.909424298459546
-1.619488185960881
-0.088086852666552
0.675631794210332
-0.979564473579898
0.335721335103522
-2.060988536654261
-1.004955205509438
0.415720872847225
-0.233647162704339
0.206457991529180
-0.260770221425736
-0.109306584941559
0.517514793390665
-1.288758556015207
1.859121840936072
1.139797920743316
-1.180679825972194
-1.472490872728086
0.432157127130692
-0.557128585474773
0.918420911223093
0.555273317803229
0.062035558378292
0.812440030121553
-0.636751786066813
0.954093623759278
0.589373888721587
0.380073871680302
0.110779963234349
0.376210108683568
-1.065610738890448
0.124828743144846
1.559144587134399
-0.166718321057354
1.109241612274753
1.882572285617890
0.007101438079563
0.341416571658355
-0.244870482548310
1.052384803012215
0.496897727004474
-0.558965400294381
0.111665579416610
0.469926570857811
-1.364806987398044
-1.235578078715419
-0.114268457803151
0.530397123128718
-1.052153383473782
-0.245468344168114
1.054294381376655
-0.387166264348319
1.564461214620127
1.075492657591815
0.438913442870057
0.488190070372577
1.357052173843696
0.844476480996743
-0.854938924820462
0.101807331435947
0.018075133453924
-1.188968632998319
-1.107107330096420
-0.676249898615235
0.649083059708413
-0.202939684400640
0.314861001433086
-1.073234670235344
-1.247169531938237
-1.101791786356367
1.741142999154190
0.366498784213061
-0.233104522174244
-0.457349718804412
-0.188986259406004
1.066189707481945
0.313634324310728
-0.381885803674946
0.411264489460990
0.613143218332851
0.400583130668967
0.865245871152424
-0.495384240049530
-0.871422526043014
-0.020093515359616
0.646637696857664
1.336893699316745
0.881884097669619
0.325114291263781
0.672626806546536
-1.438698611772359
0.730108509372374
-0.541878502367600
-0.232175237122860
-1.225581601422231
-0.024373049304344
0.014685538265052
1.605708214044125
-0.025292365902751
0.008428006959343
1.142675027090826
0.081408683966243
-0.543948427678540
-0.397166153148749
0.811651810475140
-1.350306089842970
-0.635377682736705
-0.693981442225978
-0.037725787915544
-0.701150004039760
-1.122704315340913
-1.484961596494346
1.062542678100331
0.451528167934991
0.573728365543235
-2.549987426497369
-1.075783903025652
0.748826022893543
-0.005745695677420
-1.376025808047352
0.100574371615527
1.118576012557315
0.818108324186951
0.691751943240314
-1.751255158256143
1.393341945485382
0.381236042863015
1.130539229332564
0.422981795206873
0.902853821937349
0.791720916406490
-0.048250827652773
0.997501705381010
-0.396003064244760
1.038667689841598
0.143221134285306
-1.459036320902553
0.647108857406281
-0.306918748250836
0.094698065182820
0.539105928231191
-0.343888903889596
-0.584544002484480
0.800640107790930
-0.740917211627848
-0.757469710675510
0.057640399735169
-0.723269186690418
-1.402545289561243
0.180430545246963
-0.157752596713787
0.720346057127403
-0.088002240950825
0.071821566601762
-0.948113333388005
-1.910888113446356
0.090152896978369
-0.286009106724450
-0.663807723574042
-1.145174830927834
1.733559513693382
0.597183876879525
-0.481607314436351
-1.596714237645723
-1.173357321784374
-0.450482127495262
1.103387525511944
0.470940993618245
-0.083896011639809
2.081306369296610
-0.779207746636564
1.168069906897943
0.392240865074835
0.827340717340721
-0.025597209619206
0.946086829345404
0.630438246921199
1.308749661036146
0.495677089224379
-0.355744994027395
-0.635264165040521
0.290209010105916
0.469589269374386
0.915402119879990
0.022909939627714
1.910107295163308
-1.899948559776204
-1.210572565795682
-1.545687449187038
0.306765996744495
0.498199930757163
-0.828310123271039
1.496656207103625
-0.149629049677443
-0.041170468825944
0.170253639037406
1.827224741039153
0.962908665596687
0.372403946756943
-0.763229555127702
-0.577561788960235
-0.236457025023164
-0.488128779262104
0.972307642673579
-0.617553669072566
0.126373225726391
-0.363018475073469
-0.122791763266918
0.736193389118880
-1.556732905847374
0.088070310803699
-1.674713212438676
-0.919683251978264
-0.087888655674911
0.065269256605186
-0.197398212398016
-0.265524290941438
0.883730065474797
0.023553003916912
-0.642057789153310
-0.266285621530074
-0.079108340403631
0.277637859910663
0.181682233458672
-0.331649902056207
-0.231989538818530
-0.933328996784444
-2.003981711193309
-0.376898077292549
-2.548978122685381
0.551524841809807
0.406068214292077
-0.296252415089553
-1.487295586935547
-0.624911462439629
-3.168451651771049
0.526654662504682
-0.233119871649954
0.559237113758034
1.972847624600545
0.743095273188959
3.533919159445167
1.175090298817393
-0.245674665393631
-2.417963018707548
0.245790077541002
-1.120965886429837
-2.347674777277639
-2.818581198576499
-2.239589823106655
-2.158295881140365
-1.927843335158492
-0.318602900666420
3.011153008968214
1.885062228736662
2.294410317227252
0.912635142586882
1.523200745213515
1.258057500422245
-0.700427634363983
-0.157444819711363
-1.048564142680825
-2.410070845881021
-2.493744524944815
-1.409281164806371
-0.160956337264538
-2.642884481456655
-0.662042946839844
-1.159148426599845
-0.350177817535391
-1.042552933265077
0.799737190644738
-0.499198562959282
0.453077062861736
-0.274921728273205
0.263011304297952
0.085380619125102
1.469946459886990
1.782893075682644
2.922942580546069
1.624239532778182
1.087771658124877
2.163332282288386
0.673684614722502
-2.148476582555150
-0.292458620604605
-3.124528747074703
-2.197458866945299
-1.757451814436115
-1.165007592515535
-1.090084259134651
2.226513013154707
1.455172403788131
3.256088639800602
4.592776276256355
4.910421214936036
3.882895981902467
1.788695057839058
0.589493946243347
-0.087768824210984
-0.700278999059171
-2.643942420786044
-4.934117970628941
-3.926941393628315
-4.558267452820274
-3.435289503603602
-2.083459505458142
-1.511148115982754
2.256915606192103
3.062431574191492
4.259473659559082
3.280023901124681
3.239124370336613
-0.144103657584425
-0.349968042210228
-0.093950073212687
-2.293514962708429
-2.647626275497234
-3.779196633588838
-3.434314317958459
-3.863727213325256
-2.395593180924492
-0.237443213940778
2.015254410076856
2.839102130558284
3.619994084511000
1.852434269976746
2.026033861974344
1.832610098121348
0.919484616435495
0.063696583188105
-1.095411725161666
-0.689303458296012
-2.043858770909063
-2.985532592348653
-1.124676673258836
-1.007736082297163
-0.505590524398844
1.145880507471161
0.637299382040842
-1.308802696098420
-0.785725859157045
-0.070759064240236
-1.246167683719089
-1.109269201273953
-1.266552676046109
0.431264241562954
-2.133053522384322
0.766915828563050
0.837690308476270
0.735965780841966
1.307125508227967
-0.252223240556982
0.597141095754164
-1.261355563839196
0.071177261846672
-0.714403455245785
0.266215447674318
-1.153070175614631
-2.172723642565618
-0.244913323872442
0.512676756706600
0.826064868594955
2.595809521759695
0.740958824228183
0.094840460981962
1.532008052108366
0.757395844556593
-0.173028016159347
0.540383306439462
0.898094354288364
-1.843546813479832
0.537394197131649
-1.213357706715883
-0.373537474541873
-1.166398582599767
0.252171976800207
0.477801670556609
0.101840725004620
0.561717742944996
0.880990286625730
0.080470875439129
-0.504820932740426
-0.714285386231226
-0.531252442609498
-0.583330094887588
-0.809477458093180
0.008887497715968
-1.341942177503402
-0.640322581157693
-0.305878109153015
-1.152455859520946
0.823010358390948
-0.320673786097480
0.375150886226475
1.389788371196968
0.185474524734286
0.597228013190749
0.270144464916554
-0.347130238602798
-0.795882785385501
-1.034073248414091
0.034354113939993
-0.554700993283568
-0.158516622820065
-2.222061217921998
-1.892857967672338
-0.239190925140786
2.167977128476751
0.505543359647125
1.306656454893154
-0.152588242035707
-1.030652330545813
-0.127138709660334
0.479635893084086
-0.512092356034512
-0.571645402958602
-1.496081156999813
-2.491457446056760
-0.779981196723345
-1.499657550016751
-1.497001353285340
0.392445684120401
-1.659160704768479
0.420917574932891
-0.329787121074252
1.560928322622975
0.013239378160264
-0.209030899874825
1.226652621239968
1.473534847485208
0.316941887792276
-0.674441549401950
1.224542326117686
-1.370815363118012
-0.711890357623207
0.344441438299197
0.627527240672822
1.027189943910916
-0.752611469208330
2.135566718136708
0.076788326360321
-0.359822452020036
0.576753195546028
0.373963881110961
-0.088716697317005
0.398382659373964
-0.530769924204852
-0.599254086275923
0.301400952193462
-0.012171134430467
-0.822912443361781
0.548546058478806
1.073881657596792
-1.219876977897894
-0.138253836854662
-0.153129205144883
-1.702211815456189
0.447497008586667
-0.072150362457541
0.049573206487281
0.112900895974259
0.041767021922661
0.426894156961126
0.236615770142542
0.251794678248242
1.090800371645533
-0.184858475770198
0.224686373719355
0.976802943079297
-0.392027902202013
0.252679714892934
0.854010740677287
0.796370032051134
-0.490351624340693
1.916829967539106
-0.758807688896951
0.112896499542748
-1.375313716017625
-0.794931060874784
-0.662594103158320
-0.462966270499027
-0.062701417784880
0.752396322474597
1.478844488040551
0.372589263668340
0.631601715030906
-1.444665341959992
-0.977463973423164
-1.088631383194815
-0.577198967784951
-1.859859609833405
-2.733636083887133
-1.154891808756281
-1.485319966621296
0.891376175590815
0.257253940434311
0.320308948144749
-1.678287504757835
0.963764031497192
-0.505423151788607
-0.262981454216710
-1.000777846612662
-0.514787922181015
-2.060976876060109
-0.932514738265217
-0.527520684457041
0.014346721653774
-0.598976514450320
-1.026307300982449
0.448239254926678
1.042549336439222
1.093496730156323
2.210662560679505
1.263820175788985
-1.942846127291183
0.048870790056538
0.025235427349524
1.400663851868557
0.319297763477115
-1.909212571434659
0.666923210317852
0.232397326420400
0.757912823169111
-0.791234826666641
0.478400512548645
0.565574127388938
0.313099257761765
0.917868528282548
1.980395948241473
1.028091770067963
-1.384040608079196
-1.029697186892848
-2.467098537922496
-1.723521430984372
-0.538170643764845
-0.997309183861918
-1.205480586083684
-1.041046595610986
-0.182503751606607
1.228573630089681
-0.522518829989060
-0.463694322735103
-0.391500420873382
-0.593174596601383
0.463543027002311
1.182933170635285
0.358908863792928
0.558768660424884
-0.470247081246006
0.008467138882398
2.616306107326706
-0.137123522111345
-0.750693173277003
0.716463712182554
0.608783034271421
0.561643772154183
0.790839987387517
0.737557096633608
0.113166731632387
0.384967849935436
-0.394570629263624
0.604785717138946
0.485009729419899
0.421906067652451
0.358396704823100
0.129033721409686
-1.955293136742076
-1.344688874652283
0.564145197248920
-1.065639370930512
1.488091835808831
1.342609572259533
0.859680088345226
-1.418578635164434
-0.993739921515938
-1.801519814869148
-0.254603972475948
0.655340648220001
-0.847951676314232
0.590885393886345
0.094362527389330
0.570442473735988
0.074096516756839
0.738210079368972
1.851770263116644
-1.692031441435841
-0.491364611610837
-0.573184782927628
-1.290939468186397
1.044156627832285
-0.339313444596531
0.362737048401287
-0.104352404266764
2.071363369037020
1.548585860930266
-0.858294941361780
1.343263651953214
0.159185476089908
1.307210365342664
-0.063195505222200
1.215056854603049
0.447965227849607
1.292313306420502
-0.549044841074766
-0.865116245885263
0.028806934312753
-0.975289222482609
-0.419198863319167
0.274935657263936
0.988471938147399
-0.650270634477235
-0.580056739874510
0.018817220207107
0.562760740993229
-0.677714260067558
0.540817429437837
-0.152034269180139
-0.886318837433569
1.090972980226028
-0.844894147264463
0.512304247834072
1.677333117541711
0.723572839642627
-0.301720768381840
-0.068605765684122
0.276699530526578
0.769167576840098
-0.512741025919598
0.344300978212813
0.317006042153264
-0.649409364325003
0.463964440416340
0.190522624772690
0.604444171272202
0.775705644677821
-0.033319823633165
-0.631149192387669
0.378380022698817
-0.904074414843704
-0.823119337664566
1.020818461852826
1.089543731834412
0.805104836881523
-1.843469662230412
0.257295665052811
-1.102245023947907
-2.153266740428758
-0.238486270449566
-1.173366486653767
-1.328472817595248
-1.327828336125119
0.693657100832249
-1.423980067538300
-0.105442315512250
0.894832485119846
0.285236906395279
1.107249081074135
-0.623810747997422
-0.200600295297658
0.142492703668677
-0.879082916901492
0.958251507620424
1.474292591911755
1.317544134416536
0.268777705573312
1.817705972505462
-1.123087804402300
-1.349506828023250
0.632481721397775
1.419033201745645
-0.177368502061108
0.392919637805417
1.460325212603211
1.111211192348224
-0.886894047181631
-1.323697331037657
-1.115482099769466
-2.605643819044849
-2.274554663613477
-2.237844872644275
0.644409269096978
1.290199946418567
0.231118804976200
1.949434736902907
2.422603068889333
2.217137744230079
3.485400312538997
2.265397958297948
1.747862687750968
0.747832601612628
-3.531107426335935
-3.712786128061025
-2.047353312746190
-1.875333953062399
-4.034216599654664
-3.907858937102400
-0.205601798062697
0.116077474845745
2.059734306701468
1.883705946426475
2.521521991048910
3.502342275182345
4.291532840836234
1.010437897819172
1.486781865864356
0.596131383761982
-2.616077760052204
-1.187488816611653
-3.234145500942240
-1.589477453705284
-3.838458703108727
-1.413315731696044
-0.604589806459390
0.983561500433452
1.439514666273083
1.506974462708207
0.942495565130316
0.139872413511618
0.813145281435081
-1.134474685161796
-1.341246814247965
-0.581585496411562
-1.644575783068986
-0.295176895378912
1.299745360115675
2.064802062349730
2.849763156229193
2.281131133670140
2.647776024391991
2.984087285957699
0.130073047452708
0.132456981133864
-2.893744069373032
-4.277595637213135
-2.715328487063988
-2.718309014374726
-2.569572420427002
-0.838899052762494
0.636403845559387
3.072028166513634
4.731204526867364
6.206305473698912
7.141994706246811
5.877627134972053
1.126668749967905
1.027332261206280
-2.153152393398610
-1.458873820043347
-5.239637543156020
-3.534020391987165
-4.695051187775243
-4.616625496646062
-4.298242726442862
-0.039447323355366
0.268018172363015
2.107424471386850
4.257286523025081
6.388389067267983
5.648002975651346
5.175772108808284
2.006339083138154
1.302806509654014
-0.728482248977047
-2.593177168820217
-6.732425047251548
-4.853986285745012
-4.045665494931696
-3.515757048462181
-0.674453648924422
-1.143488058814737
0.156060130339508
2.590111521053426
2.663780125316417
3.912998055769330
0.978242551621551
2.322150585581777
0.944223452308347
0.070626695829643
-1.162045589571945
-0.783792304986681
-1.427676590216983
-0.701717676336917
-2.425926643658903
-2.983685666929984
-0.424171809737081
0.781154359966639
1.218980152718370
2.911261664265668
1.152980591071597
-0.169502747921521
0.888999106049499
-0.868460245763581
-0.536982181272657
-2.313081850078373
-2.077237140508649
-2.085915412256166
-1.790666638314181
0.489179712258899
-0.186598778092521
1.607994774860174
1.925053752464399
2.126049512002707
1.219048380025049
-0.520249943217666
0.590908690998513
-0.850536474427950
-2.414859781129501
-0.223121222146633
-0.089890902205874
0.570309380788057
1.414952773626749
0.859716830183839
1.128101541693091
1.577364708696062
0.912501325432069
2.922141592845869
3.062962539961460
2.778070365380374
0.845337775928305
0.487054137551682
-0.207933945990459
-1.048571416167925
-1.409632483181454
-0.801054611412534
0.554096272834267
0.921444506451927
1.637697107541173
1.071749427978883
2.856332545668269
1.882276734449158
1.882692959585811
1.297631835269510
-0.889689770913564
0.448188293067643
-0.065626899815985
-1.954118023908167
-3.520654777803970
-1.860865030076908
-1.224006662964397
-0.403291248927361
1.026686337560601
2.189932659649348
1.702847438104094
3.157979215742877
2.398382685125588
3.228394389292886
1.288550966447846
0.396417229437882
-0.989721502239386
-1.529190753568667
-1.531997264828956
-1.077432076567256
-1.620582798885162
-2.788740897475846
-1.769293193662862
-0.189223952419388
1.095654855908191
2.209969763166303
3.493334213220015
3.155288327598436
0.183785172743273
1.353566921654777
2.045902188484895
-1.443451539717109
-3.617448327698343
-1.812661489917022
-2.536068192953241
-2.090906536482847
-1.870222388562267
-1.497579681810496
-0.195710115354176
0.832453687180954
0.988807879841309
1.913361853094451
-0.251857043924641
-1.328860463950407
-0.366112428284385
-0.829224414356593
-0.766120333834182
-0.189371991495053
-1.455493619574895
-2.360170354015366
-0.547133909780842
-2.222791969491291
0.285486901384717
-0.269989819763935
2.213382690555260
0.625418630065461
0.725148440726078
1.323934974276486
1.718109731761613
0.410967087726691
1.626538373851260
-0.943014693228734
-1.636029405926239
-2.513565967178682
-0.214957223786098
-0.830755507751459
-0.303641921382505
0.932345848905566
0.671974630022860
0.050941233426841
1.043721620579616
-0.435572211849132
-0.859599948127519
1.687639544585606
-0.436864401409716
-1.519799718596627
0.797865590665480
-1.457957862029352
-0.845655300527726
-0.336082910607288
0.152639050843334
0.582859761217962
0.385122421824616
3.194033689595049
0.692582648942875
2.316218525642517
0.487583881766054
-0.543380633775430
-1.677256730603657
-1.195085471190598
-0.343761666878783
-0.288679478419647
0.588479054681658
-1.577346772816430
-1.564539176849644
0.426597448542361
0.921880509672232
1.454678434748049
1.208872643559023
2.979189190561681
1.865006201292736
1.054141231901676
0.604990297233336
0.197940314752010
-0.064985095967639
-0.587128970335914
-1.018198803900266
-0.885386424343444
-0.852140782361873
1.519484271208377
-0.349949584746090
0.141908589502844
0.396395706543048
1.795419879617106
1.974464955342062
0.271093785347197
1.580941222391017
-0.793408783943380
0.937257324012923
-1.035763817410526
-0.133748936063405
-0.894712429193265
-0.983936026505905
0.003893309802147
-0.870786292877997
0.947922598105238
0.173457632747552
0.774785746850856
0.384502407081592
0.168467629351409
0.340858506339028
-0.248100852162107
-0.018397990942463
0.644626596185622
-1.323167728306780
-1.058163593600207
-1.492060115187881
-1.014488399792500
2.062453724371647
0.488249266017303
1.587277186124768
0.825046912174679
1.707485388833061
1.268337745478195
0.126725782617806
0.818349876708173
0.875656803197389
1.389840339446943
-1.861317515218286
-0.289287049384827
-2.440446190304407
-0.153148836222381
-3.728052793420714
-1.342566826336062
-2.148709569105539
-0.702613186667732
-0.885164891008258
2.410397057025040
-1.207962117707411
2.501374705519744
1.103399760828439
2.871912642489676
1.006048552371827
0.245496373711872
0.473032936170264
-0.840655022428123
-0.359679990736377
1.170195551149603
-0.801691093744115
0.175974153197188
-0.210008567958280
-1.652916752320196
-0.685971569718458
1.288582358934152
-0.677358559854281
-0.499265010510621
1.696814717971299
-0.089534350807025
-0.717591014552204
-1.214368221914515
-1.243995925382293
0.665079041890124
-0.239274460471351
0.300172614241385
0.471126682720369
0.499666445791042
0.122326090695655
1.311245057494959
1.347605779163351
-0.493630992190436
0.276700266034416
-0.241639736446136
-0.051697273849285
-0.485348132750495
-0.575211108213881
-0.732707215492624
0.029379659764017
1.937846390818090
0.287617571821229
0.160762118408545
0.661073961161113
0.719918109844212
1.087294322907913
0.758661698288917
-0.334996538167626
1.493336683789648
-1.923283874507793
-1.764475599596029
-1.602148123375281
-2.329477270102866
-2.059961090199121
-2.222663211095356
-0.053108630598709
-0.479016079301727
0.178821717733475
1.529684396410445
1.146119832000782
2.788416844414999
1.930798367704712
2.340954247169978
0.280020004852052
0.795607345405019
0.226094879137992
-0.260019999446257
0.383662228347061
0.486951128570618
-1.354291979873745
-0.697113264955838
0.554973347010257
0.074807836432684
0.199762599061777
1.353071693590650
2.522178254386387
2.056588757746782
1.472826952999742
1.818618148140677
0.362813693383777
-0.428366519197388
0.902243001061256
1.363768996583966
-0.411651498104444
2.563612473717751
-0.036331017578392
-0.330386274018205
-0.164937740051529
1.422732912253423
-0.135176308169003
2.030971892479632
-0.006123195478461
-1.169054808906714
0.302344416525447
-0.911227693412432
0.224943392461525
-0.293371851622248
0.326936448367145
-0.425359570360959
0.363584470260863
-0.259666310249884
-0.869137253679079
-0.015269699562178
0.999086757323211
2.380612264279379
0.805247840917018
-0.532544602987143
0.325494200650047
-1.680471155584910
-0.262926992544479
-1.741005432560202
-0.471843656137940
-2.016675967390460
-0.759021446306908
-0.381264916751344
-0.374044724041335
-2.674999073790013
-0.783931136410774
1.247342009608433
0.869219398984536
0.028462360693964
0.841959212904221
1.196508222017326
-0.016357922409964
-0.188752272766545
1.141953663209463
-1.040835024363352
-1.345552968544198
-1.015278498568915
-1.328230340697824
-0.248815111892674
-1.669609442602255
-2.400731901394171
-1.135087084990725
0.985754060982594
0.338465005675812
2.700679709769792
-1.360120825675833
1.436939209590531
1.555072349948108
2.880550498590154
-1.714813762803409
0.663590348362966
-0.263769399520852
0.207523063500479
0.286624203552816
-0.257807531736245
-1.738395294750587
-0.864144726622320
0.034340296960743
2.670377493907366
1.538753465246360
2.604307109111492
1.298950178715748
1.972371220308554
1.610032382007136
0.603691427276099
0.732028957042241
0.901239782755250
-1.495761120950586
-0.524272626099570
-2.051376552727227
-3.651284128646038
-1.600263460367776
-1.045920876980688
-0.954835913110695
0.372372215607741
0.450732775966505
1.065555505251484
1.666801392783031
1.163257431365321
3.517179994424037
1.637607839873795
1.347557649801318
0.139696381597198
0.115753262163429
-0.641945280575383
-0.674441314538324
1.373397664637815
-0.797048622669826
-0.166405797015321
0.882972807988925
-0.799928925687534
-1.220938037837913
2.145991574991456
-0.392512868541560
0.404351850656830
-0.565850934544695
1.001547467748360
-1.703781260316148
2.267833982682924
0.186107147138897
-0.323468125709240
0.202621762688437
-1.518209087581174
-1.339040507158999
-1.652246839581515
0.495158444059161
-2.412496250651730
-1.906489792395662
-0.635134269843641
1.251135688430502
-0.156584379625676
1.347180183586353
2.767120668244180
-0.530016217169387
0.048740695590597
0.315061392179916
-1.548603787833026
0.157358994735288
-1.489040348980059
-0.238994390720462
0.434915480167925
0.430264821311073
1.105793126350874
0.194636756604688
0.038578403736303
2.623912646340197
0.206103676683597
0.494863521752457
1.825624460877522
-0.763033093605098
-1.004035194131352
-0.448459775257536
-0.036146742096955
-2.585818814847699
-2.197245318302341
-0.907841297089221
-1.452516515021400
0.315723962891772
0.349692873046152
0.285031011855852
-0.296114400548543
-0.235879911899612
1.207479143197332
0.817143982551463
1.160175057619757
0.325582054529677
1.275192898407557
-0.242192842222888
0.844631367180382
0.350695188648693
-1.469564685764049
-1.848992670301221
0.781576967119980
-1.032333237519825
1.161963041585184
-0.061672952524133
-1.152453299577720
-1.061129107045573
0.542352126660952
0.541063799288269
-0.283915102293505
-1.729458387250147
-0.451843498834328
0.787682643320164
1.573531916733124
1.111961493363641
0.015505892594539
-1.360000112381436
0.359052969690093
-2.872994279741458
-1.103736936708203
-1.754281343463999
-0.752832240609573
-0.147942103124597
-2.982874427537807
0.732143684184437
0.911873295819531
0.866691659909296
0.622721131392579
1.584649178927402
0.475675317092136
1.917663807310212
-0.141276951256872
0.106301380171118
-1.095908310581190
-1.080503531592999
0.366224446781135
-0.236683151814051
-0.030807120965918
-0.297605583436699
-1.492993555203167
-0.963683169754183
2.153694231327360
1.830926806222669
0.220196675939911
1.469808183042447
0.797720374572828
0.469785557337231
1.120626793212597
-0.249510856778341
0.518129172126887
-1.296744481937339
0.241626354937544
-1.024022439632809
-0.237221314057745
-0.396617068548060
0.309260815308951
-0.912464695036228
-0.976422824001836
0.413361665440100
0.393873237052947
-0.910446191105954
0.606029535572460
-0.768457979009617
-0.212409713673488
-1.302658587804796
0.852132149340548
0.266681800287900
-0.110104206250324
1.190338886192873
0.336790364856967
-1.328722471502639
-0.511157883526278
-1.114941282720949
-1.341600862858132
0.396818272992801
