0.656353450103196
-0.308943010815324
0.520641832411458
-0.724438902097205
0.125687422656525
0.430044725162283
0.815290824756166
-0.020799955923002
1.028055346728395
1.951036097907771
-0.149563083693553
-0.873680987817507
-1.554131393691295
-0.732347636274520
-0.077408037510915
-0.682115972924860
-1.312998007826929
-2.253841128908126
2.216167472840277
1.403915439409235
-1.436568923666566
1.295898451878634
0.948174313376319
2.354982046630867
0.789627882133217
-0.384142794890915
1.020235949912582
0.379685594408871
1.103080730123233
-0.232763826152555
0.988406538178423
-0.931824920907187
-1.278092604104231
-4.630928329432563
-4.820605707109529
-4.736369411351546
-5.285055190844681
-1.945784247531460
-2.818878032459847
-1.305489994065795
0.209500588590501
1.696826612398834
-0.355252263057886
2.227364103940899
2.237543672835879
-0.749189901529637
0.806074074443267
-0.332600591647662
2.107285981555667
1.355119946350793
0.522125908067281
-2.107421222152237
-1.546956975719258
-1.880694800305336
-2.081771618282651
-0.229485839700852
1.951213495801135
0.430987454861714
-0.193881418940593
-0.069991782200209
2.155557891084305
0.560823263588799
0.413657060562950
1.536789219957478
1.229695114535156
0.527027214245457
-0.548449781903562
-1.449015593978938
-1.906031927468910
-4.046303644963094
-2.476020462311452
-3.388636323529975
-2.544909712595243
-2.779048002729037
-0.170434368927266
-0.694310490048345
3.982953861935716
4.616412991824110
4.629067285563501
3.105952049304396
2.675339133600258
4.288595192698665
2.663570287562624
-1.322278741766760
-2.185263543535100
-0.675278327064289
-1.746921603018024
-2.677008451507729
-0.700563442567325
0.555012432116030
1.190148934400706
1.181854725380525
0.666128565125759
3.881337641879461
0.442286418332830
0.443360168185375
1.096067677699357
2.240736690989223
0.086115139416604
1.160207727804288
2.158890012334875
2.028648505567805
0.135285375081920
-0.169242882436760
-1.991571219050316
-2.679757887812974
-2.866411519239608
-4.666609205479408
-4.467355522539535
-2.834872348902052
-1.153718593462500
0.131769496373834
2.265663602107011
3.715170354033575
1.937021180625557
2.692417426529115
3.098613962819359
2.119126613409297
0.456943367246402
-1.204134730244466
-0.976951690401439
0.440143459943545
-2.015151502229132
-1.424353031029925
-1.753874497181210
0.551301262386172
-1.741822857592067
0.415964534913644
0.257351652867933
-0.242899394524320
0.865180686325099
0.056521230786681
2.514026593031085
2.250446491070961
3.003868500829948
2.341154711015777
-0.392647664560297
-0.598825325798416
-1.926906321480003
-2.142407393044172
-3.561222734599935
-1.399934470617606
-2.794644323187928
-1.659414683936715
-0.019927706073428
1.516080984613946
3.905366463263556
2.639471276163923
1.612253507526482
1.356296359602987
1.633424126239023
-0.177515985936036
1.377853522426782
0.915474222569567
-0.744019380315584
-1.164335189009228
1.622928821975175
1.467482331096770
-0.441918843092813
0.956663687117187
0.124543606169699
0.677078981630802
-0.529881455932233
-0.634932345545314
0.268897327906837
0.749354764524780
0.716016579048946
2.562493510999718
0.367980981347683
0.357175289749791
0.591805843350751
0.768653836297984
1.406587415931181
0.789158549125752
3.540609260212937
1.656301367475852
-0.322624161447603
0.629707605937111
-0.496588584371964
-0.745326708484903
0.939254952727236
0.124060443254398
-0.547375483733794
-0.892692291875720
0.002657263335236
-1.239828736229345
0.432532588248959
-1.082290867903863
-1.528628989530425
-0.385405947950216
-0.809355114357278
-0.548204462109688
0.601191640517340
-0.266412821371282
1.062595592287849
1.516692674677547
0.559948540437208
0.944161423986640
1.810424862809173
0.768294579378577
0.172389466624297
-0.335109320113077
0.567380806219526
-1.655096134048045
-1.977981043275299
0.353436870387962
-0.153660086627809
-0.708367559119283
0.387320626806946
0.087118093808132
-1.045884998479168
-2.226425424606534
-0.980946288600770
-1.362942276498841
-0.487727357150433
0.246235105752358
0.245839478849356
0.809007372778756
-0.433241727768719
-0.551474968223219
-1.176894761489331
-2.029672440484714
-0.463805390178390
-1.547156067648374
-1.583867818771751
-1.032812618851662
-1.686135330935650
-0.434575831798889
0.871954826890553
-0.347022734428039
1.218165881152996
1.379459083116119
0.241233183427515
0.515293242849647
1.153898973186890
-0.876060273801524
0.743925387034959
0.479209230224397
-0.269992631107376
-0.830652319006865
-0.957550840888460
-1.286760310480633
-0.917899108288229
0.117861884030537
-1.986469101742876
0.948940294809916
-0.031953015951952
2.045865455631462
0.286568973288563
0.373802990793111
1.927768814875432
0.632561801804588
0.648336448338551
1.102983172989662
-0.850719947350336
0.416539570575813
-0.804653688927660
0.847966602532848
-1.526936694536039
-1.518571982428110
0.262034623361808
-1.246591484895798
-0.508818440420376
-2.058713448525215
0.342475539506453
1.285935569451859
1.383235160588231
1.371410791690082
1.425583925549832
0.978636244458162
0.709090401575528
-0.386725518725000
1.972040377780377
-1.863078574751353
-2.063404632407931
-1.398509719321557
-0.018303512233445
-0.150332167321545
0.741932223158880
-0.496877070124589
0.922187772399848
0.231891297510072
-0.251175531596993
-0.484723808546431
-1.197879901760797
-0.993101217926660
-0.974397421110342
-0.021962436280411
0.549591514944383
0.213403074355626
1.430900057340423
2.869194713492268
2.144149990067734
-1.399749692656172
-0.432096023500616
0.103733385252549
-1.146613449240008
-1.185143623064609
0.466406728594826
0.524145079848289
-0.722302208775754
0.924911903056879
1.658549500278947
0.129470953140886
-1.120979096984589
-0.339338026100341
-0.225663331137048
-0.321327782756015
-0.689910880796941
-0.076536915559218
-1.372895039936963
-0.401082825835260
-0.511400338721166
0.587883488042162
0.947642096536074
0.226561323530230
0.245635772613572
0.131668354522762
0.063739752812892
1.554939712966235
0.214037375573587
1.629431564618379
0.046207156126664
0.973409624673994
1.516419786516069
2.567782966017559
0.014774726022048
1.764056416684248
-1.246793779183339
-2.423027151921689
-2.566565900722804
0.018554744119349
-0.878513593316253
0.335598021912738
3.751742594385876
1.577104401876457
1.333329398056880
0.016658272235689
1.585509706722100
-0.367347530926410
1.642240826979787
-1.046022659671885
-1.388105930707874
-2.112746009887633
1.829955357403509
-2.406151551898499
1.126201878838127
0.044073327070968
0.821754215567856
-1.214846810876109
-0.097022931319314
-1.570023731235704
-1.204697110335001
-2.285391871524213
-0.506912005695216
0.461784035942902
0.983565740260299
1.225976512812639
-0.993578995204801
-0.198502067471217
-2.213404428319439
-3.090506740306425
-1.924727821870414
-1.070225355043497
-3.180768431797263
-4.655308249214504
-1.271303768863181
0.023233327759758
0.296150149741094
0.955933062787525
1.581522426950958
0.967279329049820
2.424474549364962
3.049935622695789
-0.627299216279314
-0.616760712637266
-0.885750922938352
0.646680334480901
0.068211882275129
0.896832943136094
2.768333439067154
-1.069036583844504
-0.529768782113169
-0.745565607391371
-0.064213309617034
-1.702101485807883
-1.693563294012321
-0.151855767036114
-2.226616363666382
0.631053442943856
-0.713672491744106
0.144098404619850
2.290732112071807
1.335332953063301
1.507004000040180
2.709761085454338
-0.137378776447361
-0.609183040812084
-0.516286460423726
1.038861431292130
0.632962919057568
-0.913260354603150
0.831666310727634
0.695083349519412
0.154272975932510
1.463674732278283
0.359554963755138
1.467414348056488
0.545460083254018
0.552882124961944
-0.975794400010060
0.236988252413818
0.595804651223017
3.063500783106205
2.698444544654394
2.152705933047454
2.116746987152702
1.885047851060065
-0.439948145806983
2.116976224237741
-0.613594707429956
-2.839865810288607
-2.521084527034988
-1.107407526538178
0.194855174158857
1.061937984649197
-0.361506649370825
-0.097211518421892
0.024902412004572
1.241991311648379
-0.419853556650104
-0.098646479327184
0.256162658681485
0.723987395024758
-0.117556405063267
0.229752287955855
0.048733813893616
0.604868481832047
2.271923940348931
1.029534277765222
1.419010905708128
0.490886756656125
0.515052483924944
-0.961118431239579
-2.000157763210771
-1.491919041081982
-2.431208120481474
-0.156952838565895
0.854504109069589
0.580864044451105
0.252407147242795
0.275858739311415
0.499480142584575
0.858061751579353
1.643625423691951
1.657666584093235
0.683283841200178
0.842619044778459
-0.837869654577038
0.844755212113330
0.184890204939776
-0.606749505891111
-0.446506072348774
-1.258318032289988
0.575496069176997
0.536546230425093
0.753385573324574
1.243636402512152
2.349874096589044
-0.384276245488515
1.420869767823751
3.640307780662712
1.584753213302503
1.256041658102897
-0.084389182492728
1.158623454753571
0.826637706235432
0.680473946712828
-0.044755716403094
-1.078985756942227
0.042392952743625
-0.274623048989730
-0.241968492542648
-0.391315643640270
1.838708579892073
0.040560890466576
1.031540268852131
-0.380078399863179
-0.177113937462939
0.279423572489444
1.380021159665336
-0.563585392222853
-0.174260315627341
-0.256419878934193
0.730533685492972
-0.644331794907122
0.043378063437575
-1.326883834387496
-0.381140157056139
0.288138590545812
1.038795058388183
-1.309600050747157
-0.692937880244350
0.406446006704650
-0.925010695456816
0.471391168657182
0.986420525263473
-0.058331096875407
0.761588554737312
0.164142139648461
2.604429161759549
0.657575542852463
0.169490252462815
-0.037070998246504
-0.140658460892828
-2.669967231390570
-1.144065215488955
-2.318532746006596
-0.898378684175698
-1.129145950545432
-0.088409389027443
-0.856174825743006
1.100316508488325
-1.089900874459395
1.386784460157159
-0.340076573480017
0.471254800871881
-0.444793897070378
-0.586754636392918
0.992400030771322
-0.725825739903737
-0.990060035173530
0.148221132831233
0.087877414479994
-0.639009685890519
0.140831444893079
0.304152394635550
1.135319098090795
-1.445186740728814
1.555519189107693
0.812012169796033
0.921182653033996
0.686812466401783
1.127353934547290
1.019436516370603
0.753712465246319
0.335242655006676
0.527684309979464
0.893680712297091
-0.109773358329192
-0.916982939737270
1.053571269174922
0.606787314632475
0.914995621855310
-0.169348352848059
0.621447061150063
-1.743935168135596
0.954939162296443
1.064290713084241
-0.059648719332474
-1.207234400265401
-2.647259356753799
-0.193384202528837
1.274958092742062
-1.639737033383553
0.520885310618880
0.617396141081239
0.709698176689676
1.001785002960061
0.306289969928880
-0.254805615655392
0.222538789638319
0.677796243891637
0.067154822504655
1.653649154850656
-0.881767896085392
0.612284502874942
1.684055688446787
-0.954572672276245
-0.135498559215934
-1.715625192170533
1.121387755189329
0.031629477985934
-1.145650262549919
-1.349708604171763
-0.091466881090971
1.494224949404448
-0.270298345164243
0.591257442663698
-1.338714158925686
-0.902529338575718
-2.560946850711950
-0.047049021089092
-0.931922046304885
0.107401227810975
0.257734942902509
-0.367422723854486
-1.368449893093191
-0.554455011994827
0.271771765256970
-2.266261288154400
-1.610092201036588
0.005181361431399
-0.514057192693778
0.055244731885589
-0.692349817930208
0.364596843862494
0.355998297967721
-0.851558993751983
-0.545224530851578
-1.310800394771948
-1.114319426373141
-1.807348057836013
-1.588810571916521
0.796613611631513
0.818494451138558
-1.788665914337620
-1.026646151590524
0.046748261013515
1.604463518022108
0.252199124432783
-1.437868441845637
-3.008204885622381
-1.897789116218387
-1.350132348756740
-1.231339229387714
0.083443113253703
1.430775764598576
1.546591426009708
2.517614490617913
5.236100368344732
4.868813756924171
4.058233773586158
3.939526612483198
2.377391164972545
2.569878394400646
0.853494340332010
2.138954974450880
1.085642229861559
-0.766557883546884
-1.041670065092268
-2.259063383750257
-2.625740397392968
-1.556445247407054
-2.900441014073022
-2.493407969983035
-3.514987456723864
-3.086256400995085
-1.350034869054083
-0.939163749423522
-0.127711389614548
1.601096446761698
2.981312485190349
3.158798729552661
1.970332674388967
0.083104363961997
-0.417659925314509
-0.467518766835801
0.425674210623873
-1.760487158342658
-2.696976675378585
-3.095862157006696
-2.576540830345895
-1.078936971633625
1.047402005927930
1.736464052068467
2.320250401393549
4.573277174275628
3.287809295408866
3.815642592032262
1.744477810095401
2.469985028587140
1.040441894709816
0.431623659263355
-1.179533747348465
-2.515679506079957
-3.990037000507924
-2.713393788070421
-3.112083397823081
-1.446868890178923
-0.018541040277357
-0.699072536335747
-0.436229533364705
0.616049466073533
1.158334334962830
-0.231737622915854
1.072081107589959
-0.376902539169576
0.434232469104255
-1.023228938550153
-0.763875395811188
0.691232043464235
-0.370998068257607
-0.488034444731781
0.235348447605015
-0.833806461689856
-0.544439618548864
0.168339260970742
-0.099623027567587
-1.358562420532721
0.848698919534059
0.158476487592777
2.009729577856683
1.589355695126864
1.024968604890561
1.200715994588679
1.584503493869181
0.068206939389094
0.188040079396125
0.340671970975977
-0.534399080945055
-0.332886170383330
0.271420105033913
1.578071784948691
0.836410225743260
0.780494510843142
2.720144305142177
0.386725118415975
1.525721351661067
-0.051161168549032
0.560921702433878
1.807969352294613
1.368199801412703
0.574111143916930
0.374722482833958
0.239202676440783
0.042365304484155
1.033408382341815
1.471915379928676
-0.060100042769128
-0.993725191741438
-0.703129997248924
0.381676468046310
0.956307083916222
0.818103132379810
2.273129323020330
1.501059840144596
0.935558402583646
-1.433861009367422
2.139468880686918
0.140097011905889
-1.710868713053645
1.131671607545072
-2.545789708895328
0.456873326544083
-0.920307430160851
-0.894483642752829
-1.461465650051777
-0.288955235626286
-0.173538099766950
1.044849833030590
0.637990104770851
0.230368776369320
-0.051703325742511
0.745662775909715
-0.121902366680981
-0.448850715894968
-1.384264228339275
-2.458503908845691
1.065582494044197
0.713532972974661
0.131091610212469
-0.297992676698321
0.397964005312583
-0.041654281446739
2.379058480417189
1.016602816382219
0.500978935923480
0.600891179557481
-0.299141733276969
-0.165798143717045
0.768070773434354
-1.049819982022429
0.855393757292500
-1.055593286236364
0.592530849280642
0.661857198753707
-1.262057820398604
0.749911909339770
-0.735398220497612
0.646451438883265
-0.031162428186695
0.668855886386981
1.484128865559992
1.808242010547477
1.395398896189671
0.267928893122970
3.013176199986806
0.865245989372558
-0.221063475775686
-1.820847717330202
-1.372296991068790
-1.516447432573109
-1.054170146693520
-0.003537319144034
-1.483111919925885
-0.123822687656714
-0.929372039482692
0.883411736013849
-0.084804349079013
-0.529861822277905
0.284941820924495
0.903422986990795
-1.197256648501546
0.266655672503526
-0.838632573929305
-0.806311556759122
-0.356276069758049
0.013911003568594
2.002736655428159
-0.750880244447788
-0.707775456103681
-0.104526355758769
0.566748794777867
-1.212681583050736
-1.335621811613867
-2.134651477094902
0.511927022111547
-1.065617455240195
0.079139175538828
-1.402607945686710
0.407456895695085
0.926044709169674
-1.452938956646843
-0.314905979306905
0.866301922893695
0.326792047881391
-0.960645254198140
-0.626514564817673
0.885155649293025
-0.206379381963256
2.203547439715784
-0.166896142737247
-1.026973794553709
1.365950583538769
0.673411614098806
-0.817155845484759
-1.285694883276152
0.192458911165308
0.547051614660298
-1.717827408353858
0.675839669669496
-0.155255065063123
0.166510723017449
0.985613928006952
-0.272405879823114
0.633646476331288
-0.355235424242976
-1.372233531430223
0.074036131547034
0.354442080225940
-0.388497113112925
0.594340456755216
0.623451064337127
-0.094104483436332
-0.021531331387150
0.457471639061466
-0.299291988700018
0.414176375487371
-1.153195747709668
-0.028941746941563
-1.116998060944709
-0.895641204568269
0.139662989757816
1.699722066298437
0.227294387838047
0.299069327807372
1.191634612701781
0.361717526192250
0.568490421859985
1.757618783096861
1.244456932054379
-0.760495728731490
-0.495084550022600
1.501166089423331
-0.293257366947275
-0.147268179786786
1.043224143648116
-0.198095228796734
-0.009066692254270
2.089115547169994
2.112462309838621
-0.677071449468093
-0.387587981443024
-0.515150428026273
-1.373375496937782
-1.979105226091293
-1.556372113782623
1.159517008728929
-0.661665870514824
1.399839039695485
-0.942417010761978
0.243870895578283
-2.700454384878333
0.340732649243048
-0.080837586575198
-1.206973809156337
-0.489747209602508
-1.872393583960795
0.310456026542090
-0.186583882426245
-0.991535519113294
0.778973120042271
0.559085248887276
0.729583839946176
0.294900379535965
1.454708980012152
-0.291215457018496
-1.937838811965257
-0.609263742884276
-0.856078209785405
0.136429864911795
1.376581760658687
0.899231189271802
-0.614917868648656
-0.324703333751952
-0.449687319762873
-2.953984818974608
0.415023431596647
-3.049861906503760
-1.267814089521461
-2.766666697743963
-1.289150642076631
1.738852871103195
2.219806484942225
2.097939682638557
4.333845115383392
3.264213042381575
2.705514412637785
2.770551312400388
0.684835301736006
0.591090352809327
-1.607345883704936
-1.041448962233208
-0.459394227257281
0.200874816424647
-0.511170233013442
0.456254623102675
0.320287143757678
1.779164253712248
-1.626397766595830
-0.807514568642897
-1.129194565529124
-3.252760169713221
-2.683464183943314
-1.945922269558245
-0.211332763671403
0.167188023169434
0.707167907306627
0.040055977836168
1.221597343268843
2.284946773152285
2.244084094505351
2.544368897414583
1.279156158806188
-2.534160524168980
-2.763757695902129
-2.198900419394087
-4.137147183397301
-1.425227116993216
0.765658700617262
0.962567348299346
3.159275007934937
2.382991155676285
5.103905233269741
1.593211021396238
1.656932295551347
-0.310613728408369
-0.650179157440586
-3.749088760825983
-2.860955514211937
-3.058364486489896
-3.357846743139541
-1.056706035451497
0.582571219033739
1.090577015148633
1.434726290688971
0.016773623555974
0.461968527540904
-0.003643219658009
-3.110112661014269
-0.734314796072121
0.790557730622889
-0.774876941424324
0.782627321937096
-1.174492969797023
1.412822043714056
0.480588236540735
1.019692061649817
-0.542063307603553
-0.909888528537718
-0.238898670189420
-1.192463157215400
-2.112706021422179
-2.719763587652559
-1.213729426233321
-0.006397322425235
1.534040171369360
-0.943373818031561
0.414705952020133
0.979933759169438
0.730611134435065
0.252848644392394
0.592032342249484
-0.297045665749090
0.294837544505769
1.298386479305497
0.521823269167306
0.085088330357792
-0.446804056399179
-1.879574629458487
-1.843899450394168
-1.644756950864152
-0.442845249024851
-2.468908418020137
-0.964009218910204
2.025426557159267
0.552940923329587
1.332855233098183
0.787200240829247
0.559196947893092
-0.213608727577741
-0.091681841146871
-0.158147908130606
-1.129319047419615
-2.157467274742541
-0.731278559015677
-2.065643258417719
-1.601127168076571
-1.995117963242201
-1.439287344150873
1.167372934061483
0.510929048549175
0.490427084963027
0.439654484194365
-0.998376273077007
-0.233873823691106
-0.216949793088198
-0.894369967443761
-1.251940823829646
-0.817579424005718
0.053278767611036
-0.093548756875459
-0.096516480125876
-0.484875185605896
-0.228000426462224
-0.863053600622035
-0.423233419560300
-0.745094578356288
0.051108728958121
-0.039159850895100
1.862428999184168
1.636121046424776
1.320994755636461
-1.038924292843449
0.872995069509173
0.992594523303398
0.535517568669220
-0.081554574207725
0.404753868396215
0.711580264856470
-1.134068691664183
-0.208067406794538
-1.672910661634583
-1.022641811808336
-0.704092989788987
-0.781197617278047
-1.561496813456456
-1.036529066340463
-0.312130728948205
-1.414594658334348
-1.152177905067513
0.664038741271544
-0.397875052646180
-1.222786391737363
1.275488059507098
-2.136679955678546
-0.719367597124999
1.401733829705003
1.533583015284871
1.075303156776571
0.430568154271462
0.302821425067464
2.587373471713471
-0.988618857782356
-1.580668687963886
0.078860867286186
-0.968279532543440
0.069016670862644
-0.220433825445084
-0.139577538907060
1.678674435325330
0.783823633214773
0.584060819169775
-0.832734790322155
1.515615628288764
0.353345461307782
0.735966886255097
1.130436309245776
1.126492500662471
0.383268394672884
-0.292545476482539
0.606368605913189
0.668925881951795
-0.092619557914857
-0.172442068904987
-0.499286422604785
-1.725930411148374
-0.261695759997957
0.258044198084626
-0.844967241560095
2.037584628155828
0.942715308848633
2.320045204398801
-0.298381017297017
0.598245442249076
0.028829787466874
0.940803103402428
0.342002763697588
-1.317745216758963
0.683968138480414
-0.581669170812807
-0.095406479316357
0.911712726582539
1.585828095304770
1.196745068790756
-0.442203455132883
-0.962580897314605
-0.586375183169359
-0.841045107324337
-0.109751900446942
-0.343705509921543
1.068569211312346
0.274621577853602
2.118262175500240
0.773030020292696
0.791128410841628
-0.799176472631863
-0.682054642486116
-0.238440026300418
-0.987050701004399
-0.808809381436313
-2.875278084981000
-2.410385611108676
0.089709325492543
0.062556547205097
0.088067769777405
-0.147667957563420
-0.087183182810159
-0.485134636397278
1.285199809936155
0.744839090356885
-0.442469438912353
0.795761833041388
-0.210918840301274
0.060473365707477
0.794483442057671
-2.022457001903449
-0.528366853538695
0.200930656325818
-0.340793839037796
-0.830982144628089
-0.782617641703417
-1.848747500344273
-0.679064150728736
1.769194975733716
0.483947135355871
0.550579246265098
2.038797555930026
0.498636599267298
1.828525015195737
-1.742558976181204
0.564632554110138
-0.549645894874524
0.716847300472411
-0.864406149353146
0.005429055874098
0.862597022736154
-0.507179681297645
0.757174128819261
-0.004490386000696
-1.045488372184121
0.876375704659494
1.516049406304534
-0.558824331460985
0.859108283773404
-0.157402794140083
-0.899954712333493
-0.865131097445918
0.259809586744456
-0.310423324978869
0.735376088595245
-1.028240338938032
-0.117844565790037
-0.227369827307598
-0.349975277251588
-0.909600215513739
-2.101097846591132
-0.489229672751650
-1.741991503788923
-2.626326474669540
-1.037728007437436
0.562328474140482
1.365935180946078
1.751906449332457
1.319623738409836
1.490840869480925
-0.091150727048642
-1.098159136679322
0.655698782021145
-0.442009163924655
-0.314340091470266
-1.291804485504948
-0.770285469025454
1.191336456692238
0.740614485918171
0.239061940614637
1.001801470012639
-0.878294613823624
0.827024750548187
-1.466697293077845
-1.891649291215286
0.584192925181775
-2.448850471276418
-4.068207245174225
-1.868449922502969
-2.372971343817225
-1.214029045752073
-1.979731686845916
-0.527922197389801
-0.691072686474365
-1.974861251723092
-0.729149609830240
-0.951705862202184
0.827613888602604
1.555017731928879
0.049829511218874
1.131687287413367
1.970908097735588
1.692867827718850
1.972233661368967
-0.156684718659431
-0.003780348136253
-2.561693901999786
0.490592362354236
0.481846893588889
-0.105770708557533
0.087799923016830
0.575195334535113
2.484802744482708
2.915862094577840
1.648788319565666
3.294196576755770
3.488709036029674
2.411630670317109
1.085227956268749
-0.847970167791854
-0.249783975244232
-3.296491757258318
-0.402381370584334
-1.087235572517542
-2.367380655676505
-2.039328763957639
-0.238231603244169
-0.736215859915227
0.084564813566168
0.428015826496848
-0.296488872548845
1.005828484079014
1.486299454912607
1.293944821128763
1.661143164438426
1.712852799875867
0.482556710304983
2.252710636734727
0.706997850197087
-0.348578263266734
0.428632492778582
-2.134002870380639
-0.835638959332635
-0.225804361134804
-0.552492166986813
0.010013221957523
-0.663300946447906
-0.249786338352405
-0.133607050018462
-0.109265514398088
1.396042661141143
-0.660186114563648
-1.137368956425978
2.592317548243875
-1.021816731524150
-0.679817653336637
-1.639033674326611
1.344373593898380
-0.433811750191265
-1.774047498775131
-1.319808107389515
-1.355726646427650
-1.689465372243704
-1.880208228337653
-1.316086534252860
-0.370967755309767
0.646967980811170
-0.002855473105408
-1.729966726114211
1.442957397233818
0.528977815976807
2.789246777081209
-0.444050360442505
-1.791770220566497
-0.999674346561461
0.680016356440756
2.098657859244196
0.882551186964806
0.259385941883387
0.008071853820235
0.025986606801107
0.877137863218978
-0.035132571947984
-0.078868324452678
0.434465467312817
0.022750419573659
0.132642260929737
-1.470366714827317
-0.717150120240432
0.207687217288418
-1.049443631230652
-0.041626712670919
-1.074049059829222
0.294550239048478
-0.348966785209803
0.373544384705727
0.133277416801738
0.639867123820716
1.068748736511722
-0.162248732176421
0.653479570214883
0.114526564855768
1.089174872723223
1.389052130738722
0.184153435773667
0.766581335678810
-0.210509775785207
0.992253135714405
-0.636551506800451
1.467609917172590
0.486636573733094
1.238721914923346
1.083712305258920
-0.615453530287212
2.409962150689827
1.291378597897343
2.387200914957940
0.612496916942813
1.062069494031173
0.649808211283401
0.032609349702389
-0.999277857662594
-1.569028734341916
-1.536207833605078
-2.422703211607316
-0.058559313300728
-1.375651992546150
1.058174843984120
0.078121490676823
0.226516933435091
0.591832985237509
0.106959007612031
-0.910093246087481
-0.596306460722141
0.610177291127432
-1.096584343007846
-0.713163232711345
-1.235299597863627
0.215277144364164
0.316095709654612
-0.870469760591722
-0.920095676192810
0.916163746645205
-1.521038113812251
0.615668454819038
-1.672983776345515
0.442966873830225
0.160084112605210
-0.134620863697199
0.070942215004694
0.228356550620473
-0.388936792467871
-0.748700014340635
-1.544977477530377
1.419779403677285
-0.953748549759388
-0.465646266763652
-1.106991666194462
-1.374405376291916
-0.752001403624573
-1.959661863816424
0.952657002696608
-1.065895755963697
-0.995843401828966
-0.416525541603222
0.611990068493932
-0.130275736098561
-0.283538293824609
-1.561894190063732
0.153394129573879
1.268653842657040
0.833721569415310
1.566664603812912
1.185739931845094
0.575265282736812
-0.277694974340098
0.256606961291777
-0.229994732867904
1.175941393997122
-0.876945191992057
0.164928109706867
1.100891459477876
1.365587535509266
1.314530574692682
0.624443868354091
1.783967375843460
-0.625038050578608
0.151235374126145
-0.396907318235376
0.381007417198475
-0.882747309054300
0.675764326086075
-0.112829971987063
1.343840254130507
-0.102084226596938
-0.205131093608325
-0.425068591703424
-0.601691669483286
0.610367698486342
-1.058936349012208
1.105622444519673
0.291542533329798
0.803082375887103
-0.636992558597043
-1.289393624781840
-0.498168070987785
-0.964768865305975
2.259427866106013
-0.897757409749027
0.074594037312885
-1.162381864536028
-0.069855578355330
1.269115830611290
2.439468985668188
1.497195655067790
0.438847172820689
0.905197373907950
1.351746119934420
-0.279348912544803
0.804145569412331
0.955963082158757
-0.852482679116162
-0.585073849631908
1.347725217712919
-1.750870762009113
-0.562689158661586
-0.942487059920512
-0.220943881989122
0.350702458954595
-0.526216846406173
0.190275454634742
1.084388354636430
-0.906492388439184
1.149479802347636
0.447713017794097
0.631023570611269
-0.944936890123932
0.455854504452661
-0.136824630297548
-0.599330213718710
-0.581606675984533
0.218812998836349
0.715871129444641
1.320776344241079
0.834708147790566
1.420849171692687
1.128517425327426
0.051432359098332
-0.854803309438519
0.573314709076837
-1.023946143777515
1.067096570956474
-1.441965132632576
-1.435395035047740
-0.838282231724153
-1.169147162539826
0.848655968408928
0.701273159425849
1.922709461024604
-0.204569970995922
-1.014548006937694
-0.308714646772140
-2.389163006032624
-1.310525545487823
0.623257740457202
0.369576530113569
-0.046677463193230
-0.579180225908651
-0.456516830580090
1.976881409780221
1.767395017148083
0.652121724648128
-1.733522602513277
0.986293304692997
0.009528128869548
-0.846243424601653
3.308723512961680
1.654852284411885
3.097490107415497
1.763316253685975
0.272858484201943
-0.413781820960657
-1.913737937135389
-3.448781401379875
-4.258343207910320
-2.292282130919157
-1.398810384759859
-2.646768243644710
-2.790925920194379
-1.142001098549298
1.259049272246429
2.325909627365644
1.214537648652025
-0.120606620427931
-2.345193598823871
-0.452572010697204
0.797411745952343
-0.666910776060407
0.854780326880034
-0.885031563452927
0.104464434779175
-0.494178702822656
0.453648154139092
1.842664098867146
-0.017918478116742
-1.239980079463163
-1.489500134634095
-1.053880136134185
-1.854162352436790
-1.122206143195873
0.989110478947744
1.853560999195806
2.498478932062102
2.590647234954401
3.126446877888473
-0.393028553940876
-0.369180455544654
-2.110312882569608
-5.103166280878441
-5.277080711826498
-4.109294352568673
-3.649369611090886
-2.476556709074665
-0.070923481953515
0.137258806248234
3.602673538555451
4.713117785366456
3.676739287504668
3.814694788707284
1.316384445078494
-0.110685950915404
-0.526620209238237
-0.363641273693648
-1.044933789885978
-2.302042323312661
-2.126840084645586
0.842822896812819
2.043549808369917
2.106680198219703
1.438228133153190
-0.048068240016931
0.617879737021409
1.181760319977883
-0.073928741847091
-1.234533579531096
1.282990755963579
2.196099719936888
0.544012089724199
0.830758423040892
2.912681839055770
1.365516959445185
1.641508651210225
-0.215524839668929
-1.105245792995403
-3.006161115812881
-5.102713228721095
-3.250367015546669
-3.887547949914020
-2.628557938768251
-1.568379925891456
2.256568316091148
1.121477561556899
0.702191111765831
1.503736849532340
0.168069748305523
1.072397412576502
0.275346596712730
1.063224937635179
-1.585442794707643
0.003712764556850
-0.782333877152440
-0.821356317229540
-0.588837390889486
1.268062939154234
-0.589893143255879
-0.259785610439255
0.826480169704622
-0.359049245075859
0.064415901307104
1.444552116262413
1.169684757535400
2.039822342934329
-0.490982269490478
1.211544909206530
0.078975581821498
-1.870560834167777
-0.281203258557181
-2.345373078127452
-1.727909261654869
-4.143274762016504
-1.466182208033040
-1.174475363373015
1.033624410804711
1.405640302106911
1.622330900072065
1.771769739295516
1.238584382605119
1.909902166667389
0.981740004180197
1.386920122743539
-0.086113791746523
-2.733770979268453
-1.298430963473851
-0.287410106272839
0.594806741135686
0.162299755014706
0.367590503271238
1.172103722515115
-0.387978331040836
2.667282598518105
-0.413369103111942
-0.719131653459460
-0.065643346598551
-1.006765144480905
2.252344732274933
1.549715608845365
1.162257458069733
2.719769572875378
-0.490683605506439
-0.203464229573747
0.508017056884648
0.354849185568466
0.737482085833605
-0.034225489635097
0.560833516647066
-0.749156505677357
-2.023355800986177
0.638288049308468
-0.077552433715055
-0.338719486097265
-0.417785366399376
-2.142022145667654
-1.393737756723476
-2.610254510083786
-4.063601295969375
-2.371599854499873
-1.329233528087872
-1.904980211735347
-1.127964123552071
-0.306641776513178
-0.281011483751253
1.157551831844583
1.260817697797553
2.235175493269265
3.947192333264144
2.012598542783617
0.615470899366972
0.480471909668358
-0.379415856879434
-0.349814789547205
-1.931645002663255
-0.584977232903115
0.603658696187833
-0.417993739109452
0.373697245408234
-0.294472021636136
1.285692709568092
0.851235495065446
0.374548296175185
0.908213424178785
-0.476080782337902
0.334532567217549
1.738935536933622
0.071622025415805
0.655665284514052
0.870085648618147
-0.853912286326547
-0.528167786497665
-0.401949048525641
0.878248757530161
-2.048547722080840
-1.963289530559750
-1.961626328940305
-0.758381848878852
-0.273355671525674
1.528503457453606
1.961865648231583
2.447578289465903
-0.215343051049018
-0.265580942276776
1.224050343141865
-2.009200588991810
-1.391383934666050
0.191098877642921
-1.047825456639379
0.969604843250716
0.085842656772481
-0.502397791323040
0.906761904191083
-0.400754811556141
-0.770287542799138
-1.569636426501721
-1.016872869395516
1.386433386154502
0.447752112002641
2.649919145185186
1.036737825955822
2.105973869712622
-0.403120798573934
1.172288350956364
0.031230320610767
-0.477323746145225
0.048486764600064
-0.242415606193871
-0.912644577146761
-1.427867233120177
0.148337838148748
-0.570760771079140
0.607221083063311
2.140978608271707
0.803145005643559
1.302066137546147
1.322721563527789
-0.562071255746188
0.086820174703151
2.354261747539411
-2.278055033627729
0.034010938021643
0.154727507552518
1.501510701415878
-1.329668301857631
-0.276564294624464
0.101845790597290
-1.683338885941967
-0.166249261813340
-0.931490111405905
-0.565550629785796
0.677520494600081
0.602731701625887
-0.697816226704747
0.932147092233849
0.395828449113506
0.945436383650685
0.880454131206082
-1.334802481747932
-0.195935278859894
-1.397375141832067
0.460926207898010
-0.392305710243639
0.760745999033990
-0.234867170597268
-0.325640568994154
0.099167415435705
0.682696019777844
0.552908718163145
1.083954683762705
-0.277017358674138
-0.898736158901900
1.216790579171701
-0.180710102824633
-0.047264230525852
0.922575420969778
-0.899302670709474
2.153711710022508
0.146102616700028
-0.825250855246896
0.345305019887316
-1.311489158829268
0.421471938516050
-1.729836820958756
0.615706068107357
-2.546718891767682
0.532632848296389
-1.341963440754772
-2.010384751824947
1.478852307422285
1.448116778759815
-1.927573682604312
0.931993864545932
0.470956307452729
0.274569800811940
0.902301424492884
1.673453199451217
1.059600531235772
0.851974326159260
0.927053491527501
-0.851139240256298
-0.728717853072004
-1.940771189566080
-0.701649622162005
-1.846989526370050
-0.222663259856436
-1.857107832152785
0.094235470719214
-1.914371625802282
-0.389651266346830
0.905187367331183
-0.582122238380038
0.384098307092457
1.044026608121226
1.073359865162488
1.069277820048069
0.638363325346585
-0.281502489187915
-1.017050706036450
0.359740940164268
-1.122200059521895
-2.756660808432414
-0.653218323042747
-3.037678553326495
-0.409935565893265
-1.371852278503877
-0.962835226812161
-0.651459697840897
0.210993597790881
0.352943578473865
1.996572936069340
0.753580033560408
1.225821909486500
0.358077989295613
0.188079596795538
-1.967718970187820
-1.913929672628132
0.808939135441433
-1.278368490846045
-1.569770536547843
-1.360314257596256
0.410238442265985
0.246813246144128
0.321487692242030
1.209473573840716
1.355537548458860
1.798017811538464
0.763366926982563
1.169164885755293
0.657759919100723
0.753443174628865
-1.398289960405478
-1.655914280035527
0.704045928975684
0.462077293091575
-1.227477745571327
-1.263498660657018
0.168329047953577
-1.414779629913470
0.939358366492828
-1.010936989254942
0.147320997114058
1.222619624650755
0.197300821811342
0.605954526690580
0.412133569069697
-0.383524539338705
1.593117423938097
0.612186150964094
0.055486445017998
1.045092275818060
0.753578690878196
0.004154948274110
-0.483435855517418
-1.512139924168415
0.896037410370718
-0.056126046767595
-0.798311734905988
0.981873048812360
-1.175691143887764
0.492977233007619
0.429758613065065
-0.085123001503469
1.571347674356684
1.840121148310165
0.800308882704581
0.543559583703905
-0.097958732213446
0.527063710062720
0.941043819022667
-0.436413948485077
-0.980440154447046
-3.959907029168652
-1.884309219105518
-0.588616688196329
-2.163070259203071
-1.085440688191555
-0.678560566839476
-1.098567134016885
1.869019473138232
0.521601916749025
2.931223013692527
0.363242386961755
1.528137383212766
1.726242813463111
0.458455166982389
-0.976023617010545
-2.031076760522019
-2.048139541588071
-0.089847601228557
-1.756515230412317
0.333407091914510
-0.344292150685366
-0.441939158191798
-1.227022068418017
-0.348215009317038
-0.487372324516492
-0.797137942901135
0.113993322776298
-0.300879766276644
0.900233311273897
0.166430548903960
0.465462138165569
0.846394743034154
-1.564690083595903
-0.131935878659629
0.084874316367318
-1.728027385213112
-0.861499270061379
-1.216588140962140
-2.164601362195127
-0.720050460116677
0.175081876669646
-0.048789235656060
0.088405872708483
0.220664114595947
-0.270528888497975
0.103694955103492
0.660004080550973
1.092721311266492
1.487820420872130
2.567831765171834
2.446825145178313
2.872331921650392
1.585347868916581
2.322969363630249
0.799317630456708
-0.248878349957383
-1.543819498252313
-1.395873763125388
-2.104606031021035
-2.229572893287582
-0.907090962114783
-1.229695124921135
-0.229846388479311
0.270013397966719
1.965466558549919
1.224533182720509
1.820178076822788
0.882076398049977
-0.803233522778462
-0.172657609777381
0.378104721016385
0.625861624366749
-0.220898782480150
-0.911325297561075
0.138492570821689
0.257293771039245
0.199054367187158
-0.657033011262056
1.626651118312798
1.022939099679514
1.676070124080716
-1.867341863520159
-1.626505438043162
0.469400451712565
-0.188733776485601
-0.281342800408401
-0.154896127501596
1.967980633605446
0.074699762621714
0.531089157520584
-0.396445378448927
0.216948246286776
-0.402349418387841
-2.300447504426818
-0.983728488331022
-2.375122335600698
-1.232457456942379
-0.343260717506739
-1.241684798145839
-1.385713253258359
-1.281754722954239
-1.892585575897135
-0.676965225232369
-0.350227120366817
0.536629494391272
-1.487851891089967
-0.215440521215053
1.048464771035603
-0.268714857378480
1.227727167609758
-0.621836897130391
-0.802233167762303
-0.489246888933321
-0.423537924184322
-0.373774084934217
0.391191450198636
-0.240836603102578
-1.402388788804650
0.230253239401373
-1.177292120128447
-1.194482204772700
1.668990727164644
1.380066616702245
0.784794031699220
1.209534973802151
1.549217572809285
0.596001466261661
2.044905559699290
0.130247431931182
0.069845599625527
1.262383302627064
-0.783251956488014
1.874414811789926
1.245389022825599
-0.411354427329329
1.567155583522055
-0.225815473638075
-1.416580806419046
-2.718729860724849
0.692963556041436
-0.316298505839280
0.053562178037540
2.066944879910952
2.512612247051964
0.128615376322280
1.459262384672413
2.093916903416680
0.323557621876746
0.924411935062563
0.715189255533059
0.055182467453947
-0.774910401981259
-0.181914979771204
-2.203396016113148
0.643346143993413
0.412510478066974
0.041804659915913
-0.693054939697689
1.393578413876670
0.595808887660866
-1.474673586512889
-1.224631191367429
-1.568322434425884
-0.290979247898335
0.798743327456348
-0.353202345868191
1.034493108681295
0.507678664547079
0.143556196287307
0.224534633475661
-1.248068303780810
-1.271413639375770
-1.586692905797082
-0.168126959491784
-0.416392423606472
-0.331584948860378
0.357393158042346
0.491863324532017
1.133657126547642
0.299596918328594
-0.102456978518714
-0.734856899833542
0.222239552060270
-0.911154077819998
-1.837022716906496
-0.496151875935461
0.431953138719522
-1.156801668519104
0.298516757334770
1.824703128407237
-0.290183008791068
-0.789888283278315
-1.052219748550686
0.402985596411047
-0.712036941752940
1.249248689410495
0.030867100029843
-1.201251868622493
-1.601905074062791
-1.599419704131918
-1.829786176548997
-0.774652948359698
-2.718750193478917
-0.371405743324733
-0.769529431678647
0.443903463736515
1.701028855572380
1.731827401628294
3.917127582521414
2.261033418212598
4.238609594851448
4.030606437241318
2.487307994393374
0.532447555643265
1.238906217960427
1.472412200186247
0.965133038948370
-0.307221269383992
-0.642897710018587
0.926820712368299
0.490295430295303
-1.725632074261180
-2.830386825814492
-2.436686040983205
-1.177545893710734
-0.867855638687607
-1.277813255848751
-0.848139815262498
-0.423956491464954
1.053327344080070
0.474117022873492
2.282935364710930
-0.339256701331375
-0.640968918458828
0.224462942767502
-0.984564724779579
-2.917042784759894
-4.512957813386821
-1.703814619456408
-2.757308230567151
-2.795972832921774
-0.849299003169711
-0.592556929448058
1.919109564513738
1.723135969714791
3.960136398722748
3.761550157046696
0.717712586245191
0.990386608028161
1.144684001501959
0.368624367989531
0.032755218830822
0.295172076565178
-1.966793289933038
-2.169557374435389
-1.717342435646153
-2.473035264065145
-1.120276779712436
-1.838747881258878
-0.183846168190756
-0.136600140736544
-0.678338577929054
0.296391277254764
-1.618950815092681
-0.397647000154574
-0.182209726403323
1.810883706623341
-1.033972865786484
-0.872481111314607
0.338679632039378
0.385961107657605
0.554964316810034
-0.091566111137051
2.709616639489238
-0.149862148891850
-0.821813622542600
-1.397164372047033
-1.512109501723426
0.149697553613066
1.124732256268739
0.032052699424553
1.638184393953257
1.712746665736603
2.141514435241381
1.872519778158155
-0.170392680234360
0.901435950517889
2.172903727934248
0.027667528151730
-0.750514632394573
0.752573259556780
-0.997974341875286
1.146572039809389
0.349958803757608
-0.642285495831329
-1.986962555712032
0.059733153626380
-0.195931613445926
-0.970084413002488
-0.802848435479709
-0.829132647911955
0.251049667560263
-0.488448758818485
1.211174345736570
-0.364532377038758
0.172707470350831
-0.258781389742092
1.011731679651647
-0.476096333818823
0.317065362273011
0.070665920070448
-0.102214771330523
-0.746775358513619
0.169168758421375
0.107083929074404
1.372317277575386
0.134308352908376
0.482031703966452
0.181830158842135
0.258033579339740
-0.795634649088326
-1.473121905934673
-0.511109042262345
0.457460928539830
0.873325722376250
-0.626501114163329
-0.114789441598422
2.045879773598792
1.053825326035375
1.120235484704886
0.928585732023752
-1.706585766997072
-2.623209854424971
-2.291301383402226
-1.218033713295514
0.318764606319603
-0.756730006135444
-0.576957003068452
1.191086610146365
-1.337707952000442
-2.278594092730331
1.397655774317259
0.356359751008480
-0.127074762783106
0.501492549680844
0.484106940023124
1.975043872582998
1.502486786769336
0.778924535882395
0.639745115476027
0.528949896381126
-0.437940222768843
1.067281364858827
-1.084849841591463
-1.599695450606796
-0.761737980697457
0.576272035388602
-1.046411666243249
-1.844730212570696
-0.557074789971709
-1.444039867475256
0.104846023202229
1.595157777200707
2.117779663885837
-0.428143318897978
2.921759076776248
0.156919991209761
0.163894000363815
0.966904274229129
-0.115972580984763
-0.530044758580706
0.346070866339212
-0.207875601661676
-1.328114776350057
0.532295308423907
1.979970830939900
-0.068247932626684
0.879701405357274
-1.342198307212865
0.350234793744706
1.190047022007209
-0.431019835601570
0.326761510935322
0.986631403495764
0.562508978375061
-0.558491660731863
-0.275007380469977
0.375392773983092
0.215344172602717
0.679067902042090
1.395098199433904
0.760197554677641
-2.465393268769512
-1.907161612358132
-0.063467317405240
-0.302005900113315
-0.711881108014050
-2.381327250872959
0.032204230353124
0.083487562350387
0.496634889707339
-0.517439549488643
0.788796432971668
1.470183638691633
1.108526132939737
0.303807622061951
1.218105117377524
0.576362110248509
0.535320896972392
0.896931389991020
0.462149859517544
0.189495191905072
-0.411771255745920
-0.281023001513535
0.696424922503698
-0.348514045627868
0.919418027178524
0.558088368904920
-1.288499282226817
-0.445784351956510
1.263526479339287
0.575143909965046
0.242032192769374
1.399932979003010
3.096919801165230
0.506171748349376
0.292999735298903
1.737539779725687
-0.660255315339567
-1.151173052880030
-1.104072001716364
-1.889890871162466
-0.339922254946882
-0.982356799424929
-0.995682364312152
0.631129013653065
-0.786159646592112
-0.726786752164919
-1.161633013098890
-0.110221754377853
-1.725860476364697
0.846349810784722
-0.103736802782321
-1.286794963640615
0.076731917063238
-0.132598726562844
1.714872176802460
2.672840219588563
0.310431286664361
0.073426195929674
0.638732842429960
-1.179982283944694
0.389151819939609
-0.544096760492311
-1.606807103433028
0.757785696123708
-1.527094453778289
-0.200328680031006
1.779237233473401
1.901617653896332
2.551261541668133
0.746850135791927
0.808136857553652
0.264558899536438
0.706629034507942
-0.811717476638339
0.527397391123415
-0.283551171482933
-2.010307745953363
-0.571203986392248
-0.127206819134918
1.360972703493138
0.377331604174998
1.551774853274725
-0.094635823572008
-1.027069965032819
-1.632492441883835
-1.174746629482915
-1.600468576644118
-0.064605240472134
0.237703940920373
2.781994937717416
-0.100776735850013
2.005017620476043
0.202780988182730
-0.374556086525524
0.344873969776548
-0.350397913473104
-0.959895357329265
-2.374640184496560
-0.733140569674689
-0.964315690578947
-1.578146176988985
0.037364476182623
0.274937390280517
-0.980345800074472
-1.227790624121782
-2.903658529618850
-3.847620688991070
-1.719268444708973
-0.946104697794739
-0.129106136132974
0.801992445668349
2.821410509704627
3.807077481817720
5.911874391583328
3.113340888766565
2.473314797918511
1.787196313049121
1.387501164323210
-0.240672921582682
0.601757203291847
-1.008590440604950
1.087476705507620
0.831223548284716
0.070547261355735
-0.816379699825397
-0.733902209682014
-0.291347046625896
-0.650618854670069
-2.083451562751931
-3.929602947760882
-1.227808153299943
-1.592014151682992
-0.799382340226226
1.069360302705257
3.945040092977128
2.058832553328905
3.638965094092363
2.550057073071501
1.010340672862514
-0.837446576636240
-2.456440484628646
-4.080333739066130
-3.534948603207780
-4.683603944778034
-4.270941908430344
0.385041350546246
0.584578647816217
0.957140666684467
2.541003669247007
5.745194008866557
4.885423748314750
4.394060926703148
2.790456130140012
0.110821182611476
-0.708122927612735
-3.353761680973559
-2.067824578466407
-2.421908137878773
-2.827736353129841
-1.650726270962965
0.186924220419571
0.505109374789417
0.318216151184269
0.047762070773304
-0.160096895977411
1.975597436020482
0.463788691503603
0.742763406633930
-2.121225342745554
-1.536322935715338
0.716282385048599
0.725493450574037
-0.035666388455216
0.037325006989489
-0.486579888737190
-2.495627219574954
0.410532367923853
-0.674727906700814
-0.897492473686637
-0.607899568531993
-1.863822033524165
1.521843867083200
0.833335910452131
0.577487787756335
1.089979623050288
-0.293341832930154
2.075539018869301
1.823639279801939
0.713298201772240
-0.361772998268507
0.963999465198096
0.810400194711987
1.256054461109260
-0.002156935132658
-0.795080199708235
1.237828294537679
-1.089752988300037
-1.933798259681475
-1.865074188804679
-0.969139479811897
0.377950117710884
-0.832401691806188
1.277814368591519
2.743372370140154
1.402518059609053
1.021094010832479
1.769323642928503
-0.551127268099370
-1.794766059001354
-1.346356224489341
-2.720352275641826
-2.089185559962741
-1.053771209302901
-1.024951183301917
-0.977198035112802
1.307609403474391
-0.844251262980268
0.594676330809478
1.428887017854740
0.611458824325712
0.305288603593666
0.447259080678896
-0.262421483457143
0.462547147454318
0.885740098669512
1.178406775020702
0.882462596618936
0.224968216537729
-1.356684136301095
-0.288454412209477
-0.644684322817617
-1.161003073972829
-0.192064470841234
-1.212517658801173
1.137204202381268
0.151696861468840
-0.165693706022105
-0.111919925271120
2.235054844076324
2.114477131138903
0.772042658089789
1.002964897933391
-0.056481709857448
-0.535299797485412
-2.696899077240922
-1.264210281623086
-0.888003115894991
-1.372149916269046
0.821985586427023
1.040526974267965
0.942025175089675
0.021028198670343
-1.451336066473824
-0.492273412048148
-0.429965638568450
-1.389435802241035
-2.057803364356006
-1.399681729277003
1.113027480018409
0.003444887167564
0.873896347050649
0.324650706506880
0.237747750311806
1.092304775615983
-1.496536323864749
-0.564725799376081
-0.527180797989033
1.471730743877388
-0.318202582543911
-0.319907054494203
1.365427546775373
-1.334404083255587
0.103899019676213
1.211887685001671
-1.066017587163406
0.878517757729536
-1.150133269570295
1.083504228669543
1.646479355684231
0.264494555707248
1.473891240508024
0.722187855570434
1.195562993253986
0.935677223841948
-0.839565502936273
1.104882829060545
1.285330915191440
-0.173925921351589
0.560678659276384
-0.005996799562153
-0.177928211230002
-0.601750927758046
-1.736726767132365
-1.448073555770876
-0.020553443832278
0.261989628836267
-1.185792191204897
-0.549171804330096
-0.208307198027304
0.039620718510963
1.689359777095663
0.032851884117339
0.004236216859086
-0.282539011904603
-0.220977055199215
0.719357183641429
0.055730548350439
-0.389574324398664
-0.675777270470271
-0.286969720656156
0.408587392064945
0.116691773340872
1.282144534318388
1.271942920484101
-1.506274132679861
-0.546994010230459
-1.888971730494645
-0.413057845304683
-0.455118073967607
-0.381699859869879
0.980661663332770
1.577439112995526
0.636541205894279
1.663737513346110
0.288168886919215
-0.361353599745894
-0.720803955003747
-0.738346110022321
-1.022669941200922
-1.551400316962501
-2.803400689031728
-0.694692891445283
-1.466514924167620
0.713952823955079
0.011350912784742
-0.013787661114980
0.820670195045236
-1.204113541579407
0.658714300733762
1.352503737252609
0.132523446137108
0.931007750685223
0.006033007044954
0.077131933050279
0.128849440895711
-2.449097489330968
-2.169249938033935
-1.185493503356334
-0.885871189599291
1.119718520107571
0.768526629599830
0.708115737753475
0.557757200512939
0.944646404217587
1.715904020582192
0.613499482335543
-0.532258687737183
0.654696361260259
0.355710118767575
0.154967268853787
-0.308860601228018
-0.364328295362404
-0.450104482671135
0.156114989574068
0.178136028288953
2.215546667271023
1.325037728569936
1.074934236250048
0.450613821021411
1.454928171117228
0.799920241901382
-0.567866594688454
0.326371046031319
-0.454836710445241
-2.170121116135790
-1.033356113472754
-1.271306190104684
-1.208296389085433
0.631571913598517
-0.629946635249980
1.192062690039703
1.143740168556830
1.140862664969046
-0.133694909809810
-0.589128945605735
1.026128834793123
-0.079060166038756
0.788304500901353
-0.986130872997360
-0.990408765277064
-0.081686949096796
1.543303073152638
2.071616326743392
0.953854793664077
-0.408629386781262
-0.545298743827964
1.061648002017263
-1.177692494558383
-0.098972551685206
-1.619301955680370
-0.502282688500215
-0.523573145709791
0.702016229121352
-0.682343384762710
-0.336444259430360
-0.312734098502819
-0.064005595401441
0.170263090223294
1.259690686820351
0.356549976038642
-0.006533378957520
-0.757973368941852
-1.091949791867051
1.574171753239105
0.120547833143438
-0.042011924895131
-2.732642463126705
-1.422829040788395
-2.072574274666900
-1.523136003175998
1.148234614762560
2.206049709912379
-1.597415098824187
1.005184129719408
2.035574566539615
0.370733259806449
1.842475999295505
0.864777954075968
0.922039308769129
1.223387786144924
0.250763618239056
1.184364224571793
1.520694477058134
1.852433738128057
0.072115886224043
0.795126265902527
0.822506330884960
0.721139248842322
1.361283087564382
-0.041213568181757
0.312012463295276
0.414355712003475
-0.400990889865719
-0.205081485829477
-0.859578094109626
1.420512481758227
1.432873004998928
-1.038633729768008
-1.014048793039632
-0.327160212543161
-2.483736160665909
-0.736139485326440
-1.474071574597819
-1.999805116817436
-1.342388184077987
0.408327062605538
2.293541635706090
2.311218824072745
0.553686719620647
1.131116115906574
-0.695687315017060
2.520442374375500
0.226440664524044
-0.646626280220488
-1.798668133833775
-1.866031462781792
-0.909960910195413
1.242755455642206
0.598724499908856
0.497082205342030
3.077471784072373
1.068107746976580
0.021963551587419
-0.284474865843182
-0.782334040582116
-1.444021180795208
-4.079071627081358
-1.998658532281902
-1.935667983526615
1.543785617626588
0.299764074960878
2.119848558074288
1.986745341503610
0.993864957598440
-1.023985119340380
0.267568030943754
-1.979477639507210
-1.468432127106266
-0.319052925281648
-1.897008565527107
-1.701911898981391
-0.390689522721186
-0.562814156917206
-1.999109792777060
0.190680275417032
-0.511338246101545
-0.315250992254175
0.876376629318995
0.347313724625152
1.475331790910523
1.670171340730855
1.615235873984286
0.835328795801895
-0.088895046516447
0.955225775814511
0.154265730442223
-1.022040861558801
-0.770592458839538
-1.761629234938233
-0.010383191221144
0.197769795835347
0.481458403199537
1.869640662404862
0.233159332050874
0.532820470754592
1.729826107010598
2.650311285580995
1.114723197426322
1.257573072255304
0.072625320286987
-0.023332988321000
0.114783031325669
0.350827744275701
0.228505365922678
0.354010068718198
-1.225695495284646
0.152872473994042
-1.135081678389038
-0.406512076636067
0.169263798922638
0.999256871844161
1.665820046896129
0.862867179628698
1.010451608732997
0.967682516362557
2.057958832623113
0.142567619118088
1.021533677886203
0.982462658525895
0.108566086375320
2.963897810898869
2.076524602534360
2.467064758808846
-0.294166646956159
-1.200387999170938
-1.389475111154563
-0.981847603908008
-0.765421298665335
-2.049071560887265
-0.320315270628716
-0.849470409544883
0.875674123086116
1.019736086995308
1.181513521000598
-0.552455025332524
1.256013615039309
0.917325007875506
1.117505073971884
-0.373235280172634
-1.342965368030871
-0.841046644664163
-0.673001832232098
-0.218573416524534
-2.021896677194110
-0.327157558225248
-0.371827775891057
0.205321770384747
-0.695804129020967
0.087345576909567
0.155512932012180
-1.889326159666350
0.634153417180323
0.928099318068233
0.986093081757202
0.794675119190256
-0.620882902325838
1.040353670899707
1.011551072723536
-0.218263260140393
-0.578395755258423
-1.569799435782330
-0.790190754297799
-0.040498153702590
-0.476256248442674
-0.649285864564645
0.073579412834181
-1.275843440805970
0.732610161890462
-0.814866093292379
-1.582359383693688
1.061502265841493
0.026461686672708
-0.451518175329664
0.869006836806788
-0.060132029737094
-0.176898702801143
-0.425495487776748
0.795902152260305
1.294213477093144
-0.275447085280561
-1.205527381264431
1.139870326122438
0.439475834923686
0.524861281111162
2.025461863825584
-0.797584063586093
0.552101108505118
1.012510464293555
1.121152457466067
-0.237945507513659
-0.093557027526374
0.541776084657506
-1.463541077502236
-1.717680234707341
0.544192087777994
0.836367632419479
1.367726683809332
-0.096057037858516
0.297633412965460
-1.722329317499956
-0.255130178372335
-0.254350772685883
-0.866618880185306
-1.213829032024568
1.011057883017912
1.502750488065948
0.897760692715630
-0.166531748728360
-0.482833325007530
1.376117403472951
1.790711605624367
-0.918569712564382
1.563562996823356
-1.457123487401719
-0.333295927410413
2.118170457575250
1.065513537932346
-0.827570371109786
-0.917817616812429
0.684571373951213
0.114315620864609
1.205486130218295
0.945326435867895
-0.994045353669514
-2.237300264701818
0.286945569539769
0.779729253405364
-1.018887575583073
1.489656839925227
0.353484393064510
-0.037483105909916
-0.385902976917875
0.282770517649773
-1.034953366083809
0.456724312821129
-0.568515913270987
1.453957376946718
1.213717217097893
0.089230624235751
0.435779168854800
0.764816840002030
-0.174674092325240
-0.260267026119512
-1.383328147708268
-1.101695531643686
-0.771527871921122
1.888169400178914
1.101876362372851
1.632726610223656
0.760399128256784
0.098892466148079
-0.424128410324934
0.051926037255897
-2.822359366137685
-1.776345040828261
-2.112585122772468
-1.573827742667717
-0.125561902745840
0.260939572414691
2.399286979721437
-1.319612093127617
1.373812462567980
0.551507739876247
-0.655161639708546
-0.577200918386701
-0.003586612075960
1.398026702202954
-0.491200679168509
1.293090386052057
1.447114410301817
-0.193273107525434
-0.062685223483594
-0.024825239460025
-1.055311421080805
-0.177499584300568
0.414526415724387
-0.679022519460720
0.552240013856276
0.438366390368918
-1.139255968875480
1.608940031131771
2.367645558677379
2.111545367940357
3.795529641743375
1.772213216449658
0.305569100346896
-2.436019464297571
-3.125245073071425
-3.722472154769503
-3.283128214472793
-3.036386535935303
-2.419509078357315
-1.823480870019591
-0.160163587636962
-1.677621088229581
-1.717902591780406
2.347583143160545
2.364623027323014
0.544558073222446
2.598779777059937
0.127873843863463
1.411885278374776
2.933506346544788
1.900523235980507
1.798912624811159
0.185678171485480
2.255208925449410
0.213855766321361
-0.894008044095681
-1.432850252967061
-1.302192563551936
-1.052591386369045
-1.728259302471655
-0.326660145365179
-0.377963880020586
0.832707247708095
1.885163957030540
1.684857569648885
3.086545222682473
4.046141534106022
2.785978372044824
1.754958380699318
-0.287552185377431
-3.277785067883717
-3.667273803044905
-4.452539029815958
-4.597383904225723
-3.219485617363982
-1.203069132681728
-0.712114670184001
2.077413558227701
4.409917907054218
2.011043620996518
3.327047166561343
1.790432201153352
2.403791926813773
-0.744238481530945
1.606076361901033
-0.027520619718616
-0.174672735615708
-0.399351258193549
-0.021286363564344
0.086418545173738
0.571781929295633
-0.476008603267353
0.016673687236951
0.023742023317789
-0.456222090460096
-1.785573720654540
-1.719206244836441
-0.140560104408324
-0.632679595257599
-0.489688283174327
2.212170377600132
2.544138172928427
1.959256755078877
1.388751793054889
0.144932293425406
-1.558654594621327
-2.851956561797325
-3.093292977100337
-2.454650599434698
-1.168603001612077
-2.489824883262024
-2.917343915321697
0.274454875027643
0.268954053676081
-0.019620281980208
-0.563106161906295
0.852943092744535
0.083170647944737
-1.066357629816256
0.579113120314525
1.065676219731776
-0.323742126971992
1.222241808723547
1.075088800757471
-0.679407949487001
2.422113782082734
0.735861344749730
-0.147457401028628
-1.533788879064776
-0.923983193995047
-0.701242897977962
0.046137139850670
1.049667957379264
1.792672704859429
1.103648497349326
1.232616763342315
1.030379130990760
0.130184199996401
-0.099077540131859
-0.261993046297807
-0.335795103408943
-1.824600728912490
-1.572873777203474
-1.683271341956968
-0.799453783016771
-0.134692645093058
0.937355656361370
0.463566758641211
1.206393770309961
-0.244215764728035
2.375798059349594
0.467219319128121
1.192397004650860
-0.602645572356153
-0.072196463607822
0.486259521512320
-1.790819106949156
1.051646681876203
1.391932357985927
2.231639967476327
-0.556650950852130
-0.493192613699718
0.464973338418086
1.762046900206015
0.144048971833903
1.125616835537980
-0.482969917479868
1.900377621434209
0.997368563521311
1.381236303384023
-0.694086149354194
-0.710437769796760
-1.885692971450553
-1.950474163280959
0.111226573037482
-0.664342535951886
-0.659116802881353
-0.634343718307150
-2.550359334163090
-2.940359097008487
-0.841457066700119
0.523259853949683
0.108735147655085
-0.758121039828852
-0.377618151355536
-0.354900617093865
-0.293865724216232
-1.560977013678283
-0.040303675086785
-2.026754988664241
-1.129368362431220
-1.027298074402173
-0.876380869583671
-0.046398846479263
0.844354415446760
1.342233605219857
-1.456462930235134
-0.384027327189040
0.761939396964394
-0.197861728398259
0.555331307463235
-0.955139514165968
-1.466026927083782
-0.431860722126965
-0.490772392818884
-0.606400339017364
0.612633622365342
0.528807518638168
-0.643371171394754
0.348022190558221
-0.796569303847527
-0.335640897035868
-1.418005308604132
0.437781703309432
0.474379306655710
2.287339160808816
1.977225869720228
2.555606280052577
1.680258785379438
1.070974902820964
0.859543390472200
-1.125028200453235
1.045346355213000
-0.699725312251626
0.533474365084557
1.634004788114497
0.551617845944388
1.340413740953029
2.127218895820266
0.961649121911459
0.190095078129699
-0.176165133136087
-0.125661338559319
-0.950700213412139
0.176486727047964
-0.930497671296999
0.683365500167781
0.957045051097539
-0.109005619008691
1.506261632656915
0.004097573158936
-1.062703488705440
-0.699621712893049
-0.205393811635493
-0.635305823682197
-0.638096950537889
-0.255155317756180
-2.099583139373138
0.213428078255093
0.098598402722387
1.343343501134133
1.680276784028738
2.184264082892371
0.101900604437772
-1.093444469981874
-0.829415606166514
-0.729878013068095
-0.561746077747211
0.810934164606458
0.268488972352225
-1.081832741880716
0.380718376792950
0.742625930250835
-0.578852737757193
2.306343917584522
0.856611967505667
0.003081888298389
0.916574272328964
0.925092634299535
-0.506154898371124
0.230024832732414
-1.176035664934741
-1.738436356403116
0.698590494990704
-2.143440967735386
-1.040211435548242
-0.049146184563671
-0.815601089817190
0.381268090417486
1.820530729964396
-0.111865385678830
-1.387208638230426
-0.122931455742419
-0.605896213420095
-1.148917780751354
2.175657850060241
-0.331747722208290
-0.294102295462526
0.641886607228689
0.888765554181497
-2.542379597949104
0.036556277362652
-0.241348299483724
0.975495560139193
-0.258103878768706
0.421790939052583
-0.548231363183127
-0.711554889068462
0.245652852013939
1.266873862474570
-0.137494252306885
0.985186442516351
0.891246511720800
-1.542754870159180
0.446608826820838
-1.029183238660523
0.672985851361951
-0.089848838038631
-2.617313406898677
0.119339697155468
-1.901402602604116
-1.517267806512347
-0.791178635999142
-0.891881038788602
-0.509868986462967
2.169121417560525
2.091009138754247
-0.203491037787624
1.658299356979275
-0.845211240513258
-0.185576744844375
1.056072830001002
-0.054320438370461
0.280676254691545
0.267580421035299
-0.090044381903376
2.401613070563426
-0.377645226683289
2.561917809872574
1.815298628696195
0.330504226368825
1.939658169053304
-1.590450990024521
-4.086010871696036
-1.598504741518771
-1.968671974931443
-2.529073327329512
-2.423713760567186
-1.629943328660123
-1.169589059349333
-0.629883611846378
1.651979251782070
2.587469108543075
1.326327289651959
0.574967388977614
1.198474259874182
2.148282478172263
0.554222715341796
1.353663418651167
0.822300849683582
0.758397095228749
-0.163015149100125
0.596901540974618
0.286622777838262
1.057377414677355
-0.975821961130679
-0.166132236140934
-0.371215282531765
0.041768611920455
1.254835052380310
-0.591264797777302
2.830326127466816
1.398140543935275
2.215525372251019
2.311993483824526
0.040170482292898
0.429703467804593
-0.668822795234669
-2.191582658625930
-1.571789144778848
-3.796188652370589
-4.050877452414240
-2.448373083454871
-0.923925839932276
-0.836062948979939
0.356460262594305
0.978256423523989
3.736471729628726
3.864005258046964
4.037476452603071
3.495967183433596
2.741691483304393
0.220794282214086
0.333464362279756
-1.207022262635029
-0.587481257414216
-0.485020163152549
-0.862456592000930
1.009784489262028
-0.163147791463546
0.291373736006916
-0.991591990891097
-1.364478676110343
-0.638264822902941
-0.364903012146706
1.853076709600561
0.867604850386833
-1.513095375786866
0.300465128222319
1.833924052080208
1.208359993940664
1.653929194300359
1.578415195706567
-0.087097649393662
-1.365241695146062
-4.609556902016742
-2.695551367411646
-3.323273043317051
-1.964439218945117
-0.653531596804075
-1.526038058164447
-1.101623931168468
0.575843207496063
3.117010860795103
1.874701386697092
3.442239818963420
1.909737611297432
2.863542361513843
1.635818153884451
-1.878271567846784
-0.320041668019513
-1.533982974006176
-1.890705637718648
-2.460032093295004
-2.739592116566152
-1.814040811536800
-0.834428745477868
-1.404221322821961
0.565347302494696
-0.498960854423525
-0.125466268774304
1.515179878089115
1.413670465639819
1.940592411452006
0.245262384025032
1.882914484622969
-1.567778672504972
-0.621467898221343
0.111925564924600
-1.591407760839837
-1.383428501446590
-1.044769698370128
-0.934435281653117
0.782204380892050
1.397411754845303
1.918853796978461
1.636107355106393
-0.490587401436479
1.428300769020726
0.990014706333143
0.800948057458068
1.349012664595462
0.618830793644972
-0.669268412754060
1.415062334025581
0.459894994672261
0.553125870324138
-0.959903054200373
1.841849805428780
0.679019244453200
-0.513497885400079
-1.144017638567938
-0.013527152130170
-1.872262007531095
-0.159567044040613
-0.335003742906888
1.504250626488509
-0.382179360380858
0.089346688450589
-0.034260430913014
0.741201514358327
-0.017774278188952
2.198542612685481
1.209790854092279
1.001242448925157
1.272804035898270
0.360275691657111
0.487942453216006
-0.797638630201487
-2.152142854178513
-0.090832171242370
-1.006696468746821
-0.443925584032464
-0.838389397248508
0.055333443706761
-0.535296736598028
-0.854736816601933
-0.680610249542187
0.702642546623585
1.151472236427781
0.479458640421224
0.784731402615236
0.891274862905637
0.268376329449583
-0.381253544277796
2.136452454088000
0.760274571279321
2.014808854778446
-0.878734519297595
-2.002527668346851
-1.045539507339919
0.068423596818725
-1.323829470451450
-1.338684222203750
0.546123328837848
-0.482505566891401
0.362847687700084
0.763148208355627
0.876883933971143
1.394873545870960
0.050252509340881
-0.591288186844554
0.159522223944057
-0.649130695381142
-1.150663977663850
-1.206849346403247
0.935149825335176
1.568341027218668
1.256783400711470
-0.131766904153953
1.063164884913399
-0.860887983610143
-0.542303074200309
-1.755999718300066
-1.876029000718980
-2.342602175970630
-2.640647823983826
0.770293728814413
-0.031007361041228
-0.257270745399860
0.166127715317699
0.534791427265906
0.710548607033591
1.160915391403231
0.899835356171278
-1.198602888937489
-0.189294648971165
-0.550727249461109
0.582150984581979
-0.846133368865957
-0.300873871949332
-1.073514802070623
-0.036651646829323
0.184515003156322
1.045168985251714
-0.767669933823145
-0.389391814025765
2.065627775561593
-0.391964194615889
1.553102049951555
1.708986692705912
0.027333423273088
-0.270301170499559
1.619623534992760
0.841486422174563
-1.602804615846734
-0.430002433613902
1.525032380768904
0.491031618655704
-0.493656687609749
-1.623526225257336
-0.483428518368209
1.034622696150744
-0.945558505764148
1.574226700089274
0.711505867936726
2.061674042833624
-0.923267205695098
0.642644254574153
0.839299792829537
-1.031873522862859
-0.271475993248247
-0.247464670789205
-0.335734871598742
1.148340451137876
0.570103278038750
0.648370897773436
0.286114977135138
0.986287670345170
-0.788153480339784
-0.256382235763180
0.603011777833759
0.087241231586476
-1.713714778032552
0.914968130199910
0.080761365313306
0.714275435144345
-0.437779433107232
-0.675526407442497
1.029888707141992
-0.691807015537607
-1.355380792436222
-0.551009481583612
-1.129954738434003
-0.375714847001421
0.372571873036329
-2.146402565957980
-0.733168830911538
-0.231554450910900
0.966142720798812
0.540045724032906
-0.349499821798776
0.258677931782311
-1.264818135308460
0.003272047946175
1.487272948015176
-2.630678534290772
-1.429284652700499
0.240477455275886
-1.018706201503739
-0.234136101122764
-0.695093193384918
-0.320650287129617
-1.916702236083159
-0.623704044845010
-0.052280271099006
-0.556283179370068
0.907851225595232
1.409999911400112
-0.546555628763366
-0.445923831650266
0.940170396360324
0.725213692132884
0.235509741764087
1.204204260881870
-1.650914459538753
-3.015483217051879
-0.104853388803230
-0.501266368353807
-1.598336475501105
1.211574239821829
2.260809010136363
1.376521810967530
0.941882088972094
2.131163212741996
1.835766828861688
2.486419818046547
0.729957969203071
-0.017287792689033
0.087212961370968
-1.710130396578547
1.687282896966205
-0.530616676813037
0.433724526228181
0.096176612009110
0.471019253946553
-0.342037150206043
0.642363227726984
0.425408312507839
-0.947265019299685
0.043298494127656
-0.494988943268970
0.101066789374704
1.510890253114769
2.010453318217734
0.444233123974998
0.560084511313303
-1.013439820109503
-0.113477596520645
-2.130663289417643
-1.874583067918641
-2.560755021047381
-0.959087055234718
-4.751711811369657
-1.511179556613263
-1.042235750745484
1.772865673104920
3.019449687036855
0.803472607183127
2.039676480246404
1.468429898824186
1.676786854548318
0.949374520501497
0.307461333759879
0.049254442058206
2.422373709861719
-0.063593732450223
-0.270817903044273
0.552530937663610
-0.195631858844659
0.955040091462290
-1.741344647860654
-1.520583854681480
-0.600868168977874
-1.871260772657841
-1.910214286266587
1.253195381523569
-0.114626359253322
1.083816946976790
1.130012733562612
-0.252732176396360
0.307233076916369
0.535902970374609
0.511475815165725
-0.268734742581882
-1.037986070635557
-1.232815746128653
-0.364730643814641
-1.015914197078818
-0.037621548294165
-0.102149269208017
0.780138738510267
-1.242695134598896
0.155401348442698
1.394789345535824
-0.889375951695282
0.829296354432536
0.531240882833364
1.732796355740321
0.277617023859719
0.563496727666233
-0.035780123851818
1.893361021859850
1.081319191361183
1.635272479386925
0.571600965941040
-0.531933359666477
-1.599707776078492
1.229331791180579
-1.265398482866136
-1.022887927806002
-0.136787985558577
-1.088838452240633
-0.416033201121378
-0.430993142890162
0.217878807558146
0.000650299691321
-0.959693729879338
0.857803101416992
0.513079003161061
-1.984395164366953
-0.903976272178820
-1.096508979866720
-2.120124858238166
1.457872017978097
3.246492991205322
-0.887804223973060
1.567840691012957
-0.647830996805488
-0.214523175766090
-0.466395155967754
-0.713259272467329
0.029258979703376
-1.133845276151366
-0.953313109065386
-0.820378814784068
-0.617075669015297
0.595809399226926
2.561988464387719
-0.073182685578882
-0.780352873896441
1.343308952802976
1.221603390828429
0.770031203040745
-0.920090117423974
-2.340012147723069
-1.328203003122771
-2.200629099260081
-0.779342389695342
-0.591625005329598
-0.500898554726836
-0.060995788094347
-0.457617358788723
-0.714227942556843
1.121039378779627
-0.311140718393307
1.054033116137559
1.275792649405788
0.164271301436219
1.661558230959751
1.512605790273128
1.847180544894791
0.954555723636033
0.468682577006225
-0.801609785635908
-0.726381789288902
-0.167258467310996
0.190489463744876
0.871964930974593
-1.063679051534469
0.489168549202990
-0.231530030681694
0.734849536810962
-0.000261096466252
0.038422725506783
-1.274720876082193
1.185894235854760
1.540986703842854
-0.100765869293003
0.807587476561223
-1.023870751864100
-0.269595360470058
0.920986730467336
-0.873671153181128
1.030018084162326
-0.747352317195196
-0.639036688218495
0.071519892016649
-1.284515100195172
1.285204995853747
0.302191700895920
1.092463661003291
1.273393882593130
0.816932561430284
-0.678200907133605
3.065901776727328
0.480133149066722
1.794752806562176
-0.368239593319963
0.658137265424279
-0.256329517402363
1.370070078292460
-1.136930293893396
0.476938566747738
-0.008102512435319
-1.012026710017655
-2.023534567166263
-1.024049328799516
-1.920401124552506
-0.690436414539923
-0.364482779745654
-0.848633346371346
-0.461073759206237
-1.117148551781004
-0.776501536949969
1.237455253207043
-2.312269579939422
0.261323560913281
0.281285672181910
-1.026838068125535
1.358813379228017
-2.035914137474742
-1.014942866751255
0.552304782759754
0.678117552992415
-0.892860642365170
-0.412200956023090
-0.675948658259387
-0.909287234877348
-0.101852767762643
0.301917803361863
0.644925929214764
0.818686820903695
0.698140573017446
-0.230483661665655
-0.440186879024774
-0.738345011123263
0.231514325435306
-0.595210954519794
-1.190258937108010
-0.440546004546161
0.913029629282801
0.771791490273616
0.582610869056175
0.313129820537016
1.795406666242041
-0.648883539499310
-0.726714941209771
-0.537765175207121
-1.081898071056276
1.004057559826280
0.039974424238625
-0.176264135978623
0.654211995013653
0.334722522177303
0.896666929947994
0.757980588804933
0.672232228195610
0.705579297500188
1.069379200250942
0.889488608463034
1.070258651553629
0.879353995930575
0.704403565175358
-0.386957705973119
0.574845619045216
0.291961010134654
-1.342490743375194
0.292040654896908
-0.321986076378319
-0.271548267529804
1.218673182003821
-0.694225494612694
0.512249804481866
0.681116395029299
-0.789735394456283
0.692051803067561
-0.804055640003929
0.147931340235440
-0.638768832721573
0.211984781024328
-0.972492953154174
-1.967110329131581
-0.730325335411172
0.248105104042475
-0.365716470404593
0.683258214663223
-0.023568425158135
-0.795010402449921
0.328495697256556
0.878310010269495
-0.742788130235941
-1.802251668702330
-0.659769766858055
0.146897183051705
0.064195537432297
-1.663209559998108
1.192310533784096
-1.043225580919840
-0.173532266570341
-0.258796782526291
-1.176918861805821
-1.212522855546504
-1.426369384900159
-0.745486620270251
-0.482284806777299
-1.504606290417928
-1.315618034504229
-2.034080857310704
-2.828689950788688
-1.850424737623822
-1.627804576966172
-0.145299380512387
2.132415664686991
3.688477961266616
2.960757775106484
3.862364978436613
3.240849013821833
4.593015997065777
4.473712904551689
2.589871777525583
0.649076825900049
0.306106064572902
-1.137495231538401
0.333603053112672
2.339721793712598
0.784856102035983
-2.516897884685082
-0.839692800981745
-1.873353960889951
-3.148312832582336
-3.326071031420875
-2.567632890028863
-2.014179728407944
-2.229639605281954
1.993547523763149
1.593524393973032
2.182329157040861
2.407777995765858
-0.489248843766308
-1.160307277781218
-1.093195926536319
-0.014762569031755
-3.239183645386770
-2.307938272457606
-4.179445179495193
-2.351961784020177
-1.667794485132471
-1.158565327627694
-0.451847100610909
1.499867938108064
2.101447905969007
3.045337212656232
4.071155453907330
2.802400518613704
3.348113356881112
3.472887771000297
1.786463624025237
-0.865634152066983
-0.076637660749156
-1.342964333493594
-3.619563189388623
-3.634503698851390
-4.163083248445937
-2.835302722962033
-3.212046853409711
-1.551112438499512
-2.300127590141409
0.647656988461890
1.281676308469046
1.061532009446655
0.985851943719549
0.798605292658899
0.419046177540604
0.055195253808719
-0.925864182852022
1.189727157881625
0.064455043566099
-0.971438109979050
0.394145285704424
-0.432835088303444
0.013722832126200
0.534859428653804
0.472945635088891
-0.840884352132082
0.879929735621126
1.030263831637609
1.289382029367430
2.346744199192803
2.127010485198182
1.006747446124454
3.796420198163994
1.304221486810924
0.363304882638025
-0.193870105201726
1.429653199980695
-0.381065213010071
1.004432067052279
-2.084476777878776
-0.975683081215487
0.033796743076044
-0.919199741998180
-1.801978019045141
0.156495886186085
-1.396806316916596
0.482132077881089
2.251112344579346
1.153358049003909
1.483161673074727
0.851593174908186
0.082647758543846
-0.919172834503942
-0.407390456202307
-1.266635578196573
-1.272171499426920
-1.721117514709408
-1.738206750677865
-0.686926173755174
1.295926387365768
0.248784528504310
0.484891579835424
0.156557671113059
2.876497518301784
1.172798785777122
0.442740569357750
-1.466535827282998
-1.128078663316442
-2.524579842984105
-1.774248866646418
-0.151829381312579
-0.483204051467206
-0.994819386103518
-1.353916319737805
-0.116992984560926
-1.212858160361290
-0.580700597212257
-1.962147603538094
-0.694273556610661
0.116178631113313
0.562624935781705
0.202034667255925
0.752107603062580
-0.942633327622277
-1.475424863153272
1.079218607599190
-0.595853202960125
-0.786849815503953
0.308380597221814
-0.902468250610187
0.869058418739986
1.373255812252354
-0.395971692398560
1.421133963683353
1.553959763083391
0.590405648901580
0.349321673360002
0.951355503810994
-0.924796374474122
1.325169938200662
-1.109821931365041
0.966001976469847
0.405489959134813
0.676308840862444
-0.199912562527148
1.108368864320854
1.240580590823171
0.786350508696178
1.734118693904724
1.387341124082971
0.266531209952079
-0.258340248042965
0.893702288071994
1.573460364057513
1.370412134239003
1.144761979777134
0.633943289482213
-0.020266229820403
0.026286808675585
-1.433938270712197
-0.904098964949085
-1.206267074471390
0.821761246344187
-0.375821179917969
0.622523618690058
1.276583182081389
0.766423230482032
0.167627980516805
1.851029118254620
1.917771054978004
0.937049917436055
-0.288888576988452
-0.400937017438300
-0.671141133200996
-1.236107705629371
-0.369949386520984
0.267400533825684
-0.339792984404628
-1.404840287361278
-1.136725764807487
-0.275307991467099
-0.715338252206782
0.617351228198774
-1.082190868612851
-1.772354645498961
0.633131947701101
-0.378227657454285
-0.838470495876359
-1.115651383030263
-0.947073934920163
0.740872618093770
-1.486219635628810
-1.820144462872967
0.190934654376483
0.086995849641762
0.544903093335150
0.210444730619881
