0.401756818589274
0.932740065042687
-0.906722759959792
2.781582068424530
0.519671306760198
0.891015440290483
0.151169102358059
-0.101198753599277
0.571640324608859
0.182908548776055
0.223776163203867
-1.659089779676044
0.401711038007257
0.266657250703383
0.557674054828183
0.485771398411445
1.176755063594347
0.618571827391879
1.364963961453906
-0.138420604948894
0.424257105509936
-0.443834661615465
0.610037801546540
1.465740938464867
0.537771397311418
-1.445651760776197
-0.309808662626250
0.454768672859710
0.226039677425202
-1.488305526839500
-0.084006501169359
-0.023473801106391
1.016663996971783
0.292517744080782
-0.024076629424939
1.406691879834921
0.909891490986823
-0.117928409645366
-0.325981174549031
0.412537913937035
0.982592293176410
-0.750726294678773
-0.123496455329192
-3.073078391010143
-0.627225214923153
-0.267121573812037
-0.601404097048632
0.329014986885814
0.006537656480706
1.992214265476612
-0.147050271207637
0.563774666743321
-0.724382345752124
-0.745789051036496
-0.345061786992251
2.058425807182665
-0.013095437490179
-1.371866438660082
-0.265401221303008
-0.759673654093002
1.403593212908143
-0.777790056343611
-0.700331391291439
-1.515735598590316
-0.159956501541134
-1.401169723084399
0.745140403317175
1.053083107434600
-1.367454178445803
0.849624057054800
0.117800815065692
0.907032493129316
0.848578904100166
1.050929784572617
0.138869410358910
1.315535893492164
-2.236190769512621
0.598356442662533
-0.696766633208814
-0.172736546859942
0.341902864557567
-1.994083347498544
0.262524060833606
0.218348003101006
-0.483867252541396
0.499644615325412
-0.171120927998871
0.597449886426543
-0.781360075843353
0.549164567064836
0.002562060516684
0.829960011395559
0.470947076568824
-0.461534880085261
1.544660281313146
0.002456759348155
0.088501336708087
-0.129961322099237
-1.364563726867879
-0.838324466395185
-1.386673464677775
-1.087972942198432
0.151807742431490
0.890128294619193
0.310485639056951
1.683800191928817
1.055495468260302
-0.105645025022513
-0.814304518854028
0.855361619282929
-0.126823975753655
1.026201886652396
0.639875966237150
1.314367542258855
0.286030635876215
-0.636362249133531
0.618605023845042
-0.229208151486253
-0.486464124292955
-0.837269223605732
1.883838772592588
-0.545044062754202
0.342333100323117
0.984796634205135
0.019772625317148
1.676080634175557
0.615192914802401
1.340957645134642
1.585960875655419
2.373656710504286
2.209603116060392
0.000105588733374
0.792369052640272
0.719261034413053
-0.099244243287115
-1.189637256567065
0.277061278439509
-1.435560623738727
-0.675206360920248
-0.765098663754975
-0.144708480558964
1.003672218700530
0.380088791223199
1.252266181106474
0.698837329347404
-0.039019802546017
0.172620208830389
-0.747438518027595
0.390415041903570
-0.611750651915699
-0.085457243334930
0.637789435126140
0.078519522709457
0.470743294514737
-0.371603097843708
-1.176178231334854
-1.157432492467822
-0.928679814133563
-0.453298332872739
0.416404016142022
0.880712174193756
0.539660553614813
1.566445274126225
0.677768234298208
1.299732408758379
-0.857180754686134
1.411561561250372
1.200352254011135
0.430823828818809
0.181840119655864
-0.367179315357535
-1.881325705050580
-2.048586159722583
-1.448668371044559
0.082505261282320
-1.427882237791701
1.062744372353023
-0.409499639191207
0.441908526042691
-0.517791549979851
0.528236816850995
0.514654591571504
3.323111206510208
3.047958801015095
3.343135027358605
2.805849670208532
1.148877430434039
-0.189156920535286
-0.471419957962100
-0.698380626006464
-1.806401952423425
-1.862612329015930
-1.509140137553678
-0.930198790222674
-1.679581133528889
-0.371673439479114
-2.469323699980464
1.231427671451726
0.536276125217644
0.504756408085706
-0.143482677130303
2.259296448007698
1.128980673328064
0.810911958429096
-0.007368860227623
0.062348664503484
1.248324316146003
-2.382725844180499
-0.424477353851321
-0.250691677605975
-1.611190247002909
-2.833416396151847
-2.224459920973493
-1.324855444796287
-1.692466504744339
-0.687109941303965
0.975559418529089
-0.110487237818963
1.039647845157452
1.745493312657073
1.341211777131264
2.495603109343949
0.490752273492296
1.300268252976877
1.735364420643713
0.454978387809706
-0.602327397772360
-2.073990666205206
-2.573448875811553
-1.274210707357923
-2.561966988829777
-1.368254019513694
-0.643583769966283
-1.331272829744765
-1.241885232812227
1.547719137899132
-0.510554037699201
1.162993667968865
3.478471704327197
2.081719799951864
1.976565367617362
1.044172734656426
2.491104533762318
0.519908949454181
0.170916070957521
-1.294260360446098
-1.350273450201016
-1.815903646527484
-2.216422915012261
-1.583150369872158
-1.860671391638075
-0.936183169534103
0.309720987514659
1.043319373086973
0.320756756817172
0.424282454466998
2.207227137350523
1.616750923335930
2.417540482906217
0.544594173023949
-0.342878227192582
0.416200059863186
0.521773859918764
-1.751552821902222
-2.635559442198439
-1.232956794428889
-1.301989670776487
-0.922369351382114
-1.710740851793311
-1.300715449997544
-0.748912088740492
-0.609187745080685
0.220808363115420
1.286875522535350
2.789924787148634
0.767416082971407
1.797006874580653
1.733591010539857
0.080981847954132
1.737943880453034
0.980207738153667
-0.125964816633494
0.397532363518252
-0.883774222755045
0.372796770234373
-2.021538419876225
-1.232728541852888
-0.300581696555411
-1.342977374578124
-1.088490036060476
-0.812024821535539
-0.719444907320474
1.131616620163049
0.884420259553845
-1.174656304294224
1.663568021159481
0.672118547895953
1.023643658762625
-0.054864127790498
0.430392208045012
-0.803980561916739
-1.206394950278827
1.010754965373209
-1.151298557589154
-0.844402613826604
0.124068711165569
-1.004235586454239
-1.373635298533466
-1.507439337003784
-0.329702209638519
0.503999508151783
0.426400549135507
1.339309430374464
1.404158311276346
0.107046250344510
0.577650560471799
1.644401594205959
2.010032484804288
0.450976768193936
0.724851347245384
-1.154403420112997
-0.753050303185458
1.541425124874395
-0.771030775940127
0.321427515937021
-1.007842520226524
-0.236604969664549
-1.511308463610652
-0.432138094569492
-0.486354297183811
1.816771268915678
1.335341412075837
0.807054134050621
1.319171787348676
0.691318562319634
0.517331032407030
1.736301201484511
0.380429531262558
0.592596114646869
-0.202991477229475
1.267092097343213
-0.054670207957308
0.101505703758907
-0.255875476752936
-0.587515969176470
1.035949227339986
1.399525319806373
-0.162579051822940
0.479335095206590
0.027690333263649
-0.668149779302472
0.566823200558123
0.193818146934912
1.408267150308113
-0.457616127688506
0.271304828203387
0.301585159290200
-0.734049176265998
1.039559951703046
-2.492981793188578
0.772467828112962
-1.221445571981975
-0.941852461848702
0.062488360758300
0.073331333881285
0.052567211430150
0.386498321242687
-0.026503139498366
0.591849574332647
-0.773382693218969
1.319012782417355
-0.414712405385704
-0.294664603474948
-1.359696823791088
0.692411997357986
0.194185700700345
0.201678534241296
-0.261231293398945
-0.089110033148108
-1.233111803847715
-0.361656503597800
-0.846474320910107
-0.378886152061560
-0.318188017141598
-1.802603335763930
-0.245124231079479
1.300883101863162
-2.078620519610167
1.872112386537473
1.534217596635036
0.333346652493737
0.811865276956385
0.011389920840679
-0.121181700586401
-0.421600273083907
-0.547060733614851
-1.127849986772931
-0.526936005400285
0.872495812354603
-1.292435984026558
-2.222862004568416
-0.054647943654745
-0.032566901030700
-0.111872986927787
0.535697073385025
-0.893064124888351
0.852620729408929
2.545372135507476
-0.007821490265416
0.972214730251567
1.575899469565474
0.163946939636399
-0.612194960086140
0.279316711640710
-1.279120518312730
-0.276368341217220
0.746807534370487
0.866683862094923
-0.248652926355332
-0.293248906528338
-0.231198801813238
0.356632383979365
0.469732078801742
1.047808846097646
0.532868917571887
0.629205178307828
1.692192049064068
-0.954831045654367
-0.471232668843802
-0.699294752859836
0.045570029324704
-0.476789811986626
-1.807933183944645
-1.721937561074280
-0.699210435774493
0.436165682677403
-0.890686598732565
-0.070359502068600
1.692958184347621
2.238705650440520
1.230605190241032
0.796436755137272
0.553963880063498
0.239878178333539
-0.132654021164283
-1.787956296063615
-0.582370459341500
-2.609992025451641
-2.858791510331177
-1.520798404368480
-1.602830633770428
0.238650402078912
0.382613102443905
0.783317005569359
-0.132271550265933
1.677456702317305
1.494167172511307
1.511620745602627
0.090625180230883
0.211352809247439
-0.717795108366374
-1.054858266692743
-1.823610340933498
-0.212815923156380
-0.398932497038049
-0.436245937837859
0.113378530503321
-0.753303456364363
0.859661952749144
0.342634672330743
2.046556273657940
2.675264281130593
1.313957644027255
2.067897102577658
1.555765929039201
1.736513070932771
0.962732950254325
1.258432771110502
-0.838589137483341
-0.603303584033661
-2.420118370261132
-0.488952142180122
-0.877248387752409
-0.441562612038059
-0.593934866671977
-0.182458262451094
0.551488726677596
1.294926199075300
1.197093179913494
2.190647603973155
2.715597844424614
1.433230171194306
-0.092436909848066
1.705699816236408
-0.791862014296175
-0.758400922697464
-2.432006392797510
-1.129226790637966
-1.419051762338489
-0.453574776094034
-0.462513429404516
0.039098773694511
-0.735440560258587
2.107119099964637
1.136238138255767
2.042233698985553
0.549932833929136
1.683372333621536
-0.238751349613270
1.370768575228154
1.369678205098957
0.120086458214215
0.184246831236264
-0.799592387313204
-1.519770697143770
-1.539433855344229
-3.112938720327829
-2.186651421526238
-1.630810162360778
-0.954981429032328
-0.825745221232143
-0.084291950696974
-0.013540995541427
0.458409145610139
0.014682887948538
-0.300732407311391
2.301140604186847
0.144446384996790
0.346586543697274
0.910223999800018
-0.707983093374710
-1.349048005514427
-1.689623415852788
-0.607201194913215
-0.259804848840064
-0.120879406918323
-2.245157083290482
0.878303333581442
1.894468781254999
-1.203492780082218
0.087702652233938
-1.786450708794878
1.172048346037098
0.496066626792863
1.594216225325313
0.061844225950121
0.758332613413493
-2.394511112508589
-0.737880393340547
-1.876420073581450
-0.444444952680388
-2.623323247933003
-0.815111142803321
1.364276528964964
1.984815150442445
0.434693002734726
2.006237926049821
1.866042975055304
1.755037425434536
1.596686243459245
0.709937554253457
0.501154317967035
1.147993329832031
-1.013184178475754
-0.848347734676101
-0.142439468634798
0.560181169560351
-0.371639864388649
-0.670046240568662
-0.827851705005458
0.952605548314233
1.670593910460919
2.041379009923717
2.316821860370015
2.222950946703044
1.292245508079506
1.940423796584759
0.014180885918648
1.529233548636202
0.160658566125904
-0.141180277602256
-0.480495865782293
-1.701175918969126
-0.393125599309428
-0.219283085371440
-1.144555037812065
-0.158993665978075
0.496444659475366
-0.061768525622230
0.925201256425376
0.100301105143844
1.815199466197130
0.732264310633795
-0.542128247137545
1.333381899688326
-0.028249842586983
-0.042284664450543
-0.940638295051802
-1.239519059614729
-0.530569916699740
-0.564354832017263
-1.519839208720424
-1.575639264775176
-0.532458435306866
-1.272541559453786
-0.873243780470231
1.235467552996639
0.494312649812295
0.695797980994072
3.058506457419147
1.557682102982413
0.519610700537071
0.860545347903549
-0.080083866250851
-0.680511007244082
-0.799847719256874
-2.256318675940491
-0.443217049652796
-1.102780335566293
-0.947124322805676
-0.136082097691088
-0.845327390316154
-0.939962878022495
-0.758884846113848
0.150356257111788
2.285049729412520
1.665906675930369
1.498311133819573
0.453063113719498
0.187697935753407
1.087770356322195
-0.764932540840566
0.454271624117085
0.023824076456169
-1.515648792052462
-0.887971972359520
-0.086691560271165
-0.511807931595810
-0.953181775731283
-0.952808812631092
0.802733172825328
0.088887829528323
1.159147271740240
1.634620878589140
1.397459730863122
0.363201904273019
0.327313354417873
0.911443497659650
0.463086039572204
-0.861808022981434
-0.129240829775690
-0.739512963014065
-0.290948201289655
-0.999853903577638
-0.937090275398171
-0.315168582794821
-0.926149373352554
0.506365404847953
1.002920337187179
1.481398318619238
-0.054008601458810
-0.227837818369024
0.815823369064370
0.087804411159427
0.181161789467422
-0.024471273187731
-0.837791449497958
0.042582773899014
-0.116625932262590
-0.050797129148998
-0.067612544942322
0.549219065431128
-0.102847328935268
-1.582704177594087
-0.277004945826404
1.244505580512972
0.855884294358952
1.846381312096657
-1.148428815867169
0.687849426980614
-0.945041149804955
1.646253971677365
-2.214175980280267
0.107166911003920
1.016693876667911
0.793198446049229
0.274980093754833
-0.187635751793345
0.992392526184831
0.169707320399570
-0.621298724644242
-0.608341042651032
1.283078960612049
-0.052661241250285
0.540828269180900
0.119241301164086
-0.886305992097652
0.518174118873025
-1.371928220536611
-0.574643535359876
-0.543076647049278
0.534636245372363
-1.131179473494504
1.498425279712426
1.685010579648508
0.504575264653387
-0.979614158565240
0.719906486451994
0.689380231827102
0.713113095640706
1.535862519015847
0.810588590144239
-0.737875758942340
0.809247886578230
0.381457240768361
-0.189572360652725
-0.248078372306760
-0.587531165617810
0.023498809723957
1.300665843227707
-0.519218463169806
-0.814166166758753
1.425072516931488
-0.414483522553254
2.305283928695460
0.792550743375069
1.077624272724671
-0.718793514148505
-0.825603392772962
-2.558616476005038
-0.528977319481327
-0.455052651016417
-0.667302883174817
-2.765922354215149
-1.566403838537108
-0.539910649230606
0.368878340523788
-0.962071859884564
1.452707497887495
2.611446622543679
0.873824757699473
2.872878518640282
0.730472336248244
2.396064011976946
0.009073974571295
-0.711574217403920
-2.443856849763364
-1.097173637070411
-4.140707192838053
-2.437271836396549
-2.879688970928653
-2.383671059022009
-2.434306934837636
0.213475810044957
1.209074746122346
2.064233267640087
0.066334817933691
1.254708651515509
1.241688968356599
0.190946763070083
-1.444815653603260
0.258303305907190
-2.660796350224503
-2.534499338026820
-0.696064987573147
0.036887154874118
-0.240584297099167
1.282240809339741
3.128442208488920
3.903285019753935
2.651133888414822
4.741896661803932
2.072790897755052
2.917224764550921
0.204358064652928
0.227411431560902
-0.743374816844124
-3.965396628706572
-2.629642955576209
-0.898657183144391
-2.347298224360611
-1.624148329371083
-1.416718236894798
1.174624183220003
0.383068982896856
1.775067883671089
1.771149001338696
2.212024245968372
2.153905898605619
4.446334512346859
1.850986516481519
-1.167796075310785
0.581866040215832
-0.417368235591535
-2.729197082255964
-1.559690895705401
-2.231803158571655
-2.922196970948021
-1.011474182977113
-0.951615956115701
-0.296291773077375
-0.382738745564221
-0.128343573262319
2.917737124255198
3.233172514877515
3.042509755350790
3.032717382793726
1.014757902241560
2.453130886111712
0.279419344033357
-0.005070080276140
-0.572484921844302
-1.333871610748743
-2.043344925580861
-2.604462816755555
-2.697959337251397
-2.201392402716652
-2.669654602551949
-1.450759300105909
0.502104759656595
-1.257815972236734
-0.106576017522387
2.169384114705529
1.290422232989905
2.925592762930498
2.450765288043156
1.929114437926471
0.238508070600706
0.296291598997500
-0.813152842761977
-1.186695710200678
-2.588931293608445
-2.868403658774790
-2.124655977695230
-3.584203123335281
-2.487384473539793
-2.331424810254020
-0.648286637650584
-0.415647821878899
0.748821864535713
1.897359835995958
2.648402897979521
2.904030175254450
3.687768035676225
2.031203625044011
1.467930845437948
0.509903587663993
-1.931416267192913
-0.257920141188705
-1.936251791985110
-2.622314532215361
-2.591662721809566
-1.721900598356927
-3.356177268295860
-0.385981289444953
1.063195994243881
1.055660586758425
-0.078851942452432
3.433720452491002
2.520031840892711
0.092473641592251
1.263854320615386
0.365733551289606
-0.397800015941327
-0.048082105250434
0.159206669978030
-1.279070462350661
-2.365924362149478
0.515568810933708
-1.329071882235742
0.155794401838435
-1.153141163600552
0.252010596637566
1.157872448050100
-0.402034822801844
0.579195423885458
-0.570409309912445
-2.061945684324862
0.469793855718669
-0.925602887379760
-0.741605052723239
0.442424383154558
-0.118564118301717
0.070006136406601
3.099398550269122
1.871302553702863
0.857493182099780
1.757119957314519
3.517627107158042
0.707014643109445
1.386605933665157
0.342171061246823
-1.781957506673864
-1.039254276439012
-1.116066872643198
-2.638523783504115
-2.076751249428235
-0.828561371563198
0.410819132461481
0.179922122312786
1.681330789683294
0.901999017206161
0.182782425593978
0.731676739776586
1.185500204706199
2.957448026811959
-1.893981268599536
1.382874555074355
0.923108335855244
-0.542336284948033
0.454677939152980
-0.002164066371555
-0.558154468066431
0.946062768775473
0.084975158111056
-0.063665732447955
-0.096630832598247
-0.697678998442567
0.177129533641243
-2.050720670474590
1.109615740892944
0.080316007699613
-0.627717180743265
-0.271922847511906
-0.355275999827190
-0.660563877483168
0.112936688402208
0.100292704279321
0.697569356726869
0.503592361501711
-0.371864453186398
-0.033321911172641
0.152743040063736
-0.236670786565328
-0.365574859712132
-0.366126544632234
-0.267195402413143
-1.655100816767293
-0.728773979924179
-0.341930201644968
0.499331780705349
-0.301177192387584
-0.625465049617217
0.476299808748986
0.094134313074152
0.570190451035876
-1.392742135382074
-2.749512162304353
-0.092360928278923
-0.252933228244111
-0.404289732240961
-1.806555035487191
-0.946742584260583
-0.078518885126269
-0.541424763432415
-1.047289608269075
0.407411323582841
1.419779268910302
0.724010710468092
1.465948722029375
-1.323759081396332
0.489027277328575
1.372409572273136
0.632707332843269
-0.430849300471817
-0.215148104519562
0.167850852816776
-0.955595653021582
-0.198366344912542
-0.551954239576231
0.061492082813150
1.849847624415954
1.095818838527773
1.210311593661971
0.186516869858988
1.160116793680030
1.129101222557189
0.308316567900739
-0.500650273440137
0.715513876379302
-0.799648563870879
-0.470207939185462
-1.518436608719260
0.324816823591973
0.859369518635166
0.902482515116672
-1.220664172996142
0.657434474717339
0.936100697464523
-0.541121605820949
0.907802585297313
0.360625391884311
2.346321075184510
0.972564076956996
-0.420980143661090
-0.946092116363136
-2.347863930711783
-1.384882859499458
-0.888446542712940
-2.623259342836982
-1.256124681811147
-0.596642702141769
0.205427304299046
0.744009475721961
0.738164453940526
0.138758511957086
0.818325478629742
1.490848765220070
1.850691712025126
0.004194861478945
1.915313117726420
-0.127001162959527
0.161554683654138
-0.693668749853954
1.352868934957617
-1.792389297364377
0.546521307423036
-2.354741392402805
-1.153950589987202
-0.987708089342119
-1.866237701670688
-0.427793845416935
-0.863384957515936
-0.842619957575645
-0.353921344406899
0.895397299312948
0.757773974181068
0.497640796500724
1.801645212480460
0.670327423668639
1.688434657652787
1.647114331209986
0.514190711139561
0.081006235885714
-0.882361468546611
-0.647686587614413
-0.103754125185487
-1.235925032835597
0.596263957371044
-1.206209669721474
-1.439714504600581
-0.554843560509549
0.318841350866412
-0.099078446786228
2.170436986263340
1.528914324385970
1.053798126634326
0.530866720859562
-1.278527176838414
-1.091168655762359
-1.743939882299449
-1.281706382869360
0.498921567126926
-0.902814809690236
-1.905099713191892
-0.853908310066657
0.219099363999338
-1.601125361816460
-0.274249912024476
-0.560601411523802
-0.202854716866971
1.568316309956678
0.849135916013044
2.690934897286377
0.558913662575518
2.168410870595413
2.120070655076665
-0.975017426605113
-1.543454537626033
1.015156427661854
-0.367417962911410
-2.111883116213567
-1.987001092438427
-1.736936202811384
1.047083952338933
0.484760120070270
0.697212819100024
-1.429426862245398
-0.131524667164739
1.471678450412929
0.562269036710011
1.105855537655760
1.955702818823763
0.302325063756186
0.144684882983971
0.732190128738858
-0.650965022685653
-1.750741831740062
-0.403552185905104
-2.079353134286791
-0.064009356522514
-0.242022436783922
0.526948998624945
-1.710528309536347
-0.778302633210125
0.040976218464078
-0.782916667666153
-1.380840487962361
1.106275710952801
0.362164558308363
-0.112289016428616
1.578097039518545
1.807601694137864
1.057083292014198
1.106414376190944
1.214527464285172
0.633067257677349
1.572206936215394
1.515856490311015
0.323386788129620
-1.431550280653408
-0.863570345188737
-1.696597180520258
-1.801924831864302
-0.456533357882298
-0.964616370177574
-1.046631944474499
1.091665976787425
-0.034599321155821
1.723135847686225
2.665885795578366
0.423816299152962
0.206089942969767
1.872162654433459
0.272817437099189
1.885396319631558
-0.898044267539658
-0.803571755776318
-1.298415614078243
-0.467011939736831
-2.485632125762876
-1.358087623610943
-0.316147157601536
0.026615147422284
0.480614407426691
0.268126525237864
0.040625597763265
0.225370551697512
1.721861394686186
1.492371486533425
1.093673272944087
0.459673604189992
0.828860519325707
-0.666434468920089
-1.524192093827145
-1.284014109805603
-0.162654315515004
-2.306545807977612
-2.677341301550662
-2.214347650796432
-2.802112618301898
-1.205289575028761
0.474929646005267
-0.933849847653564
-0.823294719771878
0.288330222143695
0.112892663363999
0.597327157588156
2.010577588842227
1.650209159069090
1.093875245336208
1.441139279518659
0.390308631513469
-0.012824806685508
-2.812142051128056
-1.084211370184459
-0.107762940853332
-0.963761022028983
-1.465758334514896
0.201915354253310
-0.178447287467994
0.789338781490449
0.586323118114594
-0.249618824404780
2.034005688305183
2.599161132229409
1.397275964815268
2.101082276667667
2.364812862418558
1.406342932704718
1.098782086033866
-0.128245424621792
-0.282394901465922
-0.111512893279271
-0.877819277659791
-1.735479966528353
-0.502668718715253
-0.148720395748066
-0.813776748685872
-0.986080897240617
-0.717712956362479
1.207282034128519
0.139634990609728
0.631277158765880
1.022243234876837
0.333802318991531
2.539035957638813
2.242321187627655
1.690303204700787
0.546448703471984
0.573620019027182
-0.955401515780382
-0.922189125630343
-0.146977615758823
-2.615906525667183
-0.949811663257060
0.385460697672786
-0.631339608636649
-1.365462171296729
-0.358828211696630
-0.126531323587245
0.230352668145663
0.651604502719726
-0.067190652603747
-0.450372324348339
1.749804253630434
1.544040442593343
0.151530837066820
-0.892152161310363
0.228980307352855
-1.494204491385777
-0.399834746777959
-0.485970153101932
-0.400075475278310
0.340825914829177
-1.084265142575016
-0.518290477229385
-1.205896721701292
0.856357892554575
0.614706306876418
-0.777731951149214
0.613740335026301
0.927452232519301
0.801199965385204
0.847850861215586
0.778377392704908
-0.318117778397623
0.519847096881932
-1.433447685873455
-1.067920430179682
-1.175960098416110
-0.074878385751938
0.790174949473377
0.342708215690314
-0.385961268613113
-0.716717403988410
0.969369149338583
0.132657096483347
1.131025619325818
-1.240554402962692
1.572996389085562
0.853986151485504
0.782956680082740
0.704698949328177
1.336937769500652
1.524324924838042
0.647103318210321
-0.158053725865634
-0.249283704016132
0.165539573660657
-1.195882243474054
-0.243856067525895
-1.401901607619457
-1.692905116832857
-1.219347325071332
-1.192258666810686
-1.239081106490781
-0.528769354767421
-0.424638622085286
1.557768849056409
-0.660641530208808
3.654137161741397
0.104330981153326
-0.104227057563543
0.622950870350897
-0.321024347814243
-0.807251747553832
0.243703795525835
-0.533097267846939
0.204918019107899
-0.170015212269303
-1.370031995058532
0.882333867459008
-0.447452708406485
1.191031566271571
-0.926292827601244
-0.369066456122831
0.778917546080985
0.440543219410099
0.458352840221582
-0.612995972414430
-0.615508637168692
1.139203903653400
1.251107790529192
-0.992474899390361
-1.059254248544454
-0.974981036411112
-1.741196269369230
-0.041304535798815
-1.056954411012116
-0.596679531095554
-1.149262220668007
-1.714659751296704
0.775641015352369
-0.363054329099397
2.316232865752655
-0.021486226949503
0.398022310099274
1.606145382551036
-0.272989624955336
0.953678348817166
-1.145099017227382
-1.174512858062535
-0.027156448939081
0.862841675409895
-0.791932276196414
-0.074977187610924
0.745873424470541
0.028420797291949
0.793313191673039
-0.743310465942199
1.121503319468764
-0.349197663533326
0.030929324336722
0.345202714184981
-0.547812195630705
-0.824789832112748
0.948434185799932
1.059884084837448
-0.421422990253034
0.455050265228534
1.378481591585003
0.629101729016121
1.043688093225979
0.683325113677870
0.438989796132659
1.303231169614740
1.133620026370173
0.854160636790217
0.327093704822749
-0.336358610503292
-0.214465824597952
-0.604762448538915
-0.324514383611614
0.799557354118249
-0.008656385931336
1.543314286772532
0.742317100751033
0.931009501231949
0.767934848472081
1.759866257303103
2.484863539522727
2.030394569039825
1.767462528247892
0.487441277222689
1.260096584872056
-1.008496506106906
-3.040596206642565
-2.711945439240972
-2.841373190089480
-4.889993449047496
-4.499768350494771
-2.445504826991906
-3.554431694846552
-1.286969371911903
0.150401396567418
-0.095793392271735
2.028687266075197
2.156759858708951
2.166383662851783
2.689965921167068
2.104096872185101
-0.851109544032660
0.813323653655019
-1.311812530527821
-2.048888493082591
-1.478253366584121
-3.602828672669212
-3.353543183118601
-2.862272350850487
-3.751711492481478
-2.738326239129580
-1.741113971337078
-1.053073007607081
0.034339219481863
0.798231549586931
2.563422807343934
2.711804743600761
2.656363775542093
3.390576648412889
1.487132246160341
2.479717035139485
-0.469292511762045
-1.756155224490097
-1.314715177257968
-4.529114064848853
-4.604740694759744
-2.814034423514686
-2.952299991539962
-2.169942759887589
-1.881211403610732
0.508938225271253
0.555210852496681
1.596726169791445
4.111588546660987
1.539705892259047
3.804043801305325
2.931299904576524
4.005321953522407
3.265263499531137
0.738155480386428
-0.164964476102764
-1.572810153864094
-2.073531651870242
-2.395156065558990
-1.739507046884540
-3.279236860757134
-1.621930670289147
-2.346959604493364
-0.399854355326337
0.853146789661645
3.547760322401062
2.089199983083371
2.529201740060352
3.267167764952501
3.232325820821059
3.712522947288889
3.044553210330879
2.583402429137599
1.770651638684438
-0.862324701167283
-1.803821571821356
-1.701526384831805
-1.799788294087318
-1.965203934422363
-4.309727726639847
-2.219141455365262
-1.336824595730552
1.169653411477188
1.604851516483756
-0.219809852618957
0.997187090825465
2.344741903789985
2.554871515061767
0.269184629413724
2.193514892044196
2.635576633083481
2.264225808400874
0.391729055109635
1.038091308368950
-0.583183106308430
-1.788307649257754
-1.831953909577088
-2.699715520641660
0.755246413256537
-0.575288479086797
0.357505812995469
-1.148978984126431
-1.213006048289738
-0.806081213750871
1.214780887770254
-0.362045731071357
-0.616824510513555
1.322422603037533
0.387007930157079
-0.255417365126687
0.836067609559369
0.891725945946296
1.676054341723787
-0.902786346863293
0.763370659047883
-1.258002893941182
-0.644051343190610
-1.379004962197158
-2.070764687292490
-2.697158654534743
-2.009290052494194
-2.497506575598245
-1.728362968088406
-1.987334952676890
-2.433015707621076
0.225606281683483
1.809833930933223
0.378858361268808
1.629782359663752
1.681733812976045
1.248604784092058
1.431784889220449
0.810368231174181
0.508720738918234
1.496453919570924
0.265601685335325
-0.766240796820488
-1.359622862018940
-1.151543891434981
-2.812263718266606
-1.478608513157396
-1.788634787081332
-0.226696079971596
-2.016616454196428
0.319599920745977
0.639327323329894
0.666099942228556
1.187638944665386
1.690831734506884
1.492486325087966
1.157935201425746
-0.152370603475791
0.019736460330536
0.099505457390075
1.130581555362094
-0.101978503964034
0.044065360018491
-0.995396583799697
-0.318868159943401
0.800833462992530
-2.450076761519683
1.449706249229366
-0.748418915610101
-0.519731704896395
0.551261708029667
0.860021684370149
1.498960214382447
1.764369639339821
0.343076611226634
0.550243657342554
1.529953434645197
1.364563482833357
0.316691791803546
-0.628322759091248
0.538310302943574
-0.835981174919450
-0.584729802119328
-0.161289837291289
-0.582153335749316
-0.516332416114713
-0.588282852702623
0.079370028899059
-0.944493098959449
0.953326005900678
0.326206536064106
0.905550979868374
0.104916651637579
2.772164574198585
0.469996239727774
0.040138334790044
0.204718084808556
1.684358137374979
-1.241843450343719
-1.303171817218023
-0.256048433187279
-0.698740341451021
-3.449263709776644
-1.911661157015876
-0.086116928596239
-1.207435022082780
2.167313296529823
-0.240061802591437
0.142896362747733
0.340668436930374
1.798634474668572
-0.506940162368579
0.370043880048072
-0.242595348440623
0.149161355425946
0.777903395015412
-0.246017688052987
-1.454717305853170
-0.344375888464132
-2.611838255210951
-0.459946953313548
-0.517238651147025
-0.247648294419299
0.673170400810574
-0.605301600394374
-0.181232864003004
0.276510212552300
0.281178298224589
-0.405871909556635
0.164278173977368
0.706679454575201
2.462914601173754
0.457027136734517
-0.170700977560941
-0.630401844193442
0.682549554520953
-1.059780313346418
1.124903474958368
0.124474717208281
0.072672684715381
1.516888248755803
0.721603470975774
-0.122687472058934
-1.411528231145022
-1.261076501902084
0.686070434573526
0.665605818275947
-0.097886974596301
-0.783188373401111
1.555343741998970
0.183297942832385
-1.058150152848070
-0.484841570964638
1.366667307738686
-0.061227563752642
1.638281251213875
1.860303112500128
-0.451360567312065
-0.169728771872932
-0.224493772876427
0.979655210251717
-2.018182713754293
0.372064120133372
-0.457193367303208
1.175096009700843
0.679455982382036
-0.847274840294091
-0.453638846162300
0.480798691331515
0.473111420769254
0.748819067069951
1.359560160596919
0.368435884235884
1.711349297468145
1.002093351230411
0.326170708661349
1.290832613499767
-0.097892970658560
-2.041058535255228
0.119867227379047
-0.381710978427927
-0.471525026170788
-1.670057730645961
-0.497503784476208
-1.403099034883729
-0.011049706357990
0.735117257847196
-0.730563319666613
0.711426766828629
0.502957383112997
-0.886720951942737
0.648292849081745
1.496150416299810
1.159020763503312
0.622830266325747
0.444654875586125
-0.561587495524859
-1.013605648608413
-2.974763668762598
0.002852611740731
0.198169870619862
-2.026785918986634
-0.528102545863388
-0.354621605791592
0.862206403255868
-0.208445233036822
1.039625973648383
0.237596348258632
0.267598672493178
0.453438711077946
-0.304257321103515
0.558332338056033
-1.562377429991303
-0.559894067444680
-0.033714197062431
-0.787723152204217
-1.197206402120826
-0.687069911541049
0.181769714246922
1.453747470070627
-0.922868799797305
-1.811494528369577
0.271053691772519
1.563053841928060
0.631621210501837
0.765755374088336
2.234616990326908
0.495101620260642
0.117585023270559
-0.896939272609025
0.964571972797830
-0.534988846246000
-0.919806472614829
-0.892617104372849
-0.867182942976458
0.262043163868561
1.113487926046369
0.734660576322170
1.080129136454142
1.697893087036869
0.554765651269043
1.057050596056380
0.047380121129153
-0.135627713410136
0.720068571310749
-0.286363936399600
0.697895482806498
-0.408188690787944
-0.072001608359972
0.710545163920388
-0.209789075210540
-0.156945692759011
1.292881585511660
0.440308918528431
-0.269506462554561
2.244267946810866
1.761119580645730
-0.563596381607019
0.703976457303574
0.293333387636340
-0.974814566794276
-0.264327843130147
-0.478562749870674
-0.001167761489424
-1.228011709175000
-1.359472682004025
-2.490367591329161
-0.531537734016511
0.565974848177042
0.149867153793885
-0.121006002951894
-0.256836829537124
1.641290208836967
1.237259280781489
0.849460394064654
-1.829471755385060
0.974209900007521
1.964476730431207
-0.368291954879868
-1.104546134964694
-0.359507808608479
-0.275026533418328
-0.776424777471204
-0.835617840711986
-0.400641972441026
0.772602818813233
1.295524504245100
0.357047604981930
-0.945971875254325
1.574470370421054
1.191943750570459
0.736891866829062
-0.146527564398978
0.234935677692047
-0.479665821812812
-0.775000507222523
-0.477624468126703
1.120153765849858
0.391078388472248
0.801375796121778
-1.123954774766564
0.931837355935175
-0.515197865600164
1.032501712935743
1.445761580531521
0.167448891649228
1.791121790967318
0.008082489572322
1.185897210078783
0.423879337181823
0.181077646956598
-0.898149773769398
1.138781409568880
-0.067321349405210
0.400621260249535
1.854726146230466
0.572702799301220
0.352040426028442
-1.767293201960405
0.163855906749913
-0.511043270505517
-1.899833382110294
0.238797356640571
1.674890446928689
1.088072325739755
-0.806748778701936
0.311347901023829
0.532522080078313
-1.198307244852448
-1.476467608374003
0.213937200995137
0.123910395876270
-0.236028453243357
-1.434568300174448
0.000468050975789
0.262646432779418
-1.982769488193552
-0.944409490542595
0.411945358713310
0.589150395963887
1.284797900625170
0.810583135466174
0.167191485928987
0.754109918193036
1.167130036553450
0.451620469266350
1.470953664971506
-0.541788352496006
-0.271399509738193
-0.510888103484579
0.178849757623236
-0.507390513490662
0.859763562968308
-0.461334801574999
0.942795382948380
-1.568915092006072
0.092630727836586
-0.416811816171822
-0.791115610610547
1.689629576968986
-1.373205145284472
0.369071791931945
0.156496598081044
-2.790171575092386
0.654666173443584
-1.274721951705089
-0.898461104880438
0.316344729602912
-0.133485525984574
0.659938641672220
0.552528864099346
1.004489678602194
-0.644370971239376
0.598288773862059
-0.979672385254461
0.362400739182230
-0.695599116568056
-0.654732557859052
-0.603326482405408
0.799702915370027
-0.712277472850292
-0.972720959052759
1.081944411339707
-0.615740456321776
0.310659813118117
0.290806954882200
0.349674538274878
0.026483749933322
-0.746706545721652
0.834202652432965
0.507082846804888
-0.003267935313003
0.537924622993663
0.379298733155177
1.727635691095793
0.893922373425432
0.072878748853756
-0.669840736059841
0.303795835756087
0.687699870245979
-0.418612688362943
-0.227349514581447
-0.417104047601984
0.157819884027260
0.132560012681124
0.399345356617934
0.004696252029438
0.090505373272011
-0.241890045417842
-0.594795403403640
0.432447265462921
0.286431298124357
0.748307851222599
-0.366904946204682
3.150308888680773
-1.338130980362617
1.258219770633791
-0.039256127092307
-0.150877694209013
-0.403137336488881
1.486291766589855
-2.645380511071023
-0.807061320725401
-0.946444742319013
0.876718031230350
-0.496647166099913
0.012964164997250
0.482717388916311
-0.359427862884571
0.289504254024176
-0.943460550975999
-1.302930116608476
-1.829413905836973
-0.241517927728382
0.005906361742588
-0.411208680697632
0.625494064724163
-0.804436088267071
-0.134409066089343
0.159058538252717
1.226290233690740
0.367844219410993
0.470027712663375
-0.691062653420740
-0.505234763900601
1.097273132429128
0.809145934903158
-0.401000821750635
-0.785706517077798
0.110602360059939
-0.316728446061879
-0.247619068413445
1.452901905567912
0.717711245921145
-0.327838471131382
0.219741008727022
-1.182133843491865
-1.204575820280752
0.297789212540848
1.098974215126202
1.533269526550446
-0.081516965201402
1.211419620004224
0.689589513739504
0.055811254580280
0.122911292222121
0.482453340296301
-0.841375727030589
0.527186375237636
-1.011886918127527
-0.698953698642554
-1.198233808231316
-0.172375870666359
-0.352968846046348
-0.325747516202030
-0.838983030686401
0.389079839814769
0.740905172340632
0.056079047303044
-0.823987425976485
-0.255575507266276
-1.691262623474533
-2.190824425753311
-1.246826260425971
-0.837341981486543
0.001554080894405
-1.051999544318967
-1.130579999298105
2.399877544983569
0.577799350317330
0.811091709279064
0.812725642751080
0.770981962931280
-0.574053833182174
-0.538456645201830
0.762271411955654
-0.215678280401392
-0.923849653719931
0.254462926722286
0.895295259111719
0.124517050555332
-0.766467158073161
-0.811239751336714
-0.064862279218406
1.663935762030062
1.752389820071985
-0.040190990006484
0.543898889856973
0.481484452287107
-0.606092322404354
1.677196079068667
0.651429606234108
0.307335675380114
-1.894661513689207
-0.218255922499532
-0.674760620958829
-1.467218222189335
-0.795319187721402
1.196756971737640
1.133285897419775
0.359258224936728
0.363813512900954
1.816698620510273
1.827670632672254
0.080228832599489
0.719710773370506
1.273418830532382
-1.585249881159410
-0.561366643827915
-1.969294863440549
-1.052781046624849
-1.974678964109452
-2.247161900690883
-1.769027345463959
-0.873876771499599
-0.554856353560789
-0.104688015838966
1.821161623621435
0.195055007261404
1.230453102423407
-0.332734422987741
0.522212565222838
-1.351008483906962
-0.099225823306102
0.385966275538510
-1.766278446268203
-0.076396720739557
-0.475033767524775
-2.427640215030058
-1.485701730751238
-0.659871683712715
-0.774797328381785
0.035579213863141
1.443368968090084
0.454721789522194
-0.236354139054363
0.091924085841559
0.768959228569188
-1.198737606848518
-1.107355467205660
-0.775744459663192
-1.101126582190244
-1.147310262059035
-0.125442688174313
2.602782847984505
0.464727397523787
0.862672470867202
1.512796573820922
0.381841505974852
0.460426389533311
0.260175215806880
0.155149819359445
-0.539187292123425
-1.827442382832281
-1.142964338575312
-1.332971306691514
1.096568348344348
-0.278090134182901
0.369782806982938
0.536468917732174
0.005313982076260
0.145343336364249
2.103032163597517
1.878832983500699
1.224303385250827
2.100797273536045
1.862128551663934
1.810482158528147
0.948592556704495
1.399540938642092
-0.348018997299082
-0.337446097137517
-0.937346491505644
-1.008681800735793
-2.221139234484649
-2.174545875862133
1.341477969661389
-1.259370210627849
1.356170819859664
-0.545036287562156
0.638503146884838
2.380365736205888
2.249174619998451
2.200044025909056
0.959924216652829
1.016224831459016
0.824259287992490
-0.200039694290012
0.071176763424274
-0.200809439216595
-1.659852540885398
-2.145985733705201
-2.563936543442447
-1.874784980099968
-0.191163273407568
-0.593210177731011
-0.392667138076963
1.356422764080120
0.487644447568306
2.294197890534180
1.671065302468884
0.577050139778736
2.365086585140047
1.158912443962223
1.615046957170130
0.883801446544979
0.578647724580860
-0.413198369499850
-0.234360786697118
-1.291061616704793
-1.735582108381762
-2.683216033688176
-3.262846784878872
-1.739183771086055
-0.858389602630479
-1.721771699529395
-0.660604363175275
-0.424228383936252
1.616183354296918
0.447080638906998
1.023470699976589
2.051874664334053
2.287558647328193
1.286975913379483
0.269732265806424
1.134536149298921
-0.127340871046735
-1.313854493719433
-1.128521566601831
-2.770505876218451
-2.678357370396381
-1.604419057801407
-0.276602419017136
0.752783634039546
0.405475790887686
0.347656365098372
2.420113915367105
0.721353676759542
1.602808762808902
2.508540147496743
0.633178176280532
0.416027160587656
0.256151756814747
0.027731058020005
-1.466369820227257
-1.586653968732661
-1.417948465384967
-1.933822483597169
-0.217206453806419
-2.121301268372113
-1.395257000301746
0.557623973259190
1.013736141767356
0.252866785330346
1.226461012492703
2.182701176830313
2.017137143391157
0.628803802001729
1.761630857659865
-0.825005111634161
-0.845273804117965
1.359227908722612
-0.048558892558335
-1.638137752491249
-1.120643030316545
-1.240037779169372
-0.926360686069439
-1.819136614523190
-1.612311554895209
0.415460572050964
0.765588588641374
-0.551271977766315
0.576370272569933
0.424162027820351
0.972824298306926
0.271849831799857
1.031935259331543
0.624671576523469
0.290520558436737
1.728965617964101
1.118754924823923
-1.508037351281652
0.330196789563942
0.689827489758144
0.899227889169780
-0.435021763736345
-1.069058043189853
-0.899023944421621
-1.472004073744724
-1.382562668891203
-0.442907061497224
-0.875853057313652
-0.804173524417333
1.514587272351694
-0.643919697423032
1.847293609938116
1.806197915153279
1.502028069031091
0.172953263300404
2.542945230217432
2.923575546924732
0.411489498907781
-0.045336385968676
-0.460351966838538
-0.047286489413307
-1.260643144981740
-0.037708161928853
-0.411970792081705
0.098313300736745
-0.956553990566602
0.057742444150830
-0.567723307069598
1.085186447487712
2.013744301967650
1.022170672309782
1.140229473367946
1.588442864430047
2.873312076594826
-0.210644580831583
0.277691501030882
-0.017591603191435
1.272721606658825
0.274915227284303
0.120853793396537
0.506159248426226
0.612515308676573
0.559830886008919
-2.183147372549609
-0.369597961525039
-0.257209855156619
-0.198126036972132
1.147877317833481
1.366180901954651
0.021821760578904
1.665845520816476
1.218944778592946
0.467726620305743
0.378082367736940
-0.152050342649660
-0.810938532275560
-1.113242406004503
-2.744101453887428
-0.978851981068316
-0.798342361473670
1.197291952507609
-2.295975498525370
-1.875162592988457
-0.403720890728902
2.452669301980919
0.572841909003751
-0.978953996960671
-0.368763175287334
0.666613288980749
2.676291444903784
0.002913950582500
-0.909982752637253
-0.066796936801438
-1.242099498488217
-0.784667158806218
-1.769174310526942
-1.951227679361510
-0.393890268870736
-1.204013399305531
-0.828462784129196
0.165453744673767
-1.176203751689803
-0.898475601391702
-1.501738220983531
-0.031613849058303
-0.366954488616918
0.752363064397025
-0.210492616575849
0.537561366699417
-0.408785496115297
-0.741914140283605
0.957191668748462
1.817262363876739
1.212929492105600
3.199932452426071
2.764811506363291
4.291603075082820
2.370546576698904
1.262083283832189
1.600291152442105
2.369545818196905
-0.746524338583482
-1.238823224109426
-1.465326494224389
-1.242811589845136
-1.710008752860787
-2.665286640959407
-1.738683616596798
-0.052241778376389
0.481845121174042
1.597931120607434
2.845154925589046
4.136604479104870
5.395820795473664
3.162111876425246
2.595852796461478
1.294668984233211
1.631945377854425
0.494966502503876
0.220898662488907
-1.462707078389929
-4.059898392556934
-1.955336173944052
-1.624418010794269
-3.092539436486264
-2.571592909239972
-2.787291692749722
1.916714438320414
0.153788379425191
2.271232060507506
4.969916594951338
2.934413819183800
4.414706468451507
1.438574161743023
1.046653941041370
1.563123864571656
-0.840811549003666
-1.449760610150814
-2.593608139392873
-3.110545473720268
-3.507252898543395
-3.877515029675979
-2.431470899098161
-3.568069947663401
-1.000291670261590
-2.155592061910959
0.044207880064850
1.434295028359958
2.233134932556212
2.026420767490716
3.357765307873769
3.552577023450651
2.817247644072487
1.667177958629281
0.817008168363896
-1.670573163602173
-0.456853743476367
-1.217870056537781
-3.182290164676984
-3.551251107488652
-2.819572685653356
-2.339048110902194
-1.720831056027617
-1.144438938768298
-0.537988454554877
0.736666998375092
2.466765969475572
3.236783407805328
3.232417220775700
3.057053783936912
1.507880825220419
1.513523540219155
-2.281475158205947
-0.470460954047447
-3.011429797255811
-3.682201552503386
-3.734670592597909
-1.324504632227390
-3.813914484987515
-1.350383386833823
-2.914154661876166
-0.846834841661623
-0.020773007092236
0.327629484266664
1.686567011110522
3.269629515264556
2.722920500527837
2.460785773197562
2.435215926654381
0.551004714766347
-0.604064456402432
0.047271446138394
-1.028633800432941
-0.252229057329073
-1.607810513933401
-1.596281530332560
-1.291791092352109
-0.209013134067063
0.252857836931562
-0.424231758657632
1.416410390412007
3.457502146798259
3.332360382713877
2.106387765967459
-0.030501158951169
2.895936743174933
-0.991567130754787
0.231287472049392
-0.373137427491722
-0.203601898667619
-0.085261707928518
0.792514045724136
0.845954249644078
2.387059193465732
1.447338867060255
0.908733861371259
-0.106436234216964
0.565739741345758
-0.479267849300689
0.367182026132425
-0.747246450944187
0.786694963470018
-1.680850430089854
-0.422644284920240
1.070365382355816
0.119626437587031
0.219531019358207
0.182915323882902
0.385944714736087
0.879327936818603
-1.903808228247120
1.570187125009994
0.446340382928093
1.864025515035847
0.032270334979032
-1.936879123765699
0.369060185878431
0.455848606610850
-0.386581243202364
-0.068304224534118
-0.385066881708681
0.525039018111381
-0.114453954579510
0.274678979229616
2.433142110344441
0.966338016110833
-0.342593002849396
0.210767035079040
0.284276046504476
0.614419679131723
0.812420219728968
-1.417527118198181
-0.744975945268470
-1.580862096474955
-0.490504653163955
-0.570569671707353
-1.256022488028611
-1.009228900531699
-0.245404201374724
-0.223578176642912
-2.114215543499198
0.764237014841975
-1.422254122702358
0.510199357713397
1.225684090901486
-0.080129174674474
0.095579618649970
-1.606289671282117
-0.751948972437516
0.385763297907129
-0.650882746158730
-0.564187851732492
-0.434672292924873
-2.879056277799782
-0.784466506216390
-0.787952849458245
-1.971926775862560
-0.116015455313111
0.513354198299760
0.818417038273802
0.079608794408668
0.060691749814817
1.192811426822943
-0.407404182375685
1.643321210359858
0.321238202180186
2.499161484497293
1.908373924599779
0.292678792195627
-1.093317616531295
0.091602778898754
0.351579628457676
-1.684792237948143
-1.060591004370983
-0.054809786911621
-1.439852070970247
-0.104185854867743
0.751802820958878
0.987474780648306
2.131009923872364
2.447014958315111
1.969263250572907
2.065195631675634
2.173448059128408
-0.192769040944899
1.726812542681675
-0.277433545452970
-0.392043141727599
-0.279548132985751
-0.842253060811783
-0.261607716454491
0.283084540870145
-1.465804990700055
-0.763990360898744
0.543711344120818
-0.493896942164203
2.140159981665607
2.065074865750810
0.812321544275438
0.745791620049028
1.773368321710495
1.905914512853832
-0.929031221053979
-0.396400706420919
-0.936481417782113
-1.439994284972323
-2.011829808015087
2.542827711225147
-0.699581571101313
-0.854409950576279
1.076609767004785
1.446298717233629
-1.631736454998734
1.761078676007764
2.546702014063222
1.602532338196800
0.848045341530218
0.546981311751207
0.162205234726370
-0.838980143183051
-0.614044704135426
-0.824002802908538
-0.375705923062463
-0.072438356452111
-0.505151949755245
-0.556698847800911
-0.171160962702631
-0.475480236087829
-0.208887250233568
-0.941706523249677
-0.685295626335336
-0.080551659410972
-1.014941290549300
-0.109635612970855
-2.255462803926759
-0.692353102666334
-1.438052729507058
-0.925740477980677
-1.937101649401985
0.604965450850521
-0.347330067200084
1.767729927430703
2.171706604334658
0.388541407742479
1.195330439569086
1.931040258011984
0.112435549506301
0.691609404478749
-0.251151945818244
-0.660384134057874
-0.453379605108815
-2.646777246511655
-0.281665493764970
-1.206873927799501
-1.187089740152944
0.561007766413629
1.194884685429622
1.425607354115106
0.554427306722799
0.222534895501441
0.609258023791748
1.520109708335719
0.967713217288302
1.227223689650699
-1.712935415156235
0.232398016173046
-0.242265143665366
-3.346576285473615
-2.403059128445677
-2.333985863097613
-1.039016021238806
1.917383228651845
1.429924592465291
2.967671161567727
3.797176437157745
2.589962383583029
1.470246156800397
2.383481412628388
1.453256021524352
0.472240051348407
-0.612776124777959
-1.584410565841886
-0.456975848101201
-1.832626828958992
-2.962499689498427
-2.684023697302916
-2.619088946727219
-0.821057934581765
-1.648670589423940
0.394843061445458
-0.105777588161400
1.322817032745561
1.883508414075607
1.228931140588300
1.886045551439298
1.910460128129186
2.880071591885380
0.925099264244312
1.647447724546943
0.670943574017674
0.296372313554062
0.253016689847712
-2.154708944126671
-1.324537046426110
0.556791124446233
-1.128394077900629
-0.334698312363911
0.966261984462248
1.197912564692219
1.821504166486515
0.083797999039081
0.086005105637071
0.483021188391167
0.562056103116830
0.801438818537082
1.465798118832114
1.427240727857570
0.345758169754293
0.419473599644253
-1.668358007158505
-0.942766824105934
-2.580493089610805
-2.793693313228510
-3.088611451917910
-0.965388987366599
-1.483397632714262
-0.624909776390044
-1.931010947005685
1.006775403745273
1.871295592036111
3.135245137343456
1.030111326546375
1.981277239351155
1.744589374028481
1.349907469496938
0.006811948890656
-1.725673940574499
0.816886739001044
-0.847332363089529
-2.439167981279381
-2.189216581641467
-2.421619582244077
-0.350471687117350
-0.511471966176833
1.368297239031128
-0.012062326895649
-1.224327674206195
0.825989509090676
0.683398556348852
0.361343791264503
0.045905672759673
-0.720181496048761
0.155231150236376
-2.090622291358508
-1.946727292065810
-2.548193236055611
-1.318229395231018
-0.917040286264786
-0.430882405051347
-0.142896049224012
1.302477969764823
-0.210380416297054
-0.120742035749199
0.883692963519801
-0.256613024167399
0.260808597372157
0.402429545893659
-0.210778137684913
-0.385775604099000
0.497854725224070
0.077839602446133
-0.294129066475938
0.151142094505636
-1.337899446033878
0.242851253355297
0.239020340341581
-0.544350401640173
-0.849130363584586
0.006309575242628
-1.774228784883856
-0.883992584302868
-0.305802146102243
-1.207526064178705
-0.645944970121536
-0.116211040830014
0.318505149729623
0.561811070848879
0.754924245803425
1.033635628801159
-1.311661606238991
0.289495598739932
0.267752834780973
0.878858554495949
0.817598920842235
0.040580910100274
0.889662781026785
0.202900140500099
-1.105423144553814
-2.424838202140784
-0.584855015998423
-2.156414137755518
-0.453690325459467
1.789338979817469
-0.160846512196149
-1.007732644105041
0.406249701002764
1.155251574269299
0.540669184353726
0.463953789411947
0.215089453225426
1.185531448425843
1.078646593127357
0.806674695026518
1.959320468691540
0.106276053330589
-0.025448616457123
0.466702581446673
-0.511766591821599
-0.567811588108240
1.880099015036224
-0.982169008749203
-1.948187441286519
-0.950291304214915
0.983055893116100
1.385720784382577
0.640184710421992
-0.232385376498546
-0.924011334636936
-1.969661997391470
-0.865133673189900
0.718181497138354
0.905878757097018
-0.503903475002372
-1.033390425766430
-1.661546288324434
-0.357725331496415
-0.943510926121291
-0.104512371763876
-0.819207536154854
1.417386183845620
-0.956806321191752
0.206032061582217
-0.461567468978929
-1.061118969159359
-0.514845691406409
-0.762928359353344
0.340537102292595
0.552780221153669
0.021750087170173
0.705481833766212
-0.289842953312205
0.349483382581321
-1.234350357963580
-1.191253826585698
0.179107375897377
-0.948051780568277
-0.894545420613908
-1.745238124365584
0.153448871063023
-0.660083289452691
0.221326900724690
0.950547384991207
1.091986442705322
1.430792388191284
0.809968635030777
-0.513005652019566
0.353635034278812
0.005761561804101
-1.957509406240342
-0.798045947805640
1.101569494317033
1.439240378697523
0.445969324482032
-1.349028497861573
1.680280346340736
-0.033294073940651
1.269031135219587
-0.780351121815012
0.802918663130258
1.533578877516918
0.116846996103019
2.032819548076015
-1.579688234306810
0.181102709471384
-0.367997565885448
-0.111550311237249
1.157120952461762
0.257717922203611
-0.456988655358733
-1.079993188576452
-0.624626592100271
0.103992686860248
-0.116238950785507
-1.471577482738700
-0.879780701660445
1.513062989112213
-0.267142060553395
-1.599226987496341
-0.983984874250279
-1.810247740450465
-0.122088542114094
-0.611708260272420
-1.476431614745102
-0.809750635994507
-1.445179390609456
-0.398257841015808
-1.382157698732118
0.620811105299464
-1.503049293278562
1.815218344411876
0.125852082116071
2.451505122117448
-0.001968262975686
0.768032339458821
-0.003883824505496
0.542078541880738
0.712033141585627
-0.968937879949100
-0.665809333619563
-3.829850728879038
-2.175990299533044
-1.535631833185697
-0.971593159390658
-0.341885092125121
-1.085880736692930
0.938954037411021
1.140424777750062
0.184733049940388
-0.204800434709949
2.005671225543138
0.762278292697054
2.215101743501153
1.285329081232274
1.412478874561984
0.920555206314834
-0.167696541663206
-0.503815241024694
-1.181917738012601
-1.288228104904295
-1.482131763498205
-1.979810092285949
0.277740888276163
-0.059363452734443
0.035472927278871
1.335309348440592
-1.148199773913446
3.726871359758544
2.942567986234874
2.462269993776241
0.380756918121611
1.515603132982843
0.344296351197854
2.546915492187376
-0.310530176617883
-0.713508909165277
-2.545200140053375
-1.311775663762834
-1.700029908498679
-0.197325845471358
-0.643318522853022
-0.647842603524839
1.137324473928082
1.509377944565390
1.149885348885939
2.168331703566069
1.899986190131882
1.994181892446897
0.431990281736391
0.582565819523065
-1.358980698331471
-1.957457085241821
-4.122949431020748
-2.307174202993447
-2.952615754036065
-0.933101453390874
-1.948359073091164
-0.663542150081423
-0.333101333341522
1.559972713802201
1.898026751347376
0.756983754642820
1.801221624049924
1.110961044733240
0.936421723614276
1.391440574298759
0.430633534397695
0.757137487398601
-1.369410510489878
-2.780407043524731
-3.010353603501519
-2.924993257590829
-1.787461723028438
-0.688476075422657
-0.055260829692477
-0.694944520242424
0.415072248298185
1.200859356010885
2.013115272177057
-0.002800957899105
1.012012070197760
-0.207153201313369
0.596080411198994
1.678963309079621
1.550371251824024
0.556379811740991
-0.616630608646053
-1.970734482070838
-1.923018266483690
-1.433147949658919
-2.196367532698944
-1.424530104632479
0.676436789619626
-0.275132086714699
2.060808300174147
0.397080487644095
-0.394152090726452
2.997259252579427
1.979834838790215
1.768537239971562
0.160995752837864
-0.544212714807462
1.188378073656164
-0.617952950498633
-1.439610704198295
-1.736984186300587
0.260964651274204
-0.064333602668736
-1.203613540936240
0.822543331751568
-1.746705858125350
-0.577277457053478
0.285585450058191
1.250172573234288
1.709832630063673
-0.125142730660491
0.650433225870824
0.692115543686899
0.026501876190448
0.124266443129813
1.030187898952396
1.463747537752739
0.382798992775931
-0.136773724591025
-0.868152243458552
1.554888851084092
-0.468793783561590
-0.113472287925172
-0.956317750360638
0.140550235362336
-0.020567351066282
-0.617113195040571
-0.988423890408695
0.233758017758374
0.276323546750978
-1.243635686057655
0.361682613928095
0.069974007399044
-1.700594249397049
-0.193991039511662
-0.122222219690338
1.301226470221335
0.728896799505445
-0.438986812414900
0.913071575426230
0.332617413245821
1.570899945157953
1.044138787851729
-0.523471285728623
-2.076687965791564
-0.464426605207882
-0.569657269610469
-0.783920260567151
-2.268189030745007
-1.171244637516130
-1.378639730806192
0.072652715628332
-1.004160449162783
0.904142671943801
0.288505491228369
0.845519520261090
1.427756479021828
1.690526642599002
0.225906166594977
-0.688300143346301
-0.201217819341542
1.520214382473760
-1.046590515034004
-0.954770530751883
-1.735602388559544
-0.609955388323052
-0.520684216991221
-3.481965778291203
-1.616825942569718
-0.998508079376242
0.686948875530312
0.009570905824598
0.754113369263759
2.246686789349404
-0.014100432646932
2.300642847763786
1.621114643514171
1.290649710638963
1.308257395880243
1.317784177191641
0.411639009019042
-1.212965520948306
0.013097183379754
-2.167864096558391
-0.848554322083315
-1.383960942196613
-2.461423596217164
-0.808226136900900
0.049188876539127
-0.606960886766886
1.668803235514569
0.718045284260674
1.221177956645138
3.277714678236523
0.011607870860464
1.257233385928407
2.196751245887185
0.499768471263077
1.021768081099733
-1.990082657394220
-0.356173330499682
-0.419267559200929
-2.128743435632964
-1.756549905222395
-2.184283108522372
-0.343492623291359
1.660954927260506
1.493009053112015
0.043794638969611
-0.136573513993896
-0.312954812041371
1.232071851420026
1.868276382859949
1.599521489068616
0.432482339472025
0.956848327370784
0.127296198120034
-0.478832263786281
0.028772797403391
-1.031378500352716
0.058944968019130
-0.184421058277425
-2.227257811872071
0.862442815524034
0.141980070616406
-0.169409770836461
0.249208545868679
1.071306444145903
1.637891506077133
0.619766166429376
0.734741917024377
0.244980689383379
-0.060061905479839
1.526115460738504
-1.542040857278030
-0.414398025993565
0.673912120093220
-2.043654796439914
-0.852895670293867
-1.192480273141337
-1.767197967542596
-0.521776105855559
0.066424464744503
-1.787871578766441
0.727770421082837
0.411022354560373
0.039969397636370
-0.429222027792112
0.931370177822944
-0.130554202030833
1.370653783679630
0.279844898822573
-0.353172176432474
-0.678693060944563
-2.335909657486529
-1.281095308047373
-0.946028001269403
-0.158324954580726
-0.863739595399190
-0.390208742364424
-0.723106325531287
-0.855897770780016
-0.358359196158587
-1.225963273642287
-0.687767222069792
-0.239698424664458
-2.255604422741654
0.415491143161063
-1.403038896665087
2.000191655723230
1.202570898493247
2.044255199199021
1.515155831372755
0.361177534938145
0.702907223475362
1.848762123392943
1.012411871191250
1.213116523963305
-1.285262633143495
0.305954725361822
-1.327660507219060
-1.573884265398755
0.456069248426041
-0.650697595485385
1.050222387973496
0.654544486281642
-0.131154606793749
0.994757764168215
1.204345761266502
-0.288221846343284
1.274776261575919
0.607242867366343
0.435332481974926
1.031877110109292
1.339203461684630
0.428382819479334
0.875372438192041
-0.156405498774481
-1.366317807708168
-2.752856486926424
-1.849703362878135
-0.806329156564830
0.049489593759734
1.120967063484875
-1.157282163709464
0.454770372139992
0.501567993858613
1.014318144133210
1.350747648577097
0.985380188859928
0.697114827996969
1.673879785431278
2.023532575750415
-0.406449466414640
-0.141700072996225
-0.428464496315855
-0.562090688255701
-1.375531660278924
0.125696457464700
-0.207712755238210
0.836162503888201
-0.584132995726290
1.428913144933179
-0.246944641524599
0.550094833678613
1.969868616673047
1.261553113879249
1.106835711176148
0.891486794940557
1.007951835183969
1.539590477562706
0.422259012151186
-1.704141744468520
-0.629239956541435
-0.607315532442382
0.579878168348725
0.415640158938417
0.717233587115478
-0.325747004126915
0.063879196709426
0.770775970176604
1.477525305579643
-0.504576095430372
0.815881075315575
-1.165325092000308
2.075157438204840
1.019170574778656
1.449699421649941
0.925740203850115
-1.595032995494360
-0.563339985193085
0.216817750623373
-0.835574234787605
-0.121333634065397
-0.931509038486111
-0.297863552216554
-0.815568152172061
-0.878643416311796
0.541351254189458
0.204075914107790
-1.758510590051265
-0.291611057190033
-0.974288657131238
1.462579728744045
1.323852189797682
0.037975955107091
-0.395198646475449
0.021459916850169
0.944243500066126
-0.047349164945168
1.072390741493705
-1.691274015897438
1.940388041312744
-2.275575731333702
-0.251109248211901
0.742327133426913
1.134564496101285
-0.183083713578233
0.072319775577892
-0.221218685762292
-2.077689699236303
0.916431922800242
-1.196860594501227
-0.667179463595027
0.759271530988162
0.514083262820157
0.627250541307461
0.206645748672696
-1.458820207373068
1.055599389168607
0.179616040281864
-0.434174982234351
0.634411305796183
0.476867333567663
0.171330126103038
0.948476795525473
-0.502513767117965
-0.175928631921730
-0.074021408956364
-0.829976484118602
-0.627601109790501
-1.410387839667895
-0.414860523232982
-1.003820282193949
1.074451590997033
0.522187366248478
0.984481035213897
1.677800570897331
0.870949426361213
1.964096046211876
1.098109504699227
0.677985975498104
-0.924748473641753
-0.378514052490812
-0.753170150272907
-0.361624634143667
-0.891953141839879
-1.419651084944104
0.457788152643372
0.533588192864719
-0.335590893994704
0.039931615979802
0.173467331068590
1.632346270410827
1.687342910983534
2.317424665894884
2.041894736268902
0.105875362630212
-0.273689356737150
1.108917539444119
0.952090440661097
0.350943440405767
1.171562904524767
-0.179516773998028
0.674012043792877
-1.640566839720636
-1.851062141473073
-1.028640306123609
0.253839186373478
1.139401687079350
0.249010319157606
0.594977556496691
0.450988430803969
0.800523216680738
1.027185061058839
1.313140046062380
-1.515119583095206
-2.312442212746837
0.409558442170303
-1.089894361643115
-0.341466084539255
1.137946347771150
-0.818112249072591
0.167383766587833
-1.282573006375491
-1.336939580517629
0.178241377195428
0.012105845019746
0.128863542079498
1.135559283740313
-0.419614103707358
-1.014430474998572
-0.063794674215209
-2.484691451505749
-0.880102588921503
0.156905093232100
0.113071436037540
-0.716723476868548
0.924290832414387
0.312849221630713
-0.106342789127667
-1.198031812674234
-2.003774632587327
1.087740541029308
-0.590021215386297
1.963496899682524
0.760328860660700
0.364975966852498
1.746211088772877
0.691710236772260
2.197316199918814
1.373432414361641
0.903610045956320
-0.788014847740895
0.038480253541662
-0.285796065193803
-1.332123856818835
-0.125068274786136
-0.031632906765776
-0.227131764246520
-0.296022897317447
-1.870060305872395
0.203727460184625
1.225160043005690
0.416973653207466
0.926355061532801
0.485222097685317
-0.355143998134331
0.871176226231726
0.825046272617542
-1.212689921723615
-0.598242863636562
-1.426778220630338
-2.815562041421781
-0.405438570170133
-1.185009388351154
-1.274516309366609
0.259378544704912
-2.022968735827843
-1.119846091559904
0.129098622865906
0.243041323234386
-1.102597199489269
-0.360721977973928
0.110891625112946
-1.121526529755880
-0.992502897744814
1.313022624063024
-0.852489339796884
-0.073166469293620
1.460867901169346
0.962000200822650
0.641820892825741
0.170863323453890
-0.215683321388108
-1.174608928698468
0.539378525442192
0.094145543736463
0.650374978752922
-0.006303376836175
0.510641877343964
0.172401514155999
-0.502321621856752
-0.735297667353034
1.908361903228652
-0.531673455694778
0.054637732170386
-0.634761958250780
0.312819752981954
-0.295051096304823
0.912821617797195
-0.827709858455021
-0.853125520135839
-1.924896215926838
-0.767491191101546
0.588531522316359
0.033779083599985
0.450137465120267
1.103150826491109
-2.181322116141054
-0.084604063780220
0.739374406783981
0.723043663074425
0.988861141857512
0.613979584859657
-0.740648266338924
-0.869216212526311
-1.640562705643302
-0.469954782280814
-0.518888813376442
-1.209466269396865
-0.678123832551053
-0.068230582905286
0.492463371382284
-0.609170852206709
-1.656486498768567
1.212712195986297
0.472884282374274
-0.578484739096331
0.420569939495880
0.633670789501615
1.283790421122114
0.217165722875696
0.605299553228417
1.664565458956008
0.034160947231231
2.124548293065402
0.851257347365906
0.044965808640622
-1.532730671870766
0.777294327847660
0.579600106452772
-0.847246662824481
-0.978974123368949
-1.351156625541025
0.695276442227938
-0.735187886471855
-0.295794250791941
0.018997570604627
0.099619204142538
-0.273177136731080
-0.349565851611420
-2.536593193682640
0.801294718260903
0.361775080563914
0.178774015478253
0.718830897231939
0.153396974451742
-1.066090950647647
0.206601141030896
-0.900654821890149
-1.258243302808198
0.908782996523489
-1.198846314778314
-1.354152397489880
-0.283302864515737
-1.408825499839391
-2.539797107458446
1.712700643698680
0.952570891251275
1.304396109808281
0.320377424932941
1.321403822988401
2.020923169962829
1.091591810628646
0.476032969854294
-0.004069590866970
1.273896461359050
-0.631646788314563
1.893100129982394
-1.262161399791049
-1.024087162581753
-0.829798872090631
-0.117137395246337
0.629962667675343
-0.478768829537475
-0.100220108337121
0.563474078934063
1.278101069798177
0.580631260895909
1.221783385701494
0.675934378258598
0.958908583237503
-1.012336164110113
-0.093022071324846
-0.324041118464572
-3.031153783907578
-0.615249393009307
-1.122620095785555
-3.228030490207894
-1.872550603874200
-0.579608330016309
0.263957753433102
-0.048869701195968
0.707183755968264
2.609653178380587
1.517260141403443
2.124014780645496
2.123831757089109
1.579138893635436
0.004403647322441
-1.003660382862183
-1.642347643124027
-1.504881359265559
-1.953662481992664
-4.517998159273276
-3.258186895268532
-2.734505687485359
-1.116919217253286
-1.218095944131470
-1.047452810671595
-0.126247483559815
0.743394234132554
1.456972374268838
-0.087732575952100
0.382531876951760
0.607326106571720
1.487484839609687
-0.150329260542558
-0.220064535100338
0.291579545165800
-1.705101265836092
-2.443655756295368
-2.535521384486069
-0.058900878913271
-1.235377531681172
-2.400252016998835
-2.000562116042924
-0.117198635690192
0.759133504573801
0.049217173223981
1.980028379496845
2.074144942033671
2.079630280804924
1.495551261127091
1.535181989451769
1.294617438188611
1.232515716771275
0.414788510100825
-0.993814285926586
-1.717022306695504
-2.344565302737709
-1.591280389073025
-2.680588528212140
-2.487365737244665
-2.306216745971529
-1.344667510610042
-0.738295869921452
0.039046598203307
0.343614498859467
2.308908310258248
3.348190089448876
2.313611864842763
4.372485360373781
3.998810577053131
0.888553407154891
1.978740490128217
1.820860411250280
-0.311356100332896
-2.342454700016505
-2.709211080760385
-2.064771203913440
-2.415995404074186
-1.407026359819819
-1.040491179882228
-0.619124440265939
1.325370615026005
1.212074483668793
3.283272329141133
1.873535951892844
2.691572291163362
2.899444642558722
3.956077798407353
3.113544110707886
1.420160264012192
0.147585852221381
0.323811049845119
-3.058000211977502
-0.559651589902532
-1.129717097706308
-1.726755836928828
-1.147579429937867
-1.124563237936609
-0.651963218831993
-0.515540339778773
-0.960884205624993
-0.071269936923072
2.348189622857143
2.884773893617961
2.148877293627495
-0.719971511520572
-0.035143912167861
1.299875963904858
-0.998898282266068
1.385401824563707
-0.966585067469308
-0.818800725411685
-0.819905632344526
-0.824168307076831
-1.089922737683903
-1.981643752018144
-1.438858267297732
-2.218608993201611
-1.506998678217909
-1.555043125648411
0.240195534101231
1.883612270631470
2.017217817979661
1.913879995616733
0.876178687637009
0.893772920451672
1.505590732108025
0.119506397182682
-0.725330039797047
-0.664504666243280
0.561308229662641
-1.465532562187037
-0.929566545072818
-2.998947852088982
-2.337566068575488
-2.244002713495060
-1.117999420654613
-0.072161348468669
-0.272379715083468
0.015844890682831
0.315628709396434
1.475261168697565
3.697478750143826
1.376119512086237
3.814175619757300
2.085932423726654
-0.097844017478034
0.161339071790745
-0.122589192005287
0.211436006303787
0.000366070728492
-2.048689577098089
-0.321751562738726
-1.637055620981229
-0.691657641956284
-0.606272273574299
0.271049501271516
-0.152486543157753
0.879469807950244
1.115816840220709
0.358732463928361
1.718020885585953
1.331292315032055
0.595114556087567
0.832737425077925
0.049270123851107
-0.181621794641621
-0.538534719534093
-1.338398925785045
0.559261586402501
-0.336898385960202
-1.469573113010540
-1.008373851434747
0.350582115724468
-1.080311978949827
1.401258866191470
1.998457634041613
1.025703804081590
0.701560925512386
-0.015453606507283
2.175015922906705
2.420531561266344
0.464395493968979
1.768361520649222
-0.734905639214744
0.580961742310330
-1.402848300845646
-1.079079687788633
-2.451362791003213
-1.397905293826244
-1.321060086277103
-1.641885463622075
-1.716460253473306
0.430338937857143
-1.120339445504154
-1.553292753258576
1.045696047624945
1.331656197303515
-0.440401702495418
0.945571664560220
1.644765865103956
0.247506139827997
0.050336568439968
-1.297596383343801
-1.611382614213566
-0.088411744375634
-0.542710925907825
-1.695947543453168
0.594183051921391
-1.571552553190213
-1.753264205900654
0.545283368374525
-0.078225391372467
0.606515755655307
-0.147290013004537
-0.429909487401029
1.686847740703024
0.820163898445688
-0.939576677438517
1.555192286738041
0.003813899156628
-0.026909923831066
0.505153012464907
-0.981327956004159
-0.126389492712422
-1.035250080112793
-0.900732989649243
-0.471809035506321
0.058273817686010
-0.782733857495531
-0.967902895524688
-0.378953961465821
-0.338303957902168
-0.115917095902433
0.424998148575408
0.355317717985345
0.859599926889937
1.078944185006020
-0.454488142499959
-0.165546105101606
-0.585676500478707
0.192223392502935
0.520161876232420
-0.935266104224095
-1.531945079028746
-0.709311831268221
-0.454277966722944
0.012590310952030
-1.146121106028227
0.931516996337491
2.289714025444018
-0.740334323188577
1.007007474875188
1.195901611973695
0.427496801877090
0.320604135646048
0.180286182453759
-1.485987389816719
-1.626902623889886
-0.845606869434090
-0.243318559157726
-1.295401720220332
-1.921918293286021
0.977698972433546
0.975765949573665
0.220377326724409
0.244052597161193
1.380326218110136
1.000937878483682
0.684151561608659
1.567754599856993
0.664171170320950
1.233713589063347
-0.722511711928420
1.291244185357685
-0.647730953717564
-1.157044953254704
0.426484320312842
-0.758601733869113
-1.954197063866811
-0.937023448756137
-0.388862453528463
0.358881424527755
1.362519610603310
-0.110267567768123
0.206742576167556
-0.998298347887751
1.530275488090533
-0.481690506377755
-1.263679244746475
-0.573393251920994
0.398758609134768
0.223308930430103
-0.137825352950822
-0.724784008455110
-0.763226154970776
0.445807735688828
-0.138439958373237
2.070152276843707
1.885117666872544
1.337080702774742
2.648962669299793
0.368595179777717
-0.516549190673308
1.753487234590396
1.360156505734106
0.567630421406829
-1.260964647543032
-0.151137728978477
-1.746172598000412
-0.769528418810752
-0.593195745768077
0.283854059954279
1.329071873450631
1.276647124165645
-0.381648298471930
1.311344561350841
1.711458282858059
2.021708042920212
0.697601924509654
0.575752732586065
1.206914814053823
0.840124775109065
-1.195663473102363
-1.288571160989213
-0.658260260752060
-1.613029390776411
-0.358980631331271
-0.418985152805635
-1.072371277061389
-0.371956807350096
2.434579745145212
-0.885888266711784
1.980091263645281
1.452851008492503
1.565318939086404
2.033221751155976
3.152472126237971
-1.364571435318785
0.061731483430887
1.298078975369614
-1.795646078023557
-0.876125662590729
-2.717177353832204
-3.137502298833098
-0.671490086927299
-1.042673752530328
-1.745858413129301
-1.519358745594893
1.320550017424418
1.589984835039614
1.360470534730101
0.598930943210642
2.256703825974347
2.064691369481739
-0.663341557251721
-0.910406308260578
0.456323711752867
-1.423561557788690
-1.689383002638905
-0.289906240880338
-1.840572234711953
-3.036884398401912
-2.865771519658274
-2.606549895554774
-3.020195861090062
-0.495812820291805
-0.923214637885162
0.584145272315319
-1.989144514206021
0.999663073329706
-0.799013837932014
0.573583309955337
3.375742464143588
-0.017580952489057
-2.117006168441542
-1.207018585486843
-0.312048327082311
-1.237112401218590
-1.231858517700773
-0.267315434267352
-1.695091356393652
-0.727505805682362
0.981930138715844
-0.153024951098256
0.303681087848913
0.387597263968986
3.258634889637901
-0.302606186358730
0.905932385179846
0.951098503574955
-0.244199184678380
0.284656080247839
-0.610179152843540
-0.074015494781914
-1.258655611596816
-0.264530322966578
0.472897645210591
-0.442964406296876
0.287886702785016
-0.591544283747300
0.432572316696766
0.870329099408483
1.142622608598177
1.055442900319068
0.637084364839153
1.348200435628130
0.104010565971394
0.333987703152173
-2.231512046411638
-1.530327027029690
-0.145469048476058
-0.706565312731715
-0.081130031079971
1.240659423672397
0.161079733552347
2.205324654913538
1.153812439002322
1.494952384515499
0.529775964024290
0.546642900277347
-0.163159419749273
1.386501818785675
1.391668761472497
1.303674032643309
0.536798639655941
-2.476860926479378
0.423627493736925
-1.108442447015034
-2.348712079036715
-0.946494003929401
-1.937812531794423
-1.360815312651959
-1.657738772663593
-0.134977969149435
1.505758015235822
0.195216736066119
0.736795783028765
0.797210272678241
0.174317352975018
1.200095433540614
0.210735138421221
0.136915117594278
0.543352783933574
-0.883080856661213
-0.049451803779981
-2.186396592677835
-1.090532116643540
-0.455148927696787
-0.563131179381415
0.459645597869708
0.673934257664982
-0.558147744051035
-0.370360294877543
-1.183163786358413
0.806657874462660
0.519767745631316
-0.264788746248639
-1.573639369377657
-0.170896386473230
1.034773583926184
-0.625583945957211
-0.140719655575147
-2.043955193879347
-1.009186251764121
-1.308488228139180
-1.562757999022012
0.054640944501769
-0.167902465959429
0.318306118425050
0.807903130630083
1.814856982457032
0.764083974957938
0.594900604524531
1.470392987788417
0.985465626246641
1.208530250848321
1.232508324317266
-1.112402344272798
2.023999354077468
-2.812111040189888
-1.024475701655089
0.031055127677831
1.568080526678914
1.775320206794900
-2.167202799225445
0.280151868675222
0.603705537812125
-1.149763000618879
0.533555589032608
1.689612890835325
1.881028312015782
1.756366044974261
0.878865640034258
-0.003949397797490
0.161957809326478
-1.688224579983743
-0.445654909196328
-0.457901212795522
-0.503598149556784
0.496818307554594
-0.913105528888203
0.909799097643235
1.997474941434988
0.263084888129346
0.295469541558245
0.535798701075329
0.424785235506229
-1.250428313289666
1.554656290007396
-0.233991765466416
0.568202873259511
1.270778234252781
-1.401408056906379
-0.063819390610058
1.427512609226467
-0.145466815560320
0.039299985055171
0.069121565963113
-0.244217271406928
0.236106661223190
-1.290740327691291
-0.579805320081263
-1.865593367001310
1.199849737274869
-1.176094621346599
-0.884544204394903
0.129323938800427
-0.766598230923683
-0.037862966325698
1.143957388274912
-0.140151689320006
-0.668907262889081
-1.441042052839030
-0.057942230952359
0.544114238677187
1.510216803582763
0.596680198907017
1.741763627738469
0.234014015158511
0.515841266727319
-1.605036996441074
1.450932772577237
-2.485890567996446
-0.940340205920770
-0.631516089116774
0.600155956385420
0.555821634271083
0.750626745953777
1.076276303274090
1.803007418676470
1.151464482096242
2.350697799526391
0.927485946748747
1.258110402999974
-0.833514861639534
-1.024462537379941
-2.144919539727939
-2.304365972005065
-1.713965258058396
-2.617297990617897
-2.936862635247213
-0.941974178118763
-1.167419225615656
-1.656111763693778
-0.070221769011436
-0.285836784895160
1.291294854568483
2.582361409981824
3.006659573647748
1.519245554059757
3.065059489898114
0.534689607083680
-1.756050553098536
-4.381747723859793
-2.703741390686369
-1.825335820203151
-2.747375357939227
-1.470778956970183
-1.611085565707435
0.338352141913386
0.703412873709574
2.290279158205279
3.181031964220272
3.217718654352966
1.077622949229462
0.045724471352673
0.929831685277880
-0.490868495705032
-0.407212805555036
-3.077669567223972
-2.434866001600525
-1.177208938844460
-2.831832859451280
-2.465541145377767
1.035082511396985
2.715278103668497
3.690426609851273
3.288965871030723
6.578508557293130
5.120578624632277
3.377024974632058
3.189607118911193
1.696128338189564
-1.341733754483280
-2.279555016992154
-2.268214436572400
-2.306247439196671
-3.754792363289416
-2.279453064095907
-2.813471009335250
-2.134506315480126
-2.849881478391445
0.644172062529076
0.727411476012604
3.135245186978965
3.555593487578614
4.515400997272572
5.344339475244241
3.844901185615020
2.500697963794072
1.302442672306378
-0.072185147253538
-0.009113189184679
-0.397174278020130
-1.413668771825710
-1.369617409045349
-4.026733056635242
-2.913622743540080
-1.615935318562472
2.520416204111324
-0.025848775679813
3.682137197925837
1.406423347594215
3.774093290846945
2.327002993498154
2.669921289407464
3.048299729996295
3.485828262943941
3.346414331436518
0.487805789929723
-0.707377352120476
0.242386921224462
-2.431986303572949
-2.261456264354137
-1.880802613548363
-4.464303173414168
-0.100772764456819
-2.855958495325807
-1.237412459377862
-0.284894144119253
0.601644443813903
2.153482574336566
2.335399636329836
3.055405555817647
2.926238408271735
1.991151280351803
2.188667033477179
2.304188560722134
-1.421977090235027
-3.723496026856780
-3.389061958582982
-3.703869159327194
