-2.869482693840650
-2.148008717003740
-0.542378301107617
-1.186799370993425
0.073119276051995
1.691780537607328
-0.780674452705584
1.199409190039249
1.135365751154580
1.050612682077372
-1.463434016574059
-1.055243828272423
0.539716519614099
-0.588470011465264
-1.820939324342989
-1.613338330733811
-1.732528381315109
-1.041293075222435
-1.385630466608241
-0.551244366588912
1.047313053234846
0.376220044728055
1.243935261613603
-0.037791163693423
1.510406002441036
2.057274838551041
1.459831013225953
-0.223783346388357
-0.022436145573493
-0.865516012723593
-0.900552483938549
-1.533873971164109
-0.196139933631486
0.127728843960967
-0.129760877368609
0.824399394817183
-0.146028407934145
-0.612969117813181
1.675011150162428
0.867479059882240
-0.231529179737895
1.175474756404324
2.585953017606248
1.965782878922342
1.364651746169625
-1.050224625308106
2.024586328456556
0.045215949094012
-1.549585528428502
-1.087210788915147
-0.369875033168466
1.279231348087438
-0.336668797356454
0.185316722829840
0.974850056104526
0.505808392372589
0.904602602758277
0.551024700520941
1.020961625118722
0.553944946601561
1.080284363878923
0.378496155723932
-0.521843502118264
-1.418375155203137
-0.269839388678874
0.145501273921933
-0.603704344247702
1.346623426736444
0.930875576053885
0.373628183422928
0.974519814830054
1.984700505212717
0.378704100985874
1.514383655779097
-0.330398578953438
0.514366256070713
-0.894916302115414
-0.535371701016653
-1.224235731297119
-1.419167942633371
-0.875458224542291
-1.634808927092045
-1.662509189300198
-0.780547943367208
-0.262508206316777
-0.467929821199607
1.298370657722298
1.281997788199877
0.625932480420973
2.379474806622061
0.850089255279555
0.636586948463900
1.162514939995315
-0.709812967883477
-1.026229719901929
-1.434503181078541
-1.389240556738615
-1.795655262881532
-1.530999728171496
-1.033282461906886
-0.493422341269420
-0.081301875163000
0.318060852793427
1.040012516325731
1.387320852348858
-0.585169999551642
1.249447655518095
1.567597330742428
2.564572558989753
1.232932288733502
1.673029052697910
0.229613363867293
0.161874606402997
-2.866905909570854
-0.838739530909142
-1.861872086198901
-0.479253640327382
-0.880055800929660
-1.804610965901019
-0.435917533437962
0.360804635704324
1.650180803550918
2.401060035231358
1.376047410320878
1.040579039561256
1.396643976244424
0.850187084065040
-0.156555305945295
0.293683533540544
-0.641601734133804
-0.253875415820913
-0.684434030178866
-1.835605359770923
-1.231523119815177
-0.210722753093093
-0.393478879728174
-2.704782623865054
-0.878638117152388
0.099350535422501
-0.564498417741400
0.670127285904465
0.336927719298397
2.312977844643823
0.305939484510930
2.331277101750090
0.970287890777753
-0.496825788307937
0.902170862700334
0.752387043378115
0.639855475580624
0.288550754257141
-0.150052468116410
-1.577601532437636
-0.792910073338020
-1.014777421526000
-1.911549765888923
0.732304923126855
1.528744972857510
1.254753394240911
0.790303511708148
1.276632519026176
1.669727450043605
1.363231453568756
2.940937125415678
0.060736238382522
0.108407654962983
-0.215588587041381
0.095872235517349
-2.076224367667557
-0.775842643013703
-0.149482643264607
0.110180231503647
-0.922984983404838
1.690527679603773
0.345578635607841
0.666764537387714
1.420344945125158
-0.201520987364492
1.045157910238056
0.349603567315199
1.193419905095845
0.894719781347240
1.275253545273664
1.071672196390186
-0.811397707546870
0.011272605809611
-1.329132476974740
-0.616540294153453
-0.928798914244873
0.025948846795854
-2.639359324145031
0.005770736068012
-1.122461317624984
-0.561778211857382
-1.138417861209428
-1.417475264482098
-0.474186331972302
-1.799387601663969
0.846638452230097
0.262100039706670
-0.081409483618521
1.172802636428633
-0.568135803742587
0.526270714730751
0.474264841953468
1.064549765043315
0.404968623586730
-0.054447041472790
-0.510185598594834
0.474168784851120
-0.833573489078718
-0.413352229335446
-1.133567149030852
0.752620956879376
-0.211835744789607
-1.098990251599171
0.348450868581856
0.365481101798147
0.533246226634561
-0.061452153279218
0.379770172898311
-0.518960811111486
0.077337870280023
1.753101730055594
-0.241760439651423
-0.767605251421784
0.318708666277959
-0.869139569394419
0.804065931968112
-0.943972118283710
-1.502346265694351
0.208810474060371
-0.441444566413763
-1.548119013889865
-0.486995147294005
0.199469906636767
-0.513712815365865
-0.191390477112193
0.922260793521447
1.493738843456756
1.243710130747045
1.976544963709933
1.730532266592113
1.149017732714394
0.883035345664415
2.260179522416258
-1.158413957564161
-2.339600942867161
0.464661109282481
-1.198847843905742
0.326690528418794
-0.056581900016130
1.105738690111967
0.960535178575414
0.417779250763959
0.208055748987212
1.432190354656258
-0.318105911851976
0.015820595491390
3.011991944058646
0.386853042304674
-0.024852041279638
-0.259033573117399
0.907968145761699
-0.260962501557447
0.103653193904632
-2.191154847713890
-1.641430441559271
1.206211705501208
-1.682987661421479
0.309075930932271
-0.732226792796384
0.377594703201086
-0.126486328557360
1.027896384035738
0.425686421676016
0.342237510968309
1.139287253468738
-0.248216620724359
-0.353865163291694
-0.596666380376184
0.383319381537570
-0.509948233727101
0.194773859464266
-0.857920265108201
-2.370635057378767
-1.406589721421205
-0.657904066287689
1.552743213568312
-1.782950647062241
0.279712976385829
-0.498757132717621
-1.054400807658476
1.199842107879443
0.925414408864737
0.537896079861424
1.498175345702642
0.520554081823958
1.113932633273928
-0.174260323293492
0.405808602687976
0.174154044102984
0.290049002967694
-0.512736140798494
-0.723165448119405
-0.218046365043212
-1.033303322652562
-0.239498832084462
-2.399443626758492
-1.085455111556865
-0.282184925459107
0.366732821563430
-0.189208009745120
-1.767531653063878
0.788011236974624
-0.710944376744312
-0.295142047239636
1.923430950807336
0.029137339498247
1.270857273590763
-0.109186870260040
0.003321709682599
-0.732983098668185
-0.049125890693977
1.717419913608200
-1.284443180749059
-0.591959309002921
-1.014216761122949
0.956943906588468
-0.601533943076295
0.840072065347284
-0.085598915470877
-0.690629581911867
0.991187554154200
0.214534644856755
0.337600587118839
2.433257898833139
1.193440987648456
1.769573205467017
0.955052389392306
-0.807745945714882
0.001595142380341
-0.766545370886129
-0.524939382172030
-0.152838517718894
0.864183323949203
0.118950038881249
-1.138257459917456
-2.178132342668541
-1.054504195658471
-0.967933550319575
-0.120789647128819
-0.759525380974716
-1.504839391792853
0.867504333930783
1.511394550251802
0.434271648443126
0.844192598762628
1.040392835557960
0.863804978432585
0.484722401194243
-0.242876090561970
-1.225289387959990
0.421136118018763
-1.929639336608161
-0.183335743561889
-1.035243831674796
-0.714495267623723
-0.851089369310643
-0.318181169675193
0.254131027508908
-0.450084105080078
0.490395071939823
2.009509475275231
0.417129373806266
1.978301281974399
2.254561437141223
0.132748355736908
-0.008200197116327
-1.612960016119058
-0.797604870315985
-1.165338178483151
-0.734398696203877
-0.157295049295314
-0.727163014832774
0.047742130452741
-1.906656699218821
-0.900650677090992
-1.203998980810851
-0.836226613502872
0.117345846311886
-0.060693508846244
1.524456651652544
0.279617956445620
-0.034787751495819
1.553940654719864
0.587216409270090
-0.837541386477024
-1.645935696806755
-0.617242910090506
-0.287106687018020
0.129166325333206
0.928347744334014
0.624672492031189
-0.700616753013669
-0.404819411939313
-0.925185842228909
0.484226624008610
-0.028398093292913
0.238001010019044
0.153901462059665
0.655112173992955
1.145151946132241
-0.391860324370433
-0.750794529472092
0.536226428074120
0.204935178780698
0.028440419592041
-0.874367035565634
-0.237637137783393
0.105245959106002
0.492438836610420
-0.456941876042953
-1.971826572776529
-0.774931352332212
0.004250378870735
-0.318631357823037
1.393004479505425
1.385504800677303
1.236632089846244
0.484257042212896
0.114179475209579
0.153502860624899
1.452215107198293
-2.016867579864158
-0.668363651862498
-0.214637887347463
-0.084415402083933
1.014238055234537
0.261237735475817
-1.668315440731359
0.046808198499549
-0.540141988889645
-0.544964866501246
0.745509907375376
2.344767748489923
1.908681290953043
0.547472985069579
-0.166051538788507
1.113521880338102
1.108734102249232
-0.569437482921325
-1.861055600401199
0.035678857075735
-0.234032723823789
0.294317929583010
0.360668154914231
-0.863375988042993
-1.475171838288880
0.630062205243041
-2.130030449175945
-0.853432353027479
-1.672897608525727
-0.006894440548339
0.532929379870682
-0.826974976277514
0.105901489512777
-0.249572675867906
0.768549198769067
1.025636183610370
-0.788825669561275
-0.190523347420233
-0.329667739430635
-0.106166722821592
1.096817952058985
-1.108443911136053
-0.198951071172950
-0.412229991805833
-1.610634004300082
1.150775777900872
1.694539673758054
0.715811398029941
0.286066552809226
0.628095374771976
0.845384395774380
-0.958338318319301
0.206864717534408
0.063980441554272
-0.370268707926062
-0.322839199937387
-1.155182030318910
-0.815161651072831
-0.472625908444123
0.385511047886056
-0.761559729968658
-1.252677945143595
0.899293941159363
-0.896666297112105
-0.504652809167327
0.918584828480048
0.323784044579731
1.129101359809087
1.497103406664461
-0.223577635037878
-0.270954685029352
-0.595635878935214
-1.617552601710090
-0.245739496537221
0.107897909594968
0.672564554681376
0.719229984010665
0.596858470819365
-0.754663899351216
-0.041719295277571
-0.588601954081870
-0.485287034075988
0.245778862719537
0.130346786083946
0.904115336052648
-0.033498657166344
-0.768303221317896
-0.045609739603695
0.987924328438935
0.923264914057255
0.703674684867628
-0.683003417199445
0.686940991975296
-0.200932237646485
-0.700511800629361
-1.086030599386832
-1.574377607992962
0.289931007844788
0.437723288704841
-0.559755144472848
-1.339505862159454
0.150854477494356
0.268223595679745
-0.823426783011243
1.438912553256675
0.241633959766561
-1.026245052738631
-0.408120188304335
0.362076221741819
1.095629214170972
1.602946918763211
0.459631302332627
-0.636591956973291
1.052117981099835
-1.155558741592376
0.336677582223057
-0.227103233532724
-1.172952225371046
-0.501440774072252
-1.712097280876135
-0.472210366427130
-0.944596046776885
-1.499969750863517
0.390089582011248
1.109121670522317
2.525808342640622
1.780340305814352
1.912707380329622
0.748549665455547
0.427679811769327
0.296193652629449
0.997988788467947
-0.766380525591920
-0.602968008385145
-0.081505366903399
-0.132769059275128
-1.219623598098363
-1.969906260346452
-1.750069590786029
0.458433219649975
-0.090178351939899
0.702963543692608
0.868760626980021
1.128479233614050
-0.211950816592512
-0.932398337207410
1.959653262218110
0.465212844124218
0.009133372218459
-1.400109105912836
-0.264831699555005
0.280688164545034
-0.558517658653934
-2.624887449827533
-1.356853550501889
-1.129800036324435
-0.163927012660704
-0.204079371492747
2.253941830978544
0.285206659415803
-1.186353311471339
2.472517709522442
2.096687617886159
2.453498163734818
1.031803437304625
1.820885938163354
-0.161708879048889
0.277165029177131
-2.289906805294809
-3.739688825559024
-1.409432515230287
-1.317912283813682
-1.548693828345358
-2.651859909333417
-1.096890369983405
-0.797765371994864
-0.595271442138370
1.631843446735343
1.351986005564713
1.770663269214506
1.807658416205872
0.695919919149032
2.126658810025040
1.456936761074795
0.615363575303844
-0.759610041569837
-1.916101300499224
-0.073398579104085
-2.064628768705034
-2.061261263524245
-0.112423220471664
-1.895075385692312
-1.062915728944632
-1.079680787094419
-0.692368373028648
0.588480913514234
1.298617736434258
1.990340487990486
3.271208209646734
2.405933603139170
1.938077858579264
1.582691445635874
1.548865678483231
1.327285447206574
-0.362814838124519
0.308297942688386
-2.361290024547087
-1.318019481297143
-2.792614244601619
-3.184144152664589
-0.875975603847496
-0.786739120803740
-1.566146693895248
-0.037746396831073
2.372174562429630
0.917639507276289
2.338771053647707
2.065085026332960
2.822990973386220
1.952554921003401
2.127255353963214
1.224232963290780
-0.405043438897516
0.907012138461516
-3.062766530815315
-2.726409479443133
-0.813492505931499
-3.314368204744471
-1.262404886337557
-0.244030645067433
-0.279748733114433
-0.382553869713372
0.433242094737165
0.467193153474775
3.784580137861145
2.824945796382448
1.657385934190896
3.274799470530203
1.295154257857640
1.524513332532101
0.930650725757548
-0.964624598395121
-1.790591240048227
-1.162203848254505
-2.082799140344578
-2.682779912058328
-2.031802277011848
-1.733780477229038
-0.822502321974422
0.998900697755500
-0.428317634528498
1.659367894157251
2.437573186292108
3.378303123926565
2.707958471916748
2.190348557320709
0.265555599272729
1.816693613877684
-1.020654476523372
0.384250326652006
-0.823011309704662
-1.224285203296133
-0.716872497645281
-3.427987225680739
-3.244077394886678
-1.106262222116133
-2.104479931959230
-1.437004758943175
1.328610239150533
-0.207920184987510
0.113392167440778
0.618629545353270
2.159969585556368
1.132788653141273
1.885921625886855
1.547509554293485
2.468074025918806
1.273175250532297
-0.950929854507086
1.040998139083427
-1.058251405238906
-1.814408877500132
-2.520501931153338
-1.222658219821009
-0.804834028241708
-2.980382408946699
-0.198909136025196
-1.335273841975927
-0.772328215800207
0.821577240349618
0.476851498404222
3.039729918673803
1.928044210289880
0.807472886977341
1.592244205463607
1.432177631710060
0.460095006051174
2.078236884042107
-0.471340163413002
0.054184593772848
-1.752545201427516
-0.326615504107707
-1.266186158879745
-1.695702313596111
-0.318064336759663
-0.320832302956744
1.061293334295730
1.402545589786593
2.240772221385865
0.927094848595574
0.768807781401678
3.029569208308722
0.948858272863018
1.372990825559538
1.904541098271155
-0.035632273934644
-0.118716843378134
-0.626880842858667
-0.593139020947159
-0.410893443205445
-0.535732342758315
-2.209758017176590
-2.681217928120756
-0.867957865161514
-0.159256448455872
0.348763644775559
2.261354543942607
2.257768835823447
1.168739993011444
0.920946828648531
1.945772162677299
0.148868963532608
1.011991541798700
0.165613634319555
0.761432338970749
-0.696603332457095
-0.566233626754937
0.174885058032716
-1.000505523593957
-1.841100673895056
0.022668822842457
-0.051939245724659
-0.626703246755311
-1.335163861886385
-0.829367501985724
-0.111073152300478
0.014107444655211
0.620502036568478
1.419966503761000
1.350769871978096
0.304307376005305
2.126417966119106
-0.173411850205526
1.075356225035689
-0.522915012450131
-2.402134215218399
1.188229310427431
-2.152075019005371
0.525744640043028
-1.125083948164598
0.060289148941422
-0.179569072109365
-0.454335087080199
0.256364444380668
0.772891604232004
1.253620837165972
1.484668118301391
1.938887631798346
1.728011059659689
0.375970183830808
1.406146629998628
-0.456648495682935
-1.028399797120525
-0.765133628894033
-1.051085456226873
-0.052009404683967
-1.548876071208562
0.832780892532357
-1.329664284079951
-0.280581521503654
-1.423344680802029
1.095232658305741
0.232827733218915
1.090461650248441
1.239072120775824
1.556007491808718
0.320109156910391
1.345123872999563
0.704805013943808
0.706906436721336
-1.032046115626029
-0.597062073865033
-2.217125298356216
-0.695870356673605
-0.371727192184532
-0.551303781334936
-0.011814432214866
-0.466719915374561
0.444189486083208
2.336264903459497
0.452507054891597
2.450911936889011
1.919672412532927
2.087795221514551
2.024147010620508
0.764161983031414
0.860116682422001
-0.711919911370106
-0.267929194389431
-0.735275670730647
-2.090640890336078
-1.085745879493685
-0.872961041963123
-1.910248065997066
-1.973367174287404
-0.660062925015345
0.541456958844934
-0.859068998566583
0.002070107002971
1.474445318946522
1.304874527948510
2.180416652594082
2.645987694193680
-1.507445665928563
-1.909500458500615
-0.913145538799295
-1.672866641141067
-0.850766331124712
-0.602053656574713
-0.686843114823964
-0.801988941743273
-1.868734884727042
-0.442423739301396
-0.830044173833413
-0.093383375670365
0.328886329081237
1.819410703787247
-0.652538858398390
0.789796378282430
1.535097086305817
0.144213213871059
0.572076524081654
-0.955872187072731
-1.645337427599721
-1.043134949823278
-2.073430748004024
-1.854197541627022
-2.494753525093562
-0.636678929793722
1.127404324580762
0.596762335642315
3.043360781629000
2.675323217800571
2.376483951541713
1.044173323718570
1.463500123871385
1.743885815939133
-1.214770714949898
-1.037161171341206
-3.252125787480382
-1.097252716345561
-1.857377605378789
-1.444308429630543
-0.029854424203705
-0.407842174305508
0.736488583426503
3.283130888312648
-0.069583287665506
2.267092043558169
2.720613788526496
2.060587681695477
0.984549112965021
0.965012711547562
1.355801649538461
-0.326398825618557
-0.592580329432018
-1.424252517974327
-2.108757367023081
-1.502359172392539
-0.965221080803365
-0.695427968555380
1.452748350057904
2.023483254937630
-0.263384980236040
-0.532012663353176
2.524901657803717
4.155570159939096
3.358233681132739
1.467863791986813
0.438772676818554
1.408308788122630
1.116344162030786
-1.235723242448178
0.883751825411797
-1.620408878702335
-1.188645766479969
-1.169376941583571
-1.977690533863894
-0.766148331998368
-0.672556622629332
-1.029403397897593
0.274566338102175
0.496018023847496
0.255267937288654
-0.185968828282102
-0.144208201982156
1.375558467940442
-0.256540693197556
-1.467668041448311
-1.076152920204270
0.361400150304216
-2.199958933152259
-2.519548271895879
-2.746507760452809
-2.250026990700816
-0.916516483309796
0.566721492446237
-1.305622301112154
0.127162723862087
-0.764368275524228
-0.125538262146893
1.181000014290536
0.311000149930221
1.494822729727946
0.776215532337463
-0.095727750967683
-1.364483302799541
-1.342334690453588
-0.504005032963282
-1.916764287634656
-2.319777188629212
-1.078404284745818
-1.577818727497410
-1.586906864035053
0.066601991614475
2.405090807165791
0.860497770128004
0.101657095040786
0.597242255201665
0.526231523154240
1.425646571736726
0.112832633474125
-0.349201986358871
-1.005957095980235
-0.730155932639870
0.269770857877898
-1.914739085704486
-1.638905337344573
-0.872260657960349
0.847288828987742
0.605345276029759
-0.101606274293860
-0.673974649900551
1.539118421698052
1.969328954747096
1.378309375646059
-0.597747151846265
-0.903341794595595
-0.195403308742890
-1.234137220435608
0.838364314709236
-0.015401754764999
-0.927754073636368
-1.135978226801470
0.553121100232461
0.336935262570784
0.139884409111350
0.577524631630945
0.438035363942637
2.389687715575898
0.504079597234154
2.687483865143978
0.959175962406673
-0.244164863629563
1.509762546172254
-1.057488786579901
-1.306192644590505
-0.757992030447740
-0.148486420380044
-1.514923175989467
-1.658907964122892
-2.877145005020919
0.337632593313959
0.314146916631725
-0.621171409779045
3.299028337062486
-1.124677701343831
2.069759692009396
-0.341704243513437
0.644209269442438
1.123028471553317
1.479637985996531
0.492219397310990
-0.768209558215331
-0.442682600074623
0.439176876760131
-1.313939371300641
-2.466446058457803
-2.316288086311156
-1.874225893975483
-0.674717934603702
-0.634500946297304
0.491015356001537
0.895155190686795
-0.709973651338202
-0.924568383209852
-2.412113574166598
0.094384341275338
-0.798443489811673
0.263054896149984
0.054806320906419
0.224988201459240
-0.538351111434039
-0.076027752710598
-0.939495344014937
-0.470159394493010
-1.829036814057631
-0.213917681583666
-0.648135012751529
-0.535632603424735
0.147482762265103
2.132375720405898
0.198155601806667
0.692278619438136
0.566162239783232
-1.400945475531916
0.124507080401415
0.574008111295452
-1.018991194190611
0.345250011666955
0.838041902514762
-0.545820267701017
0.291968013877547
-0.969792635407434
-0.922580794978837
-0.927082425145382
0.282784688419633
1.261496863258335
-0.506648747983137
-0.320874657012334
0.962598699024988
0.619494186776708
0.603770931972490
-0.072284432420041
-0.918680297560934
0.748177392186106
-2.127907374605438
-1.932474045442184
-1.424498493785757
1.053704922087449
-0.781248216527123
-0.877178821517508
-0.949842113890576
0.476739801557382
0.889868156606784
0.884084147599830
0.571770367503008
1.960952364585590
-0.573392652593888
0.528255900466185
0.756715964536959
-1.323118093595224
-0.092744670852244
-1.519758997678910
0.266351578826217
-0.939825447340274
-1.301842950374926
0.232872726492543
0.398763546914329
0.910819622711142
-0.074797094962120
0.382975966769023
0.448175701914327
-0.126508932674435
-0.145782389228843
-0.098813737331215
0.583994339678340
-0.754154580910190
-0.165162838900705
0.070753798325938
0.110407246943728
-2.057479918469117
-0.681722713868536
-0.176639177448492
-0.284980486262531
0.184983865690000
-1.088912796970093
1.054136880811453
1.227265822582873
-0.743847781339592
-0.455631790653247
0.692597125121078
-0.339362797536224
1.817595625015871
0.992417137729894
-0.097636262600617
0.669213862762164
-1.191161818474104
2.338220998269147
-0.621424833214032
2.057032651063065
-0.516867955699309
-0.322709202554530
0.552345625092211
-0.926951603676808
-0.015661394273191
-0.908834591758401
-2.669451536181393
-3.518957733469218
-1.751761867346937
-3.679987190415973
-2.565772799526800
-1.323368252751433
-0.844207835108494
-0.309187513162173
0.141796387795493
2.953785975909045
3.024652701808170
3.567401093369360
0.839794787167594
1.743107540093318
-0.040751626172617
-1.791543803329163
-4.754054600027958
-3.329032499467535
-2.203827998411606
-3.934045305363258
-4.025591311798705
-2.659575569065216
-1.484019765556112
0.007636594615340
2.080760975081339
2.945804010094951
3.359904165961253
2.297909417287205
1.680070416103709
-0.402486862686837
-1.650063814604645
-2.746798363555062
-1.686195250306580
-0.909457905674684
-4.340443696527132
-1.406458664511735
-2.343792063714194
-0.973951554501532
0.467442713401203
1.739930357799956
2.696957710902631
4.163517613386730
4.616604350850955
4.487020986629210
2.529141419773796
1.056552643441713
0.181289453536276
-1.322604355458595
-2.052854122463323
-1.934086733527281
-1.313769908923534
-4.429696346302675
-2.383895006929683
0.488246380096754
0.108475148076299
0.945250929537744
-1.123183584763349
3.760847452523987
1.282237948194626
3.284217432022305
3.495217880920870
1.337509994633032
2.031617385662523
0.436341331032313
0.598246629230011
0.073560204946385
-1.092217934760087
-2.066301589500823
-1.469945315274978
0.402761555315127
-0.408670455687309
1.110918770608013
0.117973694231074
0.037334477087705
1.932185902041091
1.200104427156279
2.589349959355008
2.274717588992915
3.692949321019215
2.837595103272627
1.990243751567316
-0.064000164112046
1.187752752948079
-0.027066289814416
-3.171976053458944
-1.340870215238652
-4.403671933198654
-4.703766146534043
-3.933790046474324
-2.209180105664355
-1.728833804232811
-1.076936209510625
-0.485095601054603
1.731712387771522
2.962352968717578
1.578867194547180
1.694998087010531
1.981525450667105
3.700373892976125
2.070336613452168
-1.031620327399543
-0.340256265899568
-1.435712300324281
-3.409071959788546
-4.619795784240885
-2.945070227765486
-3.835353613884068
-3.096163424005923
-1.737498473420535
-0.524166223905215
0.908471168611956
2.383370875982745
1.902174439764290
3.221069777820478
3.588912377788322
0.568812418917967
1.832865423884396
0.474729959470431
0.339563778716089
-2.461457446660233
-3.536923810221216
-2.689794660079359
-3.798701395233229
-3.194298363304493
-1.817023035948099
-0.273133329253209
0.270355323887694
0.516103347083653
1.318272796214721
2.925302978011398
2.046557914141205
1.571381063728674
1.100933520015010
0.097550629947719
0.111949432122107
-0.729065773206506
-1.559780008808096
-0.609948785114996
-0.614944452705440
-0.528037066277925
2.051859868038933
-1.028984096444948
0.713825530242767
0.156291102453743
-0.123998575563881
1.547835538644624
-0.042148648767609
-0.863602949550254
0.817096492950102
-0.650642734568964
1.247597503466279
-0.082694115894134
-1.013329497463179
-0.275390977046659
1.399126107548733
0.285192685336991
1.665938388990837
0.882141254494296
1.763912224198574
0.566581215832198
0.862773284462013
-0.136579554304198
-0.236585707802086
-0.905653780099491
-0.510088459676092
-0.635892706381033
-0.169107137936124
-0.045622084114836
0.530035350465274
-0.301203054078183
1.471708117204122
1.201786542276641
-0.132156704500747
0.914796690974126
2.632768405551674
1.341920009335199
-1.572083203488120
1.225770147600943
0.298745567414379
0.054045307518338
0.189499998693431
1.781319477140393
-2.216113902293124
-0.783098196018924
0.860306883048533
-0.723647302369625
-0.841940763691383
-0.455512887199685
-0.767527654704174
-0.479973214506930
-2.143690729923768
0.154687464897349
-0.924557902604112
-0.985720768280004
-0.795499059065701
-0.066659761345573
-0.069858855562991
0.157415876230260
0.003935050676586
-0.916153295463167
0.244752723877827
1.627960623785970
0.143394910890181
0.578998184352525
0.454755738630058
-0.008121919967753
-0.163185328592043
-0.667994325092852
-0.142260102033636
-0.447725592643910
0.227596794809207
0.873643406190819
0.877226862375001
0.150753115572007
-0.716232797538506
0.296354289732441
-0.168056868562581
0.001188517546229
-2.552735381233355
-0.129807042147237
0.087264872581108
-1.604903539027713
-1.377652609664574
-1.311202949473923
0.503004034502085
2.828191790700470
0.117350561590891
0.368478959521217
2.266830240578861
-0.057983082461873
0.552231995555825
0.633959214990419
0.459592113694707
0.136571911660437
-2.239888285331539
-0.737747842577629
-2.695869823294113
0.096473384124506
-1.053937120178856
1.011871442563568
-1.224809283580658
1.395767124806359
-0.943632954052228
1.224701859663500
3.066470337146002
1.345958723363961
0.829438815029741
1.591231526371855
1.530294081555141
0.675137263291245
-0.781969991143040
-0.194217541249533
-1.025267413484381
-0.598738336824608
-2.598045177550845
0.112862203867174
-0.194915485955432
-0.560614758859885
0.300168723057295
2.157316166630275
0.935311960880365
1.681682878864484
0.596335036158925
1.003837882566974
0.316000338064618
0.292615992158875
0.318442514195308
-0.390625063260652
-0.815475740727346
-0.449884705847666
-1.694379712094670
-0.585973303047697
-1.116795132285159
-0.155374940429230
0.862430373946741
0.260336033235973
1.198005001082501
0.858208018574012
0.909613294113077
0.724796096814456
-0.698418330459768
-0.169023885248485
1.960973122901273
0.925007657959795
0.145315015443912
-2.397280544643199
-1.462989208965117
-2.542150867376368
-1.137941752944371
-0.994467063215550
-1.617403953280785
-0.290699839964704
-0.114483704274323
1.645035107173627
0.924031586487529
0.629979816739794
-0.835298135964307
-0.142329614089469
-0.566263593789393
-0.140818980136160
1.661185142979993
0.405564686804112
0.576271689756082
0.142200515209519
-0.355545058859546
-0.854497957533237
-0.538447165691156
-1.592561569230163
-0.995635534922661
-0.636158196903152
-0.472431160034307
-0.608062469656962
0.250283722574022
0.632185323887487
0.218530766484491
0.480415340395130
1.619548625003483
-0.159104284196157
0.663639915942569
0.911939596980703
0.796975471990943
-0.547722927036512
-0.101827382968285
-1.489707961524030
-1.038553364767710
-2.306198041764681
-0.966994600923997
-0.338891193013344
-1.975486065229689
-0.026395558633411
0.815718271167901
0.640866399564305
2.752724926199529
1.755536282404049
1.450451486555492
0.519829069790941
-0.063924316614413
2.379541022606369
0.912728937331381
0.300701036871398
0.502306068909016
-2.087571666752082
-0.820288940217098
-0.629885226493934
-1.466735084664575
-1.770784099493971
-2.351539306088380
0.535888570249919
0.905148392953265
0.861146318813137
2.065041022137289
-0.279963699708778
0.613406170445785
0.017235512672218
-1.548316794647255
1.486326857785885
0.423889178077089
-0.178627005449738
-0.126609241694679
0.593828285504850
-0.144220610678311
-0.694000301091506
-1.401168614765545
0.622135618105169
1.115829121122000
-0.785742298092819
-0.118861088215914
-0.332051705454137
-0.696852779601089
0.937827052175562
-1.208716364351718
0.287606526297360
-0.153910529974718
1.350497306266053
0.208549570604199
-1.423941785114346
0.428402202789838
0.174885055708932
1.042946262863591
-0.175782118761006
-3.082428689224833
-0.068165561585523
0.469503490990952
-0.979882595842944
-1.076770998275324
0.847793483311748
-0.487299211077642
-0.976039258019524
-0.446167595862317
-2.533924012314418
1.566864960928709
1.429676856563336
0.662814610667556
1.132495432785382
2.311340483897109
1.299486598157133
1.861464019200628
0.568367648393118
0.528299557322367
0.412910191671423
-1.357999374292332
-0.512781820257654
-2.103249231553995
-0.727486713081010
-0.396559175588187
1.064744857273133
-3.055279875284660
-0.432262834827485
-0.453870211673155
3.426452879017690
-0.897551981462110
-0.112418649259733
0.434263577536334
0.710435658135785
-0.211794037576975
-0.582938760135333
-0.899724787434505
-2.346663560781201
-1.156127293286343
-2.350769456169593
-1.529193681019934
-0.643529366410308
-0.229822656101917
-2.039481451956991
0.211350882925835
-0.238923730925085
1.588549924118015
2.860306104673122
1.439931190517242
0.175267937216296
1.970504272153014
1.813299768259918
0.652303787578388
0.499899604639508
-0.460086744821063
-0.339288230379689
1.173293904887366
-0.902309006419787
0.053336528937848
-1.533418606428594
0.219195598953623
-2.067137598136023
-1.078882865209842
-0.743136637805248
0.480206945950315
-0.007992768395198
0.322546301902381
0.517753446662702
0.535428128575654
1.552153225696544
0.770357210961332
1.029672806053686
1.144783422297856
-0.215877934512898
0.154340802626215
-0.998189645264337
-0.623648165369289
0.060211888672341
0.355707637991749
-1.009864151067858
-2.020676696107187
-0.176812228635288
-1.191216163898002
-0.531115516419315
2.260733649223079
1.384348571454051
1.255391466782496
1.055579437408703
2.602217013031323
1.451794543521593
-0.405402716994960
0.700378429512290
-0.699094982497677
0.476762779715201
-2.905895664952094
-2.522559463098811
-3.235744037684194
-1.357054867704630
-1.681189673892357
-2.044965465455173
0.130156484652664
-0.244437029620102
1.334998107449728
2.898667955813165
0.515470236943355
0.298016534827954
-0.408305146888702
0.157531835575679
0.686623540271682
1.597488802865726
-0.126160932878639
-0.906665629223644
-0.868399962228961
-0.400637173285729
-2.714891570782746
-1.594170110025268
-0.680053893873196
-0.058144996111720
-0.955180474652001
0.820512553694177
0.809096736932801
-0.184404327028260
1.074117331326849
2.107519328826449
0.339051670182855
-0.244874304902063
2.234812405497189
0.490709036915650
-0.876615998926659
-0.357671208247229
0.769228074453245
0.048088350781398
-1.777139035999563
-1.032953445379135
-0.693013643487993
-0.974262286540617
0.902537516448284
-1.509092439620525
-0.583611302019721
1.185095421164648
0.303168539531910
0.946908211113693
1.165442773941266
1.448546616920382
1.034203951765582
1.010376004222663
1.055651998444322
0.252508408098922
1.488516131002797
-0.480625791354025
-1.032076104472659
0.205282140957334
-1.056291812447602
-0.435246475829082
0.007534881911900
-0.477470451462931
0.962554592076069
0.165346870120966
0.718733770218781
-0.120315998245736
1.386067270631091
-0.125222339538984
0.033219141231614
0.487798993505593
0.000910928467158
1.247856119875300
0.584920538444170
-0.429054455597421
-1.531191929428303
-1.273901161371823
-0.219944683308061
0.280350885327421
-1.467570630356131
-1.234576336598478
-1.020668238726431
0.701529114541419
-1.153927545813121
0.704379022056828
1.154008755797013
0.311380023424942
1.039556961207540
0.304931162161416
1.046912712408243
2.087607367331911
-0.664221286119983
-0.618085491365816
0.632204188131368
0.965958692679070
-0.951243111646919
-1.726053406612888
0.507702126391238
0.057532149127516
-1.690375363890106
-1.330046404360202
-0.592808119559833
-1.378894379165778
0.463157730286869
0.754838511525902
-0.208673760935658
-0.755498190709757
-0.847552634192565
-0.421387126611408
0.234930348483952
-0.901759996445897
0.092531278331403
0.719224610158831
-1.090076742333911
0.627470562031575
-1.107817775260532
-0.076611136393700
0.892684177821126
0.644342609025201
0.528866597124184
2.057750831502283
1.053393148846366
0.947569065634012
-0.680793801415122
-0.142394047815480
0.165044783960754
0.469370220978148
1.302719041557149
-1.270155856991678
-1.876783491861444
1.579187197989643
1.153969741387346
1.122789274638486
3.010490455119037
1.803217973538960
0.367394254114707
1.524122951170108
0.233223539477747
1.485880269654991
0.338514180721811
1.299201772219924
0.455693765712512
-0.145709545338118
0.540811371814759
0.461796953083554
-0.021057366544709
0.407703100318245
0.019851179687505
1.037529362547799
1.463549282366103
0.730327730051141
1.550167474470788
2.584031579353317
0.460911991829229
1.903503785432152
-0.289347602400698
-0.013826023289605
-1.560768411709691
-3.101693323693564
-3.933877033141229
-3.648153196056756
-3.614710594867619
-3.071370794652583
-3.364585288846516
-0.527497089617863
-0.791753658043053
0.964433202169903
-0.285666789369212
0.758734869994576
1.275696186970134
3.255051308880728
2.423632533820640
1.395742282327793
2.070796249579399
1.761863599989190
-1.716051191892097
-1.934308790284126
-4.058355622168540
-4.602428424420269
-3.852501426763064
-3.855377326634071
-3.466199662322277
-0.531793535556719
-0.344440796775455
1.009388648160677
1.810027256567129
3.459855268785054
3.935779885999058
3.410131490726549
2.421197201345137
4.951906795733580
2.177308254480397
0.995973632333483
-0.656456561310787
-1.477961061239649
-1.530625110389996
-1.704817628386860
-3.412242019393104
-4.278248470161905
-2.385669807528717
-2.297931044460919
-1.318163762799277
0.791319064348895
1.066709345580180
1.932938791479931
1.334219605877151
2.992276203573751
3.736800319801379
3.363110516181482
2.030458394156633
2.290927407358369
-0.055891058225315
-0.124230289962128
-1.092671546220140
-1.704701320646166
-3.350590029352766
-2.725017860101925
-1.545853182775166
-1.214701368001976
-0.760745438238067
0.109102688837335
1.648515930864756
0.931578939430284
3.430815467182674
3.521503431552116
3.905309422453997
2.201525404733492
1.395324500750782
3.871033888363802
0.849752497526145
-0.373351006324091
-1.372230552639031
-0.934385151629364
-1.289137435571885
-1.740210713893022
-1.603886082510345
-2.053391692038788
-0.477347356618336
0.713848077034083
-0.426025050369217
1.657730759509148
0.723346309759030
0.969609829927535
0.675555168495795
2.104256725693313
1.505040359785395
-0.211279914182984
0.209018824584876
1.782454780990319
-1.968114500753513
-1.296290602660512
-1.455010875524909
-0.534525466593705
-3.216531282835629
-2.600491614343309
-2.516393377989292
-0.682372754435335
-1.142319750564230
1.440633273298037
-1.333553124721861
-1.252408558076517
0.075405322982049
-1.338107422913897
0.104898149767519
-0.236282535126205
0.813983186411725
-0.096228508308366
0.031094092608631
0.816430044445653
-1.368245676393897
-0.875515370750974
-1.678993865801966
-0.044403215614662
-2.071194316658896
-2.258071813589243
-1.282105281001590
-1.680385482292697
-1.580039636053864
-1.571900047646308
-1.639295416016162
-0.797847473963143
-0.592259230803415
1.820719369960263
0.835039303034718
-0.737879875455454
1.544744614573283
1.876612753979483
0.359773548608410
-0.664093638073513
0.852515543394036
-0.879896874939835
0.286937346541945
0.625043514642877
0.710291041315656
-1.536896050258636
-0.611853216474795
-0.657153251979705
-0.237372754446622
-0.640982075241022
-1.521990209304061
0.307000055987831
1.212609097203305
1.742981344086137
2.617368456121500
1.994156511909182
1.355878454171580
2.785077857439048
-0.042066015097113
2.629542885358039
1.507907864060607
0.016392217446272
0.329866952188218
-1.354011211514187
-1.004416119428583
-0.061535024945632
0.143117259728621
-0.370006968695944
0.368289349319149
0.248008616868130
0.520669551917158
1.858764660311891
0.709399407824999
1.273045244089638
1.849809961678809
1.226791850356005
-0.087552964135982
2.083299574988105
0.055018834913867
-1.222353142010275
1.261052045993492
0.543929271114476
-1.096824650559732
-0.953055734463320
-2.933249404734662
-0.693137406557222
-1.127693924049205
-0.675360969697579
-0.260617122342175
-0.959270314855344
-1.079109457118788
0.534062813084478
1.448110007208032
1.635728129509584
-0.541121789176382
1.627946224814569
1.298392882744219
1.043096771649014
-1.777280126044286
-1.092957261889087
-1.730771919993664
1.033853519136174
-1.140104245541118
-1.249911460486190
-1.823006382221643
-0.909922336580542
-0.405621694942061
2.192792613566122
0.091883557609655
0.866122678321288
0.740213221657652
0.489320067799703
0.964459493608057
0.194557033164839
1.706995868548637
0.091986723485989
0.140145919255587
0.639169044285742
-0.101996312316744
0.959580663717384
-0.902041399037336
-0.318476505057380
0.723249663987884
-1.028055287656274
0.971225525429512
-1.507920802069151
-0.590237889969919
0.055380847928569
0.064150027999838
2.172630585310642
0.246941197271742
-0.760184226714892
-1.575076966807701
0.194482089438860
1.049887509368228
0.677830012980712
-0.164382105689500
-0.229064602673785
1.224303651203664
0.812071300144215
1.255499013639263
0.667899567112712
-0.579200698291331
-1.798054022609766
-1.649230537776761
-0.371201250773130
-1.754560656309027
-0.834269568988658
1.336490488938444
-0.682197083667698
0.899547805251543
0.162295493103722
-1.691865573504455
-0.947956584071938
0.787730797572051
0.686258086129794
0.725002637285241
0.468404287315395
1.720655174385286
0.031981052602813
0.589531701004185
0.407306159512888
-0.172478745366314
-0.644730585985396
-0.272903211617421
-0.756483656382370
0.642179534759399
-1.387418810888400
-3.138977718351598
-1.528049028874869
0.397667852401421
0.232367896791745
2.031598501659914
1.205545633718830
1.922195831054909
0.611208516646288
0.497885394609772
-0.426544710155485
-1.936771577429452
-1.203098767036026
-0.515970980261100
-1.305602377474284
-1.382931609736509
-0.316573716008755
-1.159952992928577
-1.880731858762823
-1.725263471868757
-1.651168041185656
0.903718214403271
-0.492945987797432
0.733617179123640
1.031582412777117
1.429716638115126
1.004728432141651
0.777412813235259
0.642908354948052
2.055901701273806
-1.769849967316379
0.708461156992170
-0.267710833445146
-2.067828701841871
-0.204306723086907
0.325578844362308
-1.701374879167422
-0.575197658938170
-2.455355644178517
0.306800306218271
-0.830107319761540
0.237920730208196
2.043854449060844
1.140155957795773
1.243858903843410
2.783104634637666
1.486529602394655
0.573059022622208
0.426840982914975
0.495610095760003
1.990670799312125
-0.379447727655630
0.392391546138924
-0.140363444094143
-0.586079340822219
-0.482671488250179
-0.786741826944557
0.488701913241466
-0.175627034444197
0.990234327274984
-0.396497704059571
-0.290359044027660
1.326195735435401
0.304281871248698
0.758620167372030
-0.385567670446393
1.455942631064682
0.777520448084018
-0.368960776113500
-0.912400800583251
0.262899087582003
-0.060092816549155
0.991337695291799
0.387464527157671
0.440456505416366
-1.646850630703420
0.257464987888670
-1.435972904346564
-0.471031038941597
-0.278357893176898
0.883866641909323
-0.183309205947244
0.318519159953879
0.323348261280278
0.534481835740563
0.667469485922756
0.060742148585307
1.797381553316742
-0.987039122619871
1.466234071035142
-1.005466323064111
-0.926412066585158
-1.106146329717844
2.014482413571856
-0.269400532950921
-2.194959900017387
-1.792584580287026
-0.120940371672782
-1.032890658535121
0.107684900500477
1.437766554302745
0.314964036889751
0.219169922443099
-0.369377934155746
0.827051956625192
1.627624491249518
1.628406251390262
-1.263633248811401
0.484642188849148
0.797231300244227
-0.362175354408285
-1.288484066305241
0.550298257418964
-2.514646189020869
-1.412944996206026
0.193282049673246
0.207924193973804
-0.427240593507710
-0.798089028577971
-0.364168824054783
0.290972678919268
1.986148913997630
2.252286467644745
0.527157382385365
0.762492915218724
-0.393533255030498
-1.151996785202981
-1.121067023053618
-2.571171534815265
0.293859568882637
-1.153139416306953
-0.804531955426150
-1.369763874447903
0.461440903232894
0.061281871609173
0.183563492235800
0.949648031665855
1.888321376946729
0.832325097472032
0.692903044099482
1.179934708961150
0.480282106481627
0.087990606209264
-0.528293465938989
1.450917322762697
-0.889930185452623
-2.669620180506592
1.959260384445525
-0.424990999302453
-2.072166842900331
-1.581037839801791
-2.938563123542113
-1.094639467684525
-0.749986573791075
-1.797652309745671
2.017210671694230
1.261977887591864
0.663884612360313
3.660148861464620
-0.208979727185096
1.613581010523833
-0.601029641440303
0.215559690042919
0.941104880953095
0.590044178333035
0.323783820186806
0.069253306189073
0.184457736018171
-0.936046195252478
-1.765707449232390
-1.005351236738750
-1.414394020322677
-0.999480833773606
-0.846512381768474
-2.530644848151835
-1.637544682762096
0.057055700710333
0.822088583724530
-0.141684267038292
2.210292090746293
0.989349979086343
0.881536636703171
0.234903494115743
-0.558563638395560
-0.345754085374613
-0.836547377242865
-1.083135792326764
-0.577302012769321
-1.035866822537373
-2.122420877429970
-0.964724377600295
1.330145036525006
0.868580421638878
-0.848234431175829
1.256220785243251
0.404054214865016
1.830619877302942
-1.326552058573941
1.533578327769544
0.127926821599757
1.035663132803392
-0.337410302118940
0.539907058821298
-1.281541131187445
-0.026691400444480
0.576355143379364
-0.765824439460411
0.787536401075354
-1.313887893223278
0.001598861787894
1.353829109272172
0.510685870824254
-0.516928023623884
1.509080375371563
-0.078555266500238
-0.269258737804878
1.502273745482347
1.057437869317291
0.984275596051533
1.351220883226695
-0.185974967494639
-0.440169538634337
0.786117781773213
0.892139255059958
0.822068329204158
0.601502198749796
-0.422477185530789
-0.048697534804137
-2.372732729386907
0.236016906588635
1.471743371119330
1.127589946794240
1.695886227438927
-0.796312064219294
-0.386670807963014
0.158574549971389
1.234218929127345
0.049721585011716
0.363638811292134
1.379963353307963
1.952299494018569
-0.839921321997893
-1.473470601218271
-2.249106678259390
-1.048661449211020
0.302399691113590
-0.135413460733473
-1.290501181333957
-1.392915527240821
-0.938731431274032
0.985387447594663
1.056394771606474
1.093752149099165
-0.547533595720665
-0.149074948819956
-0.971438631440752
-0.566771983456989
-0.926150887188408
-0.546512084454441
-2.791571601095775
0.284255357282330
0.224762462195816
0.267620079206905
0.027985900281062
0.120614719040761
-0.084643348720084
-0.522252683219445
0.771430030266646
0.154036133087366
-0.147079524408915
1.142790293711745
-0.362819916632535
2.097271594551331
1.383280252859381
0.395468828736417
0.302413378421185
1.306191909489561
-0.234594857694550
0.623820827556411
-0.093149104556468
-0.383022722439735
-0.478244888270892
1.440513235002228
1.099728146144868
-0.694521441190697
0.752214522344239
1.481190338521666
-0.162736021267882
0.834534283285994
0.401585857461141
0.132227611922055
-1.973371381293863
-0.934444799899618
0.170959162855269
0.523703818549998
-0.912830202241058
0.863222641774990
-1.266748497429778
-0.616207985969823
1.132782365939150
-0.661265428843116
-1.029589913421749
0.302987732377037
1.319304266972812
-0.845709456731511
-0.168884617956187
1.230768690711546
0.194735257300052
0.861111487600412
0.376744404942527
0.383757289931311
-0.928395040677239
-1.585431728363010
-1.171457873316725
-0.103055534162847
-1.236272207181288
-1.394637100723118
-0.992554143413440
-0.204428592823934
0.576131200768725
0.598839712458388
-0.071906834178675
0.900296082449724
2.190080232874824
-0.286063354800346
0.105487835969642
0.372672280943502
-2.266443863061796
-1.198937933915157
-2.957847692666907
-0.825945526094215
-2.005480267114776
-0.694329524440323
0.684605115913750
-0.178272937988312
2.624010534796606
-0.281551681939581
0.728659943666578
4.082041393097732
2.482235806252961
0.957751756882089
0.983651834391370
1.297086911098868
-0.205569674923700
-1.733635620705094
-1.802236546534927
-2.382564646207558
-2.610418566168767
-1.756650288886274
-1.773863022208544
0.569648205503436
-0.417881354649979
2.718696661792950
1.992756303563433
3.435389898903255
1.839713975194373
3.190611984002095
1.231240489349788
0.245077712125882
-1.500377889840004
0.565663001154713
0.142396642956346
-1.493219270543028
-3.946558125403668
-2.448919975567315
-2.705671526357129
-0.741340650851192
-0.273454076448214
0.587574601679315
-0.467168534700921
-0.004803708051957
2.048080392324886
1.634450618762755
1.533708058895965
2.528958489127283
1.010219036007425
1.440951560184492
0.547710730812259
-0.995559357572188
-0.957444206654947
-2.874860588082753
-3.492759376079803
-2.559472091645569
-2.084322075067700
-0.235808689035703
-0.592756248349420
0.251129999893213
-1.424939302504124
0.567942612395335
0.454727131674969
0.792362149382174
1.288299412635863
0.283599623619312
0.946519002892052
0.194916214883774
-0.774845974675093
-1.750543056611209
-1.099676206077821
-1.617194516619681
-2.236476672131449
-0.552211081376728
0.253197612155122
1.089882471670085
-0.700971879403899
0.402603211234267
0.215820813129813
0.365186522080969
-0.316174825784327
0.440246322733590
0.767938120712928
0.577700239089337
0.867683749765614
-1.066150931724178
-1.301780519554373
-0.184309727787340
1.519453066109623
-0.126257502564667
0.646935219749046
2.996777698071390
0.254232852345019
0.863875566087210
1.479907345273245
1.601428921682825
1.595851461134926
1.348446508416532
0.646320901480304
-1.077687597468255
0.033108338990219
-0.802655169012674
-0.864812369866047
-1.142505035542646
-0.239106765623720
0.784301927853332
0.695747102887565
0.765777905318829
3.205018987465579
3.289267764947784
-0.714023197449586
1.702146263933050
0.946288957916271
0.668902078554330
-0.766108932016770
0.123221849445279
-0.334836765503195
-0.338749005959485
-2.136105679463567
0.079648040817293
-1.696489178320389
-0.178609465368512
-0.507186469749440
-0.482091929445285
0.768388209619999
1.498896829793676
1.137131123127851
1.523311710817361
2.472856543872686
1.985188371740075
1.917991848738627
0.973703330163938
0.321419150016917
1.497478128264464
-0.738862875617902
-1.200077330200674
-2.059629454266120
-4.430440033602535
-3.010049201520312
-1.487267589150928
-1.668302005641680
-1.460759793937372
0.042552748493511
0.402810276512572
1.736004691028926
1.553726932623382
2.887627786988519
2.170331323681197
0.433436131390949
0.411545279672593
2.172994272945495
-1.168610283464742
0.263459965949492
0.092668814722037
-0.470901160178772
-2.168592894146044
-1.293698643239131
-1.512675962926882
-2.354558019133262
-0.969174606895489
0.436548304968428
-0.032400796986672
0.746685864678272
1.773295805000833
1.275169865938460
2.949882389858401
2.660243014115133
2.935285658283816
0.571359631276342
1.578854401435197
-0.639153338194283
-0.785897526801607
-1.622325316686630
-2.088660033959409
-2.866254344248208
-1.285961447740442
-1.766744091073180
-0.527041234647432
0.439574952279446
0.321769220809683
0.978340278733387
0.763223173473207
2.365594159393945
2.000071669052620
-0.473439734692805
2.528075210588697
0.409587559184315
-0.555086310567871
0.142053646265808
-0.963540399592188
-1.557498300651365
-0.048092671109173
-1.903997154400740
-2.475669010550983
-1.115767250967763
-0.062261009194636
1.398915995522733
-0.715750688780395
-1.259955222172439
0.334740467487262
0.085324987383605
2.759635729767970
-0.025518844844567
1.415163900842237
1.161999083072082
1.096542645479215
-1.102669371240165
0.236567005338646
-0.829625969099189
0.360654172537434
0.967957931203932
-0.356796372093911
-0.727273348754616
-0.716831422132377
-0.760664141119053
0.946374432093789
-1.230372308615918
-2.420431131312979
-1.091841483196799
-0.526204317646793
1.850903750466914
-0.494706398506456
0.231403618025488
1.020113194864170
0.910569117828238
-1.299773900790042
1.848683131284087
-1.223883306871064
-0.464588117677589
1.699227227313356
-1.295604529205849
0.887687974211642
-0.814254439304525
-0.464307803068270
-0.878482603236950
-1.498341752473471
0.610856873890225
-0.127657639179706
-0.252222898814867
-0.828930153546945
2.687370385708299
0.070272501108944
-1.551714648153263
0.349004182985156
1.173092884109296
1.191251751796317
0.662772261456433
0.706576754934953
-0.370118266205440
-1.107349997949615
-0.080215611757559
-1.915214077542013
-1.998488767299897
-0.397968648428410
-0.691126614728776
-1.143524714105375
1.045423180830153
0.568426291255332
0.953809682368892
0.088478202293449
0.697142787173035
2.556471766309386
0.310005584479546
1.489941657928675
0.136256346141695
-0.015743148051589
1.444253667256545
-2.336570286481821
-1.651084975133850
-2.414976282800934
-2.864996788824038
-1.586832841433693
-1.578611066720755
0.268610348831956
1.079204222656630
-0.757903711189442
0.587277309244516
2.042346274566810
0.285308612870716
1.168348301091408
1.764319734600703
0.739582738880747
0.830486272201677
-1.088310940445180
-0.570934505925171
-2.708381972551060
-1.940674487835304
-2.847467401421215
-2.591085586500080
-2.840083638775446
-2.528985177949592
-1.653249877555367
1.277099525457009
0.116294367476509
-0.470228850311746
0.991717885241682
2.940018058719979
1.499875653974494
1.756896549802190
0.544045817347057
-1.076189113484707
-1.285017912524175
-0.862866088324168
-1.995868801390508
-0.279219872211764
-1.340799652755035
1.132614031081993
0.324931475853371
0.935920359741379
3.066895064052585
1.757597577345320
1.157264487196556
0.615329241011170
1.495733485642359
0.308759367832586
-0.946830217721851
-0.166685340712508
-0.872529121767726
-3.202159184687281
-1.838244430570015
-1.205627118358576
-2.383644871543601
0.229185938785345
0.685491919621609
-0.767333965869161
2.021369987357276
0.938837353182426
3.479047869266916
1.036709606564592
1.439293525359642
-0.091148922231699
2.452558518106923
-2.072910432906957
-1.305214068378014
-0.683102099112937
-1.725868680220212
-1.741451113586039
-2.357588409968873
-0.206800156796078
1.204201171999820
1.070883992505698
1.641322558757405
2.694208823851493
0.780881303762998
3.049778598840005
1.594845143686356
1.387029618552419
1.166753267436531
0.386603144733110
-1.987815689031707
-0.158019624314605
-1.364098860740806
-1.124583843892291
-3.229376837746504
-2.457644936929148
-1.970809653557720
-0.887172373331254
-0.748430330337110
-0.903626241072141
0.647807181379451
0.272768946993359
-0.427399509969193
1.672430139337901
1.913589646514664
-0.598972022608764
2.160284601060487
1.032245853643793
-1.367491200642837
-1.705746927439264
-2.963442319118885
-2.301176449713252
-3.890488077854984
-1.878425015982625
-1.933124432395490
-2.862224247997497
-1.021474907547347
-0.591825691624240
0.413194844107359
0.725747106239048
2.047671446304333
3.288105768957441
1.310359561350394
-0.045268015305920
0.428136932778144
-0.517333444606860
-0.066642293347246
-2.157762036178748
-1.077813855491566
-1.143602156412467
-0.147926509651256
-0.858262361105094
-0.442482799666634
0.894178578917401
0.592212895848834
2.014038231254408
1.023999032161915
2.617785367346596
1.327441074353047
2.537493211143894
1.820280915826034
-0.715585047192214
-1.049914840142012
-1.486225407881183
-1.412818919438235
-1.190962030750701
-2.275467563796452
-0.850178039671356
0.312486308793684
0.155848086824496
-0.782361170724655
-0.863867277751410
2.044301818691563
2.016448542536538
0.836356362175641
-0.420429050960905
1.030318991375416
0.170041934777279
-0.485015725580837
-1.114012249505692
-0.428328578224857
-1.245956426340186
-1.947793210428982
0.359262468815757
2.012533957419650
0.649591037282854
3.960931213594204
1.372977907026758
0.992682327810342
1.453848101473008
0.705034094340212
0.399637477769231
-0.809189211245101
-1.465385163247404
-0.950116313136872
-2.450140689599410
-1.125031104076717
0.833929847829238
-0.623568198708601
-0.459953484398099
-0.594622455328838
0.515815657538285
-1.073081791659498
1.226198137554441
-0.274729130546704
0.339538545832412
0.836897983423532
0.996061252005233
-0.819807563244310
-0.767496260420711
0.011288060951415
-0.253148652361063
-0.245867438096220
0.984086939838442
1.132515795649222
0.678071724489702
-0.906913942039899
1.268866119753154
-0.978650827523156
0.986909736949916
-0.458187027000272
-0.525012561058409
-0.380903984748115
0.269101809571248
0.402832236252629
-0.686228126410761
1.080569657386497
1.909124573390186
-0.262651033311836
-0.312735441765061
-1.197613959585859
0.157478818380127
0.120495695885764
2.495607804594229
-0.850367417616767
0.339851063959352
2.681365341438253
0.984506965269458
0.358920747514135
1.464158222869337
1.375812232542816
1.623001451257809
0.597341338488545
-0.321068151223875
1.607390228975819
0.220448112225070
1.215909398246708
-0.686206899462328
-1.630770111829323
0.290299114543314
0.229218046370191
-0.527098187011921
0.100060915909284
2.229432724164478
0.209833744080416
0.364733091012935
-0.388715592915189
-0.488324034266634
2.087844735459313
-0.964377167837379
2.486107468242078
-1.302864609596879
-1.366010938796444
-0.269809807572562
-1.207477016114659
-1.371014687319089
-1.249163263187868
-0.824716152899704
0.222977987045568
-0.971442046827725
-0.128247667201109
0.450270783516193
1.359868418116349
1.314016483322586
1.244799068568615
1.494939804619589
2.187682455170280
0.758904848445653
1.308245968294162
0.615655301371053
0.069650181871643
-0.019077666299523
-2.106393049220527
-0.549133118966710
-0.435176771888063
0.105909312863188
0.157437619021641
0.654134903781671
1.669782244641970
1.379155002456292
-0.302233698664671
1.008176810632957
1.690278481175280
0.021259622346774
-2.001072561389672
-1.854597212234864
-0.888224563766905
-0.983380440938264
-1.028500408845584
-1.028851113757385
0.475257236686700
0.011174453804301
-0.264029493780808
-0.303386238822768
0.297712467825535
1.984333734607997
0.361310406338786
1.067960812153297
1.258157269754008
1.461275985147586
0.194591313658379
-0.513068544337323
-0.892930470978156
-0.937616839305451
-0.875252532920650
-1.335096170737252
-1.976642766292239
1.394615688309308
-2.107524440441167
-0.269069080650479
-0.000706588053330
-1.592453369952027
-0.573701417480346
-1.598112854487601
-0.699538712149107
-1.002767478531413
1.442170107018919
1.287437882416685
1.267675436790511
0.262020874024560
1.213196374429359
0.279479648840208
1.812860819600992
-0.486144938286949
1.308396957662545
0.709929906592926
-0.486397657178630
0.313876941466481
-1.561805643909399
-1.997793839364459
-2.627929490996268
-0.786249210557134
-1.928859705320973
-0.542513101537409
-0.896665022734489
-1.081238607340586
1.719688805479865
-0.078783913677017
1.502492850763405
1.593215995426744
0.470866841326942
1.474377142938065
-1.701376338233186
-1.596918708366147
-0.609656163915373
-1.230224117758870
-1.812497354761944
-1.334647890226667
-1.646985698827884
-0.778724073983547
-0.892406548463528
-0.733396666888918
2.997264433861748
1.918161289422022
1.712902731985032
2.342755250191068
2.291257221235856
1.264961958530508
0.998878853000815
-0.648094238983726
0.609629872110830
-1.599023474443112
-1.935449276536089
-1.743851968078435
-1.088916651264085
-2.583586777580781
-2.739945845508540
-0.698059245272087
-0.429263833990028
0.788471820192612
0.778650360537660
0.730091709349367
2.692612978215973
2.637712521729570
3.094994779609741
1.692880211439075
0.935636246096149
-0.004854494974457
0.197767801382531
0.221588743693569
-1.104011166771263
-1.534635624987660
-0.937046220441661
-0.669516965921155
-0.562693529443479
0.119881862618618
0.290489264860656
-1.147523852254226
0.766416081710338
1.589876673383705
1.647502699812102
2.300788607934548
2.269218729900066
3.285712895762802
1.120824944141678
1.534884088919074
1.803456613383818
1.414707560761279
-0.226056135739060
-0.687050509563014
-1.700661794628115
-1.980413654115046
-2.132871443577359
-2.870683433762093
-2.027171969382337
-3.341252742228626
-1.080003536337521
-1.665530075727862
0.139324665090319
1.807656039359725
2.776137428289203
4.194607683963119
1.221219987308539
1.804807335783423
1.507468733608064
1.323364859048851
1.231356986502739
-1.310698654014153
-2.874879717872362
-2.685963797413994
-3.038610077936810
-2.427468764734107
-2.460361843171414
-0.862567525555121
-0.457555100962905
-0.501865875809374
1.564405553966905
1.187593450750462
1.208788014544449
2.224894820511574
2.062107837756251
1.963557073483897
-0.779349014066263
0.378932950742420
-1.634043607971407
-1.629663523557407
-2.465623331685547
-2.191485349088638
-1.520210012246375
-0.122025316194730
-2.228189637108745
-0.984175485264227
0.293858652326849
1.102650404579756
-0.268331835858381
1.395445133114597
2.282700545195205
1.668101185981165
1.622732766771991
3.049889909974637
2.619602341126660
-1.804835034894615
0.619922874654066
-0.800699016711115
-0.604593772245057
-0.196012962217768
-0.572768494901045
-1.424903473874888
-1.676789878173935
-2.052012068469430
-0.131722006518161
-0.602607650188901
0.247253527180595
0.345000526848103
0.228168186663049
1.279320130174322
1.144303588284992
2.872362099965313
1.693498215582827
1.322263703667974
1.931973172817700
0.592206983345160
2.314736293095505
-1.371316155226863
0.657244588536757
0.194859594552029
0.078577651695434
0.159301592680806
-1.713716946374577
-1.855330389596633
-0.412188022537220
0.145241413742195
-0.211554257452657
0.073450213533919
0.394698866395032
3.220660692495165
0.230319661882608
0.059837993327017
1.402896756049326
1.835925197980156
-0.193548442397702
0.117290117003455
0.797561197585197
-1.454869925836066
-0.377369578047755
-1.101001668196871
-2.912952168633312
0.527343380615772
0.116591228690308
-1.099708804192450
-0.436412215085406
-0.385798294996569
0.695508864712406
2.062736312703076
1.102977637609159
2.017621859167388
0.129188506142101
-1.099415753840342
0.272888866288727
0.134034652271586
-0.846026086991007
-0.340865700547103
-1.002887870934667
-1.196026902328135
-1.188453433017856
-0.971453876309185
0.291526709115127
-0.913104269422189
0.093815085216194
0.240062053779531
-0.126098589207480
0.585171153042642
1.293329954075714
0.755450150527864
0.572187976278700
-0.899570757664049
0.182629073051511
-0.008038114099507
-0.348442446803501
1.425900031641307
-2.700743561118606
-1.615729076140740
-2.819989952661265
-0.660575399928751
-0.258446850962975
-0.747573107539795
-0.173621879475428
0.410615043834295
0.035322337688621
-0.543383017328058
-0.025431051012955
-0.108842234304041
0.934942337131878
0.214135881545447
0.069398223790192
-0.364934398351938
1.100417736939976
1.460911678064701
0.931454432247139
0.561704007982009
-0.693745853004246
-0.649058961077395
-0.103472831843177
0.389298716297944
-0.869769294414536
-2.464048580067510
-0.220127964366233
0.374726582574952
1.050813649216591
1.340274350337334
0.553019205192698
2.453441577892496
2.749651439016123
0.049482532849089
-0.749790118359980
0.276782197560269
-0.802663766396222
0.890574379254105
-0.194313842886424
-0.894108186233643
0.086048936932418
0.333315832880229
-1.945449140642864
-0.073090085322203
1.109409604203674
-0.731373154869758
0.247407095917897
3.236470607052981
-1.109899343698966
1.654073829158228
0.897650833145766
-1.703901696166545
-1.640527792252185
0.184343944558848
0.047192002264728
-2.078066148388137
-1.463726289733930
-1.642566021960906
-0.607775251480730
-1.753000802777402
-0.257269807482057
-0.716920506819190
0.182793559818499
1.081962102593604
1.248333344306492
1.830136109379553
-0.162016475343978
-0.267517907261652
0.049750763231419
0.237509066917514
0.634323887390559
-1.410943634977708
-1.915961211613941
-1.985006652359603
-0.282939641204423
-1.155132510520289
-0.465129139532198
-1.805972279834799
1.788943766071456
0.696240911768798
1.414271219237012
0.412289023204505
2.830240210783842
2.100864199173848
2.263632027508963
0.130204635863192
0.429672464827872
-0.293596944858791
-0.599001845738205
-2.426493807521131
-2.406890088876009
-0.194451019656053
-1.406272168578441
-0.191674029648698
0.387953980687581
0.582067697206266
2.502732978330469
1.877081833294237
2.544483674132764
2.202829640832566
1.439674839290138
1.510341768642049
1.585275036173798
0.423937357931096
-0.369414369095736
0.526091549051193
-3.724391361134409
-2.465051129119871
-2.733510783435961
-3.476009795672364
-0.917105392160929
0.551360433529096
0.766040596129378
1.360839689720513
0.827354025059198
1.739961939249655
1.778831758768102
0.983259238079641
-0.120754038757810
0.093493176504015
-0.595107698876921
-0.944690476853799
-0.743403815278685
-0.728030768359282
-1.646419468674980
-1.005785508976054
-1.186979248364816
-3.446036671295510
-1.029485921113414
0.819473145144648
1.199107332792628
0.989460410401878
1.335514426118769
0.926213208284990
1.789613023501791
-0.124465051555834
0.503550243867089
0.365118650120910
-0.938244038348088
-2.181568333464293
-1.864827193884357
-2.714730510159823
-2.280175306020583
-1.307991401128905
-2.927526434512423
1.269682090612777
1.928389859692026
0.607650291262124
0.499120940919211
1.229985687476236
-0.002300074352393
1.342725664904427
-0.929816905703038
0.291154355820993
-1.337136374408008
-1.523688649336904
-1.046397091356099
-1.674269942014951
-1.309608708855348
-0.430932316721327
-1.110684199694725
-0.419484803408493
-0.582221847649462
0.052899396963902
-0.857607902267361
1.073849891312128
-0.241073583720007
1.260895995706707
-0.615032989403422
0.626822177104717
0.173263151113929
0.086008875407075
1.029753706781415
-0.011530907277617
-0.208161992356205
1.407507409261058
-0.673637217405977
0.289359769084772
-0.450105391390438
1.417704990421955
1.200988764634808
0.149173605913172
-0.268217348948648
-1.668719560256118
-0.185141141742977
0.554072796948934
0.995855370032953
-0.606364711007933
0.551462703210735
0.637390483235976
-0.775817082186174
-1.011893374876145
0.451065791064773
0.131526256330227
-1.058886049296020
0.308765910892312
-0.635547254395526
-0.798193028755954
0.917672961758083
-0.155616490909241
-1.479567010232008
-1.265149625295986
-0.784099209340635
0.379436496314599
-2.279046361553940
0.775868288915903
0.365122047292904
-0.451194122598098
-1.064564811422027
-0.318106342948102
0.737399741496107
1.272316287074848
0.408400916500967
2.436560647808495
0.842735614290335
1.079547760143465
-0.079537408252504
-1.165695252235713
1.237772911389664
-1.230185271090769
0.045550806031802
-0.946227704538579
-0.515436260543571
-1.664276657128382
-0.800501141815728
-0.652428649481687
-0.763574580334670
-0.890523688473245
-0.084264572616687
1.172470645784451
1.947276810667980
1.407135481579220
1.844552337833115
1.487626344238465
1.134261729202867
1.420185301425127
0.016309954709531
-0.974812747104309
0.066509750800103
-1.663568733025043
-1.595715868704317
-1.255996194638267
-1.462442930312639
-2.038494046460231
-1.438270141397835
-0.636109608706085
1.334261436804028
1.412229586736024
-0.118738158923763
0.761544045122371
1.222752153406102
1.470902313858482
0.875463116504728
1.399051987188246
-0.634089065469489
-0.084972452677817
-0.027434308534437
-2.728097436582029
-0.578822568405578
-0.213730122381265
-2.406019475968120
-2.515462872515819
1.273783173042561
0.766640609054921
2.085538906346761
-0.535385029748455
-0.098585264432513
1.098015577538081
1.983201767732482
0.192546481959638
0.955238595964212
0.847961283075581
0.566866983468087
-1.154894021686828
0.091361436467086
-0.106870632664779
-1.260192764868538
-0.856263237384069
0.176159810430098
-1.371712900063413
-1.444255290731374
-0.788396918895409
0.614535140881824
2.215504589735639
1.868080185100962
1.249478625370383
0.580610594532855
1.584089855735116
-0.260075352018940
0.611265706777519
0.894855498221571
1.659693077913147
0.259703315987542
-0.100913930061184
-1.796350072846003
-0.014171553779366
-1.437696760397654
-2.833107156902150
-0.778268870756868
-0.649101196844635
-0.808274751203669
1.104915151638182
0.548862646757977
0.389874608051247
2.519721435950250
1.783593982719400
0.259946675014945
0.280075305193704
-0.401315846786041
-0.118183458213262
0.535227378986164
-0.438997494375083
-1.624411620116694
0.766112780478534
-1.553625297764764
0.217584312776462
-0.692721147978276
-0.324037718514246
-0.056546309964231
1.069184356891723
0.343473888134720
-0.148099789898412
0.549028945332356
-0.025236493638663
1.894251347286869
1.569530837135451
0.498449016842806
0.266265645879933
-0.854278465519709
-1.530604202048678
-1.036236783498761
0.264102728375646
-0.856575139611857
-1.469938086689680
-2.456306237771515
0.335789983319782
-0.999953547781310
-0.657941282820682
-1.112569148890886
-0.934810756046205
0.644973917255397
0.444828963259707
0.166439053447038
1.004559657976016
-0.183262467779167
1.143863988443148
-0.549822058240286
0.472345980392024
0.497074228281751
1.396294571036652
0.517492254314556
-0.888010926124733
-1.757261944788156
-0.693516163826010
-3.158451820967226
-0.011016365400975
-0.735598414295183
-1.302397929713641
-0.559891357502025
0.599461380267716
-0.107600282277659
0.889179180073797
0.499118066036336
1.791537064642346
0.427303599766228
1.899514936261715
1.864260325296458
0.990617337399779
0.102456996833651
-0.144287460307587
-0.727066078082471
-0.352920072711455
1.124242421011622
-0.077202611794882
-0.492838377601469
-0.841594368576757
-0.747532578314494
-1.393175642375479
0.006568268385956
1.502436951572419
1.045599510374907
0.709726447101220
0.498745611765234
0.593306374907324
1.373773148825005
2.287833081782842
0.903864768702458
-0.031718225200015
-0.508101380400010
-0.187133795428076
0.030295282139828
-0.945287601589738
-2.119325285371780
-0.717484860535021
1.378424059304743
-0.166774875930948
1.389409132299049
0.071719026156186
0.728023691036071
2.149525565654256
-0.550556521013416
2.046736169018154
-0.630644039843759
1.546764663478348
2.675359588585311
-0.323543181579928
-0.000988351401189
-0.139252474242806
-2.058568588078646
-1.569802953004352
-1.598850703945384
-0.231814470049036
-0.228407113251587
-0.320601876512605
-0.565523321451993
0.596299235850202
-0.289863394735080
-0.617878142868184
-1.346107394421209
2.286688962024319
1.424535368412483
0.686483351511142
-0.097507018251540
0.567282993860848
-0.427546919827501
-1.177606905120753
-1.019965507432755
0.919190969019943
-1.461717950009419
-2.432970689881332
-0.766940837322406
1.816385292839068
0.526455433818726
1.114670335715447
1.268815656568217
-0.534052482126201
-0.177953593396822
-1.212485118218434
-1.081826725408217
-0.054829845760847
-0.556485710565285
0.113152429287133
0.354632993995082
-1.085429498659689
0.825327094526453
-0.867460621241642
-1.524965495994432
-0.028666503299039
0.217580557766850
-0.169195042427017
1.505736398156902
-0.333338228383471
0.938404270452967
-0.258172909493909
0.576864885266715
2.029602837290702
-0.284294998306264
-1.010382992095310
0.348334813736802
-1.640729621601996
1.063164621109544
0.607155977688919
0.389620426500647
0.416370473497859
0.654161106726361
-1.351844334543577
0.131935165063426
0.354910041656917
0.168249446222643
0.031164397344255
-0.505943606808633
-1.462022719931109
0.370923785146836
-1.224767401051903
-0.808171014279679
-0.371327998599371
-0.092228783972063
2.183587829719387
0.219123050764645
-1.633844643683280
0.377702466805342
0.323935137661109
1.328469024473965
-0.540729041071271
1.900869454257852
0.217345813306924
-1.520990180985674
0.259385208875814
1.268885684196718
1.175840874947516
-1.149438087251499
-0.557836691143039
-0.566659740996845
0.155085536757486
0.405376931866405
0.239782818730154
2.026466433741696
-0.194721425534224
0.991755445592905
0.252358057540895
-1.716989027778006
0.872295885841352
0.505426924311774
-0.049142949109773
1.264043961097783
1.959383635843694
-0.997938861704504
-1.603671109874562
-0.650736177487976
-0.349363390301762
0.469757502069024
-0.673021511094736
0.204818931274691
2.255562654161505
1.000206481854143
0.251988355070974
1.848169047344797
-2.503442828088043
0.244732306724775
-0.566079071415112
0.015662435636943
0.219520389758925
0.848071388762515
-1.911150541176798
1.238052075352425
-0.391971975586171
1.159273848137982
0.105882466492864
-1.392391977116617
-0.067788959124668
1.049851894713632
-0.387264106833150
0.177854721427054
-0.415851476076129
-0.164396292936783
0.043742672158052
0.604093822353656
1.211545424144018
0.887737996419367
0.218547160872747
0.191081176419055
1.199897825617546
0.200887081094351
0.004761130956850
0.914925661068737
-0.057484138370851
-0.733047949470015
-0.235933656846222
0.689034198998567
-1.457532535182876
-0.729293495585003
-1.414469320822237
0.140971135689716
-0.377953674576947
0.024074363711326
0.213882995118897
-0.430739804869785
0.155942340469907
0.178286054052411
0.487596838212613
0.073086977259302
-0.412877160096351
-0.922629837562521
0.044910936627109
1.123652991489158
-0.256805877796161
-0.612606135196094
0.889860068510888
0.151881147398188
1.125939266833686
0.445946434550086
1.280684263845507
2.130712450565266
0.854265240106012
1.880196303089435
0.536290880830613
-0.080173487731646
0.268790236710848
0.076028071886319
-0.555121713053785
1.219896841974495
0.160454531471875
-1.013697765752489
0.023700455525817
1.809838158429846
0.035386238370891
2.465825137075222
0.906158924866255
1.191145075894528
-0.287597739901941
-1.874078348751814
-0.605537906849025
-1.082039870370315
-0.210452143614453
-0.212914141898387
0.237183877400944
0.449854241920159
1.190246523870926
1.402414005627689
0.239317261340904
-1.464323086612343
-0.317121646310355
-0.015000956992132
-0.480610335607348
1.139842857608718
-0.496593862070580
-0.300270724340366
-0.830570485383241
-0.985268496481513
-1.272766732473127
-2.062750123382909
0.593024080503439
-1.177031256199281
-0.336658590036260
0.435227924362335
0.284643072246885
0.071382782683815
-1.059957205485809
0.333870555288110
-1.129884931080888
-0.437578177603483
-0.034479909589852
-0.156465320728329
-0.365564268475706
-0.999237585254260
-0.457686375667992
-1.145608695221758
0.205948808934853
-1.437140576369485
-1.290248968454272
1.355260967871688
1.175448708920190
0.833587801865670
-0.283260503021650
-0.514069242054694
1.315497378678877
-0.208593942087354
1.232309296717629
1.227500224762453
1.245191551141552
0.199683552468274
-0.816233533312291
0.982826256191200
-1.277328006737706
-1.296047625622119
0.254110979610494
0.016112738839534
-0.232115144553635
-0.087030714567320
-0.650117053139420
0.947066972928871
0.104022843636284
-0.109070302859665
-0.051547675958772
1.343360943370177
1.220103118426416
-1.608982040440649
-0.449518306512135
0.616871821401847
0.326118516159940
-0.336885624360981
0.702157282475332
0.503637508773547
-0.355897594522403
-0.631074400968300
-1.535112379325211
-0.736272078023922
0.471634222438111
0.247190211559188
-0.030730102837454
-0.503326886601042
0.574672103822054
-0.511824960735227
1.134652437698579
0.618589496079050
0.868126857165072
-0.950902048910865
-1.411978536806045
-0.225942348230142
-3.348293285114898
-0.935076584695101
-0.900491822702040
-1.423015844332254
0.362276307790559
1.414919465031279
-0.292940346716200
1.319934252588010
0.900166581226174
1.098884112901056
2.687040622068214
1.271114028827878
2.125127025199860
1.011206079054133
0.264580186586335
-1.368803042309836
-0.901071816958190
-0.514578172670578
0.062838281383635
-1.625449079565455
-0.731939425877043
0.951911616406800
-0.694181271217518
1.972156156175110
3.540767175322506
0.061215768774839
3.199404138471011
-0.576918134193129
1.432608560454821
1.245532739771213
-1.066233062540535
-1.639990250077680
-2.219763843967553
-1.530320408917341
-0.607316580905775
-1.312685295253652
1.464002793659435
-0.159983681999936
-0.298808050529296
-0.369389200677870
0.058415164661987
1.974089804623897
0.838562449378728
1.136706347507302
0.574445773052253
3.161252407525732
0.839334087702156
-0.750729281521291
-0.370749831569706
-1.624014198374667
-0.598877149681918
0.022871061603734
-0.710723280566736
-1.488384794036740
0.382431860525742
-0.591282220001625
-0.610207974330116
-1.258329513864979
0.051157476412456
-1.689454168045201
-2.932263773381929
-0.870326897329359
0.070862388916987
-0.081177907069152
0.065159596378850
0.725971282708619
1.768262216238148
-0.533934501107195
0.315288475586928
0.869870921244690
-1.953787132637305
-0.369411442444610
-1.179031739949229
-0.853733128728502
-1.804198873044546
-0.623359850060513
-0.706059555516018
-2.010914245616379
1.191788847685810
-0.749382989323737
0.424433597469633
1.012478572257217
-0.280401134969522
-0.062056683615752
2.008677543495198
0.725753318871568
-1.826816796543629
-1.090237355901922
-1.953687300054995
-1.489228776534070
-0.356724561954577
-2.208012122376167
-1.760543411094863
-0.860582204884102
-0.451282739224917
0.233015283292928
1.570525836176794
2.129055785883562
2.792115879979773
2.249083699942805
3.050890052870991
2.795476976183045
2.815502636199041
0.466982784550739
-1.243461202866459
-0.790247211281592
-1.123913107445360
-2.216018280641710
-4.046708662732202
-0.706512740659615
-0.236826646791137
-1.774260434345808
0.521787438337263
2.322387576206390
-0.166453856931734
2.139462169267796
3.733961523801649
4.073021743843387
2.075978365132928
0.808868695337436
0.213731346193168
-0.020895571085760
-0.865521650253576
-1.425334224424386
-2.422481233204423
-1.514638311944449
-2.687330600079339
-2.182088353899443
-1.867715730149267
-0.774361254326215
0.208185180602047
1.528077724525247
1.481033500539589
3.035811173891300
3.092276109349391
2.082897132491972
2.510976309302198
1.068703275221528
1.973797864229428
0.300170826096153
0.034822453474054
-1.135159581011008
-1.270894570133088
-1.326990112526073
-2.321732142558141
-2.099154850554687
-1.583236552506116
-1.031856318220519
-2.334577610979260
-0.406005935580837
-0.538394139256830
0.696946286288262
2.086251666989249
1.378822990002991
2.225657539741825
2.158987502093100
1.003801394195648
-1.471766726669486
0.231164325446939
0.793030562162474
0.834821840960249
-1.748275571145254
-2.190815597671439
-3.878617977739399
-2.384268675728027
-1.243410963733234
-2.764454422600327
-0.676610939913609
0.409693448858830
-0.084637994745432
0.102149567329958
2.002955678072175
0.397608573306225
1.760805579218111
1.710773986939142
1.495872346337985
2.264635160452792
0.473243375480616
-0.661702247851606
-1.760907000489100
-2.158786004581913
-1.505791695599628
-2.894033139350468
-2.306621306621635
-1.446752633410161
-0.319076093094491
0.771794004702994
1.407767448953637
2.019286025478985
1.419578114552220
2.348628823560146
4.856127367179290
1.052663581600094
1.553763666819250
1.529620001562168
0.020921755040691
0.491312541656840
-1.657942251009028
-0.970007426321429
-1.532475609118606
-1.421992483436377
-0.465044770184875
-1.407876948269354
-1.478266504547931
0.440131456101480
1.084984215348287
0.714734504872706
0.056154326593309
0.356700022422947
-0.192954306538785
1.098698172782691
2.005776253515432
1.392480913581499
1.898212061391409
1.285521126972831
1.513408837102292
0.318358722634832
-1.448105172269086
0.184291849657318
-1.668696884057562
-1.106111946268193
-0.312056194077697
-1.264163183508198
0.754683787204958
-0.939818759913997
0.103942172449447
0.848394938293746
0.858072126774993
0.419984258832410
2.227827657038111
-0.338818485130780
0.913961858599209
0.894054857004865
1.189777553142591
1.134065832101336
-0.466952079790842
-0.360529572147271
-2.221519395097288
-0.610070951224070
-0.945918512141757
-2.053877742556629
-0.876113151941361
-0.587649007028333
-2.651523196668357
-0.498061614569618
2.927177353275199
0.800838020901078
1.869467593081207
1.655995799085913
1.442880552980092
1.892117280439420
2.957597545290986
2.359714190599386
0.494054023090624
-0.584136654007980
-1.616405757343633
-0.167394024026595
-3.296758323951417
-1.718871831649069
-2.915963527246076
-0.719116582000360
-0.644444406342236
-0.428566811075027
0.415498117216582
0.570911485333804
2.120562782584508
0.818991436715316
0.032446994054367
1.961886421097818
2.279260929752668
0.511905073664407
0.645450381078114
1.092130613365071
-1.148258517944858
-2.426713446773654
0.673214026350814
-2.166052850019209
-2.273669620517594
0.796717875089145
0.156376373591528
0.491489528060273
