-2.783801155363864
-5.359717775730977
-1.839557508227256
0.616432293381907
-0.323934634127019
2.778084448793363
4.024679767600809
4.534216771638278
2.898780446414889
1.020766104624648
-0.717513338655124
-0.413683059371412
-1.030257471769972
0.058128349802292
0.422987540983326
-0.728049406033030
-0.261217620179869
1.078883886043658
0.235300625799888
0.656609211342354
-0.925676143497893
-1.027080929405975
-1.570119251482458
-1.123429808744659
-1.330192690127527
1.337540626174003
0.577363416765263
0.443761376455205
3.235615655674293
-0.313219461594367
1.279592685298187
-0.106365917056538
-0.420288587281045
-1.982421466321452
-2.292912698027069
-1.276465545888363
-3.315898543972176
-0.741285999960656
-2.020972732732404
0.574856615058220
0.778459692145961
-1.107043498758801
0.258582355340316
-0.937801701275338
0.099485810223292
-1.084733801575820
0.406636292023235
1.988369728022923
2.085091785156180
0.561374570514258
-1.265885831145004
-1.363708849693761
-1.327636140006090
-0.780891437499671
1.437331349748398
0.446791225599234
0.243837102306765
1.516686140831784
1.071426236959791
0.935389057971600
1.191683332175002
1.755347735092862
0.362217682072464
-0.618849660052096
-0.750950453932155
-0.788575286675789
0.420632935447551
0.774628079347219
-0.874411248297484
0.841666313574057
1.977387326738110
-0.101353003121055
0.225792820577567
0.690531536857191
-0.407700686352714
-0.105723804048930
0.277891384922151
0.106706151491560
0.732598557044944
2.239841946672327
0.883098909985445
0.383266214621998
-1.923444743265620
0.470748659355490
-0.874121795759935
-1.349042313685356
-0.704534963112025
-2.597119660966208
1.414639025448101
1.419093891473830
1.075362639068049
2.488371713804288
1.045496898452533
1.651115752530755
3.302110051348430
-0.533994465236467
0.657634975650206
-1.503631386863094
0.452375233559654
-0.626898401232638
-1.031235477301141
-1.367656426879868
0.279455758721053
0.141122216689965
0.552547626762323
0.534256489369984
-0.309300318184010
0.838977202267286
0.312122739696136
-2.422968266546506
-0.311570628916401
-1.637601923715102
0.243926103246395
0.719820365159648
0.158223577399607
-0.302208938787222
-0.637635267076105
-1.814935302845830
-0.287706732574977
-0.516039521429938
0.098765256442589
-1.113588146923725
1.552275393883715
-1.081222095760376
-0.169448748146292
0.694629407379858
0.871047215586599
0.388661691707762
0.046823667206506
-0.182057539377627
1.082579985273001
-0.056838818433741
-0.799988364478061
-0.040357152155365
-0.301309764900395
-0.928216594408177
0.020324884308809
0.491240843940762
-0.018511306254623
0.544395685699139
1.207410778584487
1.587801386402278
0.620831434126948
-0.592087905279282
-0.118364068366546
-0.630792038993193
1.150658995992134
0.895749784645603
0.527792889882076
-0.318147585367515
0.447186410643373
0.204022668531940
0.164165236042906
0.128105554654357
-0.329161297336645
0.739954655365628
0.502179464524585
0.240338807498856
-0.252811750370288
0.302934299330008
0.527999578508441
-0.144437071087615
0.881415410888047
0.585424738092078
1.786751520860893
-0.471624013545979
1.094293077229222
-0.362849117734286
-1.290789097339103
0.320661295235161
-1.188146848105333
-1.313364644977108
0.708708507960610
0.581737480628303
1.037749017637264
0.321448917941192
-0.206407322853524
-0.455801493642629
0.473576249260082
-0.189899686714160
0.350217534239692
0.259258235221350
0.865526902328959
-0.717747133262861
-0.732305164837115
0.059351493917757
1.617987778536005
-0.429250619217437
-1.035727148334368
1.178947417094470
-0.353335187100335
0.829677082413768
-1.700874890087880
-1.543103657735643
1.453748705011125
1.891833917224451
-0.316001154569892
-0.002982379232421
-0.765765280231003
-1.419021744694180
-1.214177836312070
-3.070475993768382
-1.619431452845058
-1.159092604048970
-0.803306863856650
-0.946330881178282
0.974086450355043
0.586952539391335
1.627944244660062
0.357854354358908
-0.398294726354198
0.179004652766120
-0.125183576434464
0.183282337190453
0.753343273564588
0.316863672446227
-0.019995525002229
1.529734124842272
-0.049009404129702
-0.329211586323743
2.085914759033474
0.168348274944977
-1.870112680375513
0.264743858447439
0.083485640307550
2.829334288315587
-0.174810312628993
0.138770045604507
1.217448811489543
1.810895610348913
0.299115480406875
1.434387977854144
0.589248382823043
-0.524220270578459
-2.422056695230822
-1.798783466676232
-2.914842826328379
-2.170299462244689
0.575578139678502
-0.904437729895109
0.584160889367329
0.379854314371126
1.342667636392307
1.470313169633731
-0.877292095209979
-0.377005795901304
-1.135985722772055
0.182040492307120
-0.417845555529949
1.161507585421674
1.192083037773972
1.075435494654053
1.330924091802435
3.535094327793933
2.837948001150852
1.824375716393959
1.462265998804514
-1.140570146055372
-1.776239840950913
-2.115452500902502
-3.452702662664507
-4.436324075081161
-3.153239077812228
-1.217232689345026
-0.844899074922189
-0.050559308280727
0.044041234338442
0.211948898819226
0.664794935255704
2.060530936636282
-0.335263267823142
-0.687273607487188
-0.977321620518787
-0.283401193758401
0.883134473228783
-0.169753970303940
-1.018272010701966
0.150379391313659
0.162433968200809
-2.004000216238631
-1.214593561565845
-1.376367756823692
0.096692789221911
1.356599580881129
0.405680449052867
0.903451735673675
0.836309891830052
1.180513854170923
1.414110915266687
1.401436215183865
0.385200649356959
0.394274225589458
-4.271317490804226
-3.225006875925447
-1.474060714638751
-3.201073017845603
-2.351109448257767
-2.231103895712682
-0.310951603825555
-2.245005688085147
-0.180753949055626
2.028263797858767
2.612553315882327
3.410625410639349
2.505963455257743
1.707815256233108
0.728484829292266
2.357616535792344
0.711760314400318
1.385514652099822
0.676048181248539
-1.072816953898082
-0.900352360755897
-1.219156355396469
-1.448413904932950
-0.607769211926778
-1.234647336891719
0.720746842537228
-0.056654100320753
-0.417807912019463
2.312265069691673
1.127078701709634
3.282737521227824
0.877811978635259
1.908425817021032
1.629439529754761
1.400816309264653
-1.438998069210751
-1.321294114884360
-0.080238997823767
-2.281687017894337
-2.051452056232643
-2.250555999296114
-1.550952510641992
-1.208998993640479
-1.811145673739601
0.147770748124078
0.666866504877873
1.176990545226178
0.724377574968947
1.136420023805352
0.972480354796207
2.176143377495739
1.320369173353957
0.287612981162415
1.487514059549250
0.754802108096490
-2.792984612474928
-1.402122979422070
-0.393018868816676
-0.837308421937192
-2.761500711256720
-1.659863662863125
-0.987607321138204
-0.847286220133348
0.393558888857748
0.565597627654292
1.720774399890904
2.635843431923925
1.627404697004351
1.711874611873838
1.049630788012985
0.164692267147638
-1.048906161927923
-0.171753039691684
1.219760650485721
-2.617112742676852
-0.942643548709144
-1.332472751985382
-0.145659284302673
0.125117088416893
-0.251802821553387
-0.651006602576786
-0.198318545388810
0.410143023317585
0.234712771657056
0.409395452929244
0.153042475987222
-0.467911168040893
0.883395934926123
1.763056417002877
1.160782467655964
0.310057964993365
0.636429961278275
-0.882589496773552
-1.479205407255074
-2.727622095029711
-0.359879086628312
-2.513175201311443
0.782416270610861
0.400839419757986
0.148367675512958
-0.208936623655710
-1.085110364696183
1.943016202809345
2.116958171254202
-0.096299379166055
1.186162641143440
0.634544340664733
1.432208542604992
1.310226015325197
-0.249499553648719
0.818164705529615
0.518955563508542
0.651854754310384
-0.001348131932904
-0.789965697689746
-2.326303890103724
-0.845910593858038
-1.554774489778131
-0.850371262365896
-0.865205670354628
-0.501737494983044
-0.640353596380674
-1.171493961708081
1.549629238228537
2.637725556501881
0.618597053573539
2.026667807677547
1.634455784628205
-1.044148549699423
0.593799735055967
0.936091780045609
1.129696098712663
-1.663247965569291
0.212163944810943
0.201593321082356
-1.034981154600046
-1.438225007634519
-0.610362616550370
1.231439723036800
-0.819097613693003
-0.917275656139953
0.545352062670678
0.355633302350261
-0.437021719054909
-0.461882242518689
0.553136460939836
1.220669796020311
-0.900897404331870
0.419816101355998
0.521558650014669
-0.129023448274799
0.658625017502642
0.975636843338601
-1.945662217653738
0.630273045982678
0.134215816754113
-2.292408625999523
-1.959786452209621
-0.643356107766399
-0.607861968268435
-0.651164935564751
0.697350212247982
-1.790159310619697
1.685596206411583
-1.195742911013806
-1.309856068304556
1.873264419626110
-0.849232790330704
0.106296360887272
0.700034977764307
0.846900744023008
-0.560329182035712
1.058751772663989
0.808479084697691
-1.723304046151000
-1.907544954639262
-0.603250430892761
-0.146681195003044
-0.628072522493088
1.032360779402633
1.643713398042737
1.576752526288064
1.743263281335590
0.754177602305418
2.289664752036367
0.588308228660645
1.870747774285923
-0.639890743083701
-0.788521108682423
-0.990274870091644
-1.652983794479124
-2.498920510524741
0.430383723364562
-0.430364866149981
1.961076092071802
0.471006206628467
1.014576226391821
0.347946573874194
-0.377186323864092
-0.909433832590565
-1.041963116958151
0.187757451282225
0.049413799173331
0.500451333187986
0.427240184151821
1.927491460074936
-1.490554076958866
0.253582146245611
-1.776960933851594
-0.130348513380293
0.061564796882506
-1.410804831798469
0.157125371413879
-1.001643822006328
-1.592683148487640
-0.926072766755358
-0.566487512347379
0.513503572244862
-0.786963458593034
0.124705158076260
-0.533010715606551
0.769311426965516
0.326546498559398
0.143217785227789
-1.277828258058780
-2.164316304290464
0.420669578527103
-0.091895645192353
1.894109179161874
-0.083790936523908
1.059376832728980
1.706026261405483
0.233077844859561
-0.524038245582830
-0.740467199173525
-0.155935079085844
0.019384417769777
-0.120197472043620
-0.873708102401665
-0.938443589688800
-0.829804264646643
-1.081065118478634
1.175865400193933
-2.222368342321039
-0.023520140559663
-0.923550304229673
-1.166783657757875
-0.012740894601908
-0.394299120723690
-0.457888258043772
0.244441007961535
-0.674918824298260
0.735993205910494
1.108068411461066
0.259809544578627
0.684568452406775
0.584007051239796
-0.126902822618771
0.056835071642267
-0.997356709959505
0.469020029873475
-0.310145565867018
0.101539138351741
-0.589175261269654
2.029597853841062
1.009096016764263
2.470001707914047
-0.426236671892088
2.606320905855236
0.353000026550490
-0.659636399851053
0.275246912928603
1.311363740466898
0.427005990384958
0.791554709216881
1.130649199163027
1.189526562600875
-0.436374418201136
-1.664636306838686
-0.642894219017196
-1.226980202361287
-2.054342766895285
-0.448689915347216
-0.834365060231996
-0.832387070934813
1.512344931314614
1.154780718407161
2.247662450492916
0.803573518665949
2.724220311975681
0.401347734333840
-2.395917759518346
-1.235074190670981
-2.564251968683669
-1.710688287589755
-1.546668824443605
-2.214576422126764
-0.394926960222468
0.533048766415548
0.738198920881208
0.526298805180430
-0.178071185559645
2.213330669660804
0.119138284799625
1.473741046477926
-1.130001597710809
0.454795632167527
1.388917809671717
-1.542751912562822
1.358455443040396
0.193422160294197
1.326916842485862
-0.905577254925325
-0.463514122305665
-0.514947864319513
-0.041871247316293
-0.695388182224004
-1.380463027234462
-1.450760175554747
-0.222885168143616
-0.413015840674500
0.688396754863541
0.821089061597121
1.520471559627362
0.182374333091592
0.919740781306752
1.134821840990831
0.439101697502972
-1.086802890620302
-0.400785750838563
-0.079395931205869
0.649582178864330
0.839922499714328
1.401303671394681
-1.595125585698393
-0.870415893047310
0.697801773833175
0.747824061920312
2.022251314805792
0.813871566616874
0.151017194869668
0.649838961911555
0.592858286954054
1.307209027760927
2.058699783745505
1.242015226414846
1.601682700369351
0.341222006746301
1.233226465876576
0.292819631935500
-0.282942985209328
-1.214382699489484
-1.539948696377849
-1.615181340968354
-0.361442398765882
-0.467133403391223
-2.253126521706663
-1.372594615298916
-0.404724148691252
0.768353838828848
1.319902292625865
1.193333598252206
1.701389836849186
1.470565348434293
-0.031919604091859
1.285136182535297
0.598181101293608
-0.131833843870938
1.424596034317882
0.220787260558118
0.021624643250260
0.127495714008361
-1.073252754101159
-0.963328351573799
-1.518964047946199
0.520380153832222
-2.903981616815714
-0.527904893348532
-1.216310165965839
-1.196353970646303
-0.983401783529988
0.666711879866565
0.995306750098113
0.911651790013897
0.428054176105914
0.947122896974932
0.534116734709998
-0.208327929998718
-2.084235132153165
-2.097819415190578
0.130901814539056
-2.935837982773624
-1.548046928121705
-1.695662489513983
-3.016683233775126
-1.773614155385185
0.149187320090298
-0.402078062131457
0.807052997659457
2.297614158343587
2.788663040761849
2.468609353610113
2.965460406877556
0.492276528902447
1.092061028833770
0.423529582248190
1.081417625064070
-1.001343605078871
-0.250487136579615
-1.453576493959044
-2.440801489858711
-0.757462722186472
-0.251493042500452
0.285801768394914
-1.232465730857760
-1.076121541701455
0.271643038125172
-0.148254056854468
-0.259947908367586
-0.453230446360183
0.380534593273378
1.560698968473793
1.971464651162291
0.782414526330098
1.595917396273464
1.391843017496321
-0.000352181210408
-1.249051903015572
0.123396652842827
0.038694469260995
-3.085077117512347
0.557220806244619
-1.568776610707636
0.962948524892286
0.106142374611087
0.202177320614229
1.956975302412213
2.046424424458031
-0.634149197260345
-1.802549745082145
-0.627521877568285
1.543458482823500
0.593561442868560
-0.029744886173157
0.327746681676568
-0.083451072581270
0.900368685927002
0.078893002019857
-2.117625628086560
-0.396790063877862
-0.545711796883421
-1.398202852498595
-0.664350394395424
0.698075095407086
0.048523503809416
0.228618140217222
-0.444572893458200
-0.701839247035687
-1.021207043615180
0.214215180148126
-0.081539841675051
0.786346801664828
-0.409446371751486
0.416584508542076
-0.888314438312678
0.352913157187885
0.337873618568053
-1.355704841750990
0.087819833558071
-0.223622237795235
1.114576546884288
0.237859243887840
1.894532273604030
-1.063135857611797
1.108780528902320
-0.429193472985152
1.098745035106434
0.192391059092231
1.263125054080654
1.019782143874315
0.671989935657519
-0.353750124926428
-0.657287000322812
0.376961481812242
1.520062018900451
-0.662938995180816
0.866406014092665
0.954300323979990
0.419032768279426
-2.330676095324929
-2.275782549380322
-0.866729174087665
-0.704931247282686
-1.403798810006126
-0.605630814548386
-0.054700358826871
-0.251208429937277
-1.374638911582327
0.347066451233109
1.795601088857490
2.182947742430871
-0.270533742076044
0.629390565121732
0.063182573481832
-0.300298674662643
-2.359112999048103
1.497621553290610
-2.206939215172418
-0.565530180850702
-2.115136236699017
-0.671294836184233
-0.777501826336335
-0.870857596070244
-0.028849986494076
1.126479048453005
0.053344860757379
0.751534157822626
0.003293728179647
-1.564066033589993
0.123391565267249
2.217211127276929
2.123369431361474
-0.009305553367856
-0.519019207932744
0.595005838355149
-0.504893552086052
1.346795309082480
0.170592664688111
-0.094601598794918
0.154038099471637
-0.562035905606403
0.444609049799643
-0.172668229413716
-1.555388444693963
-0.654523122304871
1.318412103621609
0.323172608961200
-0.148611005016529
0.310425428147334
0.454031726589547
-1.074691603643496
0.606292980576907
0.177730157098595
-0.196606290860160
-0.717441524503957
-1.658345421148459
0.416732671684850
-1.787844861099975
-2.096034150449618
-2.332394061088314
-2.635308530290540
-0.629097381800018
-2.916043075246281
-0.451764397346900
-0.570320806733379
2.723987344666397
3.928509137573221
2.028756390246551
4.931182582019123
5.628764139312407
2.769923523659351
2.762995456699898
3.032890943353610
0.935275517232953
1.633072190785280
0.123463596555802
0.381018208087064
0.381605566054255
-0.830745724632784
-2.215752977052838
-2.083230309115573
-3.543099709525725
-2.214382732758685
-2.656801775331431
-3.022930521245378
-1.085328172456297
-1.738963043814262
-1.635013087808055
1.851301038779411
2.023931078958991
0.234401672168111
-1.002033254884729
1.421295497745425
-0.451033230511216
-2.205520192015346
-2.389352646661824
-2.229161781578756
-2.228680052498853
-4.192900597045386
-1.972059234877724
-1.168708370415174
-1.275676619887352
0.756885344190992
0.046714746381869
3.442024895969226
3.634928416674484
3.256503139665673
4.007244936879362
0.139185295238400
0.858075929904208
-0.359155786321350
-0.563874328022697
-0.988404517867299
-1.453129239905528
-1.308450822769941
-2.968158375122152
-1.932191722909206
-1.453505748554093
-1.890541342293919
-0.271410431204630
-0.299545943601536
1.397638909187267
0.356536238825079
0.415198026024408
1.345342965972008
-0.719664319511663
-0.134969467629555
-1.257055692323500
-0.985542205790826
-1.555178850189878
0.597183944695215
-1.725849776970789
-0.463899997753079
0.863108328236583
-1.609825767593573
-0.687570955083448
-0.309053569742860
-0.731702702262872
-1.063875202190585
2.000044697443021
2.452048362063548
1.100275800446443
2.559193302648407
1.251001499611350
1.724867579634655
3.100203370388817
2.771570294789261
0.100825503601029
0.406008717603624
-0.528040337065207
-0.024557842969300
0.320417748460614
0.068100111800121
0.467484930038946
-0.966123300421078
0.226569202860440
1.483234596936553
1.230127817391561
-0.664108135147434
0.894540374446826
2.134809519314517
-0.392730431904854
-0.874319128357403
-0.414426092061595
-0.386854474118169
-1.919999380449889
0.061041735273020
-0.284126908917031
-0.218842810078968
-1.567697838649829
-0.594079530445045
1.770646023274958
-0.368163986280859
-1.249746104175333
1.368988589297567
0.883714678812681
0.371878114979986
0.533778846522486
-0.850711650199307
0.724769994116579
-1.144456157847089
-2.022091515535389
-2.234504205568174
0.090536364506144
-1.041682357500695
-2.066874314239663
-1.149242113055263
1.846038304820843
-1.572456196410993
-0.493613592973296
-0.242436991641663
-0.550819686623682
-1.174727208356850
-0.169575202810140
-1.495192368760081
-1.389746928213715
0.847005108983583
-1.375369031961250
0.040337159211942
1.052635024441576
-0.944777082154695
-0.591336218515806
2.441707449711042
0.736669092858512
0.752578396181558
0.221207853171382
0.790781445948303
0.061248582702519
-0.830233085761671
0.054563139199203
-0.784510614090516
0.279689497395634
-0.401270857582153
-0.692303233910368
1.036394936055817
-1.044005052362971
-0.302661949136085
0.719742047067016
0.842258849329430
-0.605855045782564
0.470374819762597
0.731980115847947
0.098424608820390
0.536306203934385
0.965747247405635
0.860427832247019
0.925472730010909
-0.477928712490398
-1.032039396582659
-0.927986505288310
0.077301592177039
0.814626099486144
-1.261283002676720
0.916673799318194
-1.480392456063139
1.092457721778402
0.565998845937225
2.121952894544719
1.065251439453396
2.942493872957877
0.818338161136922
-0.144969405197253
-0.578794376183787
-0.810319908710989
-1.111440032233785
0.904935574189566
0.710444255559375
0.002799504760550
0.435600832997725
0.561049385984160
0.986704314420357
-0.752553243696916
-0.132093352870157
-1.990260487822976
0.190299877057112
0.413433135676389
-1.850616108532462
-0.456325788479248
-0.491791457400301
-1.400572114022218
-0.969864198839538
0.481329794579870
-1.354369244268722
0.188944142784414
-1.252870936957430
-1.569924541811425
-1.033613434640324
0.426759952900247
1.236851446309149
-0.368401167026185
1.327406842553739
1.873653715151051
0.268655276098900
0.870809388147524
0.839215457137941
-0.212754240118307
0.689502105461551
-0.293486437124796
-0.807423597289913
-0.331050635971283
-2.314078658159473
-0.778259863429936
0.727822880625739
1.564097541156568
0.255661547945667
-0.212173658410643
-0.355822457395932
-0.447816521384497
-0.139767689983601
-0.868706147694490
-0.293550133564097
-0.013325046223277
-1.389535493934171
0.739627758092387
-0.058968192766094
-0.251181951715033
0.108238912323544
-0.053265412300564
-2.011945249318973
0.150212626764424
-1.767866297045765
-0.125275431526557
0.899416896020809
-1.581062862425108
1.436563208400243
0.100421512949361
0.801045006222076
2.671106385429468
1.583226297679432
1.276081730742564
-1.303870493003462
-0.606200424645146
-1.183052047364310
-1.204383081236064
-0.865872033529381
-0.301177514167931
2.108692877415957
-0.637031584457038
0.374663629679956
2.143283921401809
-0.044959891115746
-1.218919223137231
0.220970518114989
0.511104342417624
0.081467617013312
-0.785467858427671
0.413687278331818
-0.090072987351821
0.349589827291668
1.865677123280047
-1.311974014399288
-0.279125611590257
-1.811949973502760
-2.342247288786519
-2.028962485283159
-0.676642530742697
0.786941474511237
1.676410218612302
-0.104236776978070
1.019532141200625
0.712784352266010
0.300367987281226
0.980222513934421
3.272437842299049
1.313660338176438
1.218681786364923
0.903202024313241
-1.003955551951185
-1.266292931025080
0.712212535459644
0.059347712393933
-0.906473011001026
-2.532266859810906
-0.914118381094907
-0.565093396975186
-0.825393676487745
-0.737715257922286
-2.142671916440404
-0.938885447812491
-1.069636859473812
0.199233033091963
0.364750306407738
0.990290115779344
2.366983840626643
1.667784095719429
2.288789113283966
3.255938673521872
1.291874568940842
-0.176369261261312
0.213359192084368
-0.416695262216451
-1.477137956150675
1.438118927935888
0.325105099744382
1.032158650037236
2.476077858737519
1.871858768084854
0.720412475576732
0.949095482780193
-1.399752842016708
-1.946099921338710
-0.818397840796411
-2.091615768738473
-1.763077000368299
-0.874045415524517
0.511315081108236
1.133567893972995
3.927660619781401
2.014145518291922
1.405601669129141
0.354669671157623
0.961664200616015
-0.978085086491225
-4.234586325252240
-2.206335030932101
-4.328439957312932
-4.522255003945438
-1.443563752898960
-0.777532856197381
2.217830382251161
3.438449927753604
2.532145521208224
3.260235120319840
2.378589778945777
-0.007658855332380
1.396703108068231
-2.263149436873323
-2.361056455368377
-2.261968155322402
-3.076709778955808
0.087731356899009
0.313143624545279
1.184973418217055
1.500691967066475
-0.344582794505374
-0.309746476703515
-0.638322362279447
0.524300423457972
-1.309561924463484
-1.589799305969442
-2.177885226435898
-2.730109799747292
0.191469095738784
0.193113131103434
1.638991309701324
0.223869701531231
1.197206920430352
-0.101958609886863
0.044451319912533
-1.812441638681486
-0.821289845038207
-2.319582192846327
-0.181406873763404
-1.174472289697346
0.616391386582073
2.511253264885212
1.070680370693275
1.528683919794814
1.967592399361943
1.638670607690099
0.229308331505545
1.123023817996920
-0.514629042973912
-1.704312479392082
0.208767713930512
0.614167708071640
-1.363917158579227
0.655623203196032
-0.013102791648909
-1.412038929889457
-1.200680511464260
-1.009990365027473
-1.042719766873338
-0.125281235838855
0.074594819472266
2.034217200726808
0.656139605712857
0.002776031158401
3.529161367438194
0.780960629775913
1.170111605003775
-1.083397633539794
-0.509314142529345
-0.280842896558173
1.144078857909301
-2.487537163545222
0.256855865272257
0.840508809063463
0.603511426860893
1.292063028425362
0.789048871078970
1.541769750115576
2.009425590881880
0.225989129806622
2.175852479984981
0.906889046947554
0.451113107713890
-0.244139507614887
2.194569552160933
-0.615866270985692
-0.734688439819331
-1.535935370760843
-0.620528497935725
-0.275694777264579
-0.347347895049479
0.687558938753575
-0.195000663387503
1.148294628247054
0.818267313546298
1.178692929600978
-0.344017467582954
0.959805918154855
-0.906193546598455
1.143446743010194
2.778041566272031
-0.682212951967591
0.424726282398166
-0.948878105338003
-0.032101403884089
-1.311835439134111
0.299116617438474
-1.603825948999708
-0.345252997175371
-2.083031818846417
-0.655643678178053
0.651092031072547
1.362011071432147
0.863858359041339
-1.193792022700451
-1.924641582964365
-0.434582688284773
-0.036324718431191
-0.201037220813768
-1.104695474247610
-0.715236615177494
-1.582318362277750
0.813166271142010
1.471322177821076
0.139512895407257
-0.108563110933059
-0.282260976914571
0.191043563462436
-0.018319060704234
0.456978232206419
-2.078530739844305
-0.631275608007251
0.018134584642885
0.962961583541526
-0.842782081639286
0.554436207606887
2.251358420944731
0.995626165420404
1.256333792126466
1.147573604012816
-0.667800445100353
1.663960424128544
0.541689642080513
1.327677353123194
-0.940214702418104
1.752860232527701
0.413338189769697
1.202663141770774
0.881573883503986
-0.558934194393007
-0.203746815567704
0.591172369242519
-1.375213881369223
-0.288275608503720
-0.331374415102556
0.674769908226604
1.078772331549719
1.300946728365253
1.111467592931535
2.307614329982957
-1.141225368220076
0.263957317460762
0.109112745313765
-1.503509249422555
-0.541951502577928
-1.690592344446649
1.777934782985775
-0.933499786574055
1.367826265693097
0.196754020349083
2.124276563691691
1.276987057983213
-0.365234100136218
-1.094575050693308
-1.015129646685989
-1.317117058329572
-1.355172127657489
0.057993134626898
-0.156948548963047
0.452474408827923
2.291172804626729
2.712823322434478
0.622579660252754
0.868770880436644
1.122334832664416
-1.054216217241752
-0.763650225711158
-0.650242092068000
-1.212044744890431
-1.046905471697926
-0.392261733481650
0.076776528888475
0.629288890532052
-0.175561884024591
-0.697008696781316
-2.359770478964508
0.041893025063350
-0.262203803474875
-1.567174460691853
0.573782764751819
-0.582423273505510
-1.866017625838568
0.186538787545546
-0.060997041513473
0.016051197076457
-0.038402182319550
0.472844152435562
-2.088641486377047
0.630368878838617
1.089823148904986
0.008640114825790
-0.431722781296161
2.470696774202457
0.464180051973024
-0.602324855253447
1.717429622417781
-0.625184250399135
0.803763211279680
0.391156275571623
1.871978231771115
1.066370054530016
0.282320386967642
-1.884880415576277
-1.077473352982878
2.328262647321618
-0.489095108348229
1.172225350233218
0.505412772688428
1.677614967019859
-0.832141816651649
-0.513210611116072
-0.209779749616189
-1.299947117307972
-1.521343548332753
-0.627942744872702
-0.091623896683969
0.074734602607937
-0.259688954289058
1.708833607733403
-0.597076166718737
0.630113298509134
0.437427709578891
2.184535160706432
-0.493505228393396
-0.198960303003238
1.249412480893316
0.251436313820122
0.431658044896057
0.100220916714335
0.704471425014457
1.095306783266269
-0.318874630834479
0.697110930351441
-0.105941174307412
1.087016123830161
1.440495196880624
0.764135799940567
-0.159369716495209
1.265289927251755
0.537275291292529
0.492917128736330
-0.220772022135106
1.783246299759915
-0.183012220782429
0.454230093142590
-0.954198942271725
-3.020977361110141
-3.874325766338429
-1.532617053362956
-2.950233685197708
-1.146643295325154
-1.721769940157693
-0.848040073718543
-2.419143029744236
0.324384666106860
-0.459442731287733
2.000484131467893
0.474317973302677
-1.141172592178301
0.940271943926011
0.814367156547408
0.547175058958461
1.393968084716658
2.795226971521430
0.825794429704387
0.363152139466374
1.326236092835680
0.529136429789003
-1.458250153077626
-0.501240367393856
0.711145032096488
-0.927186006278966
0.778687570671469
1.844564491312103
3.015101075718515
3.606112987457633
2.668187031617067
2.470703609991316
1.403823645045842
0.168737031143666
-0.718772883806457
-2.108307128685616
-2.020606051889093
-2.444045033831818
-2.472036819309078
-3.676057336835077
-0.915394739535038
-0.513508760301967
-0.257763342692780
1.917226812835633
0.880243322497325
2.771196155500203
1.005417315777797
1.094095232197198
2.266547215048571
0.172523199517352
0.355002354305992
2.214727259769182
-0.036188245215949
-0.168149134751400
-0.830560583641523
-1.314808585266456
-1.465138291327228
0.792890260771292
-0.589289603230416
0.641603549725235
2.168893760412456
0.931139781329111
2.568275037782553
1.470431121710241
0.968390688640310
-0.734250405825692
0.015231791121007
0.743285211544441
-1.053061143445925
-0.989051417867306
-2.146206637607348
-1.375963151792091
-0.934500451100032
-1.240092732547970
-2.756163347014455
-1.693966158086083
-2.662942789127854
-2.117465363360356
-1.253005144564191
-1.369121446241291
2.322858574034669
1.772178875031748
0.720058245426031
-0.261499019943945
0.598959082853274
0.365180734568141
-0.116363979591984
0.603760287570651
-0.196754901095037
-0.739842514441325
0.708905012618702
2.882773612770362
0.367001543673501
-0.054760969537883
-0.535115250473646
-0.268176197942352
-0.840202796531989
0.935655482777795
-0.523867613917023
1.245619801015134
0.359508860445601
0.939872609766932
0.777204074476389
0.736285885099915
0.845819456375328
-1.547869458229783
0.150548127622177
-0.367242272410461
-0.173325314243593
0.169417413079860
0.988865099796909
-1.148906139644841
0.662315898247510
0.334536762125303
0.689407354024008
1.507711026762031
1.402020787495229
0.363128446098798
0.824513494149954
-0.412627724610929
0.102385811205810
1.109771949983451
-1.158786711402561
-0.047425437912440
-0.180624721856744
-0.291604494668675
1.058210510705031
-0.666031799919461
0.389222882476805
2.153579321196367
1.105734143112456
-0.404214413727096
2.112631380186441
0.849117836368708
1.071040054809957
-0.447808988774530
-0.341989740665251
-0.851354712542001
-1.374838142725628
0.023781129260797
0.082171286281367
0.352116292234536
0.184013735485089
0.569445018557221
-0.118771262001477
0.500760765473853
0.865279722755856
0.298196378405456
-0.926248985680172
-1.096102556638698
-0.796521972644546
0.799357844464945
0.363455443670519
-0.517997211463898
-1.246395829908559
0.825567875967240
0.229612435865045
-1.354143174304962
0.132774554103490
-1.099708196055866
-0.850980853642024
0.529985320510446
-0.313500746924196
2.895743329037706
1.634853650542447
0.653371689070613
0.500210033678236
0.123611412556152
-1.147659202272649
-0.929814236689343
-0.438497862321130
-0.875921771949482
-0.819726099696781
-1.416328514745741
-1.560080022180662
-1.068590535474103
0.713350689973078
-0.794220379759624
0.894801455583054
0.157689876778011
-1.607825976303311
-0.160849213395105
1.638434041130281
2.396617058998244
1.671864304257418
0.206938502462133
1.895790283344788
0.555167505007450
1.036276220878489
-0.076207153608050
-0.460522797373038
-0.556627967809441
-0.927410266208005
-0.075282969133843
-0.454437873166781
-2.121820296086713
0.123510394326539
-1.162380971627571
0.650216328629253
0.649533204747960
0.030680608564659
0.683444401354621
0.180955373993411
1.099832185897611
-0.395439460990379
-0.493408824304317
0.883750486324291
0.626854423129994
-0.358643004488794
-0.708448471466924
-0.150919897787132
-0.525484409387587
-0.267419664563434
0.444034505641494
-0.890523646352961
1.888878488270829
0.873126450153455
2.202530385372468
-0.021192452468669
0.619747248875943
-0.136370109224922
0.257554355286822
0.374837023888645
0.780747933597865
1.043313995685027
0.573786342256370
-1.264331959577348
-0.345659620737091
1.396027385418809
-2.102817834458837
-1.996029963915543
-0.657186335151603
-0.583704959728480
-1.030365494341910
-1.338474993026671
0.694848235081278
-1.682571345216914
0.429895165150973
-1.507010584588818
0.495867502902286
-0.457272379824021
-1.195548623880372
-1.250098272523610
-0.924293801551052
-1.394157771968033
-1.487617558975769
-1.784550711735976
0.394229890806220
-0.337605262753180
1.434615440085727
0.807364609421828
-0.585867425680205
-1.205027638058155
-0.776638868049176
-1.648548183435639
-0.638027706760811
-0.017750033714832
-0.346679824278664
-0.232482688139065
1.361078609849805
0.579847289646771
0.633736391311493
1.615777087902560
0.822889851217412
-0.455536299310376
1.436316404130533
-1.541264722466060
-0.237549938775029
-0.822586077235189
-2.476330281341639
-0.766963971817528
-0.996531347132099
0.454744078474271
1.147969292295112
0.672327816670352
-0.418369145063097
-0.904334623766996
-0.932907704510787
-1.399091997192044
-0.222844958730163
-0.892693651764558
1.235335389496295
0.912875133096428
0.971083131253155
2.627640687746069
-0.229249235464610
-0.186356346074051
0.666010634766651
0.911212810171195
0.266002043358601
0.734209437995626
1.724904417436832
1.869751653910011
2.847353830102723
3.025859895001728
0.923339122994343
-1.399180793809718
-0.174670719941302
-3.473403828524637
-4.042729625876779
-2.682561746879689
-2.002126081339505
-3.621155452631315
-1.453316397188538
0.052326238312380
1.400577362048294
-0.223139682690004
-0.636332298875755
0.349790414784667
1.361352607033157
0.157195780475944
1.221431754125703
2.035687833514635
1.231762289336149
2.314008291917651
-0.186256606638919
0.520386544570555
0.694757845782978
0.218807962222330
-0.506374663417327
-0.402344807686514
-1.332252271350939
-2.067569083666247
-0.204887429105163
0.098806565445296
1.489435919820388
1.959873479081039
1.142944848063172
1.947457684838503
0.976339162677115
2.065941302262709
1.233426532848008
-0.048623757396724
-1.564640506629714
-4.214984130919279
-3.475695790810150
-4.652232300482950
-2.696973753486472
-1.293942932190741
-0.891003843425365
2.440433665827939
3.014174488668437
4.844754725899215
4.958599274213673
2.311672122811334
0.092264458184344
1.457286810255272
0.489445531958917
0.841566625633900
-0.328562315791863
-2.105762241645034
-0.769198327717608
-0.878881637327883
2.649989486256548
-0.304666906493164
0.792831551923903
2.088353632028640
-0.408816547124077
0.909668083471788
0.255496225216634
-0.517962805754709
-0.260522412439037
0.213406864355749
2.276609592032872
2.554462733031685
-0.125567794394681
3.994857416845123
0.554310551625895
-0.318852256226794
-2.657974666515841
-3.266966307779876
-3.815414919149329
-2.265586941704868
-1.802120447780756
-1.504906445203286
-0.847357639622109
2.462156582065938
1.334571983521794
2.769152691741844
0.429379936464203
1.458700571174229
-0.872053752635870
0.317033688463184
0.086907095037848
1.613899821384057
-0.449437849336169
-1.923000363096839
0.124165926723758
0.003094206999158
-0.396834878485400
-1.995376062218052
-2.145563510664424
-1.313481295562816
-2.108213624025539
0.196742096519699
1.244452921929838
1.722077267875856
3.140447037377819
-0.144798630171995
2.747696536820367
-0.895875037219448
-0.474466120163808
-1.568257691197413
-0.424535605109710
-2.250488614125819
-2.066876741611226
-0.006171441607514
-0.676313091861708
-0.957469110149536
-0.021072968028355
1.659874700856368
0.333696301422738
1.723969761879004
1.237269684014225
2.029178051955931
0.296943339064671
-0.729147114705188
-0.569709760058994
-0.217497341634696
-0.357264800047976
-0.232511366093108
-0.935448580145596
0.532579806482491
1.351522079639278
0.720482529998357
1.605404742263821
-1.502356041071373
-0.294642713131523
-1.149098467204655
0.727265806919763
-0.436776684782278
0.176035055568825
0.471396367165287
1.442621697159382
-1.057101312050709
0.127972266247706
-0.282259040413954
0.547340801072004
-1.913549512905657
-0.007634845657251
0.945852530887924
-0.804495266898994
0.207187596096520
0.065643547455711
0.381070198951526
0.827315281983040
-1.499971910169348
-0.678754810222982
0.026944913405475
-1.808215581938130
-0.830813657776200
-0.210850872995937
-0.088601409320962
-2.544626020674698
-1.115250489024003
-1.386332598283830
0.579174328572609
0.095051782014496
2.390906152971636
1.080608541577711
1.345437377744586
2.142342156610540
2.757949320328700
0.265006329925993
-0.196610810565633
-1.100711340183079
-1.083328112442527
-1.081860773360555
-2.036997323884771
-2.415424144591634
0.977588251612943
-0.189911083739885
0.114836064091791
-0.943133906561242
0.179675056909263
-0.618511910373241
0.453397872597745
1.206389526370018
1.428088154021995
-0.485722545030463
1.267208620382141
3.429152721496062
-0.064307099252317
1.936056966860876
-0.013182032343823
0.632858404150928
-1.578087914905800
1.730717427444317
-1.922871325788460
-0.104514087163162
0.450215814053295
0.946302216760901
1.528978676373206
-0.136066911078011
0.045137885652800
-0.518023617653094
-0.965145761884538
0.629771679093964
-1.628472021995069
0.049900908531907
-0.539309187021180
2.530020312601330
0.474437877947576
0.511644990346028
1.607918833541434
-0.167708296704804
-1.154559042938280
0.875292514758151
0.795287094961405
-0.048804003403899
0.632342295850567
0.849121789217063
0.249067423433282
0.245248625377923
0.973017584841340
0.794238331762384
1.390428547590447
-0.532244889972031
1.498454161615328
0.651690371357726
-0.116232476221393
-0.153410778610854
-0.429600127928353
-1.187645753340054
-1.369171901989039
-1.128384231724610
-1.428594027048093
0.121488043491537
-1.726595335234899
0.020510643031744
0.266424111645156
0.408646005701910
1.169224955156808
1.357555803435412
-0.789845358817730
-2.042253992217169
0.990343011295068
-1.378270431236716
-0.108010385655770
-0.625942566281943
-0.523176561216980
-1.017352682452543
-0.819331944402938
1.233073106567646
-0.903818772157246
1.156441818028049
0.383735276289221
-0.241162211639393
1.423306644570050
1.041085278785599
1.236780102906853
0.645521865410352
-1.045038415274369
1.409210116369012
0.515988370503864
1.404875737926479
-0.345536935553677
-1.983598763064960
-0.222742506097646
0.612771487946667
2.203942536820735
-0.418433645711353
-0.398758942441904
-0.367526294638042
-1.046949872211623
0.877870187170180
-0.986601725689590
0.224485894676537
-0.911389399720614
-0.813092993852008
-0.344277571454682
-0.667012535406604
-0.599009815676417
-1.233040072850992
0.757426312146929
1.390266221185881
-1.736178519821909
-0.004312511880470
0.785558064491540
0.451367249172506
2.204605695209255
-0.799525028602001
-0.127903337758366
1.333949010175212
1.875988784125987
0.395822734052514
0.409902743492161
0.555082277412123
1.568790707211986
1.446357405270278
0.510894323634764
0.480227349960384
-0.098844334184596
0.449610142610307
0.462208418136361
-1.710386361142199
0.250665156747305
-0.847501987657737
-0.634355975714196
0.063610612326109
-0.491775831790563
-1.503895070239154
0.335815336942361
0.698611616459894
-0.705604074673618
-0.857717113544581
-0.680222258015939
-0.383938487871963
0.418309932701180
1.216756650154394
0.435086806144360
-0.836970081967385
-0.059742932739207
0.014238069278565
0.602667796233919
-0.457318397353472
-0.270026368998935
-0.077395293978967
-0.416532357306081
0.457763844698305
0.036608787877926
1.357628434526492
-0.788355234302559
1.429816319493132
0.316606773132552
0.652512915543754
1.344057873235593
-0.386747518719318
-0.200886272621440
-1.261206792036889
-2.450351624936602
-1.273128948327787
-1.898471730685663
-1.096204369122334
-0.070755628309178
-1.037061989225807
-0.900079533898928
1.994399726892011
2.193169389377867
-0.131295804032809
1.118291758071575
0.093382895299041
0.791897114950952
2.321069691201163
3.110746738507707
-0.113576739312287
1.389451190786300
0.144065375829536
-2.470766675418281
-0.668775937532963
-1.323784028216445
-0.369543052761639
-1.533345857038189
-1.689649758137650
-0.742033615549555
0.610545554895783
0.822170547208074
0.356797155309840
-0.695269873650075
2.744121882029234
1.479690624109832
1.194817254579731
1.285926312809171
0.414320663509355
0.950870592771763
-0.689325080450859
0.121128720397397
1.428705672258186
0.608952003700027
-1.077128824381895
-0.310156774438801
-1.678761644397311
-1.136645981216509
-1.269014291369176
-0.458445659479376
1.532369954662120
1.558400570993956
1.667204935289537
2.676892705765609
3.654237483931017
3.968012338907480
2.326344680463591
0.571895743638947
0.841207680951655
-1.058547756952578
-3.649307690349905
-2.298126261484303
-1.502111103848136
-2.424296145678504
-0.050445417451819
-0.464141160735177
-0.123688680539723
2.168594298515440
1.214946689995869
-0.171781509187529
0.528572793434332
-0.691855289026709
0.041174638271299
0.943313103438157
-0.190600667731607
-0.375237904313947
-0.400048550057616
0.488067334018120
-1.524522892827247
1.064311430998221
-0.113329993326198
-1.626849746573326
-1.743016623242028
-1.189734570863620
-0.972028188028508
-1.242980656744532
0.182470896890405
-0.175901335834933
-0.803794203198005
1.441332459652688
-0.723083837144739
0.162960244738663
-0.684496311306940
0.721009845450891
-0.220778122360991
-0.960054798462766
-2.077466494951202
-1.424693394030618
-1.673674525204838
-0.491417794669280
-0.739764367369879
-0.729827398777391
0.257906329296177
-1.956096231016405
-0.000970427988910
0.850222840175903
0.028683709051106
-0.638267336752624
0.808128261210408
1.899920841763941
1.847557619024356
2.382729695594833
1.313870940659736
2.990358986385089
0.862477993831306
1.181284441646932
0.191609905398125
-1.183485069644712
-0.936964362094661
-1.186769080861211
-1.472144402323900
-0.794046933432545
0.861902076367161
3.260416579843812
0.521805669930647
1.390951925461260
-0.923606496908170
0.625122483113914
0.335268915580351
0.466491792904439
0.261104818913047
-0.604927094759130
0.929058612761283
-0.471289242881119
0.437035302291611
0.827521741635176
-0.302088258936798
-1.338613680906007
-0.444325701799291
-1.178932767415487
-0.542993665535755
0.295620327640662
0.174579549907858
-1.010349185881843
-0.909953517439301
0.420592579386630
0.029110461696530
-0.004475797991214
0.171687980268480
0.410201613689761
-1.387598578216872
0.578024224712229
0.070723127950213
-1.411897650814291
1.288686346612820
0.933128874183325
0.681348217115767
0.163251324940924
-0.611534092323170
-1.038735277491219
-1.067315095014579
-1.910667936757585
-1.398662898904257
-0.108398061237288
-1.202375450228603
-1.191537577008693
1.002157235808133
1.324694180309816
-0.851717839442489
0.217142369237414
1.933283674597165
-0.946752333424852
-2.349654248027351
0.386018911674385
-0.846009576003354
-1.334924317688021
-0.002105936482703
0.095804147037758
-0.526644379071417
0.819482193470362
1.685009894325138
0.963292136721540
1.198471808450190
-0.297159761094048
1.147378651849333
0.898636215593677
0.102860427840529
0.858019324888276
1.493384755217192
1.321624752242652
0.208402057273321
0.323333491970478
0.971347740834285
-0.070732989807781
1.369813100438348
0.556419998552097
0.849440087205498
-0.593599390531971
0.510389424301857
-0.561526235270523
-0.315413944010044
1.096288937828167
-0.877733994095584
-0.681598766833273
-0.892409163673855
-0.133245229349391
0.835451220396152
0.081158248584233
-0.224723187066704
0.015858446015745
-1.429811455192615
-1.723058294300613
-0.490045619521742
-0.084379853785101
-0.314697647164633
1.294379524628966
-0.957690592756727
1.021067745681194
-1.778498780837260
0.382009258273650
-0.319588839948673
-2.450863713812794
1.291529973621688
0.265204340966687
0.670688595831954
-1.638713914395111
0.077220473337506
0.714636653305870
-0.118076587095840
-0.345682750352101
-0.784783424763090
-1.289431429309396
0.989407768449917
0.160628030885449
0.004342712459514
0.479640782623591
0.537441923453115
-0.469441415873010
-1.010617166002485
0.212904893202913
0.867274897437073
-1.385870188948994
0.671398938999974
-1.133638016462436
0.426325989587789
-1.325582094871147
-0.502454483981153
0.422909376282094
-0.484415970620219
-0.738043641407759
-0.595006514343238
-0.037461456931710
0.547322333712934
-0.848363801463269
-1.376351185956420
0.275909086683655
-1.166536776379991
-0.474808151496684
0.400791085436582
0.134088367128861
0.397055940025517
-1.805835227438451
-0.023312936593108
-1.457202878053630
1.477169114926907
0.481298034395410
0.775674208796083
2.017143005893974
3.804115109497497
1.896447944855526
3.256240998605193
3.793612749555011
3.753576142086033
1.002842006502938
0.379082827558166
0.396581217107968
-1.256864783144150
1.106233100589696
-1.854337610060345
-3.175442388217168
-1.826728246445435
-3.887451370988372
-2.522840668645900
-0.970532885064540
-2.472955318230698
-0.391062485591170
0.833342984053955
-0.053262412815288
0.178240722627900
1.145341288414178
0.456784771249608
1.365619596612803
-0.753225935590011
0.073713229474736
-1.204631065870354
-0.709265907894579
-3.266983415095250
-3.675506422668063
-2.761794352170274
-1.441872153169699
-0.239386404955938
-1.115959874395890
2.046676321884270
1.319110182326354
1.764695437424146
4.050829295190983
3.814753506926862
1.139266911473199
2.077067725115935
-1.375684500334973
-1.257336872089330
-0.421974056047680
-2.161129596165712
-1.707978340558298
-1.727770149392027
-1.152832850199003
-2.637985364853474
-1.392553993127954
-1.353201573938001
-1.552499536031277
-0.749674402755800
-1.131552218912178
-1.089592204906720
0.584103352948558
0.789089686277866
1.455190350722912
-0.406102924950768
1.354262856445821
1.274303330614277
0.997257679004442
-0.226305230244661
0.651931462466082
0.756594734993989
-0.380077173242625
-0.292705977810074
-0.990536211684538
-1.790529184780735
-0.551394273604451
2.730088092571405
1.386461025006719
0.763225484566329
1.975580474266435
2.933991761042954
0.630693364735842
0.633523796985726
-0.437729149662447
0.871863375221708
-1.141043072540199
1.191472125348713
-1.071105803879103
0.984897387792020
0.169330081470023
-0.103415156801520
2.222363601038248
0.645467800745513
-0.892037885698596
-1.747539487453759
-0.299223584214988
2.005941442895757
-0.827662514301483
-0.545754146780183
1.972947932663756
0.311821847834070
-0.709888762631917
0.301721780671178
-0.500501481783735
-0.619636287775665
0.022909716427613
1.230258731598610
0.819856527924754
0.357204244165348
-2.228327154090750
-1.144362631053122
-0.588731432503146
3.517804306752879
2.057286860804476
1.112115887662647
0.055434859477617
-0.995529664017035
0.067148102638935
0.185973208584313
-0.005058085273322
-0.034252730882446
-0.499392341532959
-0.446684784068176
-0.257169368771482
-0.425971343724280
1.256855904061225
-0.104259785202615
0.420609311284831
0.367137789555869
-0.589897474023054
-0.042735686177228
-0.500074642107272
0.182126370265268
-1.038304212354713
-0.207503456709087
-0.681280453991677
-1.172781367587397
-1.608169722123733
0.618731874276690
1.137695611813264
0.101902263125547
-0.449482264946178
-0.003731766516396
0.549972144753694
-0.059211137791645
0.250732163184187
-0.465261149999406
-0.429969460591871
0.015789750545626
-0.274293298376837
-0.098244412345080
-0.080124497082880
-1.340498475654676
0.366971966793600
1.886236342828693
-1.524751198482632
-0.010859446252569
-0.733909760547087
0.009287602078513
0.287389362260372
-0.255618260765056
-0.134619782643011
1.994307287168040
0.486494741387121
0.452985905058619
-1.130155877115815
-0.237880321962476
-0.483975947737081
-1.253240837458237
-2.396770756044753
-1.472280916403446
0.441236674996122
0.070670402208653
0.211838380317524
1.249842179039425
0.364577522795400
1.093564405480160
-0.899406343852351
0.340597317833732
0.420355671381534
-0.838352836041739
-0.512053108884572
-1.863723773158694
-0.999582903192905
-0.319433018509722
1.008168778153800
1.460330101975862
-0.475223532877859
0.925258718097584
0.585626408114937
-2.287835507396744
-1.606194668611161
-1.368521016892528
-0.123973239091297
0.509891513494835
-1.838745390398051
-2.139850127822896
-0.360210921177604
-0.398943383898086
0.687242385043693
-0.108069471783033
-0.085828240149127
-1.920425931904926
0.095495602442620
-0.070593273389563
0.121591315340629
1.051251278728146
-0.689277595190054
0.890553238207491
0.869567464350953
0.336642698989927
1.003268473045576
-0.417010395258605
-0.180678344861243
0.802465684343831
0.169361449027246
0.561530026171878
0.300226965277185
0.358581032571995
0.658317684573846
2.266910520526889
0.625975038893176
0.579954076645498
0.205973136843378
0.635940235379611
-0.218614075599171
-0.272429975873056
0.948728488461073
0.416237573434457
0.043924408149436
-0.446575336544216
-1.419244880862156
-0.789750811041405
1.109455088087572
0.136209500762477
-0.564256982902455
0.061474503176395
-1.619578701791298
0.073195805205907
0.139671038257062
-0.674615744194833
-0.334177472165257
1.118956270274778
2.510866579040402
0.212850638373971
1.434225242905700
-1.531587563965101
0.992091752138604
-0.212101333007329
-0.341300917413550
-1.148512474150198
-1.751645253105149
-0.641324947739547
-0.292085104095205
-0.210417503583254
0.141227831806958
1.177553054313651
1.625454298184343
1.191994038485876
0.971737772667422
0.340264122333414
0.568530644287619
-0.577594053526830
-1.887995348077718
0.577492184116036
-1.931896185635888
1.252182527993985
0.656769555795899
-0.613466284705491
-1.520923671382502
-0.254344198841896
-0.657925364428191
0.037766699082460
0.183184056132489
-0.395385754149807
0.309817382282139
-1.210611547720606
-0.135065071174819
1.816876885154700
0.636285509222465
-0.200367161386086
0.094365755855702
0.444357697845816
0.029217934300097
1.431819479797068
-1.092610532751766
-1.246405621479544
-1.198187566287142
-2.712895500363184
-0.389925957111945
-1.593390408985869
0.027830388591070
-2.491794309620038
-0.427153833662113
-1.838917645858183
-3.593657680022714
-1.824137092366409
-2.090065880748102
-0.531499543280686
-0.443075928157341
1.353335891923900
2.747308552171179
2.331828173991657
2.972026604527527
4.325524320572049
2.503686868044869
2.926585852552771
3.069910730408164
1.587764328208326
1.171270279876524
-0.542785577877227
0.884616981808963
1.268846708901842
0.195070584231252
0.364926291444285
-0.849541984626370
-1.259977419583252
-0.714803479559191
-2.533256848440855
-2.196217901045366
-2.722267967067530
-2.772577951456520
-1.305173842707148
-1.741993916394641
-1.010056401838024
0.032921490298635
1.164692654563769
2.707089426144167
2.782852512012694
2.402952552622537
0.196592355176997
0.043611894496115
-0.826311954610097
-5.232712371478924
-3.968527562400107
-4.161992775793792
-2.746973446789006
-2.406913020947592
0.581055818910594
2.358337343236821
2.789359128975719
4.696763535352178
5.519142676820776
2.915263958093432
1.147842481292298
-0.653040465073664
-2.221211834540863
-2.649194211875940
-5.602703106770528
-3.903784996308175
-2.810368410761607
-0.926273407213697
-2.197398715364922
-0.054019983925006
-0.913502228673817
0.462486912019668
-0.718461828086945
1.948498829316698
-0.454360218148078
0.182749223678411
0.518108025464787
-0.117809960753051
1.630525273385172
0.178557116918523
0.403315981077297
0.843267284622846
-0.385833197001078
-1.176065914412992
-2.345747988533612
-1.612649693037629
-0.352796479953658
-0.666593284743094
-0.480388473538651
-1.247786958475752
1.092773742009243
0.835945180686207
0.238741093375319
0.658722046278738
0.545073271278874
1.103916338585049
-0.186880162515945
1.469301715777814
0.438213066327319
0.675836746387938
-0.961399197658803
0.032671337739761
0.400870277446789
-1.491349406688727
0.338118870026871
-1.303528794772775
-0.854689766416666
0.686656622166850
0.820626370314552
2.397283376026195
1.593227501277688
3.532545334559052
0.206516224828825
0.018793594408763
0.688248455396521
-0.002030707504119
1.644456864594583
-0.581888491631999
0.623479591244489
2.135095381267965
0.775336854212538
-0.639426445334074
-0.508896365435533
-1.956112089140958
-2.111799005123440
-0.203132649491566
0.528245405499317
1.166950360231740
1.093490668199967
-0.093780347108594
-0.884640124230466
1.251080246817608
0.341838771496820
0.740410372926643
-1.032380060271692
0.453287453970689
0.386965257251089
-2.973636375292312
-1.707319294423580
-1.079009757380580
-2.016492763363063
-0.176695891413831
0.509879006026652
0.914117542294733
0.814093687823608
-0.689078154350052
0.259092113321755
-1.233813312304465
-1.112744307417745
0.306802540061355
-0.180165453571936
1.742215510344666
1.589854710421535
-1.399103068875317
0.982185669972350
0.430759391448096
-1.311434495486583
-1.897847479497908
0.136197755173958
-2.170956932745471
0.339386206609314
0.193446895798804
-1.123770919588764
-1.044111102736531
-1.450786886263258
-0.762197187986684
-0.798392166307231
1.011222392328774
-1.038382090972991
0.182669723425674
-0.044052276783072
1.334788916888618
0.902189990895314
1.510948957847185
1.203225698650953
0.554528544099715
0.335244334391133
1.000887125971737
-0.053313413315410
-0.434383298422532
-0.682708722141475
-1.002620759178861
-1.304941443428364
-1.339564706240445
0.482401261938713
-0.120919424032887
1.249917612615623
1.633215597014148
2.534880113967920
0.427760888773206
2.707035831497048
1.807475887233336
1.872154463191205
0.046229457591358
0.519595172555289
-1.131319242053950
-0.920929202289490
1.284332423901481
-1.677381707178396
-0.414649399857961
0.852934149634997
1.088013160657755
-0.667569466571250
-0.337488675761296
0.460143430886509
0.579837642718836
1.538576457535880
-0.156774806036755
0.430198514196170
0.625496100403483
-0.113207370151372
-0.463130929473835
1.793660043589832
0.180924270585023
0.465887440771112
1.903042698932859
1.269696822124091
1.598323472869409
-0.630532950297794
0.694149330690519
-0.174093166527582
0.550354091203699
-1.313713363647747
-1.032586434357038
-0.607396973758707
0.551933864163541
-0.191743612757662
0.022622608216222
0.168400774835712
0.837177636601253
0.604026342485650
0.048821644524911
-2.636393191905361
-0.135920685902769
-0.945105857837133
-2.020570699748859
-0.791238400610575
-2.023334417362374
-0.852803164468208
-1.400681944691629
0.103632756714297
0.711707832606375
-0.305072722565060
-0.702341101727619
0.542763917510495
0.962064152269649
0.650203510333295
-0.137698788170893
0.071060694357733
-0.217449055276386
-0.036656646646197
-0.663617229310348
-0.982276881081032
-1.314092181738260
-1.705182643144355
-1.029509527126038
0.236124610445792
-0.911513173875209
0.558143637655445
1.210479772550004
-1.001400352320750
1.970863314792140
1.913869504343154
0.579676612465501
-0.971756973588233
0.176588236213101
-0.168421311541551
0.826343504706700
-1.870286365432256
0.348973997108966
-0.022986891164570
-1.217011791347628
0.525498517202301
1.297224225898570
0.194717480556396
-0.422886531748049
0.671068249799961
0.156427148125827
0.091013449130295
-1.364027149944113
0.369549487037231
0.448085159200392
-1.500778047960085
0.372920059544786
-1.099777317801577
-1.176944527666657
-1.106627696676180
-0.258031758191589
-0.135225338110635
-1.714824797635549
0.451782545357145
1.404718029695054
-0.588599270478314
-0.452466776009508
-0.089265043996775
-1.430562636110450
2.140582312996514
2.593772356029211
0.353408380297135
-0.813961167236557
-0.550979422035862
-1.712918361150415
-0.747491658755649
-0.250010618760762
1.253923104860839
0.777453126728869
0.248736179111815
-0.576548948322380
-0.778602337112416
1.059469679762223
0.156490709688692
0.256372336888648
-1.907875225684926
-2.013906530198823
-1.300112257756495
-0.967311808219126
-1.459173815248828
1.822307001427846
2.250820032117294
1.409793345340783
0.158921568794015
1.352668081869900
1.002350731283380
-1.317570104563125
0.770492949145245
-1.776620224299919
-2.594293668599085
-0.424001886178818
-0.473530627500010
-0.544276117605552
1.040720540247144
1.284071178680327
1.216296925351530
0.992167664289116
-0.020775826640543
-0.294581116491053
-0.072624849081172
-1.237660658103085
-0.510296757793056
-2.338039997905665
0.901666477478894
0.854862253769806
1.309065525331878
1.360194555862873
0.428856500478867
0.677776667145110
1.360679602644340
1.674161577456555
0.009351042546546
0.060272213736071
-0.746616499472074
-0.643416878280081
2.097731399284581
-0.342492749177499
-0.232571514319255
-0.093836864548610
-1.195084283644067
-1.437433292054713
-3.162999276717010
-0.695367890126095
-1.674186682309618
0.339079868869722
0.639163473511289
-0.502120451758530
-0.372981200831484
2.681605543142798
1.767681758084478
-0.496166439744333
-0.196320319534599
-3.022305169726424
-0.913826319207368
-0.627974594512392
0.762010672773878
-0.493479266987520
0.562861589092729
0.043291509120663
1.191429481567361
2.604154858571768
0.706448522066606
-0.384617873055688
0.286562153189242
0.094849849541281
-1.370990150221526
-0.273092303597052
-2.702046249821857
-1.419645412078509
-1.691822659264731
-0.109415988124641
1.812899726670772
1.114048157215818
0.635791738197462
-1.714512847681991
-1.032136259541594
-1.550756597528186
-2.067272135786372
-0.337311474160962
-2.258971450595660
-1.553198124013103
-0.394550144642898
-1.388376564047336
-0.992783002344813
-2.116516574602718
0.280639487577298
-1.020878804385319
0.648655333182810
-0.539276763517496
-0.042316519594804
0.399729465446272
0.537160080014260
0.426709616573912
1.387047044069553
2.592472015774249
1.099827491063489
1.528698015203281
0.070357452953594
-1.823164435827152
-1.120917934366005
-1.085128375536790
-0.177835737403908
-1.020647370666051
0.648203737874097
2.281601272405755
1.539120159838696
1.493368488442404
0.433397627764823
0.363164302267900
1.066281508403325
-0.250403616899036
2.085628119563554
1.826460683543898
-0.038132173252641
0.214412951507379
0.300774573952011
-1.334862283518074
0.602640516568159
0.372759528990832
1.253000421158238
0.801015366001941
-0.635816940650170
-0.158477202092958
0.800514307724547
-0.868606417801450
1.246206933056786
2.410018074095120
2.848972244429824
1.844664373975193
3.866209773571766
1.042362176572597
1.915073193548889
1.364627356086560
0.033125742271707
-0.006508886197889
0.964353408480610
0.023600975733561
-1.679963277792703
-1.548739457617908
-1.676744755436679
-1.944270438188491
0.550518316518489
-0.140686308178006
-0.149676151016826
1.331358767790489
0.933149498768058
0.532635346204479
-0.303017960418417
-0.517206101455776
1.616468565474867
-0.772468533809162
0.059703578093230
-0.472014684868217
-0.730926342229066
0.675645801430037
0.546022526020767
-1.431317275823044
-0.185442971851341
-1.322374404713812
0.858755235209937
0.898540601642740
0.463313370109861
-1.140556640090939
1.613442102876111
1.048631301589955
1.091769974002529
2.223966726284646
-1.324731619589083
0.927521431154467
0.620613371576840
1.242917866799173
0.442977511205998
-1.068451671800385
-0.716803341096160
-1.919636378547964
1.119514489734605
-0.738972709829344
-1.019204551765140
-0.727378145444700
-0.146166092705059
-1.504237493756792
1.197722438321036
-0.159288319446928
0.002539972987672
-0.232475231705172
0.543824502921156
0.748811475831664
-0.416648447925534
1.753454106756629
-1.275091167760981
-0.103015484699798
0.391088410839695
-0.950065702693038
-1.183678848465507
1.227895119919484
1.092999114596293
1.648557016338754
0.708221463754497
0.510885116445260
1.331244264523955
-0.003912723406399
0.657845525023036
-0.956364576745319
-1.175621111654416
-0.829029728704349
-0.368257934082510
-1.268660822959488
1.174444189370151
-1.305745941483791
-0.157499507848171
-0.991483532573428
-0.625150250742552
-0.500134608359435
-1.276672659275144
-0.293445107768922
-0.696298101910478
0.036352723451624
-0.640780434296064
-0.826762367085144
0.367894204096218
0.299755846359761
-0.375691367780614
0.914084110334875
-0.062145185409787
1.362665509285320
-0.940591560017370
0.040195048557352
-1.373967265992656
0.637717069430490
-0.137991510694371
-0.589306869659698
0.715283702259381
-0.840150674808763
1.591647780938811
-0.519589330258505
-0.522552739083341
0.420143635439468
-0.995195960609177
0.123770462477218
-0.747011159309658
-0.551805174479075
-0.862947273105190
-0.100124411982534
1.892464947712134
-1.401291694324668
-0.172241666502066
1.128646527184197
0.187963664032007
-0.888870246140958
-1.341491387581074
1.513018482285717
-0.477329794020458
-2.348535306414846
0.588810238258674
0.518739371436756
0.777965195398560
0.234969415087870
1.470031430713105
0.241665192381181
0.693844424363347
1.085717317044512
-0.665853201925975
-0.140711365495511
0.111363443048494
-0.275801078665361
-0.120137671337821
-1.230176497964433
-0.669519537044036
-1.121390550143050
-1.226689980319632
0.235642128326603
-0.684713788070461
0.863076652169562
1.124139520756681
-0.178050223790834
-0.328100881252910
-2.444358556932228
-0.237857547751623
0.416804593599712
0.748677378440778
0.300522595795299
1.030416973559261
1.311487801327322
0.102971852560565
-0.642071068646517
-0.355377202969131
-1.380931100062876
-0.436705572290288
0.708443693123533
2.292773984609563
0.939369253957767
3.025635733608981
0.406976201203945
1.072658123719661
-0.889022600894957
-0.967198996718786
-2.503476462783762
-2.963810597438516
-3.614685263373575
-4.551292326392568
-3.668692965742170
-1.908721750236155
-1.118974178053200
0.056442102868080
0.019147776646234
-0.141469992633367
0.166473983882712
0.838983171769403
-1.348808353181950
-0.111610852659401
0.555459257564525
-0.261128603706176
2.227100266013410
0.519072967283272
-0.650619151917168
2.966592728254581
1.664230368901860
1.020828114709628
-1.959082408665603
0.545851576995231
-2.181101564492566
-1.132282615086158
-1.842617851941815
-0.274637626511614
-0.815626522468541
1.866710581013482
1.635470517335111
1.869180173332450
3.612226007136002
2.013016340194362
-0.038867611543440
-2.272543836120182
-2.883840800352450
-4.145313564726614
-4.008966898314182
-1.917770654228830
-2.651582102023437
0.355400685104575
1.136123538605189
2.696824050072586
3.324039845380892
3.470759275587658
3.577609747827199
1.398911662825247
1.205781727985971
1.539653406095822
-0.814145605131840
-0.212216676776886
0.794230602365660
-0.604832997723805
2.138068057918215
1.229649061043820
1.690224902738908
-0.405977193001142
1.173431990712891
0.850996509020683
0.762968493679653
1.426690768894196
0.356448103739104
0.430560610533865
-1.299344674736517
-1.381320602390255
1.398340130521752
3.070463570996214
-0.026085515031308
-0.266431407794739
-1.236603509858265
-0.707098259777060
-2.560085255988660
-2.061794015603850
-3.269209223208881
-2.913600826559176
-3.379092319127159
-0.102605924821837
-1.905788451168548
0.729359129091712
1.416716124635996
1.021542963424549
-0.810465261092107
0.605674791851104
0.494198494774925
-2.105588545963793
-0.361525611258720
-0.918359203420737
0.319361939831560
-0.907246820283938
1.766729020726404
-1.483531837639537
-0.699851084753749
-3.045961787258552
-1.458176198628549
-0.008863863590429
-0.680191371817077
1.464852887503315
2.853433872201602
1.923065692741987
2.376252352740215
1.274729490570172
1.471397368788013
0.707015912474217
-1.423150784369325
-0.945472552142615
-1.769852916951938
-2.618647327371512
-3.086764909773527
-2.145989804189535
-0.328949156073570
-0.070055578257612
2.412656507344705
-0.264183681255196
0.682738597644433
1.844617556221198
1.564937630217146
0.923278312391252
0.436499625458391
-1.144255781010565
-0.268905697596178
-0.771366194501294
-1.138325785090469
1.764311028633441
0.606957736940973
1.642680615975987
-1.165591201432290
0.007787618762582
0.483361625784311
-0.010232274232285
-0.121454282138509
2.154752398878937
0.310403765018359
0.750474744340126
1.923542776683528
1.476774879988815
0.821976431182093
-0.291354747599708
0.718437596303109
-0.579276527775359
-0.908230888274157
-0.942427615233887
-0.137839094089952
-0.789547743204602
-0.691087774322228
-0.609771926481319
-0.582384366597052
-0.133081384780656
-0.434932427073836
-0.023585387904215
-0.338380690612760
0.326414059330365
-0.944023335776440
-0.818032650947147
-1.741235016634178
-1.503559157654429
0.792161856440312
0.246144828148861
0.111833788649902
2.700647156978955
-0.430674017645253
0.444440561837685
-0.623401845220688
-0.201698547566459
0.006729271002988
2.062990769540033
-0.422945695294353
-0.392145522399575
1.265545262428451
1.166167072597126
0.686718453236319
-0.098483011576050
-0.505615215606608
-2.769552518745819
-0.756778301730025
-0.796637440169370
-0.632853403781611
-0.542789508103669
0.144739158456925
0.816309349544033
0.445359671035673
-1.111868389192035
0.660645634543679
0.753555321898051
1.643964235532116
-0.066862438300563
-1.404281309166570
-1.754982342920428
0.570418383545292
0.249560615343066
0.281935060286947
0.580135313439013
0.342969550709081
0.640478204661600
0.294840651429366
1.604564028853978
0.649942518087420
0.783581283894193
-1.266783386749907
-0.937249633026279
-0.723052058066500
-2.587610873054553
-0.447994872335851
-0.090593370023994
-0.417974326805809
1.081032216684878
0.154582261217251
1.023564693667656
-0.613172852418906
-2.734662779783092
0.243513118020859
-0.689744102309664
-0.994814911761209
-1.120680900394041
1.112215268099066
1.072476235820853
0.499975909409949
0.652960426842707
-0.867171309740486
2.778120519985179
-0.568795586027570
0.289721170210490
-1.986056901125844
-1.568232379858563
-1.083535935153310
-0.112624549044006
0.732108406008760
1.191469070254999
0.588299985212570
1.922467493505184
1.256466597173427
1.861772404685174
0.591608786292570
1.940163536347520
0.484629367126316
1.310895278825168
-0.817396999318624
0.663268020640202
0.070973116099417
-0.611314581176919
-0.216411803033525
-0.677100056671225
-0.390880382990912
-0.646373301473507
0.721984810032845
-0.436510093308599
0.405903257446619
2.401345442202869
0.393457874937224
0.725519509102914
0.800501149602015
0.068899128983320
-0.213349836051988
0.084772645820388
-0.964358389552096
0.614526498934789
-1.181709290862713
2.047741255142410
1.339641336843980
1.889414405005606
1.715501547832469
1.018090875419320
0.974828982954848
1.244919738896112
0.231140580312173
0.056728437264683
-1.178245838744586
-1.361992138504928
0.032362816538592
0.811902539278538
0.567325514061409
-0.032828944619207
0.962470913014242
-0.440542915440353
-2.017652277632451
0.325371475772404
-3.832618735500202
-2.961191278957626
-1.789060784544851
0.467239910020354
-1.298490217077688
-0.934794790701674
1.318089968729983
-0.085972564641554
0.192883073223648
2.898020145348358
0.901968068480175
1.632949059095208
1.022214619467120
1.205940119548320
0.626920205185044
0.437176078632666
-0.292044239363601
1.030700385230733
1.211314085823552
-0.716426744316064
-1.623608813736207
-2.011196949072438
-0.838408905015924
-2.823763012223638
-1.006634492199943
-0.249264425230485
0.102750369473468
0.355352318704282
0.802148009160949
2.624101143004827
2.308839069637288
1.490229754428527
1.226059170205650
0.704156056771941
0.578559389022114
0.448709890589349
0.880908369155618
-1.879765437074936
-0.712558483600209
-0.136200016299814
-0.265539922195801
-1.556305972594494
-1.354015052795391
0.087361185158062
-1.588043130360932
0.640106509719762
0.805914733331292
-0.675092392544700
1.407817287346757
0.497953759365273
0.237132621801244
-0.475154842744092
-1.809912325340335
-1.635713847445416
-1.888707765161606
-1.488794691167086
-2.323815164919022
-1.456535002086370
-3.362519893324573
-1.751755991552744
-1.000497002744934
-0.371565403150506
1.739948397118040
0.502514328800896
1.509369224128751
1.056898106278024
1.994902336153715
3.374654444385473
0.722882177939747
0.212898374719358
-1.371298531826913
-0.235142020688682
0.184816380532257
-1.965341680429974
0.172947616314953
-1.313504885849485
0.503866405963763
0.474196558474927
0.014045830820611
-1.143690860275537
0.433817893497606
0.378712718297908
-0.076513951389618
0.499479981032101
1.013935406834750
0.773021060347839
1.899276217004205
1.794337346770320
1.047916510783548
0.406424443003301
0.960659903848097
1.325518284978832
-3.594655396100916
-3.043525283913854
-1.873070128307564
-2.634428548186286
0.252119416197854
-0.753021912715030
0.614363442250133
1.342806959534563
1.267931969613779
3.284407645906072
3.163550053349820
0.641070489724059
0.723878079726745
1.691806144064811
1.247445304831771
-2.195560608650703
-0.404774149214354
-0.770988614365277
-0.874184866823488
-1.910568915484889
0.377986330624614
-1.371255081296192
-2.492096743958899
1.483450491538805
0.599181429951032
0.270873606119511
1.625440793502839
1.010445747985267
1.579119480777570
-0.143843264218999
-0.352597407034555
-0.046518751931641
-0.136509662929441
-0.819675888813325
-0.399220056415144
-0.094913783808868
0.243559715222687
-1.749976537185298
1.340339693855912
-0.298135332916752
-1.071173781155496
-0.424911955420427
0.098396950055506
1.207566972310769
-0.852961101603225
0.700617856014806
0.407037770883858
1.901508293795336
0.812360524236057
0.088361158376452
-1.359416317940396
0.024980552141003
-0.258498769964539
-2.087488053778808
0.713508031908362
-1.158198909677604
-0.879458627715777
-0.374700551905911
0.764519079066664
0.043573726620568
-1.101505759815391
-0.203135671851018
1.261032746664143
1.035083961822223
0.711828229856981
1.540401376965721
1.191987872327163
1.071033991056294
0.707589117066163
1.466404433616541
1.264745397627185
2.999515003373416
-0.403673209385021
-0.519404482547425
-0.504113681906362
-1.151398904752446
-0.184021729885100
-0.859303696362474
-0.798355119497982
-0.157068197882714
0.791393513483087
2.355358722362747
0.908019892551076
-1.270300911155376
1.496100397479438
-0.045962307112284
-0.971363916872144
1.298375812527335
-1.631723180884652
-1.073768682039087
0.446808398947424
1.963372708167996
1.164741419022460
0.977906415306041
0.619423556452832
-1.470739100958817
-1.573286161272123
-0.051923721811064
0.546784696074874
-1.130618602101202
0.598139473990636
-2.023665174170290
1.283959835435715
1.184907738366105
-0.914187268256143
0.070934164345524
-0.085364904481542
1.181959015835079
0.942146843422005
-1.190654980766731
-0.573092650146662
-1.170443200805421
-0.172390914010453
-0.587026156568810
0.060149484552716
-1.209466004417080
-0.904470175804066
0.111001064759922
-0.573237916149408
-0.985875214189843
-0.070840550626835
-0.956943902147095
0.132735201651598
0.450811704328864
0.449987314858221
0.918151754871013
2.189690373002561
1.226691184219141
0.991459589586425
-0.003279646348150
0.121057223596495
-1.228046244433005
0.393280361593637
-0.813516994004669
-0.885321533473021
-0.735603938506771
0.687512791781955
-0.157133953156242
1.193624317166417
0.300114361444552
0.932771218022425
1.520953527136216
0.547168755342837
2.094124537002383
0.683076676422961
-0.466022881151357
1.270288708864163
-0.006133050109754
0.725598584185174
-0.023506905336069
-0.233342035046160
0.208078903279213
-0.497002734020146
-1.115169187754735
-2.151042542431616
-1.440665044171496
-0.189080099587518
-0.627290483928180
0.880411970449080
1.652352346847559
0.732864965943414
0.718676431726236
1.723262638246329
-1.229131555806094
1.550563252171465
-1.160865116987153
-2.309543050001936
-0.435725616078039
0.597604338892291
0.152853099957636
-1.364294953100243
0.825980883571685
2.084402590832253
0.187175655508777
-0.812429917417564
-1.399699163004328
-0.301931020347902
-1.154360759779345
-0.243346512158022
-0.324624434793249
-0.842850263554302
-1.223839468675809
0.303552115388340
-0.243942527144700
2.302401283026853
0.762153269853687
0.027680569333755
1.471645607279600
0.733974687946287
-0.601204035414855
-1.066485059021764
-1.773955914839073
0.697860480539566
-0.269729273188882
-1.077753279780185
0.978932674268744
1.579620820224542
-0.176278290627192
-0.620958228839070
-0.871844474160951
-2.073730406119839
1.100850756225130
-2.274679396326485
0.779798366351618
-0.009468592793746
0.728622383339317
0.348843672354756
2.308219539854619
-0.307972751090989
-1.008209630480281
-0.038890016709325
1.679829114998983
-2.015552414503582
0.082671578953259
0.117494074592988
-0.555827101700108
1.450884424035881
1.147849063497964
3.140281002635411
0.279460796732349
0.283172851146647
0.322367220929949
-0.992868039246050
-0.330545435520428
-0.305411666512519
0.123150130108366
1.896540527509042
1.748257923947678
3.144110933112470
0.565917558655233
0.780288570729324
2.159671643887914
0.798494927200308
-0.313457201201560
-1.349548896363008
-2.933686304005830
0.010692046095231
0.276391099176030
-0.510587507632844
-1.538067814722791
-0.188923232519908
-0.826787893287785
1.802667786123711
0.811164850680160
-0.442096774866213
-1.978027942767303
0.065793304223462
0.191638474504177
0.823156152060755
0.186133166437639
0.774031363493801
-0.481852958917324
0.026055672237035
-0.701375212680907
-1.724613553538831
-1.839761129672032
-1.369366345529857
-4.873208856650955
-2.816699757057016
-0.175954918876473
-0.241898357947260
0.730445611268129
3.429323485718810
2.770195459539654
2.189676915926398
1.969060775940834
1.596240991963819
2.061913095938341
1.241556408678340
-2.440994634250617
-0.677663460782233
0.005740400570619
-2.132683327924488
-2.525218389039409
-1.726285194371425
-1.139422535617527
-0.753649322452668
0.467753198450506
0.549461989444144
0.179590185605680
-1.928271362276374
0.405248610238183
-0.330908773430021
1.205620189141645
1.418945038417396
-0.019497152006602
2.471197494158372
2.259721334817964
1.254086038271122
0.484950340082879
-0.405933025023969
-0.358567854730839
-0.020179317650583
-0.617145090605142
-1.701420072347377
-0.994819909325312
-0.690145525931021
0.077767365960981
-1.056429428285893
0.364884401188735
0.831021297384156
2.034604121603005
0.991658347640150
2.123472052895870
0.590663432466239
1.548674138248365
1.508451792862983
0.503720744090525
0.977224953427115
1.712322360738012
0.096944241333054
0.481537835184867
-0.842581484992684
-1.653651852972204
-2.471490302094204
-1.035808555581277
-0.400851347777240
-1.593982476119253
-1.819938425455816
-0.413284310336186
-1.652843177652696
0.780392162429916
0.161069843357760
-1.464612701287685
-0.026330750084481
-0.417020778523482
0.647018075560081
-0.116912510386319
-0.324535756426728
-0.932030705534070
0.117491572561111
-0.118943328739336
-0.829508692980917
1.575045137441349
0.158163931450266
-0.387046670349552
0.169892732875170
-0.210339571174952
-1.432823297302833
-1.551628050140609
-2.063025259763820
-1.522045569297426
-0.074815635226329
0.893878161860626
1.418595625881554
0.393839255466362
1.209062384319784
0.458501436266140
0.493902187130098
-0.268509856823427
0.798698898181145
-0.701466060423819
-1.475215383839637
-1.177193695976405
0.472669041206272
-0.603975222806847
-0.553275305265055
-0.066740461613221
-0.216077398268703
0.916308271515774
0.997133692891441
0.073542004630840
1.968450878457365
0.759922059761400
1.631116522845994
1.258863051390899
0.950479449814849
1.199866253189382
2.065802706831482
0.320936112588929
0.530833357256001
0.173165008718376
-1.788534513102118
0.500501038462918
-1.424064363622560
-0.316949527313999
-0.834895956770476
0.262620197107203
0.729170722215968
-0.877409054137328
-0.271754209170213
0.616807899709905
-0.178136266310465
1.401369654150011
0.742667935434062
-1.263330978138675
-1.306786064567872
-1.048978342883222
0.368515805212289
0.135642875485710
-1.522290376921829
0.237597019068273
-0.113422848156811
-1.270855608562730
1.551342009155233
0.085688338441365
2.841360670532759
0.324276620563001
1.679950825646398
-0.686823897424898
1.591839744746995
0.879621886129420
2.385084626833239
-1.612448774109417
1.373324897471138
1.286611598772895
0.535089775505751
-1.454381997281783
-1.774381362842495
-2.119340221819170
-0.730343770067184
-1.023121718805035
-2.726827171723163
-1.641528946695205
-0.203118819234863
-0.450720560285032
0.607922254094550
-1.160145278805453
0.547199428761770
-0.877822568613283
2.067433913885957
-2.317532861067281
-1.710897490088763
-3.301790092124666
0.715014204314153
0.839185672831035
1.788929415615223
-0.727415511108271
0.294958686046121
-1.866528976348226
-0.630351630900412
-1.119307319204198
1.152125453673668
0.333360560910738
0.189071995989854
-0.999405645101669
0.491462596694756
0.012477099132378
1.139138567804935
0.966825731087100
-0.237504140356644
1.540222139377526
-0.282343378479217
0.462464264612863
1.743095250469493
-0.056549664063247
0.743489776062230
0.950039641924512
-1.069918432665652
0.107104113786948
1.200714569224343
-0.904894008990573
-2.543781635120407
0.388803270016432
-1.219893641027843
0.422567533932759
0.064574567694804
-0.317708009293356
-1.935375515049632
0.604778443775849
0.221654536278398
2.166147966327136
3.054862887368118
1.138735250623363
0.544169156233260
-0.822320287861833
1.034825679903422
0.980316521241048
-0.424420342392901
-0.393152023159982
-2.408447028705747
-0.269114230289139
-1.027567336001288
-1.533315099890237
-0.085721739518959
0.250236327983823
0.580737648921809
2.602015453109849
1.573826359309512
0.280980846714753
-0.128252119670328
-0.494741204757073
0.327078509528666
0.279428159405096
-0.461770929759952
0.076650469327442
-1.194860963857193
-1.221126336479289
-0.418447267708600
-0.733845564159044
0.460728335663759
0.401980944619485
0.090958303372211
-2.229443185913119
-0.146873947045708
1.499712540688108
-0.817435013923652
0.382001275489801
1.623256303046967
0.396496955425825
0.143285054141121
-0.072842328662284
