0.528372445716580
3.120948174664106
1.918511301999440
2.119327250497379
1.893117687129463
0.330885613724062
-0.377440940270344
-1.001895983117302
-1.468830274530543
-1.949212365397899
-2.478756868737157
-0.886343075682161
-2.386980455507707
-3.067469638007799
-1.749469285774079
-0.804430764782497
0.281316078699218
1.663342145075827
1.298975362489518
2.084229825440855
0.056748050879498
1.473169415562404
0.725207061308268
1.130139559562574
1.057245200176549
-1.704510685500385
-0.914340426020024
-1.079830730713826
-1.199969902348740
-2.037988330895828
-1.076506838236157
-0.240740655476723
-0.568709903483713
-0.956705263802492
0.053051386379614
-1.406118109210564
-0.200219161842663
0.137709582304884
0.565113241609164
1.978492595216480
0.564113518726185
0.593217592665226
-1.138151967137070
0.551210067397024
-3.143052540814216
-0.415230765891533
-1.356445300566483
-2.102383530059298
0.280806212927418
-0.963205007360816
0.604741955602079
-1.296830382931493
1.266711515078910
2.017663697302297
0.790663994922083
0.070802058595768
1.185237974209253
0.499756451972359
-1.390656620182972
-1.172271601891016
-1.256472425335306
-0.072664680754255
-1.082179509044188
-0.014828635755144
-0.713361580664259
1.021269312816582
0.226086799355834
-0.553183035662882
-0.086377478509551
1.204689954868425
1.205270165911899
1.186502058579594
0.162280665704651
0.561108117828761
-0.569240251025675
-1.556884949179567
-0.023000399686211
-0.039787790826105
0.110951289246639
-0.785083418464313
0.707628948567249
-0.046405659893877
-0.595676855328072
0.148805218754939
1.856759043832617
1.252006317210258
2.901580010176429
1.982060301219295
1.235383762186859
-0.069686962832377
0.094450578913175
-0.579608201108097
-1.111336635859527
-1.772495584432856
-2.359966849965819
0.555300755849790
-0.653000159354238
-1.083014756140123
-0.279711511449481
1.553087495124942
3.211839982039316
-0.373591972436567
0.296816997181200
1.221088374318085
0.966606345942608
1.048242187490180
1.687896210211703
-1.619931214511110
-1.961379184772180
-0.269807226092809
-0.374446290034317
-3.204032101907766
-0.661798024802401
-0.665164779121047
-0.124786455200952
-0.638158244344760
0.229688052895823
0.065571484114280
0.087297917281424
0.664653966716527
2.586259462823036
2.368771940838103
0.068699888235523
0.563522837490097
-0.864968764010262
0.202002354759746
-0.843642790236704
0.485101839469478
-1.122348608282904
-1.727030570579782
0.137122319816933
-1.822809686800084
-1.079103303966501
-0.696492617264131
1.289214291340649
-0.089202051028604
0.941705587582236
-0.002124460002314
1.781686444262726
-1.692051946859570
-0.241641424221393
1.535130238096835
0.174678911458288
-0.192604297513096
-0.324880552622600
-0.214949198168983
-0.495052486369157
-0.448866734514031
-0.361528405197781
-0.635474917100848
-0.327485630289765
-0.481925185146071
-0.588017862819902
-0.596916419480398
0.558221775431210
-0.878603213295577
0.677358793661559
0.496010258643063
-0.089107632737578
1.823721763094425
0.254708807125483
-0.370099404067975
0.974820316360136
0.461833909158406
0.135081604950635
-0.585618062696813
-0.461541664615615
-0.300629634323535
0.353773465559176
-0.384553497927751
0.536273262443087
0.948765316096247
2.308382260441177
1.108688458606302
0.119601683470449
1.221787360131945
0.307660394306207
1.997880651853244
-0.041998267149023
0.907461168459554
-1.342985943517094
0.176861902178345
0.889367725326636
1.424099953679124
0.709734811456579
-0.102969540794623
1.106688375771706
0.674697578854456
0.566683257395435
0.230690582294099
0.568735490198064
-0.235565159903286
0.367226995785240
0.356868888896204
-1.235739483650374
0.092201595160385
1.595630487464267
0.809535215270448
0.234917329883450
0.448682148449772
1.415238316321930
2.385194805286947
0.250649294004861
1.581126498734466
0.302673527756268
-1.541815522640721
-0.409151923746414
-1.123523150540960
-0.062078715523483
-0.932169110608204
-1.248009844091186
-0.327524649867199
-1.567933366191158
-1.065293137610652
-1.473106906115239
-0.997402026156511
2.190372426568284
-0.718465191291114
0.860238868479876
-0.201914455496546
-0.248629809691597
1.747272137914021
0.063700868259890
-0.767803382863435
0.446511359781934
-0.754101540983380
-1.214427360563323
-1.629016966466738
0.441107215577867
-0.063715318035474
-0.078821897879676
-0.426502786661460
0.942571965273910
0.556840729915103
2.038227063244672
2.370192761474747
1.884763512434148
1.242924565524030
0.600027950818078
1.060021654363686
-0.254890793734708
-2.176283341189860
-2.077676534850612
-3.409676019042543
-3.176709380192000
-1.643290471252626
-2.655624423934545
-0.360206339137155
0.876639567366801
1.968917077037697
1.053668042475929
2.483480628293414
0.902578025052044
1.114913325005996
3.703062995037298
1.860115946197928
0.994379404892964
0.628182764076083
-1.653529864081807
-1.282194352974880
-4.327894486557377
-3.233083781659369
-2.854718772176398
-1.970419553003940
-2.329102217231549
-1.838576313386499
-0.416067764342009
1.427004023703659
1.761188404208554
0.685981852523073
3.071135554673876
1.406006389566354
1.486494875055369
-1.109536911348127
0.315253725829747
-2.960154818821159
-4.180790450099508
-3.173956422809105
-2.158097736238287
-0.483064005883419
-0.116248008443202
0.384615863459373
4.504192194066677
3.323499185044910
3.979104441204369
4.103131949273570
3.094607232653631
3.244629253802408
2.551802096786649
-0.425316203905333
-1.528085810774034
-2.576779792282508
-3.743534900201062
-2.127893310322010
-1.930970400849999
-2.126603321929013
-1.895172979019046
-0.364158626375705
1.067098170796660
3.403328696784454
3.881379199976399
3.259271574575505
4.402281678798995
3.242544379809472
2.883971679929913
2.935794787048139
-0.381938263413052
-0.253810502492920
-0.133430191199257
-0.500046096642931
-1.335301445540845
-1.658523632580033
-0.678876037683259
0.425079706155105
-1.340608520129714
2.042510977500141
-0.380880915520335
2.487276317834359
1.788595272793763
2.213695763020286
1.972446064237901
2.004167615148236
1.644347406325859
1.839299085744025
0.780555532929678
-2.017244664453762
-1.438350484737160
-1.886181714336866
-2.044556221879940
-2.109055993254174
-3.263991988347812
-3.441984995171172
-1.342348646358846
-1.316894088404134
-0.112440091045372
0.358214297501968
1.702152506469324
2.218727009468246
1.065950601463462
1.528551549564423
0.765158166298517
1.565040615829508
0.460716210223763
-1.695648914361434
-3.038348640577730
-2.341652776787467
-2.201850121618084
-5.650638559598638
-3.882821684470503
-3.598475045678877
-1.373766347943047
-0.000796136690449
-0.176635203092148
1.257194877744649
-0.207278213211096
3.023967070932306
0.909778602099956
1.837387326040337
2.059281121323576
0.252559553251580
0.611573083793158
-1.560302931500989
-1.973794544755028
-2.127364404655625
-2.102740553421355
-2.201126999064624
-1.811374783246914
-3.808853261070020
0.551127959963839
0.736507468221189
2.304132655997042
1.858445254155983
1.273052540641619
-0.445486957551016
0.645075382883518
0.114393381404405
0.496844140668543
-0.450808653705886
-0.250941916099973
-2.278843668283072
-0.111352201937729
0.100561382246205
-0.423626696207860
0.853902684734401
0.310867416367649
1.426950125767701
1.174349739515577
1.890985963109089
1.405483320124468
0.266062588871521
-0.393774964971599
-0.049169235806131
2.625172234989264
-0.618525000213334
-0.705860333758641
1.957427904169480
-0.385131551908157
-0.069435706002651
0.177681372601875
0.897752914882434
1.212950635351898
2.021085689028342
1.645977735875467
-0.778320593083394
-0.207397744063567
0.028024777689531
0.104503268663054
-1.130716141379155
-1.623999696461221
-0.174731529490272
-0.380068961374954
-0.441553852878439
1.117995571423735
-0.562595315542245
-0.476121233459354
0.776325326330674
-1.142753390506786
1.187618698676463
1.145957696515107
1.041588365905012
0.811997608640614
1.082913294805530
0.305549300682754
0.770077265503628
-0.447446914730761
1.014129279323149
1.080063529581245
-0.958611585945392
-0.522146076304676
-1.308577967832978
-0.611623299450590
-0.685645219344420
0.299077650506318
-1.401021596567124
-1.653958218087924
1.986919804408128
-0.039164773026544
1.419021601951775
-0.782372996243109
-0.043746879664880
0.282928847277230
-0.952855173038243
0.966553995289108
-1.600817701576772
-0.705342020831483
-2.188815929973418
-0.498956627513649
-0.183854781431863
0.576345917038055
-0.080577968998290
-0.825048776781412
-1.631274272123682
0.567282630137223
-0.873765905459378
0.202215158531989
0.689740282410291
0.644120075222076
2.007539330457323
-0.863926534113773
0.307043499773552
-1.058468572240766
-1.888210250675891
-1.204265466938657
-1.568673835452072
-1.519191617326229
-0.776972308278914
-1.493331555295395
0.689825882806108
0.669299016752735
3.722326753993089
1.648626505667728
1.589067011655076
2.859078844686666
0.972403701529398
1.766781672881407
0.326647295089947
-0.055389802809996
1.015719739515799
-0.259358744651759
-0.178482989402823
-0.932250158567604
-0.014092277621664
-0.696477347340082
-0.364599345545773
-0.929130130797208
1.483512323127798
1.178642598443523
-0.050725018789731
1.330539355216251
-1.252443061016861
1.408476112716638
1.053489523942947
-0.548878366865825
0.259747790190443
-0.211621740696205
0.167124469375081
-0.877429777863616
0.703888199970692
0.437796528477228
-0.453126886127348
1.493863936432914
0.296921643959442
1.361058337576842
-0.469720946475930
1.007882812350805
2.393902711924512
1.500281688339212
0.029007111208291
-0.791400502219102
0.557524499707369
-1.004437900513711
-0.739815128951585
-2.107248742962672
-0.925442400609541
-1.260001388288397
0.466540122594816
1.644086905297223
1.048143181970503
-0.632622879095715
0.645113663750775
1.185369095232845
0.272752790946293
2.580740596380020
2.263378153777075
0.854309255314048
-0.616832965839288
0.613380555615840
1.533054928205062
-0.484880202706508
-2.126157339418461
0.431388772099853
-0.330163422278464
-1.428395279598170
-0.491235150069124
-0.413859648694309
0.019861634863114
-1.238115328157809
-0.829016509087825
0.807208187137419
-0.342621416704196
1.229470630858621
1.584781249098340
-1.335124841790958
-1.677862312694355
0.250423384256762
-1.078361625115049
-0.214660432857727
-0.605505822736650
-0.312368975634863
-0.261052064386946
0.099790354717579
-1.035509957121413
0.037189240156355
0.668242711982739
-0.208890785832414
2.336043563387944
-1.708443197390874
0.611531647809023
1.617000354688825
0.675409214346186
0.757031453842669
1.494954912760517
1.935294544957234
-0.364521801058742
-0.964548074670965
-1.801551345971411
-3.438912079644743
-0.071722900734816
-2.013651407422627
-2.546053999558244
-0.835435989842632
-2.010971176912735
-2.536783896603658
-0.148437180618210
1.813963166818148
0.586960897789159
2.314335016169649
-0.888012309052392
1.639622498683595
2.152289281275114
0.321831740796768
-1.621386812074713
-1.897490604243669
-0.948842011494090
-1.087077198020930
-1.776085602234016
-0.176456051188874
-1.628057456422902
-1.163906298087276
1.215154480772630
0.015170229461810
0.835848083004025
-0.228444310246438
-0.061337952921133
1.686319894437354
1.869664570335689
0.283309887224137
1.105191418334143
2.439137706043317
0.200549814048958
0.050835789654933
-1.306588537101250
-0.848560251378526
-1.393347810872817
-1.439630402437805
-0.655647943804844
-0.127110480838608
-0.938517901456242
0.066586475165684
0.173120303402906
0.523908037920127
0.114409343930966
0.860039904971053
-0.039202750288017
-0.169110987495456
-0.546599412356770
2.207254453452649
1.855138554146956
0.897037999850866
0.668022634899819
1.898737426498956
-0.144668733647886
-0.841919149875114
-1.467979762608424
-0.386265013839442
-1.685192188254115
1.429333296213532
-1.915751682083589
-2.337029617029349
-0.382314759428180
0.533579983662628
-0.243118500535573
-1.163159307114442
1.438301624433080
1.635597703919705
0.627057210957345
0.969236173628455
2.310956887040856
-1.089032230912745
-1.356145980994467
1.295182721673945
-0.382176762790137
-0.454528705031067
-1.077783738248386
-1.946356476940656
-2.412648626091427
-2.144235355157853
-0.904004914302937
0.170195907680256
1.166400566500042
1.043611972589384
0.724399921275130
1.461380138124907
0.469093781849073
2.144924681468550
1.132861376305708
0.857976179806349
0.468180822358218
-0.609327702218722
-1.423934239289381
-1.905314744503855
-1.912072739895662
-2.478538834538553
-2.168870494553256
-1.252128981171353
-0.955982680671073
-0.503883864361856
-0.225226962906435
-0.809677503287282
1.485703094836002
1.423498467411300
0.859578781689728
0.337082950229539
-0.291823682616978
0.568332105981512
1.190455453811104
-1.044227360597244
-1.957944420714415
-0.414425778495415
-2.148470326907468
0.489197900731606
-0.608255062487058
-0.521673109783924
-1.007581493350165
1.105366296164688
1.614351226641344
1.139405715748928
-0.193199124159320
2.709831582798734
-0.015440955662431
1.251765881834795
1.278461689382045
0.682851090439775
0.737084975956217
1.886383567956840
-0.465454919994506
-0.170714082697151
-0.374820708825556
0.536558406614861
0.667819000668434
-2.217150535963665
-0.933572636728620
-1.793776960300538
-1.744445450890152
-0.933074497309611
-0.390326566028022
0.566831841345261
0.948699103445352
1.840038996631272
1.523963486668620
0.038209696731432
1.024400705016024
-0.315338239935972
1.987883919121134
-0.214064836850724
0.687843593160799
-0.181317206300040
-2.164181107886575
-1.316608555308829
-1.413399117784101
-2.570180072024511
-1.482972053245164
-1.118320051840244
0.417386914952988
0.327661687005054
0.615867386312451
0.810237929857024
1.055991563443750
0.176130089967638
1.245948962118763
0.816146807553675
-0.492780657474852
0.625972881664608
-0.913375862496592
-1.707492335454996
-1.327710867837377
-2.078328590935379
-1.530454404312413
0.944124297557240
-1.073633965747238
-0.285445315622976
-0.969752371585443
-1.227211311660710
1.745406909838124
0.813905170404758
0.266933541966303
1.144435591995965
0.738445780034668
1.072715627856468
-0.809876491032703
0.575351706107441
-1.093680967537358
-0.460795356203496
-0.867441442864105
-2.130767119256289
-2.346313075475527
-0.520626492161668
-2.251518975948022
-0.264121584665656
0.222781119351376
0.424090092183201
1.049352927707626
-0.458693082811293
1.025358345996814
0.796127831459026
1.138308228503573
1.422824168730230
0.797766616138994
2.090507548780661
0.594442548584385
-2.140956813222510
0.966609873586327
-0.470634250406442
-0.415172387325288
-1.834066438165423
-0.657910320281082
-2.421876431228004
-1.145514417880306
0.463966206322484
0.177220619874672
0.896030015763827
-0.013771397533457
0.586558972564137
0.408585128524373
0.950590370653393
0.193554011622220
1.002628525290895
0.450832370539355
0.597316901884839
0.278153368539887
0.456107182570681
1.469105881925657
0.311712351093135
0.365960859590216
-1.132994661109988
0.023087500499492
0.034279300808548
-0.477743729756424
-0.285719931093701
-1.603334357778518
0.760528536349381
-0.191458167151117
2.117363029026444
2.583060191741963
-0.082788097621910
1.665016770764134
-0.676131650177183
0.420708001646165
-0.197861168555205
-0.814992937764245
-2.792352363435850
-1.570395340432833
-1.240620080829214
-1.343126963538107
-0.528580586314835
-0.955621411727262
-0.308705702737440
1.014247621801451
-0.307212836989567
-1.462212085941399
1.636177588696051
-0.531132953541183
-0.858440652085791
0.366709224279708
-0.629204452803279
-0.344810470988135
0.381834938775248
-0.768328715675678
1.096771995058693
-1.003551697676216
1.393046823627439
1.006676746765369
0.385028585297586
0.394550257122638
1.096598309386734
1.493429302985029
-0.502849348983046
-1.975860486669497
0.442057530222800
1.197756346254981
-0.470423919360497
-0.885656094757442
-0.243444483535725
2.259866353686866
-0.728072066579874
0.456593313492523
1.465840119409367
0.738552093688164
3.526777862040182
1.918237635845744
2.829635908422260
1.174802002640791
-0.519785033308476
1.255024008466605
-0.042602393157576
0.392558789874281
0.484368879552978
-0.814518637325669
0.253315962933359
-1.221717376341253
1.182670228454870
0.296383851281248
0.597906504005614
1.169401842958256
1.735821140123082
2.170515716788793
3.684463906073551
2.530959256505700
1.180175158883696
1.006858444109114
0.287147285673701
-0.695638922473935
-2.886760225628836
-2.680776428903807
-2.942634932107889
-3.379854896973101
-3.322393685902033
-3.637614009030087
-2.392764263370306
-0.801982664538361
0.531137557236087
0.123331640241043
0.308004710850537
3.190249145598359
0.890037354442003
3.946409975972744
2.430607281875805
2.050723294705404
0.290416955381985
-3.246304868339660
-3.465246479056773
-2.749799042021622
-3.103849948820208
-5.270507057872418
-4.312295390748498
-2.329174392075110
-2.276279515172022
-1.814313966455415
0.688906196266252
3.412574832617068
0.726273323385846
2.759799332221812
3.904836218769374
3.511582195152207
0.716436111841625
0.387127470872879
-1.010879324172874
-1.034223071985251
-2.229148654712054
-3.996536189672538
-2.557716835681684
-4.222919606802470
-2.610360979469966
-1.161011405276468
-3.498155688534614
-0.935253912708478
1.200943566060862
2.231944821504771
3.052491850613979
2.573425034639423
2.262438380876775
4.062137476935323
0.510888276748331
2.646921353745347
1.519476295711900
0.773443410703003
0.408533137160155
-0.136410717216936
-2.961713962529444
-1.455938491620655
-2.774019964402767
-2.538375949610414
-1.614058287925753
0.015681730259296
-0.350911326978666
1.702667852399125
2.444465692463784
4.341575231182324
4.016282242364007
4.425317123990324
3.347091280939169
4.050675220700775
2.405387949946162
2.233393725407081
1.897455534652496
-2.099721865221236
-1.630899240861384
-0.967851198501610
-2.442679281081831
-1.785271543986843
-1.955760397945336
-0.488940786979183
-0.228172894220937
1.027124220240280
1.734993213918079
1.009211416988639
2.511901803470929
2.892196389841379
1.575971076327879
1.233699440784685
1.484586876422080
-0.021333921160533
1.475071165406063
-1.664772762803952
-0.766256588102214
-0.610770954465181
-0.800272440994141
-1.716605620079548
-1.658233927976739
-0.344499684777943
-1.998302804679436
0.394917203132991
-0.837498978513026
-0.379741794324657
0.027546419103943
-1.736856209341778
0.645393706666004
-1.391393075135487
-0.965438893129391
-0.741251751937613
0.147408521629182
-0.391658536880809
-1.361305799083196
-0.916495424870601
-1.491765208624648
0.380316966624549
-1.736536424758854
-1.324419312790579
-0.046064726736567
-3.148453592172255
-0.311962547448792
-1.389625636554772
-1.626000637496584
-0.139937685681370
-0.496637711480937
-0.429997386691888
0.739701733138383
0.095720928242939
0.825994896501722
1.702567727633457
2.153808469935952
0.305974652143574
2.221726630253390
0.568778375334983
0.477455115312863
-0.081362818972703
0.186412229038744
-1.165441084278888
-0.404339814806891
-1.610850382380082
-1.070879508626435
-0.172786780414430
0.247088838277391
-1.568841005026987
1.617231424235545
0.635447557992209
-0.730250918889273
0.362026063620700
1.006767663877818
-0.072762529174389
2.175452173475937
0.904611011458726
1.673835434647452
-0.702576787234624
-0.345803301831513
0.670189442148051
-0.372259216939235
-1.313053589243000
-0.093245218210414
-3.349403315520072
0.455632473000198
0.410026414914815
-0.763544251959435
-0.208682240169079
-1.716693790822028
-0.140532453751846
2.335520303113352
1.646926563988333
0.987613186613691
0.735263960270086
-0.162183563932435
0.915695443131506
-1.931020460778188
-0.850638715040882
0.180832886014332
-0.701138520345032
-0.634896338503896
-1.435977028219292
-0.527415187378203
-0.383277756034231
-2.248241128939892
-1.456081216808682
0.377443044033992
0.433194762859547
0.574299501650498
-0.679512197823688
0.480562669546828
0.671636846426788
0.769647054310848
0.068123063223351
0.920322817745102
-0.411762766207580
-0.461875565825166
-1.068608056649401
-0.885866130621325
0.136263769522381
-1.754604576859430
-1.203250175845931
-2.032846815115613
0.554962489744655
0.747024803927013
0.135863633028990
-0.226102745446378
0.341382138939573
0.028500275322171
1.540799507535159
-0.128214397250783
-1.243959236935147
1.410488001439682
1.240946520039884
0.295541193655532
-0.013627266289747
-0.466056771954116
-0.985682526877142
1.380793702354879
-0.866042136718416
-1.117960172252307
-0.135268282386258
0.168453487328975
0.735648920718286
-0.141391949238339
-1.007276625811993
-0.696596480104196
-0.463508817999282
-1.308648228020259
-3.154509543135337
-0.380748040021117
0.728912615802298
-1.026751473034035
-0.429989850051729
-0.028673926841010
0.568137867383597
1.124603918626054
-0.141231820277768
0.165989101309096
0.033301038493433
0.820586658724651
-0.071341493643799
0.174014163107106
0.094235706633302
0.219158160326525
-2.519980781344315
1.020713812281033
0.455490658182134
-0.007030308590548
0.107370334953402
-0.521333979979664
0.246334925754420
0.925338586596008
0.157524450204471
0.203412287805231
0.813152054804905
0.544114349267748
1.280858463418174
-1.330450942671923
0.414194875884849
-0.373895156404324
-0.836941051685849
0.471580078547509
-0.960634198381818
0.410943757996154
-0.551991563843574
-0.876987805058910
-0.015206943877417
1.268217580791848
2.064353893895237
1.721289518331053
1.754418658467853
1.766710534754463
-0.159359791217072
0.234266659117239
0.318805015988578
-0.715377796339450
-0.958664479788915
0.599151861484272
0.001570150757282
-0.887600354440380
-1.892809398112230
-0.217661808064470
-0.851431142222100
-0.520316353485374
0.250011714239002
0.541915614615806
2.905755298278636
0.382265505427770
0.865241949815054
1.149070898433193
1.290202300245273
-0.153142113061749
-0.690927941002389
0.715886937620872
-0.658792603050485
-0.766007640466768
-1.188781284736965
-0.822232723959514
-0.402897991347609
-1.684117510534933
-0.356849343572065
-0.553513444090510
0.993495845395199
1.386859368541610
2.619584417198674
1.485284120726543
1.698298264500277
1.228056629003300
0.505985594632399
-0.050957939569871
1.003324765034479
-1.459825570921540
-2.242784812556328
-1.955634848023921
-1.122375111276879
-0.915144287963612
-0.986702355916030
0.119838886615668
-2.593528470853625
0.373130048460497
0.765651030174992
1.204731417432241
-0.292681343976818
0.677809136016813
0.593028579196552
1.971393423803049
1.747276077054536
0.589228994385075
0.663941524890458
1.805671224388328
-0.191192054017269
-0.620003924138433
-0.897423271960468
-0.017390871438215
-0.638755929155592
-0.210560057276566
-1.423842537825418
0.360720409935027
0.357128309038942
-1.063724900550448
-0.662388682281155
0.481089550515656
-1.338087488889823
-0.360593449445211
-2.193958907241386
-0.507294302757786
0.741142093309085
1.282396106725302
1.220603778043349
0.213676143439301
-0.667009992247158
-0.039179523598441
0.342649151365007
0.424060585368646
-1.947179453177953
-1.575523537112738
-0.923359410219275
1.034225492271009
0.262295065104658
-1.303147999149559
1.434824594997365
0.649072876967894
1.105794508431900
-0.936433635920206
1.105571756738477
0.569768672775726
-1.258503612306157
0.322811501704137
0.175847199360769
-0.890870646123712
-0.332891059384778
-0.845324288281458
-1.700902879713645
0.242660535221357
-1.798959175490869
-2.313382435991554
-1.176948497105843
-1.759247188547395
-0.117543482125548
-0.571718151578644
0.492491481723777
-0.241836248303069
0.438326473989344
-0.549270881127097
2.007836752521557
1.602750635331877
1.571597297247955
0.426283032647603
-0.336991392679531
0.178678768214335
-0.160078070124263
0.075930227302010
-2.218612448049211
1.786362340444072
-1.975400098693832
0.132839835790964
-0.956278111196845
-0.486520738096954
0.624053416970371
1.857457546913492
1.134224257915239
-0.292562122954112
-0.260337603853529
0.600396357895504
2.135898762121043
1.269977011248299
-1.126783707787405
-2.273203951073870
-1.336506139865720
-0.509777491461875
0.072473880015905
-1.014479693281372
-0.708475041937800
-0.961976671009354
-1.978616828383198
-0.436873551643293
-0.842968303290200
-1.012203012540910
-0.338427270463182
-0.229902317720857
-0.075217552244933
1.694613519248814
-0.532108113020007
4.081525870570220
2.927226068455482
-0.138488581570269
-0.857935958840870
-0.597643746285601
-1.266523436600684
-0.136342953914055
-0.292010591917342
-1.846266585374774
-0.339182887438533
-1.749646896625238
-1.330289402564312
0.349580521469050
0.672066126330160
-0.078791329446256
0.657695440052565
0.810244753550442
-0.491999203908615
1.357530428565562
-0.912047885744979
-0.166944354098943
0.849486827345861
-0.948531144329759
-1.015438736276719
-1.071222253833621
-1.709913109630627
-1.857530293908481
1.259807261802260
-1.119719643852800
-0.462416508765631
0.403565119344594
-0.245861766448598
-0.039154295442652
0.650802363463884
0.116519255209797
0.322775044826426
-0.580301261969869
-1.219474985953136
0.256280395285568
0.900202906030458
0.749176915859681
-0.415634733750775
-2.096151325386567
0.349829569939604
1.009769469178284
0.313519221510586
-0.582719640025104
-0.329047588367089
-1.386830262583065
-0.138911983199167
-0.236921169861767
-0.625030072288646
2.644875492913725
0.025685902466986
-0.041474664839094
0.677660036435359
0.099667418472873
-0.186014224183285
-0.096205298525637
0.470358195313844
0.184260766047723
0.357498515858988
-0.098297189998141
-2.369288493072361
0.066051010821814
-1.006999016814861
0.183157477996138
1.297879420864418
1.078447492969920
-0.581498496590256
-0.414186749157073
0.278422501296808
-0.977076180715411
0.591725470270356
0.455950776878391
1.931338256500581
0.236586272379912
1.104162160019781
1.218962556373855
-1.070105672503877
1.065553854309351
-1.592799379774976
0.524865195883537
0.061725290454671
0.150111348146121
-0.033960422146471
0.430563364758359
-0.230568881868614
-0.744779501493900
0.419333304868076
-1.358976664043583
-0.543863874116659
0.305738844293715
-0.011429062022203
1.656582455718690
-0.449313671211260
-0.092555343872154
-0.379265372911788
0.193923698659776
-0.246420713957465
-0.094379806952521
0.263432981315895
0.117062178495231
0.414204107146079
-1.960953721983829
1.270310332217267
-1.166684277686012
0.572730092853917
-0.507219463506408
0.888910156874270
0.092315567899542
-0.730228456030663
-1.056577766603180
0.997112826161012
-0.134736046856232
0.246090232040554
0.289978789699013
0.809226232240650
0.534294043906710
0.121376571297464
-0.663136998241048
-1.244036168435511
-0.792465815410321
-1.717401687726060
0.604104424662672
-1.351302801240802
0.267586531743899
1.208966183414164
0.244362035131597
-0.753575778544093
0.786348967763436
1.182023755492291
0.060282896785887
0.340413423748316
0.095228922674458
-0.352123200703082
-0.068370802671495
0.051285800158909
-0.062658853639074
0.236168352030517
-0.811501685776866
1.512526586991000
0.068399271491733
1.982855687980717
0.078312938503005
0.515619090794299
1.327660734440052
0.654795173787928
-0.152770894223879
-0.135710240240570
0.508967228298135
0.730973179311138
-0.902020070404875
-1.048313760952872
-3.070494448556618
-1.620933004897161
-1.939030650707673
-1.804590363297223
-0.667397577591299
-1.393162083247982
-0.704188283283143
0.941481764913941
-0.692360341959584
1.545030640087004
1.750022419483575
0.756394035543187
0.477081825688463
1.703258426360027
-0.731520877598860
-0.203217703524094
-0.495961192868461
-0.907695997852137
-1.092859162193793
-1.243605262634931
-1.304947823070297
-1.435532959225735
0.819142155746196
3.049705040075732
1.807345362005347
1.258571077536307
0.332528565879564
2.083470253118922
1.310608883917965
1.387607350432264
1.180156011806028
1.285647607056234
-1.755853151314115
-3.387960145986163
-0.979078422796278
-0.626341929697699
-1.605082739318484
-1.058246009970541
-1.438835355136185
1.194811778513462
0.333733389490671
1.915499243842748
3.914243510310154
0.510716046746081
2.890018111159145
1.415257939071932
0.608865951615925
0.566690574773884
-0.900796165168679
-1.922418754747667
-2.509844390598078
-2.419125683284758
-1.932794111304823
-1.146345456846031
-2.151516199734418
-0.952131932662884
0.407353442898179
-1.176540691062874
2.101591372072569
0.461005734808977
0.976419614340621
2.119665113221172
-0.065062746048575
2.192803302794202
-0.187979033202376
-0.027916229929188
-0.353791153302441
-0.621169405453283
-1.026498279153606
-2.105211558466740
-2.101916846589049
-1.765954478494340
0.027504451170717
1.005413824871309
-0.261215212336205
0.574277813941985
0.126429510437461
0.431272065843547
0.603808141195332
0.760635054785796
0.021839177549269
-2.718872550953284
-0.068188125679017
-0.507387355632149
0.584476093353404
-1.571583104841658
-0.688443656262621
-1.038978973245799
-0.237699048810010
-1.612041353417181
1.406280224266002
-0.166939153934680
0.564462223723591
1.268519154104200
-1.419602756149089
-0.033943525207339
-1.237906788572411
0.223845074141147
-1.518092189226790
-0.441013368937777
-2.871270089753260
-1.100816101477854
0.329142211948169
0.641822437998079
-0.742575496217973
2.090065991347418
0.775592260550098
-1.261225612997399
1.795916741288933
2.623960410048430
-0.206990266701022
0.665114469965806
1.031022602551116
-0.596418974890989
-1.652309922433245
-2.227760622660710
0.521020372775741
-0.725759046803355
-1.451808543844710
-0.420069309316333
0.650213512626958
1.128206298497318
2.185511876290699
2.648833089533841
1.062426549442697
1.362937234778317
1.162983259857842
1.916340418297768
-0.710138934997092
2.680724894347674
0.379428855532007
0.595240569255002
-0.975146667569013
-0.772507778200936
-1.108939131066093
-1.307237163067064
-1.396873225187996
-0.403121183464488
0.528928999446785
0.192001159953051
0.024200956588215
0.571605842949553
1.385239728160392
1.907782025356820
1.619321970069256
2.632391452022451
-0.210330651325409
-0.293693787216901
1.126668527911328
-2.533912830463468
-1.073941635897367
-0.035279807292775
-2.127803154231080
-1.882535016209174
-0.855358131133662
-2.416869844959639
-1.229142391653510
-0.050496369187528
0.239147928355127
1.596381813101750
2.278383179228660
3.410839025640432
1.009337056481862
2.690791150526751
1.509494132848445
0.348252831950251
2.003996178743490
-2.100541968711713
-2.022399027317639
-0.613600989821200
-2.284916685891937
-2.447137559360047
-3.065484337111566
-1.507112717807248
-1.652515379566578
-1.596488920141197
-0.815883893793504
0.296988869083014
3.867658587869347
1.326506071510067
3.657926205581890
2.391990981382596
1.465382212803073
0.778315469504034
-1.105875754239332
-1.540588252830730
-0.068297307779168
-1.301176030662510
-0.702359766677024
-0.582709327669095
-1.281442701325923
-1.902893011927195
-3.077555315699221
0.663364840937618
-0.064265656749092
1.313128794611545
1.199888353739318
1.507771883999212
1.444201401902828
-0.194546791570632
-0.744177754839698
1.033209822151168
-0.371126945973683
-1.848805194746433
-1.944145490777770
-1.190559773340309
1.593473304621371
0.365421617011894
-1.332525723572346
-1.313401364941310
-0.581812281628235
0.423596366742559
-0.222033731927998
1.731426692120750
0.825346239964798
0.165343763077125
1.514542217700013
-0.679799249492262
0.901358836435351
0.021214669607782
2.208257007277270
-0.386606914101851
-1.807349269566757
-0.327219716846126
0.542376966932445
0.644253671366467
-0.139133135962835
-0.579976232880281
-0.775442207244684
0.972376154869493
-1.062316268102076
-0.922628176359134
-0.067887015669015
0.666916640237632
0.767255702067480
-0.630410850512071
1.594964087746825
-0.023520493858382
1.312650042735607
0.994993242421155
0.740808780877400
1.429279775410986
1.791599648917783
1.212404566804032
0.228211578060129
-0.854847812630844
-0.178205069502782
0.832156619449677
0.280183592150034
-0.512330841644301
0.181384781595721
-0.222261315228200
-0.437222849150679
2.640731480140186
0.904137153664272
0.605668281871242
2.117012691976842
1.142829040727635
1.193216646911482
1.308828428774132
-0.040143196178730
-1.736293487713219
0.595525600512808
0.003642741962571
0.323737965926720
-0.007018209249528
-1.798209523926350
0.084716612472516
-0.384481665091030
-0.130463545415484
0.556111835863445
1.124268293236094
1.827873815501354
0.111433327451456
1.737922459676246
0.480746103924694
-0.593624186750806
-0.595263620871802
-0.368323865734578
-0.406420399453191
-2.012816295013266
-1.891041172711053
-0.788312679922036
-0.616209944678814
-1.596858830283214
-1.185035493028739
-2.775170232914704
-0.425856941272609
0.320942904452034
0.207069237985790
1.428307617625752
0.904449700989406
-0.240910540353662
0.838467698327725
0.043691503148811
0.039299057224386
2.350520707308076
-0.989102637193143
-0.285564718933702
-0.063091308632195
-2.135243664026890
-2.650332887261908
-1.802512685338228
-3.000505236398594
-0.243056416518221
-0.731061539784912
0.727547444868265
0.666261722902996
1.471002091817395
1.287697234061537
0.330912404971389
1.258475527507440
0.455086002872273
0.712624837210277
0.219433062519064
1.206514259437675
0.104670888158714
0.862176954505638
-0.844370880255216
1.717257665969153
0.982149886454761
1.248306075605130
1.646523719431070
0.832593919709451
2.544358590543016
0.471021904537281
0.779839696837313
-0.322535841321346
-0.843014343163600
-0.388128404124882
-0.939502099957420
-0.786664667258494
-1.253320605923338
-0.977775285116665
-0.525322678523231
1.098436560489360
1.229179078532641
-0.077621348967080
1.516202977375072
2.473392080578471
0.991198182078646
2.513172073375376
-2.057930280679579
-1.123214291950150
-2.440203849173104
-1.594181376209667
-2.445725427446438
-0.252554919826038
-1.572135026928436
-1.339581671642449
-0.556355924885595
0.367331162106581
0.126529408942585
0.514436472371823
0.903452698390680
1.745061593914786
2.214396981596536
2.091597978209829
2.363843090195447
1.135862060642923
0.443425308459972
0.962249203012952
-1.077263496109381
-1.736471638799226
-2.204528658903301
-3.615789141435084
-1.904540929953727
-2.320451968150802
-2.463579655604117
-1.712033137225811
-1.257363352157851
1.762937650375934
2.160726301298033
1.467871186745886
1.393904977533012
1.754840849548705
2.568001180642204
1.166823071821336
0.117134528856023
1.114127253892590
-1.048795177970242
0.292759698725245
-1.481513985183898
-1.284935046013971
-3.396636485195631
-1.324997622112675
-2.890367251911130
-1.473227343134389
0.494410438787719
-0.033199809606078
0.954036440794457
2.183465266502640
2.815365833854796
1.740318511788113
3.558381647090448
1.142906462001092
0.881510505806078
0.940385755071697
-0.265324922796129
-2.064297566197746
-0.978626185858582
-3.556271854148382
-1.621839989190697
-2.694038285671259
-0.585371838446665
-0.577758883770737
1.231413994854683
0.310110018101435
1.425720598769127
1.896891590757659
2.445225790164120
1.461917053294347
-0.028118625353784
2.426774559367283
1.514299814470977
-1.015083909601520
-0.446525911951264
-2.324901918448484
-1.455718261263511
-0.308372599897399
-1.363270531735346
0.017730248056970
0.214935859550945
1.983601470651512
-0.470915303574309
0.000580896446614
1.464895763051738
0.400899385858630
-1.710328967224440
-0.149423744781313
0.630177011042068
-0.290242261672646
-0.748383028990126
-1.594952706026934
-1.431215299255970
-0.365355059597421
0.813940187996916
-0.699965301006019
1.990881143897442
0.287293683255483
1.866287131179039
0.213289854117564
-1.032376034151729
0.167503188264831
-1.520517358361386
-1.070776384565217
-0.834587743182025
0.258365058694049
-1.534641435151196
-1.040440681587801
-0.298835919770670
-0.748468263613161
0.495546654748658
2.431519092480109
-0.091985333033313
1.898441960325844
-0.448356148011402
0.971939517753824
0.168778317013511
-0.622465646778840
-0.366392799345612
-0.557106559018334
0.107474010048066
-1.475675275054563
-1.274020437963499
1.626361672279616
-1.158287644938319
0.379335168460092
0.647255979479232
-0.469451920519307
-0.419241466358019
-0.020017701872568
-0.289529631886202
-0.215608019001770
-0.203894469784011
0.808892911041817
0.140582058670551
-0.118223138843238
0.700075885155758
0.228640604898472
-1.305720159507530
-1.408287457710142
0.468720898967508
0.440450077716315
0.885949595923758
0.033777643110021
-0.914963638497358
0.031566267299701
0.857570901302154
-0.100276806819854
0.759419059045280
-0.085400522850226
-0.627274927896692
0.274228209604733
0.216044400547671
1.268434494447862
-0.443205543821450
1.126388228967962
0.091327887892386
-0.375247691414128
-1.566560518186499
-2.487987838073778
-1.805703152876312
-2.333375490984158
0.095771650747458
0.557590524635960
0.425393318039256
0.131953030706797
1.003828138857354
2.213913806907556
1.976204992305806
0.721653784455973
0.406428884796303
1.016068947013099
-0.613042395869212
-1.513464720998384
1.072866791818871
-0.311301409281048
-1.172580142499643
0.250231945289099
-0.744839013006176
-0.508018998183713
1.371035344853285
0.005805898191902
1.297560493981206
1.626435969119049
-0.542690086071607
0.454571894406009
0.323948574675962
-1.434691847546254
-0.554335162394111
-0.144820261112492
0.315055953066545
0.222623920106934
-1.694142504486488
-0.713068866515345
0.156780549194849
1.571333515365778
-0.460564766149514
-1.181040088657809
0.706227287384650
2.366966575511189
1.802530334264088
1.479061405382799
1.534634317421177
0.238537199658300
0.298205405674163
-0.671446811230524
-1.340184330541702
-0.214630184597274
-1.565496990153780
-0.927870300831039
-1.291141723222021
-0.665671260831034
-0.078206244308801
-0.230434320208938
-0.450197249004564
-0.185522634385508
1.088160378110155
0.059215833309826
0.346698576254228
0.440696864927316
1.283147007660944
-0.717953175675021
-0.151817107168919
2.271310734789417
0.738632598437703
0.673398241719057
-0.439882984463062
0.461013237582624
-0.021924811299434
-0.142472727640158
0.940964923267819
-0.784914739131903
-1.796412011406206
-0.141590636777517
1.200431744606103
-0.022458091173414
-1.554230957595126
0.830317433868269
1.129974348728393
0.114828287422826
1.047517882527033
1.193632226808070
0.609816494130022
0.503593725040950
0.980134640411240
0.226156440925627
-0.644473378164027
-0.164166107713364
0.673015163819801
-0.742953851938289
-0.044923924932758
-1.246052439464005
-2.928020575658780
-1.075515105281785
-1.548722988188530
-0.026224389891366
-1.169836717575840
1.759019081695021
0.113009211182904
1.848504026852704
1.495107650396670
-0.383793545010784
-0.327573585993457
0.008405056203189
0.039573279796912
-0.987361396922680
-2.849812201166881
-1.916488156638859
-1.783125556471732
-2.566914277491307
-1.497453903327307
0.840560786088039
-0.532457760085453
-0.081080048715939
1.905346029425593
2.795006270320884
3.716428008824578
2.733890794380250
2.721428144047060
1.722563302971843
0.585345061585949
-0.006849277168019
-0.329167075290492
-1.726641415653991
-1.789925167879868
-2.221101389833520
-3.106538671739008
-1.381280661734527
0.697944093855845
0.639840828115388
0.442543908774069
1.072538508998208
2.650683955950976
2.695676249375958
2.096665616155913
1.436576934946586
0.427101642368930
0.519607544639770
0.165662235728880
1.084570990998075
-1.560443857822076
-0.128490156019808
-1.900184964713246
-1.391351508341786
-1.209244598218496
-1.417050251171120
0.404558000054850
-1.837208887863192
-0.360726158568667
1.993041207984252
1.353774923227041
0.742585959573443
1.509870595625855
-0.048143023577969
3.546926083547720
2.053173802897770
-1.752709272136322
-0.758460664473837
0.387843084875578
0.202681478042802
-0.206673526086073
-1.515863221281000
-1.068714258234146
-1.279703899959258
-1.415346025994697
-2.352477560716392
0.466165178733958
-0.224062351668016
0.826940509611900
-0.278703243248345
2.043484471600540
2.517340216575831
1.446252223498463
1.647588731538612
1.364458846250251
-0.125270855026217
0.625209759857419
-1.733094699754516
-0.949505752341262
-3.924251708440529
-1.269705784519875
-3.027652612036964
-3.446239800178600
-1.657989569090162
-1.150893463751257
0.910362768819434
2.824416104825662
3.425309974470101
1.402402120318396
1.379266277576485
2.549963850271969
0.552865805923683
-0.899436283237230
-0.229247678619230
-1.483298027196599
-2.195755387827656
-4.337609516110701
-2.995479315667568
-2.130394140827444
-2.431802797121056
-1.404005249850057
-2.463689853042939
0.106062225217282
0.050616587169922
0.614919625520517
1.448356450562475
1.076109289525140
1.046140457314228
0.510679064289567
0.929407781073891
0.931471356660689
0.139807644346395
-0.333712444882919
0.270607684915563
-1.384488453602300
-1.088738643094080
-1.122585027332471
-0.800961432013353
0.136176457690114
-0.525980868338442
-1.405450554433339
-0.537805464818829
-0.117560567471587
0.891079684012346
-0.864061583482121
1.797589265218841
1.723210306153674
0.794866241446748
3.684603899093017
0.810171473692053
2.906732856430685
1.562910329483518
2.763378783662536
-0.745413510583061
0.889392565058217
0.226905049292610
-0.118366139707876
-0.254977758883867
0.294864599256704
0.528441306208878
-1.891124345060862
-0.701095409745226
-0.260841905361208
0.351648430812812
0.426720865995474
0.623205951947031
0.619169821818465
1.068179728701672
1.750734415967484
-0.024961303051691
1.102089848330684
0.790207858806142
0.993271589455510
0.621207555291380
-0.561797500189981
0.060541206988191
-0.620635017086140
-0.904276983847164
0.154208522113692
-1.658198104001964
0.128414265244409
1.786386997446217
0.385309062536980
1.566834801181310
0.891989838236614
-1.336090798263196
1.078389348846091
0.687450771787035
-0.133154422924113
-1.337611033359144
-0.921812904476658
-1.219536445781766
-1.611717983197955
0.459499772514913
-0.069506582309088
-0.879868259573846
0.224386346406207
-1.473969195382600
0.522035125861936
-0.170745680345145
-0.459590967863556
0.327861999952836
-1.247908782396110
1.778831507263226
1.446992574610833
-1.393865905951805
-0.446207646604374
0.624146642216232
0.245938439624824
-1.400398729181672
0.469673989993724
-1.267903762185659
0.027775057994485
-0.965961872103685
-2.043721168940113
0.046595712207808
-1.610046319199344
-1.115853347489254
1.253002932092701
-0.656763683580993
0.719567489192635
0.953527359538083
0.370085002463556
2.013612854551710
1.338194447853642
1.036417854742332
0.363473276285976
0.920934189823126
0.423531475759589
1.327694129014714
-0.864484029404436
-0.169371436299171
-0.559164341386015
1.898984893378540
0.704719458032528
0.441027732764047
0.848355412556836
-0.141575653870921
0.806169091997412
0.746438816115838
1.965754931700925
0.615977549771673
0.752895688781736
-1.168439815579468
-0.774811195985346
-0.148432753148763
1.671580616506146
-0.345956282266964
-0.651856607718891
-0.744577059213814
0.396151366197128
0.352382518938269
-0.959394117660955
1.665361769986520
1.553211832868609
0.444566850986830
0.905061943284512
1.704351845765543
3.029770749431385
0.850271242573569
-0.442527729226365
0.242059412131430
0.780884109280029
-0.415818132912198
-2.629401138425133
-2.129059734592510
-3.716526103707635
-0.478687493628012
-0.539661950046843
0.806896856227571
-0.372821824440260
0.202818834065458
1.687131471562227
0.064221967432350
1.367897401474360
1.200625979755588
0.909766520321500
0.386236108145527
-0.835642436713421
0.067258352399232
-1.257135816420690
-1.815379594047534
-2.613059861671787
-2.182413462382996
-1.489547762570444
-0.768654726679378
-1.886638078980751
-1.589238099907235
0.623320594553728
1.488733011501276
2.731302138246864
2.128183127784693
3.005736868770802
2.222344814582362
0.271452446721016
1.116289596868173
2.106310191028332
-0.740706842504539
0.101034216628083
-1.596439115237047
-1.706087421843462
-1.784723283209845
-1.757061010840250
-1.458391790964450
-0.432942101134917
0.131840097978514
1.104762714447038
0.835942634270582
1.474923977489047
2.322037585802665
2.522578928500257
2.151221588790815
0.945314356688441
0.414490581492285
-0.871469089261492
-0.410541624681593
-0.177198132627002
-1.174633645471086
-1.609017712607852
0.754994925389021
-0.786235241548466
0.326179194728707
0.706503661475427
-0.879698674633923
3.016061430016582
0.958587410525638
1.149027887509599
2.093374429857815
1.840979657345590
-0.858177150475532
-1.447332964846008
-1.977091145604087
-2.605099489908110
-0.418893360305761
-2.518770408627233
-2.588765252478491
-3.456040667155757
-1.329881272890472
1.236989197729805
1.595828702488674
0.575808303949940
1.374816952641776
2.181062271063041
1.203758083630676
-0.010624680337276
0.475391947923976
0.377479938833791
1.210942799797580
-1.242287263844667
0.034518354662897
-1.447142677883834
-2.503427777311313
-0.939561394281114
-1.017996585320543
-1.769484951162473
-0.372461422881902
-0.815477768663952
-0.112862530238317
1.094653303473991
0.600459914731998
1.497373875738925
-0.494486050243973
0.198955962150594
0.821461036047004
-0.882380830336507
-0.619213103610771
-0.643656442139346
-0.711496434731263
-0.543874959463496
-2.478270794454073
-1.818038469223376
-1.091034815239807
0.462071943461715
-0.583051325963337
-0.005501164833143
-1.019076697460581
1.630314571179291
-0.240123140108989
1.957138816217860
0.610978781787096
0.035951542070674
1.033530252935813
0.696528777284511
-0.838131238182566
0.353064443821766
-0.971179492440970
-1.231596134119139
-0.360779721363042
1.077763283221270
0.472979496558154
2.071885561923835
1.384500468709922
-0.508445214230587
-0.611070060644054
2.387806920627828
0.684968600760751
0.557802636038396
1.109389825018003
-0.123124367710804
-0.319462923934531
-0.014456102742932
0.567998732781438
1.176218672068710
-0.998755423034715
2.451618510434258
-0.466906061825157
1.032381427584004
-0.761939580302926
-0.739968658929505
-1.373430744561382
0.507247426882720
-0.351122852594197
-0.493324985707130
-0.558259840612622
0.691774666805011
0.188468375131722
0.604985231815044
-1.350018906992321
0.614362146612187
0.210334906224095
-0.512363511780461
0.434991289484105
-0.464843136756073
-0.060485006808434
0.467925738989817
-1.328157408991318
-0.046040767585238
-0.515657038009953
-0.381790711538464
-1.025177612663461
-0.363905025537905
-1.037197189931998
-2.652224485147085
-1.102617668344124
0.927434650563494
-1.338199642602813
0.200963345117718
-0.112922881874046
0.679171599911003
1.995185167647772
1.360495935672604
0.553604468577267
1.428358959230966
1.620396541693219
1.210309240962012
1.887348938429383
-0.084790322920798
-0.633968709502127
0.182196177330724
-0.933076312433905
-1.446050421627596
-0.805999105816605
-2.472767530578963
-1.845639211397363
-1.497698766741954
-0.331332449970746
0.057404779649892
1.803820814998359
0.158547747604015
0.837113468897211
2.029592639637084
0.301463736357952
1.308617966949271
1.112248290833933
-0.392452622126709
0.776637493333783
-0.299368797122821
-1.575750824203258
-0.212142551398770
-3.162336887259266
-1.517252260453105
-1.151144489562864
-0.958354609757013
0.089728631815946
0.223634935480193
1.529012032681023
1.702637359532183
2.760565169554184
1.572361523016452
0.668279258852748
2.482875655469449
1.659042181691709
1.249841689378274
0.557511791321908
0.223836887940580
0.166460831504501
-0.379462924749524
-1.811935924246955
-0.359179506780590
-2.656632443409679
-0.236618029955051
-1.201948227062919
-1.163128117994176
0.797234908801443
1.685020765813940
2.937222468744212
1.083506897659624
0.948345893337791
0.606124696116561
1.483004347316871
-0.512654945579152
-0.675984774323134
-0.077668106778970
-2.077445029181893
-0.629335368513869
-1.291590780718531
-0.243761404669285
-0.522644642556303
-2.140022818313570
0.843818482307689
-0.601066462015984
-0.169402577554807
-0.553081946818911
1.043255812910362
1.533045788877105
2.410276328451844
0.515881095723188
1.984344047477040
0.181004081171028
-0.121076817078166
-0.358282047944343
0.439220966476403
-1.250282871816395
0.154668873784218
-1.098280910324708
0.790300006848079
-0.444835597876568
-0.583785872752127
-0.134345884997003
-0.899324171987254
0.556636885567726
0.012829052606475
0.131185445105902
-1.236768602238830
1.820492227165820
0.283406424275823
0.864831353556723
0.497043310582656
-0.701613254796569
-0.090931122658412
-0.614376582963462
1.309367003514593
-1.880654697157476
-1.102091045056492
0.385143731905809
-0.960095228151774
-0.260572660453302
-0.394338750199251
-2.164065032808533
0.104369875421131
1.579296269252939
-0.928965797973895
-0.847853592135311
1.363285575818062
-0.850303412778648
0.221862054402741
-1.190372484697220
1.073073661801874
0.648846451429661
0.682006120448773
1.479899539416875
-0.329687440353693
-0.276591238874883
-0.806050348426296
-0.930655028015670
-0.296462001848266
0.022379818896945
-1.022563810319461
-1.950710850522039
-1.375986099572739
-0.141623440226429
-1.065082910989516
0.071682421904447
1.913545597071968
0.655186976213816
0.410827706979984
1.146909090548058
0.963434575679041
1.265450371725803
1.112864324756699
0.090432933523762
1.082520526184233
0.484245406384240
-1.029749692188874
-0.655080586007803
-2.792998486210814
-2.483107263183810
-0.238213537359539
-0.829230955070773
-0.028695398327346
1.438171627678643
1.186473195443694
2.170344918450125
1.824692729385129
2.217326064046192
2.591098019402164
2.122068069193830
1.038658834048889
-1.708848426998107
0.618105954965521
0.087933715363460
-1.109303150866608
-0.510539402917221
-2.237834217236049
-1.702747514661995
-0.445967940266438
0.572216942890367
1.527929228021279
0.528079452153168
1.356664762317193
2.315294030452402
-0.496644085582869
1.662345463660625
1.727539306749379
0.514503361556939
1.124373578269754
-1.415854657641440
-0.478725292677426
-1.753644255556433
-1.249776706947446
-0.601948768683459
-0.623714774919758
-0.551937903084707
0.674074093968677
-1.468458442901810
-0.032780017584272
-0.821494415698723
1.202733124488924
0.104236486295517
1.598786276904688
2.920251762436076
0.524420111788617
0.007136803018266
0.673420331062108
1.059135961110704
-0.702994598716991
-0.633990081731430
-1.236573451073030
-0.354418321009986
-2.007795258977533
-0.193851967647568
-1.426992960875631
-0.934504700268981
-0.173335508089553
-0.477079887592150
-1.536073542076591
0.309659689425346
0.293369699080586
-1.029853080100261
1.086941985174621
-0.922716500008251
-0.277482223191220
0.108186380423279
0.474442035829223
0.226403876804371
-0.898807104256399
-0.062906884448538
0.909388251681673
0.801338311691487
1.275667493505236
-0.810740424600384
-0.519186206971752
0.934034757807087
-0.093453813600667
1.012156118641834
1.329473029336973
-1.934926283577187
0.056933232922166
-2.018417164345712
-1.209439688719980
-0.208809481128457
0.072803789595679
0.132970425090936
0.718917163480868
-1.430023141694597
1.452351844608417
-0.767703989170676
0.869098619964697
-0.880104252122164
-0.850640346528117
-1.395621363411881
-0.919217686977964
0.926268043941938
0.925188159154834
-0.073433307578442
-0.791223471468922
-1.201390423076893
0.152817320188939
0.007757516753608
-0.804917273696313
-1.929929506669225
0.652471815610587
-0.323006363983696
0.744654323449725
0.450877993539670
1.027875949908936
-1.441459280218723
1.192986810547730
0.428924210432628
-0.098403858920683
0.550420352039868
0.655998692492972
-0.510857716472655
0.500859111057152
3.256733290793780
0.009721724119065
0.321307221919692
1.171497835481918
0.831680733878436
1.099945457215790
1.934247810051468
0.554665171433911
0.062584690690207
-0.438004978114564
-0.537633965514341
-1.364680163525501
-1.293120509798595
-0.978709181915669
-1.562340457490917
-0.053289340086775
0.249826266301761
1.111148789854865
0.173972065342911
0.429297553234594
0.480474630406395
1.623001338775243
1.273122792761352
1.029603082659529
0.502815216055278
0.476062429580346
-0.509557746859175
1.176380229439981
2.308384187804283
-2.092877535689908
1.612362329983733
0.714216559988306
0.223403666106115
0.766625516044319
-0.588516401201698
0.206567683993638
0.466364077018413
1.324682387066727
0.395369168742934
0.815436836419054
-0.382157639630655
-0.162878669304467
2.308756667784091
0.076674372163050
-0.198439596578311
-1.466438010166953
0.398652319663428
-0.218025085979044
0.110510306579005
0.224765403571232
1.155761394840356
0.291478411410739
-0.327511923213370
-0.449538143346966
-0.697606651317268
-0.644346613970636
0.241314343200765
-0.063511486647963
0.548416725285125
1.142669548353652
0.853830088953254
0.473264561490127
-0.430307929247416
-1.465588047699006
0.358458065784211
-1.292707117778746
-1.195698034137602
0.075001346029215
-1.365261674326899
-0.661279195160895
-1.307319648219879
-1.169248222607753
0.158754463024972
-0.423181566525862
0.827131705379066
-0.641901035860767
0.177658532086026
-0.137725946651543
-0.157638308983985
0.611257882884748
-1.348961380165389
-0.653673411605420
0.737441937601129
0.136739409744283
-0.316663907737403
-0.547161884806802
1.252963520908433
0.185149381793997
-0.450504669431138
0.761853207360812
-0.316435521482579
0.173362437595899
-0.101040942106887
2.045922852259603
-0.991917229863702
-0.358662886235308
0.798297303436041
1.229336317692004
-0.535494095237798
0.338203825007864
1.911089435610735
-0.105263773142439
-0.373663899838856
-1.390873968002851
0.211838365428338
1.811663949275688
-0.517577720105472
-1.286189196529804
-0.625551478859583
0.893573723115826
0.455805395469421
0.310454043569947
-1.695956012276197
0.061103617896046
-0.526821169719347
1.802366242482468
-0.900677880380857
-1.667969968016527
-1.316238869606064
0.126783357225030
-1.290406953735579
-0.190643477913466
-0.706295954615944
-0.268510630711118
0.412017610873744
-0.003008276596432
0.782760200577035
0.771756137778639
0.156516745598820
-1.762999999949772
0.247951461031610
-0.215799316158360
0.299124966414727
-0.365127487597985
0.602592505562340
0.614333229943939
-0.017426413906818
0.600421153334409
-1.396667944685880
-0.109919594109720
0.059719889130569
-0.801034388969144
1.616585421648536
-1.681448412751617
0.224998361094935
0.707211321111293
1.858124463639095
0.125750504802789
-0.399329413913732
-0.187907605905474
0.524262789956967
1.494873842680490
-0.188854752386663
-1.141578382966155
-0.414283822658066
-0.312661589429169
0.055768193599991
-0.209835876441437
0.853503936613046
-1.506225972899551
0.439520850281742
-1.378932928783028
-1.936723025593560
-0.038550628964544
0.314556597350577
0.157772360545617
1.130999129564921
0.428752690195087
0.620629880388227
0.610553795992449
-0.007139527876885
0.417999047664554
-0.043844569303579
0.204861029682095
-0.829210739147404
1.449435848272635
0.787510749007210
-1.110572710825143
-0.793129482311366
-0.141134486025282
0.545646239968841
-0.704628270898503
-1.596629843036011
-1.828341970596618
-0.942003724324074
-0.896336511831573
-1.975505337872083
-1.109644451405605
-0.510053785816679
0.538777771536782
0.149969870197452
-0.543872439986505
1.392189082446668
1.652137593357623
1.464446767042740
0.304510711455513
1.348850431737463
-0.228495613056761
2.116177820280905
-0.575272683123622
1.470862793153853
-0.318659895419400
-0.614878944672453
-2.081353154545146
-1.543888708981525
-1.188842746050124
-1.808971708178273
-0.162529574398980
0.695426980066643
-0.109566428522885
1.798283597861255
1.635979468255764
1.004587758972513
1.077813393870929
1.408341073753612
0.606717772050366
-1.245840222549373
-1.009490899203410
-1.483749907567081
-2.652853762762999
-3.653688547224671
-2.747635165475500
-0.578127383642690
0.201286768239417
0.048700577498549
1.677989046915607
2.595987055661349
0.954865042029086
2.527338539025093
2.664614630073389
1.554715135944192
2.219435575559961
-0.134913402415119
0.277787146324548
0.307137121499538
-0.806298660705452
-2.183666894178506
-1.157420355927128
0.306006766959712
-2.003222194347764
-0.409991599009086
-1.015270063660391
-0.979107885618146
0.356724728613580
-0.514752604894532
-0.483753865694507
0.377175668265841
-0.803836687772231
1.652201303842266
0.519639138537565
-1.814115021683208
0.596309159059376
0.116015141347779
0.573604576782846
-2.143694694356227
0.301116926668079
0.847680940268063
-0.367649290350752
-1.193895077492996
-1.095485773785041
-0.812769879568192
-2.231877992027538
0.162625732299351
-1.704454064933654
3.027461533211785
0.154333544774301
0.742224846535424
1.811750723860064
0.490486481497318
1.887250787071550
0.810352154542431
0.065511372717897
-0.267722268696513
-0.930004543095304
-1.406135622134719
-0.978745168182096
-1.563830367425177
-2.084892320506408
-2.412810017818044
-2.649273898305498
-1.611107619763441
1.497510865997174
2.813430203095814
0.260086537707244
1.627029531031301
1.875051307314350
1.483147380648728
2.635888807939896
1.710717676846269
1.510697415733509
-1.460494801628324
-1.583937720991530
-1.336141020833200
-0.653587227383164
-2.564834057574617
-2.211636310768613
0.323283061155577
-0.307162910406353
0.557041470270114
1.279417872247774
2.708657667878311
1.588040594271674
2.902826836810324
3.491224446963799
1.836601880967616
2.547610187612694
2.078344617786064
-0.678694595792147
-0.822534375301157
-0.828977217438875
-1.860843540431979
-1.454429895707387
-0.530100095907105
-1.353467111823167
-1.155197769493594
-2.725299043166042
2.083840286426172
0.032119909042319
1.143280915200788
1.358546643129200
0.812397202055974
0.971076459094153
1.447843524657770
1.109271965671217
0.804020627022524
1.834549248208696
0.424531506954730
0.382083802498296
0.938666242607437
-1.097771821316187
-2.406653770339573
-1.500568878790841
-0.168308294924078
0.216688739867920
-2.210522192341584
-1.603737892447330
-2.135050186563799
-0.553494161827265
1.230792162300597
0.873720422976260
2.445609663072626
2.156242833494274
-0.853984847987934
3.313079861148474
0.467660900165109
-0.404618845208812
-0.843848913340891
-2.246117826378077
-1.286260986797441
-1.691356864030768
-1.926294134426346
-2.676786278581417
-0.654933049070801
-0.927935826328230
-0.288842984453912
0.118247690159126
-0.349103934944868
0.328528422822397
1.785769875845789
1.481723325574034
2.066769754686195
1.906706960447200
1.137355221330532
-0.393407223480366
-1.666017982199859
-1.294209795221226
-2.304435034056109
-2.560082446384418
-1.095213752034494
-1.284478262935757
-1.095015430368628
-1.123559375787947
0.425002453120329
-0.302937228493698
2.067211011471509
2.786900818704883
1.690227538685392
4.195335474549778
2.062902379308838
0.816302448047863
1.284633480036078
1.121267919795857
-0.477246130617950
-1.460406109429893
-1.853583792452750
-0.454056782671155
-1.229214636273468
0.001900591758607
-1.129193810134161
0.124120232101709
0.008786033218613
1.444068917133176
3.215661838782021
1.195133564214819
1.185354474922701
0.886792362253730
1.420720319776344
0.819816032512139
1.751378380103155
0.622732701740772
0.648652689368919
-0.070606612667006
0.273204544180946
-0.579496076572293
-0.889105220948709
-0.755763910638581
-1.574190532319776
-1.050338529050603
-1.599514556277561
-0.699907706076013
-0.531963887065480
-1.448345796197152
1.844250889824261
0.475329854032104
0.164333264445929
0.800223050255145
-0.070494564076935
-0.434748180793261
0.349842040302054
0.528164432231179
-0.398046968082725
-2.751045794692000
-0.791684368462072
-0.957255687042992
-1.609727635256333
-2.832620299253126
-2.584742311519469
-2.233037428249060
-1.744067043893839
-0.812261105549475
0.274954755885455
1.398326307469211
3.011773687038512
1.055170831888237
1.924823417659099
2.071276969176717
1.468216709409244
0.159075828136943
0.290314261698251
-0.900177288576973
0.634521411319646
-1.733247974571869
-0.434662511385860
-3.096550228330485
-3.238601529910068
-1.243855258988429
-0.248278646981441
-0.049651011302490
0.648971169203707
2.035449694721977
0.957290049290790
2.176191414216728
1.530250762417627
1.225581052319470
1.152473055906152
0.586443817881052
1.028144108426411
0.306190387688661
-0.825685155604385
-1.708125644893127
-1.720980280218937
-1.059682128397942
-2.964867974025352
-1.979911341481835
-0.784501535190382
0.999915664379323
-0.575796155488938
1.641594619252250
1.682507165092589
2.517791962167806
1.228874967912682
3.231883348674541
0.848112309641716
0.013437830463867
0.069142068261077
-2.263131345604772
-1.050519066389299
-1.565502117235208
-1.683545946187243
-1.274521082807263
-0.555925100443419
-0.528980090776581
-1.309739996806335
0.854992748801267
0.592495999210891
1.001017342775504
0.937704147157574
1.298733304246332
2.219712197742037
1.573850582643592
1.465916086985158
1.505232213820995
0.087767685631036
-0.272951528413361
-0.476426289555950
-1.407519541737624
-2.028359809874279
-1.570256658207280
-1.580564014462389
-2.350314447003686
-1.638053389826650
-1.305362364645277
0.173522239463994
-0.361199658685894
-0.865484928971050
-0.256995771008720
1.153964391756686
1.789253448609590
1.522361304204626
0.832651632066785
1.448098158009957
1.443634638013770
1.732225336930641
0.447768338626740
-0.775491302403006
0.707022580076184
-0.134445149489609
-0.607991812918286
1.004148463141241
1.547821702414227
-0.571229217114840
-1.275255828427805
-0.461093054915236
-0.639561537757403
0.976661813268549
0.047678134251645
0.136597187059542
1.118779531118899
1.759543568589656
0.839314934380921
1.505229455173918
1.902131234373026
1.922295513750860
1.221270647284383
1.512470310069249
1.306999503246649
1.406192949661069
-1.125427495655638
-0.827956106216838
-0.070687517904642
-0.069198317698068
-1.749766697287083
-1.795464534452169
0.549074036183868
1.148612758291968
-0.070498290870748
0.399108232714841
1.278169593938474
0.988923629811085
1.336273886898670
0.774039655027810
0.774925263630278
2.189345871431713
1.143481403650999
-1.221697738653531
0.139447526411783
-1.541624859309124
-0.329691648722337
-1.799677760126749
-2.123762603191421
-1.269182170753764
-2.568791874926459
-0.715676066445860
-0.487626416548294
-1.350987976044389
-1.324354643264115
-0.010040201918155
0.087413599249267
1.897011531590505
-1.789192267686498
0.479284746344399
0.271055215919912
0.979080016031223
0.041705740288757
0.003796148965543
-0.982190975269791
-2.395801455185735
-1.875813347743500
-1.363187808186789
-1.549132078914331
-1.373247722548823
0.023242170273878
-1.303895211624663
2.080329770122384
-0.618621237871332
-0.293426410868034
0.650355862899974
1.059389419789357
2.542579229030212
0.572596972142341
-1.189867140661352
1.088043621791618
-0.671076576692359
-0.898541942453384
-1.136118552649479
-0.568652544743321
-0.658879795058014
-0.984875854009445
0.260659256849066
0.384503787470382
0.263580990216761
0.088128790504612
1.238175070407874
1.168098878997833
3.388078841225464
0.319684008261654
0.225099635418138
1.445656161489490
0.827471144924821
0.894312395017885
0.635226623670911
1.792335254841887
-0.247386760008051
-0.496260369804897
0.014545473635034
-0.476066756360108
0.393064145214848
0.728177692388594
-0.471134502039744
2.057406664161618
2.559702923585171
1.777282391648569
1.693294982922275
0.091688720570295
0.586882257872758
-0.466864443622858
-0.304656827841355
1.069407313368921
1.196069023800097
-0.391728051905791
0.481144468444444
0.860991917797667
0.010501212403366
-0.623360595655162
-0.575675005733002
-0.208820835728677
-0.119065407601205
0.785314359450838
0.051836279544685
-0.928923848442616
0.786484006265056
-0.944130734005002
-0.833396327241787
-0.802907479635388
-2.064421930279214
-0.640524452486462
-0.056712069771683
0.215597198404975
-0.659120799588498
-1.183321707011902
-1.226558338615158
-1.949070985362479
1.431176449900639
-0.280409073029873
-0.006188640938471
-0.492305007824596
-1.310080690198105
-0.763060789368766
-0.261495539785690
-1.136865448399824
-0.174870016799484
1.604029179059248
0.269251554598390
-0.929303973256923
0.094983355283191
-1.234430417444467
1.688099352967620
0.595095388342831
0.946204986036140
-1.374873842748347
0.447221651581121
0.896270680672354
-0.478624014483031
-0.481935659350742
-1.007607602843238
-0.243517212826084
-0.699730586447134
0.314263603562032
1.225111069922289
-0.221540185285331
1.695014334903970
0.133462495387526
-0.356815040075849
0.531433331771401
-0.494375580858803
-0.349023149337184
0.427557234050038
1.933029243066454
1.917407079513359
0.191751012603877
-0.944522650413565
-0.365116706418113
1.513249683929353
-1.017543550206756
0.253655238509868
0.520186183640182
-0.066253466301284
1.429166247736156
-0.372182231682372
0.040968738227194
0.226328420772174
0.231161876039229
0.068896176374955
-0.805538892567423
0.027844249755968
-0.700015962715380
-0.144102755297231
0.518096368316999
1.856559102787986
1.150223217085876
1.149259093870691
-0.622821951290209
-1.115262352807588
0.342406803925770
-0.273801776301101
0.168679671635112
0.042507700728618
0.491901523369130
-0.547573367921357
0.164508969305609
-0.325096063275553
1.037046026407419
0.613158116879635
-0.394430934942112
-0.966458242133824
0.901019486983787
-0.150409041465800
0.236989129439813
0.129828733166491
-1.084277610218415
1.275738268812530
1.408081915794243
-0.384968693967850
0.863833163543699
-0.623939997319981
0.238227887932024
0.453804278037264
1.328431107706972
-0.748361116536923
-1.497292333822388
-1.308002999378705
0.145561071692469
0.317448983060029
-0.398314315831396
1.831921627009288
-0.617620559738772
-0.682058082267560
-1.480403495874245
-0.758817595647212
0.888360533651457
0.491631157230815
-0.646807101386340
-1.146045039853505
-0.890208956617640
-0.276107553592695
0.886837763365133
0.018726644059114
0.752705582508511
1.299217813351357
0.565345767309121
0.018617555556214
-0.478954216191323
-1.043697433916915
0.443645847081428
0.685234824101860
0.936129633390497
0.122473613962131
-0.866781321624613
-0.384996391703676
1.465623612063128
0.729201813891591
0.251936231063141
-2.486885343184011
-1.115815555666853
-1.714459144897568
-1.240493329549554
-0.024939799731336
-0.839424817343359
-1.591590180015361
0.905964398032521
1.522419172526913
-0.013762576478039
1.737916482398719
1.445541144197798
0.087393234476451
2.692540324529151
-0.535373904848317
-0.565366376908812
-1.361211729903274
-2.089337566687486
-2.554399960451585
-2.111583016194225
-2.519918771009955
-3.755503773218786
-1.597366364250742
-3.098562680057961
-0.073912076456483
-0.717842781352340
1.741128181783443
2.333460208852542
1.211682065716156
1.100926762122677
2.927644042825822
0.993325876508143
0.681874315669947
-0.726392378580648
-1.878550423632261
-3.024202593515228
-1.753169421883723
-1.614726801287464
0.246565928715502
2.260184202771263
3.072317776513005
2.024018888937838
4.474010332362635
4.629393812279774
2.807440285952894
2.851352841245073
2.575246261819318
-0.139593871463659
-0.514103861341583
-0.759413926803671
-3.175040781516451
-3.389538178559276
-1.743760074309965
-2.786171093962701
-0.109583759458853
-1.167209853708049
1.646142129645913
2.148501352092547
2.353196585280437
3.963732179782665
4.070350882580859
2.963123561141367
2.991725820029995
1.208722644956270
3.406068053618134
-0.787453692999631
0.241501231321395
-1.003392659954355
-0.840034410851243
-2.048821602461902
-2.057137373780296
-0.273975036020953
-1.398619992657706
0.253251595412396
-0.771393395246666
0.991968550133613
0.941933471234370
1.526312274906177
2.866831387895062
3.829989328075466
1.140719294948265
1.345009430871088
1.133666866282633
-0.251998721270198
-0.627078609236209
-1.334314573234602
-2.264092421252806
-2.426405421279672
-2.425180948758749
-3.177448995926644
-3.748788443811820
-0.905593054436386
-1.408576921799472
-0.624241331439440
0.334026242907071
0.529801483089448
1.169671459217435
0.368585548716913
1.854591714665702
1.870260479113764
0.858106755086324
2.200297304150151
-0.553849612898623
-1.788572239363168
-3.168996494751975
-4.790101201996059
-3.389665159208539
-3.341345305277356
-2.600908023193007
-1.455686393312952
-0.046761618785554
-1.059319170630468
0.048014578298164
3.009439831424414
3.531771391821160
0.734086872923159
2.634794312362916
1.755668899663516
1.795039474310468
0.180182306861632
-0.837802871188683
-1.402606337305070
-2.128589432346335
-1.355770006647754
-2.631599061175232
-0.150898721979303
-1.595794954979464
-0.888665207295933
0.484883005415648
1.008033894839782
1.327590545786067
1.133057169912489
1.677051430626657
1.902116973606168
2.978860503212229
0.421630723525400
-0.683481075041803
-1.526392529972432
0.247781393272549
-0.024702067529452
-0.117147125065510
0.199679579607994
0.209391108318246
-0.728492455387578
-0.614578033588288
1.051180498506849
-0.308035074800380
1.325366988311957
0.003619900689152
0.592120080419431
-0.357008056301710
1.007527152077175
-0.406123072183128
1.921211723093513
0.000995031845224
-0.635934694505787
1.951039490455280
1.183372014047541
0.658965852881250
0.780745154720892
1.019041562878954
0.093059192851717
-0.183262159968684
-0.814001100990059
-1.125177533635179
-1.872462528830258
-1.503579940728585
-1.615143490900608
-3.486868302376079
-2.298230941597897
-0.565810052520889
-0.397105222834055
0.881428097826541
-0.790939014215942
0.671944801620235
-0.786468679197028
0.582414488766667
1.177304182826028
-1.166437639788558
1.155847130996718
0.915992067915633
-0.059243324840077
-0.150395057806709
-0.901256069664689
-0.544163892941392
-1.172138288437480
0.079425041516782
-2.200972387168925
0.241916827261208
0.827869191872155
-1.002343899673608
-1.246485545296312
0.796595950606778
0.620381425832863
-0.307032041147538
1.087742438257289
1.604167329607007
-0.431135096303825
1.345344722921140
0.435290897066943
0.087361079884461
-1.300060896914467
0.712416161627694
-0.188810233248190
1.566008171482331
-0.475623333710932
-0.108795016827262
0.374970644666192
-0.243412291878544
-1.086129368465511
-1.523183290644330
-0.846555973021925
-0.886560413114121
1.006930359814589
0.355461170783395
-0.653919787159469
1.376495590157804
-0.268534682994151
0.816230377564914
-1.046656524749487
0.182555232262073
-1.148738566876606
0.129228822779066
-1.925912167733149
-0.535234708619591
-0.169891376585423
0.365877694940471
0.026106665339975
0.362243159580723
-0.216075804518119
1.039412673948400
0.718183385848747
0.651346971856756
0.633372125881144
-0.160431795516311
0.159187584240770
1.029424560168540
0.587147852743552
-0.247652062395755
-0.631668498493309
0.269132762760582
-1.136771725921517
0.237576933602475
-0.697681311626783
2.419051022707144
1.693235539266527
0.861152532871208
1.014572678010048
1.829267925166819
0.550600558500463
-0.117011803009884
-0.622010130332581
-0.575388973710446
2.534231688701900
1.364332880634942
-0.536937215852509
-0.731991290288664
0.442753282662490
0.966731634014626
0.754749847942345
1.564995862754518
1.920976485869419
0.428450780273715
0.681824547930135
1.846080947149543
-1.468262898659323
-0.121390735537022
-0.057887059358432
2.751958675268673
-3.617179824028869
-1.648561499946025
-0.223847160829747
-0.361522714957908
-0.996933666075675
-0.066087592176339
-1.063931628637223
-0.143027611640612
-0.990568087457758
2.125732316765645
1.713203998639368
0.973938525229392
1.134248353629713
0.510095506731137
1.202950378017848
-1.509658679181024
-1.441701529679863
0.222522246715870
-1.007502233817699
-1.070846698076308
0.158680159977465
-2.381422183162814
-0.483825717642312
-0.152643370758895
0.962593098052257
-0.795483893070787
0.687597703100590
2.927457758077168
0.830633615477957
1.520506466824979
2.637033306121136
2.403778549929358
0.077244542978031
0.295806103105426
-1.003218265112241
0.349268274869276
-0.551510865666935
-0.977300292391665
-2.041628526238572
-1.489917853895433
-1.198094007362913
-0.395488091624785
0.192961094114778
0.290131974180497
-2.135266534907124
1.415232390673411
1.535621471667302
1.754018793421459
2.855866763041242
0.792629945214929
1.896108775013573
1.150216757101634
-0.482408104560813
-0.484818895637324
-0.095826373409170
-1.991247159869594
-1.350674043127445
-1.638334872144008
-0.716720575052149
-2.348091297168729
0.465611250728521
-0.674807328475596
1.366324102840295
0.601038491916116
1.725236174511149
3.241307049133169
2.478573996112112
1.152458192535000
1.072621481426813
0.516148607014740
-1.297693637313638
-0.564978018564513
-2.562844892131112
-1.834241399064023
-1.368856387851614
-2.990263416754373
-0.876911528480656
-0.106584228581814
-1.502411804851221
1.356981416398835
1.000916783786524
1.655291560439335
2.665225441896758
2.840107837778810
1.355715686364367
1.907768716040084
1.834084611587895
-0.517217354783330
0.229951198810656
0.291590574967697
-1.617839417417446
-1.097357560683914
-0.129523607726981
-0.957273815024659
-0.864626734787737
-0.246335961025575
-0.666446072019437
-0.108651717280545
0.729677612307261
0.836281925475168
1.967552506859588
0.549297694699869
1.596321083399082
0.162526191605519
0.243036402861760
0.854413715038337
-0.077344244228370
-2.231391693410840
-1.009364660150030
0.551875854869203
0.277562356009269
-1.336986091485397
-1.129874835120120
0.195407411502522
-0.091769966980528
-1.778028856876582
1.554602846562958
1.180308332925766
0.101689493697240
0.157248583906917
-0.322589082292109
-0.033040967423885
3.138664786423411
1.924622435499739
0.413520189091761
1.341920676055219
0.732894769351414
1.457586374124487
0.079492733733338
0.543604559477532
-0.174301735335264
-0.665655293844538
-0.622603029635432
-0.007339624765667
-1.098358791277417
0.264787213171084
-1.178979221948631
-0.528280748550146
2.411363637201807
0.496531966038001
-0.546804623134044
-0.127053389739901
0.241421161535606
1.879385646354710
0.762786645698976
-0.231448831125417
-0.662571407819930
-1.265845750891574
-1.853485618903187
0.154043815933450
-1.574208955778990
-0.538953676163517
-1.176005212743870
-2.785333009764953
-1.697966475978829
0.963827476771477
1.231748380507974
1.066924161768093
0.490793411989067
0.547467301490402
0.861096922234725
1.078660227798775
1.565118064370079
0.823465874516389
0.258265386724086
2.088049979323128
-1.747352275259415
-0.631140304713687
-0.315638268748653
-1.553763011770235
-2.546764826596992
-2.028621093914336
-3.275416259321799
-1.256296405664887
-0.119476640862934
0.019805538248820
1.734994099283359
0.697261632268857
1.492844894390567
1.137997304300501
1.981419655915971
1.858959404212433
2.518005993669543
1.402006195882930
-0.691806910705091
1.022131723649696
-0.523149814082924
1.360761267609718
-2.116110399225490
0.360956937248028
-1.913901826777131
-1.072010054677459
-0.245522683540124
-0.424802548156410
-0.749977367330403
1.203480621639383
1.188971648123943
1.744767745135510
0.667240169595110
1.583295748403240
2.960081709553177
1.567546614011387
0.470636330299224
-0.364248289130239
0.244940239805496
-1.201670142726475
-1.261531853703915
-0.319266696660918
-2.088752724604511
-1.473293673928557
-1.530877268754380
-0.944666435347450
1.994314389944550
-1.231236660859151
1.970007934646929
1.026756435549889
1.064209467695862
2.388585383944663
1.442154196147213
0.831755688424282
1.439526814274593
1.818305137846669
1.726954848719168
-0.527298032786643
-2.156601468626552
-1.412506595621815
-2.059813314033304
-2.692476494832067
-0.235070562556061
-0.805290199916152
-0.621863131708890
-0.393358404454608
0.579058847355234
2.593467599307811
1.501052814965049
1.143147414789509
1.871795075902797
1.583804791122484
2.544829592175177
0.805483178413831
0.380139282051783
1.081868768392930
-1.336433218766876
-1.779619630097833
-0.219895146658678
-1.916792444119558
-0.578958317292931
0.056676054356915
-0.492731122978356
1.362246734023595
1.304357311115595
0.885963266004778
-1.481959110053338
0.927122678443072
0.527699815063577
-0.188546363480014
0.051796988538871
0.426311072526182
0.849417522718476
0.090684009360471
-1.260073206372896
-1.972853728056006
-2.089558288540091
-0.593084762771893
-1.652160826917869
0.449750228347228
-0.955995165540068
-0.091724420269025
-1.859342397804763
-0.461035210804478
-0.591442266683724
1.846027920151225
0.238778992752675
0.924794815055842
-0.098632162029061
-0.389362849012630
1.356483494353605
0.021310970723711
0.558981734705947
-1.630289170286672
0.029287187947894
-1.540880967212209
-1.108231366488932
0.015392008333280
-0.456459664833849
-1.482670163019238
-0.421533323374446
0.159066880125130
-0.093449861810964
-1.591098682761424
0.330295287664141
1.766080564506662
0.807051268260622
0.955583925101045
-0.224580729602402
1.139184972089954
0.491962575629909
0.137027695988649
-0.182295686650285
-1.580311552711069
0.686538133049742
-1.210688978149307
-1.569398633363248
-1.221510755105757
0.031712364381055
-2.214650597669086
-2.910184288694433
-0.970643193546988
-0.734286744317527
-1.911753790005759
0.879114295629521
-0.631328033409041
1.458354776889974
0.222214988391900
1.201142498437160
0.885515761761740
-0.035312042788727
1.660609400169914
-1.171589446243275
0.063316832735222
0.064814256768544
1.076967327106828
-1.113127602592002
1.127385856745447
1.004139956614843
