-0.446018594795038
0.144670984232085
0.732899432195544
1.484632782501009
0.793808049737949
0.187504575003024
-0.699055086682639
1.840956824200672
-0.951387377496708
-0.653523228549097
1.175485741475097
-0.043518742593202
1.212127297205791
1.149722803413133
1.395680789519659
-0.178075424052768
-0.030211731517418
0.479938807696055
0.558318457485721
-0.759305947830981
0.010831647693688
-2.752874631611898
-1.138343061622644
-0.578327226461983
0.621874608806441
-1.014168588165609
0.928940668755288
-1.104382401347876
0.651464245930420
0.748893376513553
0.459765001706107
-1.571292266373141
0.935924582998065
2.841389965235144
0.518126736024883
-0.280873531611851
-0.681071283558396
-0.946383776554415
0.520828343086143
-0.666537188667345
-2.123580727699447
-1.458375587404305
2.041074224875761
-0.644384950097810
-0.518751250345318
0.039215021869512
-0.782387247607404
0.410267245520073
0.467407192287703
2.284879381642853
1.483396436253945
0.004470074552800
0.537567989006996
0.347688296820613
0.600602658124398
-0.036043107978150
-0.360869619971903
-0.787958683570086
-0.397366658450724
-1.635956866399230
0.021362182652811
-0.870084280159972
0.407667640739525
0.418451523538818
-0.804105658884222
-0.829718155410807
-0.136623284390944
1.057832408205805
-1.064925649197221
-1.790623725363265
-2.471296983785733
-2.505602923422028
-0.744093166126820
-0.650312193949236
-0.713453329675208
-0.803875205446833
0.376368835696061
-1.003147210507174
-1.439493205339855
-1.303625254178977
-0.793158916980887
-1.048721546344811
-0.098084618796945
-1.958353866564169
-0.355512620704759
0.991481534664245
1.109735905756898
-0.296165402728074
0.760176705898187
0.292974703510867
-0.772157184200949
0.239094081680455
-0.644433621577341
-1.379352850237256
-0.504496858723252
-0.546485972513555
0.473390813304546
0.362405787574484
-1.099238065429729
1.717481184909586
0.740949305027350
-0.015437974687454
-0.753079488035941
-0.186621826357610
0.620685052139067
0.860898441449193
0.067717519671832
0.373398155510067
-0.687339605332193
0.385126216932113
-1.369821840405187
0.991238614232734
1.368783689034505
-0.009611332087938
1.073306885917949
1.271553820393812
0.576894265493062
0.410815317603029
0.145287558793813
-0.099762443195687
-1.391518978504514
0.778622104061836
0.203275107962748
-0.640110080608959
-2.066656232511688
-0.409749353632730
0.766886818210668
1.622686862931664
0.276200018621539
0.430059021161667
-1.199802459293266
-1.930554725985026
0.006513519033284
0.679000198955222
0.355766744544406
-0.466207750623732
0.136756080783386
-0.978272265689653
-1.355058563931716
-0.818014793640783
-0.540863318898248
0.276040724329752
-1.404654125978320
-0.415497157572762
0.293330549990571
1.119513007077378
0.728087965047886
1.414547542139369
1.161994218723267
1.110332293053189
1.270238537272007
-0.272182010237509
2.185187297765709
1.179306368266351
1.122478720625857
1.753077068051162
0.092863789838659
-1.740480538988034
-0.619573577569940
-1.651858931220427
-1.310610099138553
-1.021044624840316
-0.830503257607384
0.666197017028250
0.586722210905390
0.630453376465521
1.352688340932082
0.912589030638631
-0.017221678279594
0.464776332798227
-0.402992162676989
-0.450232009195246
-1.519291997237513
-0.794959952069692
0.904199356947934
2.015437809978176
0.665955470076645
-0.034482219128173
1.036988430852307
-1.521629184490415
0.219880538373368
-0.008350908520560
1.352670250741393
0.002528723972232
0.374086924505190
0.464248797385411
1.425618323484383
-0.313713705103121
1.543443139299008
-0.208099273259079
-0.375154149477481
-0.898679416774752
-1.857341427408814
-1.806689315914756
-0.086653045709947
1.558007238638027
-0.770146662444984
-0.834897569119076
1.231481109785935
0.482032598553002
1.297149408978799
0.933168914762340
1.193778886707640
1.540868862206037
0.728068770475075
-1.637970104249203
-0.180293429098016
-0.505386123827099
0.409469742116701
0.334735013457064
-0.542660771400616
-0.143441303882287
1.366458619488839
0.892366724590370
0.809784192782330
-0.706448961536569
0.340938223764117
1.057231539930253
0.489448255990203
0.974615079911075
-0.000978946066902
0.294313941796611
-0.360897566415021
-1.425340022077356
0.686859780537299
-0.553003178981147
-1.577171949609248
-0.965152894247019
-2.682426627097841
0.078285660231084
0.715309868768634
-0.007234111714868
0.298454000580701
-0.796971938359841
-0.135325115322107
0.636365087692473
-1.162663895331264
-0.804548572976223
-0.179179858545119
0.183515230626796
-0.549924642400164
-0.565899697672765
-1.418383336888832
-1.262940416734639
-0.058254125520503
-0.816560912816275
-1.029681037980784
-0.510775949570516
0.066284875684338
0.449782610401759
0.815472605354105
-1.138546900081097
1.113855382442007
0.645718350854008
1.195714270743718
0.744575950701445
0.619072552399686
0.669062997259478
-0.140184209239623
-0.678371744997159
0.591106955463059
0.052325771659334
-0.065428365861778
-1.474018385833862
-0.366276843394925
1.376248197093387
-0.173523175933375
0.278365995413135
0.395276657220866
-0.273376943986936
1.595813098198333
-0.711992883445857
1.201257781014847
-0.770324806478122
0.762215209351695
1.229317746339282
-0.524832328626307
-0.597131383472197
-0.503974517815593
-0.401266858509082
0.716127673664182
-0.415311343789847
-3.239655122785101
-0.220054312201378
0.775352859181298
-0.037719272928198
0.157901166692587
1.339313831124676
0.439557442947934
1.809995547613031
0.248686683744436
-0.355488662312271
0.708386192773444
-0.004538590501754
-0.767088190489944
0.375119915688160
-0.290870727228999
-0.420886841097765
0.457070718988115
0.617580843676580
0.854466691490599
0.640220651734087
-0.400753644962886
-0.844397063513333
1.030320843304875
1.194477131136028
0.200048622855996
-0.598428911970384
0.864766158198860
-0.786461770679077
0.183996004553236
1.662236225306511
-0.590159518352618
0.164384152581780
-0.290606526823667
0.347568561129777
-0.617524125760073
0.483711635189765
0.345337093353011
0.090590920582734
0.759828212430068
0.669448435927633
-0.369318715140093
1.868367656742108
-0.038286205656257
0.033346969468320
-0.642832860101279
0.471271402955524
1.625900391228805
0.156600201738831
-0.137014174802332
0.384668959284617
-1.146020962360597
1.823809678149020
0.077008261643315
-0.349220696481831
0.023857627497892
0.035680005304237
1.463848043833011
0.607452923320624
0.839251065850148
-2.955391081068109
-0.241773448767786
-1.140108332327461
-1.674509895307511
0.339131650802644
0.388114604072787
1.198460303375710
1.182792419052142
-0.810598585133406
1.045675041162359
0.533657500980517
1.019650328291758
1.329712192441125
0.498270292372118
1.579642333185979
-0.082107028782210
0.077189155023254
-1.061980842210964
-0.877499189381001
-0.649930691727326
1.476782899445130
1.008685534998512
-0.240473778264364
-0.363106459832206
-0.229441967749547
-1.678631228589290
-0.962425068674998
-0.747482021412373
-0.615363337854545
-0.772802754983338
-0.775543630338666
-0.233428951898086
0.448059156754118
0.318780852092057
1.052351053336317
0.620430321305367
-2.268466452138656
-0.708898967015252
0.155162863827668
0.568453161314306
-1.285301879950520
-0.461315525584658
-0.543816294579957
0.225233634727837
-1.158949586344809
-1.542918988462257
0.878875338442845
-0.149478735771578
0.108540085467190
0.516804267694881
1.088295194494171
0.605583856215174
-0.962945710553289
0.337479353332306
-1.184377355267361
-1.742072370729789
0.624604308991216
0.028584918000035
-0.402261920236477
-1.219808747881729
-1.016025406275272
-1.830574545870526
-1.569709903944320
-0.274370669627852
-0.459051810421107
0.145485471709927
0.813943410711120
-0.675793396113755
1.133554442919557
-1.328444825046563
-0.203038106051916
0.343844085043230
-1.605443896613865
0.252199667500665
-1.546196137461773
0.528806411403241
1.896906262122536
1.330195901126765
0.868776658050285
1.376707469908184
-0.002670147562867
1.016762627560624
0.346637768691186
-0.362710410703648
-1.291526571946246
-1.644699364773274
-0.800040465739966
-0.068182097920044
0.385909933300490
-0.908127146923686
-1.349784854791140
1.094809682538823
1.785034100907941
0.796699901961260
1.341719835975958
0.081483368689756
0.617677360990887
-0.246106842144562
-0.239656273935708
-0.298798812228904
0.976279601684797
-2.045260575904317
-0.765815211984497
-0.558715437640720
-0.329005036358114
0.466441437210219
-0.193542264360514
-1.113441009704988
1.062516756513444
0.002008879844041
-0.513241377505162
-0.983290563692741
-0.332838977608085
-0.282643123066436
0.574743666928297
0.353740218149218
2.877257998588203
-1.080994921021383
-0.800308683462236
-2.133713231265121
-1.411491332214496
-0.791548717878728
-0.719251259067352
-0.358216747245002
0.004790251943548
1.685396530112601
2.115197738406380
0.386797661968732
1.004322666811915
0.037035083285910
2.340279417129471
2.089677983342455
0.866385715610252
-0.026817565153561
-0.302076776033732
-1.010017204011258
-0.317834143587495
-1.303962412799627
-1.965450446123941
-0.241675997267346
-0.101707296273075
-1.974508952852898
1.086534233716981
-0.002226292422524
-0.841154624003459
1.185767978218555
-0.447298718825427
1.032505795701519
1.465700462269387
0.271968931256300
0.914253622543700
-0.150512206746131
0.128995626340394
-0.214485166184641
-1.818860222219407
-0.287226395195748
-0.403426964009743
-0.258265202194562
-0.687550441171197
-0.338538626503009
0.927665762382483
-0.989653928473962
-0.809290499209528
1.359053741145830
-1.269962300867892
-0.205767681285878
-0.217634118347759
0.626774835869026
0.366755664718907
1.010513301140745
-1.037225010164119
0.316511374544513
0.006088415551430
-1.067501219817332
-0.771668424779902
0.543334336856575
0.684742885176647
1.273186768633523
0.468252713287783
1.488026522631140
0.688846960643064
0.786618979405258
0.865325605952803
2.134006942595459
1.206533809702329
0.209660897399136
0.863817365700402
2.195376613018747
0.258602605535908
0.879002144657908
1.527055608687966
-1.346455810504084
1.248174946096721
0.643453995585968
-1.280725969873615
-0.695764466890237
0.163242602442021
0.630045836302515
3.193876938956329
0.859098890253005
1.447373988797553
1.152610928828990
0.995649958098141
1.394327969222538
0.089095995402160
0.285952394129493
0.993652422739884
-0.214669228924127
0.062031967183722
-0.894897444715188
-0.231264683668329
-0.333170340586087
-0.482220237775181
-0.372988096197640
0.654839301212354
0.295153487472670
-0.117306367951699
-0.437728135717094
1.614282631885458
0.928932824225181
1.848643472055242
0.780498007692512
0.027836293353461
0.451925828585854
-1.373024890436584
0.073894546373107
-1.121107531530502
-1.227700477965415
-1.253421526848337
-1.157594116725319
-0.078160387983992
0.524664168461149
-0.697456155197897
0.249152083103245
0.355747101417891
1.564145316266153
2.248301246304597
0.683072647057356
-1.048732801639431
-0.292182673220606
0.662240115824960
1.317692395121039
-0.239594947492135
-0.489618528264679
-0.261504341400335
0.388630927745853
-0.838519049089361
0.059719172975364
-0.121050665793224
-0.694569532837407
-0.787715506810565
0.806900427990672
0.215700009732263
0.756978183545626
0.042077636337124
0.790718313045327
-1.277602708768478
0.747700997813434
-0.020793611188158
-0.272572455070879
0.065742951717771
-1.130698474159814
-0.675736846308270
-2.307665245777961
1.522873523010718
-0.926818937997608
-0.112736909798575
-1.142426532934560
1.027871356164557
0.501767717449994
-0.573133247184713
-0.523907670024912
-0.870429196902997
-1.509208336726435
-0.361628405689950
0.278129365403141
1.994578200440212
-1.549666477065043
-1.591952325070366
-1.131138818541554
-1.221558370011496
-0.425535379673207
0.092129296934822
-0.652531094020513
0.587296612172658
2.032982331915408
2.359859697656784
1.024997408358291
0.590795904123324
1.298690320339937
-0.571815957060396
-0.628745268858562
-2.202209788096064
1.086916765692936
-1.974870941496492
-1.990560008364920
-2.911693652916163
0.429774348372747
1.044586916243537
-1.609562370125362
0.491489348559491
0.188522018325197
1.172769619170927
0.772504754387896
2.390879713057926
0.918606286748574
1.224812091079774
1.381612182151833
-0.004399425522177
-0.124307120498507
-0.134629913411948
-0.680826968119543
-2.898052149682216
-2.266329098242092
-0.970172050252186
-1.182370415450600
0.605703982852764
-2.353345951744567
0.064810937235693
1.156217951040089
1.983495787016825
2.089071389437592
2.320738031929208
1.997569186911093
-0.518022278514824
-1.097888004370060
1.122056541456939
-1.214412032673216
-2.007596723721918
-1.751374634014096
-2.088309048576503
-0.949078028371934
-0.400034122631029
-0.044644647354814
2.278886041794811
0.918619345302847
1.449079504119082
1.925886458030886
0.404941464069270
3.921415895086112
-0.178170778917361
1.087745877289085
0.498396837843532
-1.799070029696813
-2.009303958847497
-2.650016203604549
-1.924348440689828
-2.460888224659477
-1.892214523648118
-1.637761329794565
-0.358891120986708
1.927223712495351
2.565794557165795
0.608254205399963
2.968863629421509
3.066778791939106
1.092831036356921
-0.100291408529916
1.080424103018709
-1.085557029653278
-1.698352605596509
-0.624721945106042
-1.039751443869524
-1.030262907213396
0.907185914660471
0.025506137859230
1.451007312960087
1.185129293139382
1.928191657017209
1.494937187437705
-0.154137881205392
0.364034502447702
-0.657776019729250
0.329308210697601
-0.870348303894781
-0.157634814532521
-1.364956760235484
0.955582680366093
-2.264485760994124
-1.533979919146917
-1.315192487294749
-0.486786475472933
0.232712265315699
1.293358851027661
1.748203277726430
0.688390382737589
-0.291998156987184
0.182717368139009
2.046656112750324
0.808227374845350
-1.240582012338027
0.334226165551933
0.385798786118201
-0.139556265285205
0.716767968808228
0.677753226496998
-3.076389793709640
-2.473080193038709
-2.319329584018233
-1.840122980046789
-2.531523561569591
-2.606821005962954
0.097006041005587
-0.419198913156191
-0.263216879057961
1.040871047949081
2.339855958551414
0.800273322691112
2.007283539627704
1.590010214855197
0.278352010502692
0.220397622070279
-0.449960311385362
0.495917681872546
-1.300692609888503
-2.330782909302424
-1.640287504662829
-1.733838548562997
-1.792385039606791
-0.837143072106096
-1.261208754960921
-1.086920082498310
1.917476176656886
2.991487306573068
1.526597649033475
1.849457036982968
2.359651706616011
1.825693459094151
2.121082309982130
-0.280461502448617
-2.190777449530265
-0.357301315753238
-1.562437023126782
-0.423669067582815
-0.939377806391243
-0.936992932188375
-2.122069059282007
0.770172813659342
-0.249359769805134
1.114879688755627
1.941683889104836
1.878253601380357
2.854295162418093
0.208883941736965
2.208947726669077
1.675181557923098
0.089955287741909
-0.877042317021187
-0.789904763690251
-1.526502618080687
-1.784667799650432
-1.053853193809297
-0.483670728208059
-1.652693343598155
-0.328624713091291
-0.146495233251248
0.196148374386526
0.137439632904557
0.723100455369641
0.677575220275818
1.277667635927833
2.261135979776820
0.316418944117106
-1.959398843657793
-1.100383101676860
-0.673015818132304
-0.009583805237730
-1.169175575655331
0.192944532965067
-1.247436229486524
-0.128835610783396
0.731893902474246
-0.288459432443858
0.552051546372618
0.419367137291421
0.434438139252690
-0.417551432552479
2.154277578116285
0.011392143823943
0.993182950936056
0.190498948308327
1.031982876564065
1.989901319144268
-0.597643991165358
-1.293828471172005
-1.513157673025964
0.129013243276981
-1.718718581094255
-0.511740008862296
-0.502364841440286
-0.870520706592353
-0.644905056383712
-0.087241059536608
-0.147022559937037
0.483830425374429
1.009151324518405
-0.699300808351558
0.553457375055485
1.185029580807869
0.580846795410909
-1.548666027019559
-0.643785114867317
0.190727355046795
-2.673254565661982
-0.533409897232906
-1.919350709990590
-1.237699506588722
-0.400585161148746
0.215972944085447
-0.157170353886161
1.170152394648828
1.432739729834757
2.648606718240053
0.540407827432423
1.518963291826796
2.454844143769430
-0.145794823563854
0.791689753868276
-0.447514467001725
-0.897061094443715
-1.326873448098979
-2.074271086099210
-0.227919513786331
0.783739945633541
-0.906465195988082
-0.563748591399611
-0.187382994303981
0.402323010993126
2.744269342552693
0.474926363317167
0.236808737113509
0.591163673922143
-0.783109319889057
0.723277794175013
0.063942341856523
-0.161227072883656
0.060048908379465
-0.159416778838631
1.202213141140032
0.255256084056276
-0.408878445515849
-1.729474407676196
-0.564281211509941
1.545005909207350
0.080406040006259
0.778902921575529
0.811750924348874
1.126627532643822
0.466366193291215
-0.870014155272952
0.682840509404639
0.568799363186714
0.432267091208393
0.563725542136319
0.484965968045797
0.511390047245330
0.668295537743699
-0.260009554763837
-0.521167251160031
0.974874821288242
-0.161166999229691
1.858256628016296
0.072439785714181
-0.784975843316564
-0.295502538306235
0.203898325004341
-0.183840170461948
-0.527805665202649
-0.451259824580158
0.222098781528870
1.389696173690031
0.373815037782661
2.426377021998205
1.142642341521081
-0.808644424328671
1.660912149344099
0.661820902473431
2.239205581380196
0.564267554257330
-1.667244738298941
-1.651003978137506
-0.645522961988799
-1.491828682060666
-0.502767866950433
-1.293263694259506
0.923395526339481
-0.437590935743600
1.164596731064979
0.654658267322034
-0.070224065060119
1.974567467364174
-1.586416245404159
-0.561848673736626
1.225517465017895
-0.114277599543688
0.778644556266884
-0.257058205430758
0.205437026410858
-0.673247569847522
0.932737100109434
-0.645967130225633
0.959028349443461
0.535341289143448
0.332963477421980
-0.139092102901026
-0.643379963050116
-0.224477476175851
-0.848649372545298
0.768909832590184
-1.062392635476185
0.501113431800255
1.143191340909442
1.994550467087492
1.435414084857932
0.443169128524180
-0.613526726160730
1.282575047328824
-0.538807396871302
-0.507627367695377
0.590130267682966
-0.075525235682415
0.285377848424549
-1.112446435581979
1.556107045616363
-0.817803069511326
-0.699420296681079
0.396405753879329
0.889782057152519
2.848105545924942
0.921896398491925
1.098115174963064
0.761233297041309
0.824324358051735
-0.409473789780041
0.808809119062790
-1.247016138563278
-1.415195288914469
-0.562394523882287
-0.007505544051108
-1.593435272815007
-0.760115564000885
-1.350964835524215
-0.420651841344591
0.509876761385795
2.411315069583577
0.950468266202653
1.490322928820662
0.428389233763374
0.192806461066853
0.749861863188541
0.156554098018179
1.332544685188163
0.122861130454735
-1.316277305834145
0.021067861189841
-1.965442999765162
-2.105309728800610
-0.471430039636147
-1.788019842898781
-0.240501483217931
-1.593869232013184
0.945204846668651
0.189250601456241
-0.105552606455103
0.278125110013034
1.067408280985041
2.114462406273200
0.485299557701352
0.706512823233752
1.106172227972201
0.111784682438743
-0.361144353367762
-1.114909233941073
-1.348422593542886
-2.111784839280507
-1.314106250124258
-1.348481105111478
-2.131733006167718
-0.635245464570909
0.109645972881196
1.058412760547359
1.707363558263841
0.805434579569708
-0.598783547592759
1.204191682075270
1.226158426381209
4.417528078785999
1.517114518205882
0.506684574323085
-0.002110166058406
-1.693076030076204
-0.480320322557006
-0.056997813433376
-0.192196633052996
-0.950457697574515
0.120276861101440
0.814138859479733
0.779469306561161
1.275609643937914
0.357774515234303
1.638327626591218
2.491248912981410
1.533522864962587
1.189936507595990
-0.018705163802243
0.805155999057991
0.828076979194594
-1.101500906723889
0.462226173839679
1.636104639660437
1.654448847498278
-1.480534646286637
-0.639453520306811
-0.175529576643967
-0.056330070106764
-1.372268062874774
-0.133937841713419
0.122748929311236
1.671277102793790
1.395041818818750
0.937042359213755
-0.036545816608533
1.530984872561800
-0.073066067640061
-1.625594959042627
1.003436710553664
-0.637764118263067
-1.912613062456223
-2.126734269353336
-1.608650809496462
-1.537203798642960
-0.742826652266377
-1.202289465979825
-2.240904874433300
-1.812644860498786
0.878089069027273
-1.713002609900093
-1.504871362714534
-0.315757970766640
0.299143227769723
0.441709982714619
0.509668662467156
0.233254034958566
-1.015827690890112
1.348314533465980
0.991511253527734
-0.263005496960628
1.385438635987180
0.063211019612816
0.281530903995939
-0.707659648493672
1.124693749302565
0.556590360082555
-0.137356776795506
1.064155006977238
0.100033452035313
-1.671391247891788
1.714619284639526
0.134939372671595
2.091357805526613
-0.438550316247773
-0.045901968278499
-0.078111371771123
0.185572246803375
-0.671661947105735
0.171081375776678
-0.327683631055081
1.214901367719939
0.209030353900574
0.930659312532810
1.121720848630207
-0.382719976283946
-0.577175208997132
0.275242588152385
0.697882546036505
0.833352440687421
1.707812713768959
0.733910303682763
0.171860201602139
0.917191560412447
1.246051022278146
-0.222464111872412
1.674991961430543
-0.071095820719613
0.208194272648375
0.124497739380586
-1.579728750970103
-1.662345782271814
-0.342171818646812
-1.144806946903377
0.251017211854748
-2.114566785100110
-0.019663774041010
-1.991850356293927
0.473308471914132
1.070258093232044
1.035720441591645
1.586892880492332
0.346605568575857
0.705831268817879
0.062158476162369
0.454293360155717
0.173925894980125
-2.082015764404193
-1.417844818959866
-0.137221590915169
0.579108938765097
-1.464884966076462
-0.496638665803220
1.232162825856120
-1.550924583472985
-1.108616152164445
-1.006745957291344
-1.167687253728969
0.379531546518781
0.995713124901402
0.184589012733511
0.773695911179850
2.201051874777809
-0.595082094257233
-1.489600956478305
-1.336192509330428
-0.781968785836054
-2.013669515629976
0.350549398718696
-1.479184382292103
1.328337600587953
-0.989144588730619
-0.578772110869862
0.741529211547068
0.386375832136866
-0.665995410458670
0.517364440454788
1.261971414444982
0.554363710787976
0.400396378265123
1.101462680260718
0.268782787382737
1.235786606302049
-1.985763929257182
-1.358655752217031
-1.384753342187748
-0.722994289300223
-1.061816511022931
-0.169885852603122
-1.067614119049208
1.671411409400136
0.255094157531782
-0.721918114097723
0.876317700109724
-0.845758508835034
-0.246020848467116
-0.363202468876836
-1.167322439800217
0.769938080735949
1.202661797645661
0.276374341033430
0.137333503802505
1.304635056428229
0.446853658125059
-0.035223155992062
-0.784527320534285
-0.625865313216374
-1.813368187639236
-1.690347369646013
0.047446599812650
0.896596860505366
-0.398343290070915
-0.168462348269600
1.373760184670292
0.749040612658185
0.970982064894797
2.585430898670797
-0.175011128399582
1.368053772746159
-0.473692096278294
0.842532920561741
0.905302978895533
-0.087632195652981
-0.701989339554443
-0.277338646586990
0.546736113038593
-0.676560322882329
0.861615642420691
0.892492138308338
-0.326121653710543
0.511267027675025
1.820609263359142
0.009008804936646
0.099162748537849
-0.629132648056760
1.743632288739291
1.581499104939485
0.881484817350221
-0.130231543998038
-0.107204226749498
-0.689636991860935
-1.369363755252333
-0.835762660375406
0.796909266925695
-0.132127091461242
0.391264878734236
-1.138060681716387
-1.226564982865975
-1.830526627396508
1.133286391247314
0.358519444813675
0.635115481219976
0.014598017729311
0.175237695465830
-0.759175210287606
0.837564762983609
-1.129662780005175
-0.060581637029657
0.919642073848741
-0.720757101238404
-0.786747806743411
-0.338949569153336
-0.905473115152210
-0.191369968642820
-1.519024374263093
0.033417639660224
-0.835086805732980
-0.890047810307242
0.787426081186559
1.319084022255659
-1.287585157304676
0.399993467043332
-0.553689994137326
-0.731941423339143
-0.047624401145817
0.156741851764503
1.106953539359169
-0.754492210320660
-1.575218065788077
1.576963575714948
-0.506549096879559
-1.119995122160643
0.309716678057590
-1.853826922589417
-2.103522508006193
-0.521918437112693
-1.283609532149596
0.206091107527549
-0.180491963820265
-0.539834317434628
1.274292598575212
1.980150898034279
1.125919740439569
-1.006324840887908
-0.134547004630297
-0.953717807399798
-1.522524145521572
0.518213832448216
-0.818291761720434
-1.082681412422454
0.193129406139493
0.070392263732500
1.186695378981863
-0.661299786197131
0.689012291234960
-0.201580184381035
1.392833370305436
1.029434289294846
2.334836355013667
0.547619333761226
-0.786052534251021
0.641980342829014
-0.916235689542052
-0.695478284815290
0.504657378511731
0.378350615812790
0.230224180271047
-0.489981662830664
-2.063775179097056
0.395312077526760
-0.665483652819918
0.683183939178690
0.347626997290033
-1.334660616824759
0.081499421939898
0.664220721667686
-0.110316751878084
-1.593574470515025
-1.629530473659118
-1.507711705417971
-0.211527860047722
-1.573361718018977
3.369768785414140
2.261594121754200
4.483145021889486
3.612780727727412
3.251003100469215
3.043326168645236
-0.861761836610976
-1.157358381114563
-2.564569155115414
-3.673238910204799
-4.826903134262049
-5.070908055377948
-5.782072177709734
-4.904249399972759
-2.866879162259178
-1.779190244756576
-2.022777982369474
2.107408972317332
4.557111112022358
7.073614916891699
6.270821778098643
5.805085044566845
3.599934668743250
2.312720868269091
-0.909473535741623
-3.843044260096845
-5.215370940806449
-5.035008367929676
-8.896924052396150
-7.073849508116321
-5.153005281598163
-3.198079431323232
-0.556994849195964
1.745997325310507
2.118288001733166
5.851525294049299
7.523515780014710
5.932464082581721
4.951991055413764
1.894113007730019
2.295987114526771
-0.714517466876794
-0.245767000313872
-3.942127833018851
-4.687407403463414
-4.904008592547227
-4.609277391814425
-4.236331956691450
-2.015434527904544
-1.817823325028402
-1.826329012323378
0.527830000829980
2.158977405679924
1.973382170578177
3.138705836656660
3.588486357030947
1.601908773408130
3.922088369167353
2.429997477780720
0.721250140370362
1.017388335070896
1.432777246590120
-2.438980652216588
-1.164047122882831
-3.915778234097576
-3.112411439364635
-5.699136089272480
-2.843037189114006
-3.829322058054779
-3.537895799646947
-0.718191806295259
-0.487564284163645
3.659842726839804
2.619928793208718
5.047991493155797
6.160947026829324
4.565691605502378
3.929789994550320
3.116890366632341
0.842118350363123
-1.206842440907140
-2.579503818563424
-5.867240577834784
-3.835805016252647
-6.084253156275716
-4.508434831719650
-5.522643627432204
-1.436335756866277
-0.092976268752550
1.040930199421503
4.150427033117018
2.495126651310596
5.562977822807774
4.116836816686418
4.269490217781324
1.967343265604467
1.324377020605411
-0.673236594100127
-1.711328680802567
-3.495245795048353
-3.335501970760542
-3.487762578324461
-3.227041883449105
-2.130501122972044
-0.508287441289534
-1.613035146444259
-0.082391284127182
2.543994598102265
1.910856309683517
1.516979724255973
2.751928578685034
2.628021481730850
1.826525035142426
0.041122247155932
1.526822926733448
0.287068564964757
-0.132626937740136
-0.560922724626419
0.155312240389143
1.586071008309486
-1.009321741486983
0.179139882099196
-0.701115489517970
0.549165755595112
-0.581891446542935
0.206730594605866
0.243801173715436
0.755003999769243
-0.412526373620075
-0.365118112417738
0.956772739394791
0.105019831184917
0.147491962969267
2.799636333486360
0.726277400241705
0.613264031502143
1.397949822731555
1.243880436777447
0.084057358517767
-1.199155110921958
1.094627981998551
-0.616397839205014
-2.716613252976275
-2.003984780259390
-0.369501005505526
-0.538419498310605
0.394830001188249
0.901104929829518
0.544594882938434
0.618436067958338
0.798153522837613
0.178604504812155
1.250638798689580
0.614652422749557
0.329478415721407
-1.480518449298927
-1.213144963501180
-3.080700863526209
-2.194723885055628
-1.470745042935322
-1.091998866512100
-1.032519678151306
0.389768130485703
-0.946310182028025
0.357786338518389
0.349245452957044
1.782323892299739
1.469466681442049
-0.164688566347272
-1.444286866993255
0.641102281063560
-0.666332311830100
0.956751624027860
-1.372555134726535
-1.848153762760320
-0.432356878052858
-0.317772752805817
-1.014566751248650
0.028597920488516
-0.417137792538600
-0.766140173860774
-2.308334670599374
-0.190916740170091
0.265879863129823
-0.525563038030906
0.270708015699266
1.860874293609568
1.236942893275421
1.412226240767802
2.379340307879937
1.713885482996438
1.270873239202831
-0.149522911451311
1.016124141447117
-1.512634588615696
-1.410734689268751
-2.630430214950147
-1.416586559331788
-1.879290308761460
-2.752299615034060
-3.559295864647839
-2.326233538675327
0.438401206474820
0.839810859148081
1.047798692496666
0.006756831383039
1.904839094594321
2.092320075815771
0.845752526242866
2.122597845777907
1.219439759431032
1.221182835541214
0.674869065698017
0.022814328914755
-2.765575303578665
-2.039304756052262
-0.598416650482634
-2.800557893233816
-0.423826768138303
-0.655472355281887
1.936304636154677
-0.510513991855083
1.888403804273069
2.145426167119555
0.220308314202253
1.752280768772664
1.661382365922798
1.455113207025355
-1.018582864826324
-0.656751084291513
-1.620238597371658
-0.601578896395197
-1.549280424699901
-1.223787996675877
-0.440344647591272
-1.112293801690706
-1.101016128051967
-0.855629084917244
0.487239400772850
2.225820059578643
2.475315422652280
1.039566510452339
0.865019401076800
0.832144375791100
0.345022132810101
1.887030316165522
-0.905814021367215
-0.146613994681988
-0.316724906333130
-1.108699639979885
0.842124662685838
-0.735035580212731
-0.084236917648002
0.280952944534126
-1.773096368411990
-1.626644523721323
-0.860231938018992
0.419130226262853
-0.121632900666837
-1.319067258995069
1.799796050497081
0.518017148109393
-0.601147809915728
-0.533589262393400
-0.612553600748491
0.593869883533207
1.347587598638545
-0.737253731779996
0.272001698140798
1.532594286141093
-0.154711935742828
0.031633755861629
-1.819106184949326
-0.350463677431863
-2.225178315229444
-0.678688765880360
1.323826437096738
0.004031459228072
-1.336163030247414
-0.010767764761723
1.442935560069630
1.627880494968165
0.306412907187966
-0.634192606042574
-0.438694793591386
-0.868415111917061
-0.939646620466692
0.455130350275122
-3.118977346776335
-1.278551693092389
-0.606284224086498
0.742246883635854
-0.330781294970789
-0.658499011891756
-0.307574286328973
-0.146258718152389
1.546153212640283
0.497664940411173
0.056660255998498
-1.269923342128014
2.169949165576732
1.190509925874964
0.864160243093644
-1.462008708225608
-0.426865042250053
-0.362019717565007
0.277361979193778
0.631165405281494
-0.700957198768037
1.884376172285841
1.270942345181662
0.764856192775589
-0.846474013618397
-0.295883966512689
0.329964127607835
1.971637267143734
0.917269261912147
0.715121408115365
1.022508038087743
-0.561643219465091
-0.592864794817296
-0.530345102941468
-1.330675131714933
0.958855364447140
-0.785995827824090
0.133664266123245
-2.706792518096123
-0.461825472135294
0.974380661323861
3.145367157916353
0.997161052092657
1.862880644524520
0.797398882380193
1.277838736079147
0.008476892114334
-1.545718293480784
-0.380694860809242
-0.802905247626683
-1.610410749986673
-2.160487681009138
-1.307332231870636
-1.006891840522245
-0.849977183350165
-0.873049499732274
-0.518073673285660
-0.572484497775509
0.991392589439324
0.989174558941627
2.151161221609082
0.022744048373476
0.579584868437268
2.055384825986808
0.685553031008236
-0.686349463308551
-0.731645910603026
1.080717032613161
0.011166518384810
-0.734174965246379
-1.029270335786446
-0.339006779413689
-1.723281805755891
-0.670613978561207
0.467113448745641
1.225556240271075
-2.307159382522644
0.470832596563507
1.737826880412498
2.636511657566583
1.711698770376157
1.344717368894961
2.224900057193540
-1.501616808606094
0.844530679794338
0.209452742448563
-1.303877034620889
0.352746766056697
-1.948552062303397
-2.520695541763688
-2.528628438547835
0.108316291250221
-0.275377031759082
1.200091318806706
-0.032339542775770
0.940001757815690
-0.720655735270843
0.793248791461170
2.215565016825176
1.336729246684885
1.057333035420970
0.396224245503211
0.629986606476202
-1.386344266312118
-1.859178186549654
-1.047088959176308
-1.109113203558865
-1.659764835783141
-1.759097389379203
-0.679187164097196
-1.127572465447251
0.865187591820485
1.096886286124381
1.763994142049337
0.977718385737279
2.034444256246006
1.239645807222951
2.268184415645413
1.538453298430335
-1.547362821208195
0.498716115618539
-1.482275446777964
-0.899015650722094
-1.740704635374703
-1.562832553369121
-0.851893531968473
0.055094803543527
-0.587005802212878
0.329134000503624
-0.295498531427506
1.014268009202245
2.127636506409465
2.435012971119094
-0.409414753563539
-0.180415354672644
0.117448395328205
-0.096700828081371
1.031186141802517
-1.541804542498017
-0.267767425690819
-1.042081101546813
-0.690804570233373
-0.087961275230436
-0.043468922062184
0.431700216384094
1.275865611538856
-1.352370690981042
0.252925775148801
0.608659042785977
0.680042472182062
0.880943095257121
-0.287749215183681
-0.480390941058818
-0.612748250076208
1.023212522251360
-1.354812385215552
-0.869735068208215
-0.901456342740050
-0.077021152811360
-0.136477578130269
0.630291785962611
0.135677396440197
1.163245010997614
-0.756754976204144
0.694144751691906
0.732911452207061
-1.138215431788005
-0.812726090634189
-0.576681136896817
0.288356723687306
-0.544340753855287
-0.660898547190256
-0.146698347307206
-0.114139237993977
-0.418976869801044
0.492278105262905
1.651844979135973
1.395696864193724
-0.303060890539098
0.752419417655294
0.790190520918048
-0.136566844719324
-0.449629854595693
0.931313756463060
-1.158427758445083
0.002783459232408
-0.939012189525877
0.554014621530881
-0.423773050106305
0.596282389588174
0.245061924638198
0.981558451530137
0.490016428620680
-0.959672260740383
-0.772269614518843
-0.609869869500042
-0.126317790159065
0.213453441105448
0.671758497993578
-0.260366410351331
-0.350866936662291
0.176832812233988
0.674155420597989
-0.092847207166990
-0.447212941272400
0.096026829619414
-0.600856833568279
-1.837407078869757
-2.567254353995136
0.807656264750970
1.022990830125405
-0.139946859442974
-0.168842569616229
-0.902418302008199
0.297599855266602
-1.233970497426272
-0.330413002612442
1.036442573101696
-1.825660952002302
0.891068295970368
0.428538370290429
-0.829703279008363
-0.685548057237550
0.215836033378622
-0.338695764422677
1.604172805065015
0.736906706430330
-0.296276609087816
0.463479122783086
0.628239978237758
0.115817710314506
-0.013321801577564
0.537230627672862
0.309104001666582
1.803400330545412
-1.534707726610059
0.563912359977365
-1.154893884531797
-2.379069517914242
0.906698296390108
-1.888498119029332
-0.599299254088392
-0.658284130380623
-1.205083903927125
1.702265291232608
-1.314164684962064
1.288850141455118
1.440907929199192
1.707794289011738
-0.012784877270196
-0.174778150542601
0.350499933651545
-0.214316286372784
0.049164211101109
-0.565242389148102
0.307055702202970
-0.407875444257650
0.439881479923907
1.136517866347631
0.772816338345431
-0.332543463613341
-0.242318786562943
0.414586070042658
-0.296147201775647
-0.873366251502754
-0.198861840328813
0.683826068087195
1.170927814380290
0.080787629575991
-0.658263210535872
-0.206549233538286
-0.584242826726931
-2.310753294848695
-0.415454127717541
-1.449553033127649
-1.049963562095379
1.499990507142339
1.318451817411270
1.801562107757001
0.880513298283110
0.308774246084598
0.216581591530315
0.363826447331685
0.710556603669953
-0.007222979939211
-0.942097707884882
0.534685152477775
1.244185441386464
0.017508442458085
-0.781025125894755
-1.073250293012610
-0.409152279451374
0.320420100569863
-0.561474124421039
-0.967095353684819
1.044250720951537
-0.160355030960011
-0.342709951305496
-0.234169385813214
-0.517010203327088
0.313128922141799
1.003209106268155
1.102570656634761
-0.231879435265946
2.835501317339512
0.049795025874278
-0.308637490688241
0.437469913798777
-1.426597746763412
-0.316760694076210
0.438012647577541
-0.788414268241760
-0.554878892603468
0.354475489654883
1.380577756487143
-0.223314490158659
0.989281900179731
0.589548714063043
1.896192544790078
-0.521077774203645
1.334543821210196
2.320025484027588
0.533844550753004
0.782614493393265
0.366123533874861
0.169153499468901
-1.018160009131764
-1.270343340771454
-0.038737704733532
-0.492299808819086
-1.316484931779709
-2.892722159023026
-0.007497551309161
-1.439506506853723
0.482329786514577
1.331058857784354
1.824315695367716
-1.454395995741718
-0.651687763303389
0.499745575841047
-0.131898161441009
0.642613943733797
1.317128788807661
1.664216664466470
0.538952785299766
-0.641876174073043
0.272461285554640
1.105977726974101
0.450548948725027
1.292667580051439
0.312715517193813
0.341469313192669
0.434559966081813
0.589779060571213
0.806704649637206
-0.914119751979504
-0.852830096595945
0.125559488637845
0.598110623037346
-1.068185371400312
-0.337234434922467
-1.093137313495232
-0.980419919091808
-1.511218126101800
0.331306797806385
0.489956180692324
-0.940856254796282
-0.057427685908214
-0.507336283583022
-0.570108010378689
0.482999680121149
-1.364932220854638
-1.340692559443222
1.150654413729123
1.766999995736418
0.824689550900840
-1.064655540512693
1.765163403680240
0.196011811147282
0.884929855740159
-0.430817050776028
0.202726110126564
-1.048708913509109
0.959433877948145
1.369702205792553
0.814038391412765
2.529489266642963
0.787500824891968
-0.301792545951818
1.134251682883455
1.090416541315987
1.505498537670727
-1.891996747232526
-3.340176806468206
-3.753180356143442
-2.532841312288615
-2.956949123100486
-3.926177696574888
-1.528308111180745
0.618966984615907
1.313616915397855
1.797534345600063
0.234337408307467
3.191038489923359
4.077386859706678
2.865471237708975
2.734317058988388
2.196422679047659
0.699072623848330
-2.684667031026919
-3.599175746764987
-3.415180326820515
-3.570473452154390
-4.573615136225869
-2.878355572232776
-0.760427040874812
0.070317398461914
1.114208108495693
2.230978072979632
3.980594907601726
3.726814413132067
4.922960260767141
5.322836661492047
3.201497715163991
0.828285628707384
-0.411925129170581
-0.599032728599140
-2.218287124014186
-3.321517215370319
-4.362241208131407
-3.638462077631177
-4.258812744525763
-1.874496070285083
0.290744949357739
0.805102140475650
2.502024230267586
5.239224035683432
4.935479896451774
2.680607422203484
1.806855261641559
1.031418178846789
-1.098002792358298
-2.668998561915672
-3.441504598696363
-2.932194267067274
-5.714463386064094
-4.520758882489115
-3.828574160652344
-1.464126900076225
0.905655781780727
0.921696463865291
3.467906485153317
4.902725496227021
4.351811005781796
4.421272690377616
3.822817145969357
2.326041220920589
0.226912912168093
-1.616784483523621
-2.951983916013912
-3.170154821723812
-4.071459450564945
-4.259647524879588
-2.677188669339977
-1.454564398719007
-0.098530755513580
1.658181396873923
0.495125764404343
3.372780900145379
2.697028388565641
1.397813756446142
3.309877122377234
2.385056064965811
1.040289412458673
2.211595532536001
-1.648732119827638
-3.110858940807554
-1.825726678739199
-3.783076628335332
-2.873503726187079
-4.372388744956619
-3.418649051912011
-1.852100019776191
-0.337097387717968
0.189094510655499
1.618178755817396
2.231021608544301
3.439873598756253
2.722796888155601
3.344890498756464
3.747659488724547
0.928864117002353
-0.482626478052548
-2.223906523866582
-3.049143227547982
-1.695937169442780
-1.737053306832420
-3.974731513598229
-6.143303134530449
-1.882663911514239
-1.231207993932046
-1.655298641336667
2.361964820511335
1.957249522827593
3.704670729277385
3.847462079589727
3.822153153104739
2.130019303042867
3.133985295791634
0.043611339270560
0.749461142209305
-1.007604476428559
-1.432919315330547
-4.247926277384543
-3.536412211863874
-2.625109746326271
-2.138445071368323
-0.867650650692757
-1.415340285696321
1.560704298922444
0.996110754997881
1.636217490821350
3.758722398656792
3.620151941907445
2.922486245150588
2.327603579016637
-0.342421652418113
0.512888746313618
-0.192685043142557
-2.134843086458259
-1.643351787977819
-3.921330203229099
-2.980080521219174
-2.261699852605575
-1.310805714101053
0.170972386266792
1.199064208830359
0.496956461397730
2.650149328252516
1.510208145479582
1.779368181428025
1.280345663571020
0.657315689235913
1.497920487643527
1.281454465611457
-0.126860398904078
-1.684480434243387
-1.523278447802682
-0.140978936835983
-1.138244501764324
-2.851648392121593
-1.540674058514559
0.018408320087578
2.085132425692034
1.573128965888666
1.674224652205039
3.057436379447191
1.557492629729267
2.679233345832710
-0.098964293271386
1.196477686551248
0.010538269185709
-1.487444975870329
-1.178558889320787
-1.336639549124457
-1.736496921487092
-0.002388752672759
-0.987904578499213
-0.015214294142996
0.416678483726867
1.954557339056506
-0.894803783366871
-0.002450097232545
-0.515663286608391
1.338485920199384
0.435491698403950
1.875250540233389
0.661859244845274
-1.447662217721395
-0.363348813618732
-0.634741149710983
0.694135195944197
2.294883061266916
0.457642385954374
-0.772282041410425
-0.068385825680117
-0.935928846433287
1.281929664799936
-0.321417354373249
0.968655457024282
1.818796435750895
-0.575184846930052
-0.487593085281624
0.547772871071179
0.123202335018855
0.694076480932192
-0.264661947695482
-0.789377053698358
-0.885509798820091
-0.218512461855292
0.325307490811590
-1.083539548130917
-1.012270538108037
0.294645190840413
0.482721356696070
1.120649410469690
-0.475225169470375
-0.483330398910962
1.157638078062864
0.804167860332184
-0.085574685718169
0.554953377331666
0.091926162509889
0.793793459972902
1.477450674280034
0.830213372457409
0.460718664459780
-0.500682246881662
-0.192236403906547
1.039468910474079
-0.274589947307843
0.689363430824918
1.104653691815619
-2.351085551904077
-0.249643626432241
-0.487713821700456
0.289369415199364
-0.415032931396012
1.099140948640660
-0.922454785742623
-1.347684429395188
-1.241021094175877
-0.186400914561641
-0.697585789986369
-0.421847223458977
-1.623667000686568
-0.257196535439909
1.357266191633730
-0.612693488545151
-0.672827384858962
1.548479665190018
2.174381319406737
-0.372787038503215
0.460386540533672
0.431551445611712
-1.998466134635800
0.168858661618855
0.289669170378466
0.672404058148222
-1.335566982443544
-2.021914221521058
1.957642334265058
-0.506115534053926
1.204428317368120
0.501460654533273
1.044187910906617
1.556178219061730
-0.164801919487848
2.243349733611312
0.729223489593423
-0.728866116082238
-0.205501207873528
-0.671499596960530
-1.546387078407723
-1.875849438762730
-0.878529206150398
0.492469016321020
0.199634717792149
-0.574562229824832
-0.031209949392660
1.517480187891261
0.182896792403109
0.525254322298005
0.496888015349757
2.471458707010166
0.219951276538381
0.820125415051443
-1.153216448645770
-0.198036993095496
-0.760935785117654
-1.742621406565388
-0.383691554625035
0.867914206998934
-1.584609279915152
0.012763760644934
-0.620553013692977
-1.424322135833996
-0.197247047345904
1.088455101458363
2.100711256370143
1.656585292440127
0.399100281654374
-1.057831686272347
0.434283642950989
0.726713219272940
-0.639748070226174
-1.780618650062912
0.301008950084912
-1.636756784104224
0.000810461623018
-0.067116614365475
-0.932802364959036
1.051809753847767
1.176627063052442
0.850862571905052
1.553460943009037
0.353986982278064
2.960601332228900
0.117322868063230
-0.154747452509700
1.241507503149635
-2.304939310136770
1.377720886493427
0.287086319876626
0.362055643941365
-0.388797222765607
-1.841237420722370
0.321303368813241
-1.647822554420391
1.249297336992197
0.220833019576424
1.137214816066381
-0.206754835455075
2.529800122022999
0.638563985761827
0.573496556998225
2.650863067671914
0.407493402939926
-1.225001777401818
-0.859788595526522
-0.968542038787233
-0.006080908417786
0.475510769110027
-1.556198509309423
0.779885445711658
-0.496170116516517
-2.333601002154236
-1.173676195199117
-0.436763257172716
1.288555201717995
1.899260682959584
-0.103435193235953
0.742497710286128
0.765318142989440
1.272090328656978
0.212328639219021
0.340038725524688
-1.779088558695946
-1.681961818315588
-2.000301899057851
-0.772268703410633
-0.185848781404336
-0.374535872429826
-0.748904634691512
-1.181224600544767
0.390390220227076
-0.016224391940433
1.044788367830749
1.051296119542216
1.273948680335086
1.941382018983054
0.649433327299077
-1.127181703546142
-1.506150160370729
-1.022956263161365
-0.804363761783686
-1.819503584554694
-2.058135961125318
-0.919142722577157
-1.777521582151911
-1.611506147255760
-1.265732278809302
1.075378907156698
1.141312116068885
1.393415955563786
-0.311454715263732
1.529752637414385
0.406579793319682
1.690557076952142
-0.697686953726978
0.949585428813974
0.348868190910761
-0.556612153693978
-0.569209338485733
-0.142674443363874
-1.703559952038923
-1.512675056898735
-0.991751663934971
0.050488454382654
1.898506821781194
-0.208689571831728
0.796508938983580
1.012136256079685
1.849375837267839
0.444026692849825
-1.279334905698470
-1.407639173482541
-0.269223989378938
-0.258479999457268
-0.354028010568057
-0.252739603363857
-1.496433205516594
-0.486463115989833
0.409598223275514
0.486141799912741
1.676387042156886
0.779637854106748
1.024247731905810
1.369045735034849
-1.492470687835769
1.911715060892029
-0.447393621495288
1.131793714179783
-0.384846193329344
-1.592887140572095
-0.746583836079712
-0.973066031816951
-0.504195865365335
0.759796617627741
1.456694556747218
-0.124106710859651
-0.785436263770345
0.512755667911759
0.270746766697777
-0.797776531453708
0.390432212142727
1.231179747067588
-0.542372168030541
-0.675854316717747
-1.841178140916330
-0.026375104638430
-0.470994305653969
-0.529287261709749
-0.650616630769748
-1.608903119906768
0.801787818668454
1.644119755755944
-0.867458200481908
0.012720395711367
-1.997441190350668
-0.909927468530644
-0.506269954503173
2.247641288304361
-1.835817400568539
-0.972040370102616
0.140872018982379
-1.543381146062996
2.063499616329727
-0.366591034395568
1.161298602733941
0.234804932113224
-0.123632032281494
-0.630690503019433
0.317966174332487
-1.499738558372961
0.409296064328840
-0.402506370587943
-0.444074223856519
-1.051328689344212
0.267290397054757
0.187554579635739
-1.352611334180848
1.319728748846525
-0.451137584145678
0.022017027577600
1.470731864283398
1.494427513082661
0.082766054028526
-1.203506395264693
-1.050636268665409
-1.673503472989726
0.761970607170152
-1.456450959559794
-1.838022012895883
1.403765021397335
0.298668816471092
1.355359076221214
0.013590909526267
0.361800707497612
1.767336579599327
1.333958522013567
1.115565815016688
0.555408168590711
0.570674412437231
-0.051509677117041
-0.902115779375775
0.660979437336805
0.124233888449823
-1.779140753578395
-0.400437644939730
-1.539635855130768
-1.515950206801669
-0.116986227394665
-1.130847633188919
0.419384425547420
-0.131621672840638
0.247873642350905
-0.334630348401879
0.850212193465850
0.163703003438717
-0.504203288821832
-0.299678130416332
0.270497601231552
-0.489421949019850
-2.014487249267177
-1.351022025503264
-1.307075327703985
-0.267822520248821
-2.886562553839057
-0.923290891623739
-0.370435233064884
-1.504934700466387
0.551374110151110
-1.223470747929281
-1.141494679592396
1.366210464178008
0.046909774199510
-0.128817887704419
-0.648431312453306
-1.318936378368306
0.556179834806636
1.469984854386762
-1.016824188419431
1.770731115608677
0.384483564302525
-1.059030998041485
0.033753490580971
-0.219346182762930
0.196150153154297
-2.452836416649799
1.048372204283825
0.530726071834400
-0.668689516045917
0.249263894209187
0.720626756208445
1.828870159243150
0.875050207335579
1.101374138581493
0.903545804649936
0.771555399406917
-2.137252491278808
0.743643798650284
-0.184681293106028
-0.780356306908502
-0.826404419821829
-0.948156940254345
1.182254258963596
0.886074292771500
1.031939303061248
-0.552328550979542
0.835376476237634
1.349208779339638
-1.083709693675301
0.469665782720255
-0.934211985044434
-0.303413433838050
0.372243059400993
-0.203027955729910
-1.072044253989254
0.146371251348405
-0.193868253150788
1.510939748831230
-0.806491237892516
-0.422417383000014
-1.900235426263960
1.740606458056696
-1.045412527977393
-0.347868759303757
1.483094517567935
0.432633830703519
-0.359413121875212
-1.226747572243138
1.070978254118998
-0.150227557074101
1.019801924918901
0.766432865582803
0.770252850773666
0.632029667279081
0.271815032516318
1.554841392455786
0.237701026683899
-1.292855739311925
-0.631693713466273
-0.955939313517189
-0.529237733334935
-0.032188209696303
-1.021755942039110
-0.552296102331809
1.206201530528090
-0.552445024976015
0.586619113780205
0.391280447722981
0.761421070081653
0.418434757599907
1.683628082944454
-0.741440613873884
-0.172506118124032
-1.642063709324377
0.555450333766187
-0.572472978308127
-1.497620603406348
-1.030629042578564
1.416065620538887
0.778919120012048
0.321113204187247
-0.253631535343935
0.141943656170572
-0.515521862587604
-0.153878931111418
-0.997350610807481
-1.770946446904711
0.602421750247593
1.252291449185798
0.336003757572598
-0.216902912782226
1.505045096029540
-0.233743179876564
-0.919246716755556
0.124413681160209
-0.536795907310599
-1.792324738821778
0.045487042101875
-0.578376552793780
0.637835104051044
0.927225408960792
1.059008086584494
0.744692561453175
0.984698829651328
1.565480160542354
0.079758297881889
-0.256025454790569
0.492096890989770
0.659308478009663
-1.553666522802496
-0.403673633983607
-1.247525712798160
-0.683152792426482
1.016537577152592
1.648943815670713
0.479986321226580
0.171524713187234
0.175539681954012
-0.514375246219693
1.598992980909487
0.337604361601790
1.293690188722153
0.647371159359510
0.840409964876889
0.232832807111188
0.190452215451301
-0.634301551888126
0.384268823590832
-0.107309878698910
-0.548354432323147
1.013184008815123
0.357346402744610
0.094641388922545
-0.150454719382703
0.042270116241408
-0.832407298832580
-0.055303879603605
-0.421902414762873
-0.898829879915614
-0.078563442191810
-0.450634773940772
-2.079766509448129
0.516425877461799
-0.427152660638422
0.735990440851971
-0.452531828379608
0.072064866188594
-1.425971643302489
-2.341679454002498
0.659396786449168
1.152724353619095
-0.289145522302318
1.228647443770099
0.757959093888928
0.772783659547118
0.130331398035549
-0.027120731529940
-0.315563489321500
-0.639619903641536
0.551635992338294
0.343673788153886
0.202885841853206
-1.011641272044875
-0.399211460973069
0.048359318807380
2.100425538163661
0.442839222356623
0.487274745994619
0.289685551694612
0.441165060845810
-1.506460033876051
-0.686728913572230
-1.698544196364060
-2.178880626562335
-2.573546462966058
-1.675795886132366
-1.637516686966466
0.902225160141729
0.324836792025966
1.920735004190373
0.525056068214440
2.691425368808850
1.200609811743613
1.878641218454944
0.278779938503497
0.097814713087945
-0.249454198216963
-1.548372681967216
-2.037142217383948
-3.488318293744292
-3.864367272454404
-1.590357207794884
-3.104430375929669
-0.981398604480992
-0.793617066425700
1.389932375551191
2.511321954661210
3.647248520201950
2.682433098744357
0.861432874845639
2.162872367152360
3.663349797646041
-0.893596935726224
-0.766246936759486
-0.445300815942390
-2.860510469268685
-4.213448012430285
-2.873774083762054
-0.630295273779153
-1.749656219997124
-1.282655483596518
-1.351297313554006
0.851469066751736
0.780422962802020
2.543493225676238
2.337206192732620
4.528878191074719
2.021866637427429
1.340176933612998
0.502465896420362
-0.604921063331715
-0.760293345558002
-0.949451182354718
-1.778863123785368
-1.596294387741569
-3.461017502119574
-2.096813714249828
-1.172862348598205
-0.354679682446242
-0.737549422556430
0.606527848220038
1.889808574510117
0.690595875740158
0.699102501567037
1.875800235142119
1.342632525494269
1.367962591979921
-0.801328517173973
1.448313444582292
0.457548355703548
-0.619322272146639
-1.965860021083103
-1.342806835357510
-0.255232199046261
-0.849089972911424
-1.863259806277023
-1.227874617471651
-0.779621408552962
-0.194023066180371
0.271335088550227
0.393988714402645
-0.948502755142854
2.035515406144440
-0.231817569558554
0.577572742104902
-1.442326169952188
-1.649953989108495
0.119421155774214
-0.204922604654319
0.433662515193559
-0.835434534988591
-0.830074721481191
0.725939611730529
-0.228662283499900
0.818352464906900
0.699566104001425
-0.808046873617099
0.084674708938670
-1.239152875519208
-0.319066620854386
1.158961110305335
0.424584453057880
-0.041184233221824
0.764470215515323
0.207709638977705
0.446310804805224
-2.334050802182409
-2.181543848970147
-1.275603707107783
-0.893764368216574
-1.012407876901358
-1.262222181613372
-1.201547041713740
-0.000149200152433
0.003050665631512
-0.000377209355005
0.466424170535253
2.376677505121186
0.724365494117838
0.771757870725064
-0.373405698105169
0.032028311783251
-3.263958246834534
-0.410577424384306
-0.829468317326668
-0.235650369093314
0.172918551539577
0.635423318423552
1.447659937667533
2.576512210240360
1.486614312032182
1.556622399603196
3.158998895913097
2.721126864899244
0.226057548418436
-2.292460664620435
-2.159420949647159
-0.956226857471891
-2.386214637110049
-2.081559744271253
-0.889703859340284
-1.734729428812150
-1.030292684779130
0.369707806493230
0.084554478227515
0.897274120792420
1.924178774467036
2.576997024841202
1.524102181225081
0.999948099478961
-0.711089000980041
0.362357074596649
-1.394204918132322
-0.530509074680842
-2.903426117211751
-1.223545883887520
-2.862985342974216
-1.244276539360595
-1.308429932149673
-0.427197802430586
-0.037283545456004
-1.230963541142586
0.811971469196039
2.045082290037615
1.356127839530478
-0.008846609229495
0.226508644588246
1.147149161466271
2.425897737023422
-0.695187803768792
-1.240835246972655
-1.903944877194233
-3.455175758942731
-0.038517698287631
-1.291500485037331
-2.001022455264656
0.163574715546224
-0.092969319126870
-0.541256673668262
0.318735920323552
1.585465749324081
1.414254666559842
1.841361588014980
2.795101868889139
3.250930921322655
-0.394948662413992
-0.605373990338552
-0.296941968314572
-1.049717420730766
-0.203163648954244
-2.862180483520688
-1.739161202469014
-2.319319599331728
0.345780149819478
-1.629141741089294
-1.072569600231045
1.171787267171486
-1.041356375469941
0.613119892527744
0.555185013352578
0.123002383753346
-0.061641811000788
3.701143706770620
1.209802701266195
1.420278857709035
0.292570455411580
1.291598554245659
1.787377905923609
-1.397713944486971
-0.922912839995462
0.084118085930768
-1.312910450603316
-1.521346066313677
-0.942091713514805
-1.525558473932606
-1.556661599454685
-1.644713479045349
-0.031930544785838
-0.106077697093265
2.260317833192039
1.486106992776411
3.440706765734582
1.477409601251643
1.706438163803264
2.298852135007158
-0.734086790118918
-0.087386654882594
-2.290804847387735
0.451777885024357
-1.161154608795460
-0.947901475702698
-0.412545990018740
-0.612645963156344
-0.418671139254818
-1.437295375964456
-0.562729635873135
1.615040648672813
0.066555721311630
0.398569364132837
0.945894066236580
3.004768674007166
1.162466265082948
0.132758826121970
-0.077331218479314
1.271723679032555
-1.597092048415941
1.064052735758055
-0.352168473520582
0.878455957042828
0.090800711242827
-0.518362032157941
-1.161250336659288
0.892157430655038
1.355966541410720
0.491666497586463
2.617852417662239
0.010932594338523
-0.751288674077016
-0.822997209160206
-0.389585902241159
-0.620290385888556
1.388774704949807
-0.047867305455189
1.800534330598867
-0.785366484769230
0.577237207330033
1.673432336044187
-1.457094929725411
0.057170356250281
-0.887601394123646
-2.023626508520554
-2.008659208383126
-1.208739391939524
0.039513330134511
0.506122809521077
1.239598079178588
0.945818402666200
1.925062338264176
3.736199062363468
1.114633896527311
1.402177155318527
1.010314474881262
0.668077155156234
1.272356137409414
-0.323463057823561
0.874444596347043
-0.404153379812971
-2.066517188743988
-1.301863568476735
-0.536966026843165
-1.203848222366327
-0.180446526560784
1.406855234893170
1.665473384594653
1.444472774689602
1.453769339228922
0.283954257263143
0.919136513777056
1.981580785441958
-0.123825402222104
0.866790666219140
-1.799930904077347
0.191122779750267
-0.269154580127265
-0.319789184167919
-3.098043223162725
-1.029290311715482
0.407345431369703
-0.732925231369092
2.019443976852686
0.666140601752154
1.355696254398623
2.372216037389090
0.307733463422323
-1.675807471946019
0.775879368369659
0.300840024292944
0.552768518594647
0.632639454875672
0.376429294078732
-1.015464188250985
-0.216609142324358
0.255875282422746
-1.550040525804496
1.016728673184827
0.819510118061361
1.047655257731259
1.189479430756536
0.734689841263463
2.178375665939836
0.723813191537497
-0.377612453018187
-0.584535407126602
0.768121034399938
-0.029770456142443
-0.615267345326282
-0.001031912101294
0.094445708697266
-0.106834831368410
-0.145885928694489
-0.761333065907894
0.775077347781255
0.203894534028101
0.502295251618002
-0.576577596583651
-0.951535097399867
0.677875004279628
-1.052226777743583
-1.592211322597640
-1.800095141508003
-1.561378587907642
-1.434628022695574
-1.537369380924766
-0.470048995524955
1.390617644121520
1.310011325703311
1.032971663247890
1.477682989686674
1.454276306551287
-0.513553690644548
1.736093350923865
-2.444243621829187
-0.858207730791785
0.075318282459760
-2.781529247616438
-2.742262919181035
-1.659917556220424
-3.261779576942683
-2.067402504470537
-0.138470198631768
0.733792191657487
1.105130566239968
1.631871171170833
1.383189067406043
0.225608137650733
0.547411617800551
0.986507056771343
0.962579992160803
0.261099408593354
-1.072311687465230
-1.404524136007970
-0.896871647193848
-1.295601334584157
-1.367339847932537
-0.628376935985523
-0.145600266560024
-1.296544347226003
1.995926547199001
-0.225825912267232
0.612163903562115
1.568797316212832
0.425239796348466
0.731375157369254
3.592902213602851
0.837669605812602
0.632936921491178
1.049941220647808
1.324272909281602
-0.413693300117209
-0.511069817170737
-0.433707871872372
-0.803099278147982
-0.105736134596455
-1.250407444151077
-1.170799206156822
-1.776400860240800
-1.264858925323735
1.191114187097220
-0.401010134033603
2.792251048065192
1.989176006594597
2.134738467896474
2.310699664283132
1.222390859047115
0.584806658945394
-1.674061125254630
-2.184005307308178
-1.978889371104179
-3.057032223657809
-3.685094925117987
-1.956801702973519
-1.169330477885397
-2.375035191398609
-0.238413752001522
0.541003496850483
-0.100029041246059
2.160648112125930
2.896894377994941
2.531735394588136
3.191415791952304
1.250126656554651
0.724647331544357
-0.300391345306132
-0.017616081634236
-1.210696137862610
-1.344141025079509
-3.018338437003065
-1.207594923014138
-3.432450934134487
-1.218402979526015
-1.853184964595549
0.477405327818072
0.274227603347653
0.524669627116889
1.987525950036500
0.239732242184079
0.287297817483867
-0.124683979905989
0.138438137202750
-1.145718955005283
-0.741137427622807
-0.824061131188408
-1.413794414759420
-0.635355175346422
-0.957892223061281
-1.309116811474191
-0.734574344220756
2.019452989052027
1.356354726836686
0.707903726707940
-0.699738329482535
-1.396353081467559
0.476694865585085
1.190972115746137
-0.549881111741387
0.796165391104312
-0.904937695073629
0.273602486679849
-1.266310529937703
0.524059373273355
-0.060862585624454
1.766922638493481
-1.023728987367865
0.479981520748441
1.478546869450324
-1.163252911040815
0.364343929800336
-0.784575027162224
-0.624784805968143
-0.587779190072693
1.207213599872111
1.724070882162908
1.046579053153621
1.724605078490800
0.923076611106058
-0.092195291088688
-0.499833146747927
0.180036546446910
1.268946259397109
-0.158593054029512
-0.573734135129755
-0.354639206146074
-1.546948647156721
-0.526239448590321
1.134896182358429
-1.297013739480978
0.387448671220755
-0.392515706696810
-0.022349256489447
-0.789791752150029
0.712661307753528
0.752182306656199
1.404424758040418
0.860151795445669
0.507315077789741
-0.519708154288884
0.788622178865476
-1.533903149715519
0.633921531038292
0.012757239434057
-0.449358745872638
-0.587446584792915
-0.454620100444538
0.709545245505631
-1.311182970269783
-0.106481989377938
1.532577666118763
-1.054912161932057
-0.750360748944131
-0.915818087668013
0.076928943438234
0.734998424609909
-0.434679242111522
-1.167380839374279
-0.775853868935342
1.753694416826408
-0.708942264560308
-0.372636268406839
0.684988964410344
0.146139302581209
-0.856061617757441
0.555586289204370
-0.496328535296851
0.067509876298917
0.372706463605422
-0.063303627760524
-1.327556460720465
-1.027167553915502
-0.857975404369380
-0.589617610570673
0.063695167451212
-0.069261437012445
0.560313372172078
1.193024979540718
1.879111099997254
1.945718130739899
0.353431998831591
1.088195080442982
0.822158900141275
1.578021996381321
0.535964427682825
-1.444488316016717
0.262825344041484
0.279471515854970
0.480460023451137
-1.698529783243992
-0.080152817547669
1.011783678273055
0.750027339655703
1.239280547573384
2.340314878669180
0.526863954725926
1.033715874825932
-0.193670681157657
-0.411426604020489
-0.611563084220532
-0.296034894366814
0.610860965460339
-1.024918243168865
-2.505434766035787
-0.124622674468703
-0.694491999948026
0.659988553404607
0.133107847287954
-0.147993304222229
-0.647883420609122
1.235612711208717
2.606221762210229
4.112552162081974
0.584289424320906
2.395778431295208
1.448516419736641
0.503749231894036
-0.595529390990887
-1.311161490248762
-0.388756314706965
-0.846481062318362
-0.100324010462768
-1.559631961822378
-1.158916946829016
1.726470530906421
1.375258731390585
0.572332574013106
0.403139741637398
-0.868748203702196
1.331303628970967
0.594816541993706
0.380537548517270
1.386290962490411
-0.060547141966466
0.085767248317908
1.458110340467748
-1.228062127952618
-2.103339862389227
-1.759550513471712
-1.423442180284719
-1.298117154883440
0.128496717491848
-0.964055622212869
-0.568436417177604
0.008829883541302
1.243235653069793
2.288358739934286
2.602831766552401
0.916545109610133
-0.110075649803595
-0.244984356338103
-1.766507391275504
-1.383939994800760
-0.769546533912392
-0.460670269854256
-0.858108474650213
-1.210092796147276
-0.840905530518476
0.907794658030627
-2.058715906243633
-0.203384812674007
-0.872952501338237
-1.459712568162947
1.466078610495362
0.872742310483793
0.498241797294651
0.595037556965037
0.480830341475141
0.180623565578432
-0.425330435903881
-0.083323438783778
-1.604158542077750
-1.681537949039288
-0.652040249335976
0.724296640842275
-0.188638669778190
-1.041820802275024
-0.456827091790635
0.827223700522276
0.241242266166467
0.822658199208627
1.540473346125720
-0.378256711226115
0.624467746577489
1.980240852723696
1.054259029835741
0.565753887752083
-0.069984719294414
1.018785542207668
-0.226587292356170
-1.069340330565924
-0.646752129165809
0.712865069414451
-0.613090843989741
0.298196065237302
-0.052068052726875
-1.076245103246428
-0.211400969455176
1.395959392382278
1.325972015836421
0.625332044889110
-0.007287972837836
1.710484915601996
1.451821797314728
3.021302605738943
2.114810328413995
-2.064983622788469
-0.992034839173697
-0.270336724827454
-2.797739802231760
-2.293485541362816
-0.915641655065425
-1.936605399050105
1.344195282481454
0.436328182856838
0.228072676026889
1.974624058569109
1.107221851371182
-0.280780284780631
0.533356702152751
-0.486275570610646
-0.507068950727891
0.565342231609627
-0.749905067139783
-0.095787569074083
-1.094881153051703
0.083627208981650
1.658922517408829
0.152315005527797
-1.483098259506844
-0.142171046145364
0.907316523018250
-1.133927322333806
0.663088653358647
-1.072334526587046
-0.693673652033493
-0.360092461506180
-2.291302305800865
-0.656301367241108
-1.409277860542394
-1.451881424545511
-1.100589926360691
-1.202959353684785
-1.953363671302297
0.378943352847411
1.119300862757119
0.383502094983472
-1.570936105935519
-0.405526067053801
-0.941023015483383
-0.423957448391105
-0.388088332433121
-0.082117330528527
-0.361204354369156
0.003161532362451
-0.446708921973189
-0.472290635954144
1.676499857783085
-1.251783917496505
0.275149376676151
-0.986049438134391
2.131218831602257
-0.639449074507051
-0.883457797041898
-1.433145110467414
-0.412935415956642
-1.069884346013660
-1.159680863448796
1.034833555039714
-0.308344717194660
0.295337928810201
0.379478614462864
-0.427124079435834
1.018844909277575
-0.220861325280804
0.158085841370973
1.347443499902137
0.747777830228946
-1.566010931079530
-0.114018885446149
0.927446386168311
0.808507832982534
1.532240408507956
1.129194864701072
0.685519908957791
0.823457563783847
0.085709312068222
0.781604483302208
-0.003104151296013
-0.290445218116874
-0.187398651957517
0.369157823159543
0.792646277396168
2.453210697661621
-1.526509407167106
0.829280922630519
0.014530239996600
0.810946884085780
-0.667387009915766
-0.044525812630478
-1.197017407654676
-0.030899267806757
1.262504640099071
-0.259623978391896
0.604353562043805
0.793802433481338
1.200556124421456
0.798484922850917
-0.244588309077256
0.685183447921886
0.235960853931781
-1.189921262327216
0.133399715223691
-1.011859178965459
-0.274363398832263
-0.784846606501372
-1.988177979757800
-0.800188676735754
-1.478013231815573
-0.105604013914513
0.969839225575692
0.843874441371192
0.578022398842249
0.706202793894186
-0.310650832872736
-0.679323917807663
-2.056704829850271
0.340146682283581
-1.871240379626941
0.526883191513399
-0.452642018347121
0.026086529103189
-0.000165166859697
1.133861575456919
1.940572645732134
0.750664147253313
0.106802055737682
0.576306671560175
0.069545522693583
-0.335019787427259
1.830491567492100
-0.137420778630896
-1.049361977698609
0.090754012759191
0.245050818925856
-1.167736934101060
-1.361847897994013
-0.089906266929107
0.416236018383870
-1.488108824255011
0.243751164379746
0.856893380945474
0.663024785758074
0.248091920201952
-0.216529093860651
0.438670589254220
1.122208552855204
0.313559757509366
2.195432397593950
0.058737121328158
-0.360508516338894
-0.794850493463805
-0.966631113093207
1.267966927056876
0.766667892954989
-1.106617011103274
1.689274360231845
0.236286685587578
1.182464006668632
-1.320617424356501
-0.415463922981769
0.376367331409680
-0.626415807576289
0.241744106701191
-0.330448527237629
-0.395588300717790
-0.237533648831528
-2.033352535870435
0.351965367383346
-1.615235603013474
-0.640841704348172
-0.160113038416914
0.146119774308703
0.448018067034545
0.400193011175997
1.438984394868736
0.123558073742458
-0.491816643198480
0.894591981602213
-0.630092375067115
0.613854512989082
0.831758492309214
-2.574861269847606
-1.250641666391759
-0.876434812543819
-1.649407217254833
-1.969385941650596
0.810678397423579
-1.150617790892775
1.777950150935852
0.802114688917095
-0.318578144172823
0.387508237121381
0.143752687067253
-1.613592919611178
0.567047407323627
-0.128415880503277
-1.674826851560252
2.068132512087486
-1.407022452182298
-0.315672531919105
-0.609124233285878
-0.529963361638242
0.565136667005993
-0.414566828212674
-0.325463056537209
0.925027284648591
1.339715843910279
-0.174694774099217
-0.373239554489730
1.270177274767933
-0.862251897405137
0.460872209041799
0.603712320366693
-1.208271049082056
0.534377239272381
-1.342016232630533
-1.076158979896262
0.925903560800648
0.865766106332429
0.469748852304229
0.403401636181132
0.417047850986072
0.435165807372931
0.120681096804266
0.970661254395308
-0.243132636033145
-0.409177930545289
1.542332940810805
0.155297919880363
1.325833963303367
0.591854538393759
-0.361774421368143
-0.978321990446741
0.029749950336238
1.585063403939407
0.522849859077842
-0.310022086829418
-0.226664713830996
0.008355337275701
-0.687743591724399
-1.163432378559998
0.493051306526419
0.538932434576112
-0.358923682311718
-0.402499493080832
-1.498401327043174
1.805012766598703
-0.265000927226721
-0.707290090089226
-1.003569430618990
0.928295384793692
0.136625482668581
0.414963557037470
0.032531897722933
2.242470912700904
-1.147050576341590
0.393593347235284
0.035691096189013
-1.685464230393715
-0.170459340155369
0.956375946195746
-0.517300240221830
2.093621992175954
0.110463332897194
0.062206530314148
1.246921378948232
-0.625199837015371
0.124291548856418
0.754847519858398
-1.074580169924810
1.437917579856667
1.057681367668393
-0.848656754711413
-0.481965026810836
0.194468924268015
1.716698916374042
0.592498785680197
-1.099959191936374
-1.299094266462582
0.086361613099840
-0.121985458854803
-0.073193427555142
0.524498534071525
1.254851854483217
0.655933935543913
-0.139535516541190
-1.141128855779124
-0.228957622880828
-0.167722999636656
-0.424728638088843
0.786162867463981
0.281920172465612
0.459904473123904
-0.441872953149641
0.001647040662435
-0.668078008057991
-0.969384340190752
-0.446100607684704
0.030836599001441
0.551765923093032
-1.554785276297143
-0.780584496323970
0.367393364040142
-0.038592303101938
0.665522001429260
2.215722158798603
0.143721164261460
-0.362787473010515
-0.665406056456740
-1.893043646050773
0.741139664015610
0.007156609500254
0.388925826545358
-0.050542280307665
-0.382257562834142
0.144468618132345
-0.158344761291559
0.251657296846092
1.219946260188993
0.761211506803458
0.599526840374648
1.544870579722099
2.311490832035276
0.954460157385815
-0.037464094991246
0.517314136225363
-1.391461013688407
-0.148604797379858
-0.197162949870176
0.300070042643834
-0.946372831351700
-0.176716941256294
-1.547470908879899
1.882586448353334
-0.377476463094909
0.484979316163533
-1.154602863262329
1.351200419564995
0.766939743996303
2.312683916042503
1.132817496108345
-0.524298609202080
0.883740640454127
1.462716661328530
-0.948608627405820
-0.582815010845048
-0.027145488945825
-1.209175820273031
-0.413285201115642
0.822466481930550
0.761471536601338
2.230359304672086
0.791654526593166
0.654075267562433
0.844843031441811
1.605356537035858
1.563743376226665
0.918022917271733
0.326188529799883
0.944196254725791
-0.211126714985529
1.031375309077465
1.090387241008991
-0.358997385964339
-1.406977816062786
-1.302512521920127
-0.055623825851087
-1.457752702652727
0.330405156510148
0.448065367421918
1.302149324724366
1.318618299996377
-0.461474956705448
1.010948932659655
0.947926419735462
0.938174379025042
0.360803414644559
-0.482358544180298
-0.577986907359120
-1.452273224993767
-1.369694339439281
-1.323303601973374
-2.103964305289103
-0.919993754309412
0.468607574737761
-1.235717047055290
0.314131561614404
0.134733346623451
0.790927286012036
2.506758968577004
-0.052586421694102
0.936198990352287
-0.328459302200989
-0.501060847378257
-0.475790594759475
-1.398332803546487
-1.756051799458494
0.692882484932748
-1.145350204248380
0.474901741478838
-0.388672520922303
-1.762587327845858
-1.058402957013216
-1.192470196406558
-1.142644440958561
-0.442682332692847
-1.255251292393340
-1.667080494695134
1.789769961003001
-0.251034354950040
-1.561126955560806
1.469534874589894
0.858247247910030
1.651029090220117
1.717506395265592
-0.801015625685574
-0.999666420089956
-0.867400265470237
-1.129652692547730
0.490207788543443
-0.514622475712800
-0.505626021303948
-0.631364597670314
0.145514341554964
-0.266687051047718
0.600476366295900
1.797584842099114
1.423913681870668
0.342477085976632
2.134084686834129
0.319674305225758
-0.636596090772647
-0.600625059850196
-1.777147468044709
-1.201576440571962
-0.988043336101235
-2.088172931034248
-3.118010176729889
-2.719989207485766
-2.211318733254092
-1.061220748586730
2.052227643610964
-0.006640597776508
0.201936007878815
1.678694536227152
0.126116052905703
1.802041324299488
2.284098269497512
2.748416946955918
1.937775105918214
0.688830157604525
-1.557588630917804
-0.488135821680056
-1.186833171933005
-2.302712139404925
-2.863853795339426
-2.403629139683889
-0.306700672840392
-0.251242987810989
-0.445917880887016
-0.164410355343054
2.045922252913328
0.469654134030935
1.068013271992820
0.494177123286723
0.508393134161848
1.053908999876686
-0.258602056485869
0.781160131730227
-0.986722092417804
0.608094760032713
0.749548370245641
-1.238861993563952
-0.853060203988826
0.776567478016464
-1.021989659390692
0.399881953153314
0.054148008984470
0.218255123646747
0.761378026214924
-0.589125944836113
1.361757596498891
-0.277540820375930
-1.324931678205977
-0.230473336534822
0.245680841187315
0.519383184247447
-1.345100365020097
0.439663975388352
-0.865538477931495
-3.024900687891976
-0.484789335109477
-0.910623885153738
0.011003524640083
-0.638937061693135
-0.616523976927955
0.943457179346537
-0.010209851848060
2.381866709436252
0.610572803896292
1.902220322829804
0.251365096072446
-0.337753346833514
-1.259955133610857
-1.065550854637428
-2.618054773235232
-0.048235669684142
-0.921593443732892
-0.362857676776899
0.422523184019443
0.297647530397450
0.757017579334055
1.620928571326276
1.665574802159709
0.041044530860669
1.161868045657675
0.468015137004598
0.379364555042551
-0.991265444256229
-0.610145544416554
0.440388329457420
-2.800970015895081
-0.213032653334302
-1.644285993977898
-0.642156023922622
-2.365341971243069
-2.432777366106963
-0.530973747193647
-1.180404269104312
2.342260530873742
0.064339773684985
-0.483580050141565
0.794684488485500
-0.235509206484733
-0.132874629736130
-0.959476934065076
0.237514737338844
0.078918194391461
-0.705303706988534
-0.003679164252061
-0.279577144618139
-0.136159937442323
-1.085807016077940
0.695825252217433
0.348509466834902
1.580602579410521
-0.991184700116039
-0.169282935309569
0.653558406099339
0.017544131900890
2.030168439506456
1.892216601959309
0.627105653076639
-0.099866499294687
0.368887481293302
0.272048380434087
0.258410995214671
0.241641655573143
-1.810194322079562
-1.534935331355272
-0.521586988515190
0.122684026688206
-0.809131982351123
1.675735825060385
-0.501684874848084
-0.094435500757368
0.483640317707739
-0.143264471170534
1.963959630060987
-0.553135578597643
0.603676559020040
-2.691444961547254
-1.459316342532958
-1.373550650967468
-0.018497120177013
-0.357766599485700
-2.276868232198906
1.236934130574491
-0.487172782838170
0.032685205871907
-0.966279742999012
-0.683837653977040
0.373851731862564
0.991928549381239
0.129874315613468
0.366558352809547
0.722613889323546
0.915813015734603
-0.652120883921640
-0.430623936284715
-0.485218373285025
0.769848071585839
-0.139749729558984
0.010957972798047
-1.949232909811524
-0.064205295690783
1.452753402115245
-0.145935825959563
-0.008498654542254
-0.694192511787667
1.237619005756094
-0.315218789125947
1.067579785815160
1.319726771897265
-0.109109328506070
0.775117935715035
0.549990358904293
-0.975502880129167
2.034776589017132
-0.960008043459008
-0.532680051137886
-0.319075998276088
-0.391148204610322
-0.597352497236740
0.073911157679715
0.062743065681090
0.073651308470113
-0.973619336856601
-0.102706613217966
0.101461066859692
0.931860859493576
1.651674736351174
1.936718390944906
0.725640285050438
0.245734033052186
1.742665931824695
-0.902047435023977
0.880682626229576
-0.548700948992770
-0.668972187622729
0.245450279775780
-0.128075670942277
0.174507244710100
0.349056809320888
-0.495299897403544
-0.407498659262938
0.125540717410000
0.944740230529342
1.383688550012416
0.795775089148051
0.391450623879607
0.446552220429006
-0.132361513469666
0.605762279090530
-1.880288783160852
-1.201785700933856
0.102245070685938
0.198816355603760
0.031389010786380
-0.550277563450853
-0.284949559094480
0.493276428500405
-0.132070627747004
0.608760732596707
0.360434269469194
0.569455896596635
-0.346726782829695
1.401542469824687
-0.895828995736720
0.479427741448778
0.680739718414429
-0.320705804048922
-0.884699661200103
-1.388987365412396
0.104267658233747
0.293712993644829
0.665924845048482
0.351097651274702
-0.807283900279526
1.996506584959410
1.268603184653918
0.900354175687373
1.415207578665934
-0.187286831588040
-0.746799821215906
1.436244439444950
1.228162194022547
0.463992604593134
2.105984439657860
0.862623406197709
0.883125403911116
1.140694969017478
-0.164285697792679
0.512848365308969
0.176881616689629
-0.043326644132597
1.649400265317487
-0.210621916392930
1.116083808312359
-0.089196266232475
-1.036263089939534
-0.412563280536501
-0.020832683480983
0.751228339499905
0.552687962631743
1.668188986920728
0.802349880680221
0.075280097143409
1.137490984842740
-0.577848967786414
-0.177597601786110
0.824938355223207
0.149763778338390
-0.219583515062589
-0.807950652407158
-0.416317810487444
-1.326083112141011
-1.438951009411742
