2.214524558546537
1.318492775974681
2.649503829335760
3.711173773288826
-0.957490099789016
1.431387525866418
-0.403838169688511
-1.686230795796504
-2.637976697475152
-2.442960922999658
-3.827473484157935
-3.778989265032640
-2.755768705127440
-2.517690195200912
-1.944850676542341
0.232497488765336
1.704448252142378
1.305251089181277
2.598411612252299
4.036856828567384
3.522648207432210
2.768187705315846
2.412273545018294
2.382278027137388
2.080282569304916
-0.295182303789118
-1.323181835593226
-2.086250598576402
-3.602050982237610
-2.218548268513887
-3.117719325595548
-3.759846093031741
-3.867211980017393
0.217671049264668
0.171005961851522
-0.504986637426491
0.704806866499753
1.984799723772356
3.028080895378447
3.155942917980595
3.806878779612939
1.993033619736501
2.608827519394239
1.313413649640257
0.047218871968353
-0.137192768324770
-2.124346675624785
-2.591268197248654
-2.771006110331545
-1.748200222136921
-2.016465576355627
-1.309926627548561
-0.104077714583097
0.254961514751862
1.560134385843155
0.029935379240839
2.186638317547641
3.137354048881313
1.672408822584464
1.006204090995385
1.002744150757714
1.088738691489426
-0.642884562996308
-1.401941854014575
-2.409626948700279
-2.174794499975536
-3.692307312467077
-0.894638508687673
-2.019122855726469
-0.105146649516369
-0.290916202561892
-0.870124141001164
0.580015802857653
1.209701155977621
0.743337629596250
1.220178303853276
0.938968759642400
0.541596370939261
0.550206891641810
-0.664657253221993
-0.566582905771394
-0.840460402362282
-1.232152029504827
-0.315929003149092
-0.439968719126491
-0.498700357477208
-0.898083864165472
-1.158974644682762
-0.112341596325466
-1.013989396976656
-0.810971574969169
1.629418337892810
-0.500801053860938
-1.351117229100086
-0.366179134575447
-0.324317911037958
1.781012917567237
0.871009466061950
0.624168901342590
1.222321592052761
-0.996845525139548
-1.512646273073649
0.510322769696013
0.812200641845647
-0.555340143007308
-0.174692071596737
1.629728022994327
0.246490692164748
1.429243675448576
0.990129969895928
-0.820063499193814
0.759677933558953
-0.827576080634806
0.812417454296548
0.559172604543177
-0.380826849765210
1.828101096416507
0.574859859895074
1.499915554235078
0.567736375207810
1.348540429895312
1.075844315467930
1.624876223522310
2.360849209533088
-0.226031091367096
0.665068406396399
-0.479061743406808
-1.856875588837521
-0.189648704308989
-0.683819008195203
-0.434911834922880
-0.345367773312789
0.143657834103421
-1.071817176792493
0.531986597352013
0.252089093920291
0.199432345253114
0.872513638795984
0.162046511090478
2.427533184017240
0.665754137737322
0.966746925608484
0.411830495705198
-1.220321676141414
-1.423796568941408
-1.656821417596582
-1.303850976402647
-1.750833383042475
-1.607068794002892
-1.536003860917807
-1.224865272775818
-1.475526946013906
0.732046215617125
1.174830002756436
2.892920042952567
3.097303871403800
2.553241404059612
2.008141436822751
1.686645501029821
0.910806821999033
0.085841794501435
-1.162155376638262
-1.732079957271287
-0.260294405145481
-2.231786119166213
-2.034460520532464
0.563198607329775
-1.404020829939048
-2.239946628496158
-0.758900449526065
0.979944657141791
2.033064410905167
1.162319249074483
1.980682926264655
1.690579219986445
0.510726283101675
2.239930208203325
-0.993552977801416
0.811316333142780
-1.916401032401107
0.149183245764776
-1.850883821500319
-0.961830274776047
-1.270915078369250
-1.871261874677308
-1.928723787740399
1.096498817773894
-1.132886554113522
0.278527204397265
2.355123664554041
1.510525212623795
2.644005788014787
1.526955252038561
3.120529129008567
3.988791194082354
2.775393607498756
0.618234453773752
-1.450473544048668
-1.271390483940197
-1.082260121155742
-1.373032737241181
-1.941209228191847
-1.616492998828218
-0.520104270473360
0.861926590162741
-1.078088179603708
0.409872414170554
2.157859126885176
1.562537756529730
0.899535628582125
1.421333383771250
1.170594852728103
2.338069089408128
1.591953389612732
0.290477133437090
0.760649232843756
-1.029833462444327
-1.375173933864929
-0.822611080832142
-1.540438304235571
-1.222853792191762
-0.865033476745898
-0.667309023901324
1.002351672530302
-1.170916722394040
-0.199090806422167
-0.028766929285920
2.384990413151614
1.688161614243469
0.853668942507109
1.688276076060672
1.021406753788923
0.340621318322826
0.471068906581077
-0.130810078995624
-1.975213976064861
-2.952542707989390
-0.948531644225783
-2.260991190337076
-1.249299041924968
-2.808471393537544
-0.746030163261687
-0.609890155324846
1.186509148326611
0.335649772038336
-0.394030347510608
-0.320521587209208
1.258263479101928
0.832202366045424
-0.118244784401314
0.484868855884823
1.653726898265716
-0.647453999426452
0.763806418353871
-1.857261494677404
-1.000516797425740
-2.037608409243596
-0.724980072819126
-1.013621050336141
-0.332686951205939
-0.772571196623878
-0.626826854713073
-0.118950453133821
-1.302406847209010
0.912557449070740
0.316601189953847
-0.039092297543922
-0.352235104332635
1.634043036176772
0.837778857231857
-0.933067443689752
-0.762603099472400
0.148051283697183
1.405138585898543
-1.119412599803875
-0.961478158369321
-1.701637845509620
0.732710109434383
0.635757367820144
-0.502150183082061
1.282852846606118
0.193710693450576
-0.830655517046177
-0.202849004478991
-0.644580509639951
2.147512197395363
-0.661831402799500
1.278651097501979
1.767756585868833
0.256903594212227
1.042775507208756
1.040765664820912
1.950049738918821
1.309457533611147
0.213921466461639
-0.987755008955298
-2.279540075949150
-0.681766657306021
-1.862240470251030
-2.601480807994750
-1.213495492211217
-1.183818366244354
-0.211232686577440
-2.675300649360326
-1.119855849532327
-0.347402560411025
0.130322655350573
-0.140928124706641
2.963456521108911
2.512391054839275
1.179740199513502
3.062143778662338
-0.165013607772828
0.169040841094226
0.471195781629981
-1.110928299842466
-3.469703049510836
-2.771887553168865
-1.351990235936785
-2.722507231055292
-1.524564883378195
-0.222729259843480
-0.908375028324581
0.407073075105402
2.023463417661686
2.905430692023716
2.534693323883430
3.336325563030758
1.755984120185620
1.647132577433869
-0.035572292818814
0.354685852577490
-0.715761874711389
-1.694779254262155
-2.815586831336380
-2.460593515269451
-2.124448473828426
-2.872673097238713
-0.466671849092977
0.349204981963534
2.438361618759589
2.137674289192441
3.394363837691046
2.421268077118229
0.898583322459034
3.450120531381553
1.545067279385677
2.174260710127417
0.766411093006928
-1.702977376922857
-0.756129534509895
-2.082784024895889
-2.928839413582879
-1.203870046501671
-2.774441149404766
-1.826183875766999
-1.201134605417757
0.023570819209358
-0.511077664000098
1.112331536574740
0.338783453936351
1.225932710593880
2.389215261549286
2.219098201129754
1.747999231808633
-0.152728058861899
-0.540897417507533
-0.460912372675676
0.457378249724402
-2.204872817899156
-2.567202817693242
0.848611060599814
-1.955780313220106
-2.909551394993712
-0.307918450757232
-0.620610018065674
-0.840589342401082
0.511663958125654
2.404953303347573
2.977106301041139
2.163013191485796
1.849231512719619
1.522010761079230
-0.395657834705582
0.447343871697890
-0.817246778894095
-1.416769754436304
-0.434924039519668
-2.454810782033051
-3.089966907540597
-0.843636607980283
-2.325874325471328
-1.961346257859642
-0.533969190453383
0.685263786706084
1.108502609571915
2.207947487704797
2.750852237519701
1.321266337271288
-0.480546115071081
2.122256288012679
-0.211929454025451
-0.400282967631437
-0.654106112159027
-0.335546682105200
-1.130224111149819
-2.333969379320571
-1.917567529708157
-0.863289887536587
0.006590853168658
1.733046241589279
-0.308031104166959
2.185592753407835
1.863796515771185
2.028573685009095
1.948174788783312
-0.027715570876128
-0.419096967065278
0.110788897661271
-1.150491148048875
-0.817783471009614
0.660811399930172
-0.492220587541712
-1.022427775060742
-2.183798411752753
-0.440692114482311
-1.018862286712196
0.549377057153690
0.761775558059040
0.871092477696450
2.611275703293990
0.780394535100608
1.658345661986508
0.678167345771073
0.233702272098638
1.749811655214942
0.142909063327369
-1.229940284126857
0.281936781400301
0.035848388960861
-1.681296953358331
1.194754978720917
0.230397346759383
0.297745632617136
0.899295039833523
-0.602099034160125
-1.018420987766728
-0.713121098383166
-1.174075977707813
1.813424872317219
-0.257087825130410
1.308150635193384
0.022308436762690
-1.191479581412244
-1.018745420667607
-1.483926290140783
-0.147515861093949
1.675159449435876
0.143964102081308
0.046575082338228
3.027594691033732
1.469883389754170
1.261314356766090
2.158208723667989
0.319824412686428
0.950882250599608
0.713039813436017
1.013626926775382
0.468428264365186
-1.629674938770417
0.544301724022133
-0.100666159193788
0.699328588868232
-1.081036858767307
0.751245412321651
-0.613743801607903
0.654464064155925
0.263046950354243
0.856352354529595
-1.081835313845049
-0.210325404902556
0.610100740790543
1.085310173497808
1.343559655401237
-0.813888504117427
0.730547945706376
-0.097726552520506
0.982228051988087
0.387216245470388
0.194472725781603
-1.300150566880291
0.301705819550695
-1.004870637121186
0.227665479679380
-1.005763944540404
0.254809724930192
0.557487546858771
0.495345698953429
1.237018764883709
0.853082162259468
0.872007140382357
-0.049204205745976
1.030041944265840
-0.350053335255351
0.746132142155547
-0.980903165448790
-1.361521943311735
-0.739322739336738
0.899150896482404
-1.445349319093667
-0.987055810075114
-0.022299203833295
-0.179584448484765
-1.615296278820996
-1.729470962441345
-0.167918119481469
0.529030393746927
1.001839216546162
0.951345519858294
0.508628483629320
0.854173325634010
0.380542163591084
-1.337678990030592
-0.265733417814586
-1.506655606246706
1.018550622718849
-2.112069745615216
0.149901895217329
0.794392799697835
1.744557627312140
1.318187665155370
0.113738699815839
2.184860339128199
0.443916776056483
0.088375820075394
-0.245888866829446
1.652931565730217
-1.385661678531459
0.466252506254480
0.233451238790064
-0.044370438428736
-1.572858223521709
-0.844451343610762
-0.115946678302766
-0.814364149191058
-0.703293180249626
0.141435577674386
-0.600682983356755
1.387816134798252
-0.366553861359948
-0.238234885379983
0.244499480179817
1.540984425850064
-1.842383000337107
0.153104840748434
-0.756456641501949
-0.641840602374543
-1.949874388954550
-1.616092155992274
0.448481897109126
0.890518335960482
0.980282476279919
0.160867932644783
0.631406984318196
0.429278047208768
0.622471377855744
1.808279273257881
0.848170079743315
-0.953303439576438
-1.515415393425114
0.011080620769021
-1.196783542990454
-0.448966009896476
1.474252916362412
0.866447532071481
-0.842168914141302
1.076303409666553
1.560180124578646
1.956183544665102
-0.077164609579569
0.266545921874994
0.552011656178679
1.560565790391798
1.479769643692152
1.731357637386305
-0.812660051155877
-1.512603313333667
-2.318332076876519
-0.559329091432202
-0.665475411401828
-2.239297676772066
-1.185891267238357
-0.045607115326207
0.427654172038350
-1.039412560879897
1.078692620645530
0.074098292529714
1.309492756299402
0.155941225245535
0.327244678292104
0.397103797358147
-0.652235706046172
-1.478303950230170
-1.305173142094006
-1.806370505532727
-1.279369776420346
-0.153176576213022
-0.787736550084914
-0.277945687141396
-1.254373211391180
-0.817260541049435
1.451862112135136
-0.175471155455762
1.829530635670432
-0.439495519452530
1.328311994957976
-0.157464654257663
1.487178651268313
-0.171759951023347
-0.357159730018644
0.030556541884345
0.835287085566204
1.580147755374386
-1.257285525937146
-1.076187636109951
-1.398221984646173
0.046862512478270
2.889629633506684
-1.503802545027055
1.406128225177423
1.521798351079148
0.469725494922466
2.430934517594083
-0.031900402663737
1.759023720808385
0.693496479942792
0.577693647373205
-0.445687540922309
0.501675154075850
-0.237894781643766
-0.285565104641209
-2.537686946169792
-0.588266951430739
-0.595175058703820
0.821372160568825
0.246268763444590
-2.961656133476134
1.386627234046727
-0.710376710682846
-0.154850886463638
0.938018816833338
0.090982301055874
-0.441769474222837
1.480752800789156
0.698587003287618
0.351800532644614
-0.433706865565904
-0.216283180004655
-0.421335724604511
-1.147934466690188
-1.077277072034988
-0.258841153067906
-0.061620459881244
0.734600040255155
-0.992088869000996
-0.662077042842039
-0.396615527904286
0.237386399906619
0.926166266533003
-0.353361211288183
-1.429922484089800
0.614243895317664
-0.111125834031944
0.702620957317250
-1.197966608905843
-0.769668580824483
-0.058521043798109
-0.734457281589265
-1.564134242854995
-0.305116159196490
-0.214663267409160
1.198340391159863
0.356538737863247
-0.377609615455576
-0.262005164471147
0.485056414906179
-1.510418490457530
1.297137630633473
-0.764194549810992
-0.064253894009172
-0.196981086892740
1.170068879695659
0.762254668913460
0.394858586208397
0.946036390686064
-0.426065114651403
0.279480592940700
1.046202287233329
-0.052508106344816
-0.278028877142910
0.194516392590256
0.075590939887815
-2.025539397647552
-0.548227598699679
-0.371754883854492
-0.860868451929928
0.615028953587408
1.750277008873937
1.690893031031170
2.271147538349342
0.499027337994476
0.382154294042389
1.079816487123617
-0.695304508261306
0.367480758198002
-1.108622334056651
1.318985882721976
0.578962804982342
-1.623212012047567
-0.319749103574557
-1.094043796907715
-0.161630031366348
0.299337423293621
0.816646655192503
0.262332579209643
-0.532712177902233
0.668221464747123
-1.588657936010554
-2.033098811899488
-0.003502220424611
-1.786743584855537
-0.441007101428585
-1.112100748855356
-0.906497773282883
0.693387547004055
-0.189214265149263
1.224988732065909
0.957625298174055
0.317827785060418
2.510463116357129
1.608274336807590
1.677207882560520
-0.285214666322606
0.102857430082845
0.599373306210075
0.098841125183796
1.619468308339608
1.084863292412606
0.252706235300651
-0.026472589042537
-1.037989513516627
-0.168973509284037
0.344470292866552
-0.793928354392558
0.174674745925212
0.650762983913181
-0.778490085659784
1.098991889967968
1.206691002188189
0.896403349461423
1.826856938336944
-0.108516173421762
0.037555307347643
0.421796031141988
0.131054341032673
-0.714913385084611
0.285050795607567
0.901693329143895
0.271051624144655
0.355437973991555
0.144413933254825
1.394721184266266
0.428737384258564
-1.679910110527393
-0.573971831812515
0.315577836934345
1.106436864881186
1.239733195940784
-0.545684101292755
0.013935911809188
-0.095298964166078
-0.169554309218230
-0.347213362092424
-1.099912458455273
1.586632486031649
-0.390532003417378
-0.347065898190889
-0.477483715124518
-1.593708118744578
-0.734679668243227
-1.926898389426133
0.792824502424545
0.550612178809723
0.284644689333849
-0.261243139742215
-0.422673689937373
-0.334329338917749
-2.363270825814178
0.115682770167919
-0.276058600401895
-1.270356312418543
-1.715863815148729
0.430784906068559
-0.632303294592736
0.344127191213295
0.308491196048841
-1.159657318929541
0.689619265405004
0.252717166525934
0.727799954432968
0.595743725979672
-0.778684299160835
-0.262786729876180
-0.218658681336075
-0.113560421953377
-0.081241938760822
-1.685178934213998
-2.578341052276934
-0.927857071175935
0.635084073539871
0.026776050599639
-0.338249713153444
-1.311543538539981
-1.018368208907184
1.801128801877980
-1.051284909658504
1.965672752578500
1.124669714087747
2.176320437680418
0.626929359664003
-0.399030099514430
0.164049738291708
1.262398998704801
2.959758276222800
0.609115844261155
-1.404412397740363
0.426708030939490
-1.129339833996795
-1.463309472931400
-0.681161621660847
0.564234850223439
1.160672491677833
-1.082986264303299
-0.352222204947027
1.500885879917986
0.483726342674927
-0.127924514023885
1.056359967828351
1.440206977224876
-0.008101152667182
0.042060636666431
0.319112232538177
-1.439510449752174
-0.173683130328110
0.510514379452719
1.275069405284403
0.391415245961979
0.235104214936612
-0.154086269073533
-0.617822491009977
0.824246240252758
1.892266258185219
0.536407724377597
-0.209358376268918
-1.440915606794210
-0.216152975410364
-1.686726065627036
0.439345274575552
1.441448538109905
-0.202255087336854
1.601652236921591
0.208354592280064
0.315710675629067
-0.876323576638671
1.480577635033983
-0.757824126281925
0.415699122314413
1.002132829841057
-0.152531388628034
0.487200778214830
-1.763102121641172
0.693004000565971
0.031855544414576
-2.909049395678887
-0.871308066575506
0.387273720315796
-1.203560823903632
-0.131491232221309
0.014390093863114
1.695065867108258
0.084945720698293
1.198537244805603
0.391316685868746
2.215590819738042
-1.323622048170410
1.724054406058365
0.032853911503309
-0.103838863994239
-1.102705670696059
0.516440703064043
-2.187251603840049
0.934104396453310
-1.034670746440105
0.135838125678184
-1.085441190757300
-0.095490883662367
-0.617315344144250
1.186938140199957
-0.964917112640174
0.649474732454815
0.648159599432883
-0.138225054592474
-1.743518821908707
0.447180326307997
0.116295463245342
0.605516158887968
-0.178650693309865
0.810233297638532
1.897320340521909
1.016463430014323
0.370825292005227
-1.423484101654676
-0.962699639875157
-2.749931879804671
-3.368697427331386
-2.188491190220551
-0.360681209565484
-0.218847046859980
0.654363648630742
1.998413416560975
1.479634617955682
1.493752135042059
2.373803230065096
0.282136256732671
2.622298385307781
-0.602845025412310
-0.446539243720270
0.229122595509117
-0.718016630297430
-1.754012914007884
-1.031753153028445
-0.918027050550645
-2.616123711597698
-1.462569880915539
-0.531459807029347
-0.134131371255418
1.113437431720922
-0.608822637641593
-0.545685937242532
-0.097571298575028
0.397081779654239
-1.558208031477236
-1.547012137045688
-0.299698110449388
-2.248732749364381
-0.560615882632419
-1.763042720659512
-0.454019613301490
-0.086952669108421
1.674961350262563
-0.263701304988079
1.353376151623434
2.476114117315706
1.300538680739499
1.175024299594781
-1.399679260859738
-1.622615945531816
-0.023704918458119
-0.009231365527710
-2.122515514352889
-0.700059793515622
0.385430464346344
0.672867600085965
0.803070156782546
-0.581054533008242
0.649089423427689
2.704231023323221
1.651250918960041
2.030335535533126
2.752081113320542
-0.692387171900105
0.915382593979065
-0.223999341310410
-1.715618489734316
0.071130837698846
-3.390504407665489
-0.495544469909009
-0.812910990182395
0.543937736525414
1.613469808791304
-1.447199000428078
-0.728133518837278
0.115350976075509
1.571989780687684
2.042073954794824
0.170735276660434
2.062849826877251
1.635311752055831
1.555196889284162
-0.324069573170545
-0.759069538110608
-0.616096781257196
-0.236330636195927
-2.008686567134335
-1.808219136652470
-1.074657898483635
-0.578942178599795
-1.806679429509969
0.072788436831861
1.363224543318244
-1.445620654335736
-0.291441056074395
-0.365076895425090
1.286189965997754
0.886988240147148
3.220749163566404
1.316833722481780
0.422166480272975
-1.912154211394421
-0.603623683159851
-2.197681744350319
-0.684404631515536
-0.817199090109087
-1.007236813695777
-2.082964932973501
-1.109557415422460
-0.647454983535901
0.587048705906240
-0.567945658305512
-0.636851294429958
0.750458217476824
-0.817062629929198
-0.780160924672685
-0.041344613284369
2.118806311510837
-0.593724850765925
0.517536651042221
-2.406355530837934
-0.852561847904022
-1.051595070911264
-1.927471613671478
-1.039445486020541
-1.212595004488020
-0.588605390505292
-1.820822179909010
1.490719473557038
0.611651372238470
0.552852617241038
-0.437477620274923
0.797459718438750
0.961814000682545
-0.584522816949487
-1.906860935070429
1.250147873816562
-0.814350798793867
0.040877045693829
0.830345986341014
1.896563980210315
-0.197331287661276
1.827448555832679
-0.533440183000657
1.839543268396912
0.701112685556065
1.014330994574031
-1.059845070574783
-0.511212756986542
-0.685820422302427
-0.482169358871793
0.707400740179537
-1.297709972920410
0.646188114076831
-0.703650057573612
0.398076280654910
-0.955017148470082
0.164299356295081
0.226044506891704
0.705764339174888
-0.012622491784673
-0.870063838829229
-1.843198063763170
1.689606649154390
0.040373595108650
1.557553460803613
-1.005687241996106
1.307440997391034
-0.585009491314723
-0.225729845009591
-1.087484060241521
0.054773760417621
0.574370218983970
-1.081311881821675
0.705681964099393
0.299765431483622
0.186231941852475
0.267069510471316
-0.330329482725680
1.550200762868997
-0.013576117098913
0.430368585643742
0.718149018232191
-0.632487893440117
0.466678151050712
-2.472484506324872
0.421474459991793
0.556878613323426
0.830545667556182
1.184155642469570
-1.775203217423623
0.395813311107626
-0.086910509569888
0.272246677410189
0.275245445772720
0.879387922631508
0.420797599250633
0.280679489797232
0.777478435497763
0.975741130452959
0.800375440534385
-0.186235827537443
0.165451302780054
-1.047620697949111
0.062366062413901
-2.385046773783641
-1.739177332796006
-0.168288563752763
-1.142793484262618
1.169596295845110
0.462598011803395
-0.752405107868527
-0.683033526319804
0.359200195451632
0.994900068353550
0.827870381977993
-0.563380333138245
0.865858373508001
-2.452497832216729
-0.723049759846831
-0.176722241923209
-0.150025277037058
-0.465201005167516
-1.945212456218271
0.698511213056088
-0.689752558585786
-0.372329334000953
0.256249699844646
1.218814245296663
0.147904829822670
-0.565473653885685
0.701275836505914
-0.346756529728695
0.755220117856144
1.065342620336596
-1.089804826849586
0.018600601793978
0.446378776789462
-0.522488911258458
-0.861953396103222
-2.348836130868512
-0.953104738297643
-0.950859898986957
-1.953941840773188
-0.664397616003640
-0.277542947273798
0.289186772129491
0.859935110626098
-0.679679765213700
0.543287630144523
1.421328245830028
0.340416067335897
0.353317089418042
0.064928587495356
-0.876072812477218
0.576700043543577
0.119223269400681
-2.179943118037762
0.785947835519706
-1.896109934573720
-0.443710922410170
0.576772920126411
0.217211247420384
1.037313812487536
0.603044952611448
2.575427066073830
0.743371049056302
1.684309386634030
1.029485123948042
1.032074590822824
3.358526938417816
0.502005284656054
1.955985952244607
-0.383114485961977
0.177590234779300
0.919204137093230
0.819871858043056
0.700977936342733
-1.269739014518373
0.082172754099589
0.921690264472078
0.917296065701621
-0.151589605990389
-0.091580040161654
0.832408814023413
0.204977099898896
0.560277323807683
0.693392642282076
0.215961920249704
1.255511528920936
-1.292704676786410
-0.027584065191713
-0.845694658376390
-1.603209728262611
0.150863158744302
-0.780798328189723
0.683145342291410
0.682942848877061
0.988061380447868
0.168365559337453
0.993582108860293
-0.334090507500170
-0.067257108869468
-0.645669392400992
0.834519798667045
0.613910013206220
-0.231170071306190
0.769754217038578
-0.619162347157435
1.332367361095799
1.810718368355002
-0.267214886163257
-0.711670977826578
1.345646374370291
-0.061981426887392
1.028512836668111
1.358930426190967
-0.061293078842682
0.141986871536964
0.698296286699006
0.957496115415823
0.019390346814779
-1.009172781043334
-0.411724264027499
-0.249981851790613
-0.485355607934105
-0.921831482749023
0.742503690296481
-0.114066143739144
0.895146849016135
3.742608855603450
0.537160529519470
2.440331707652970
0.795772927054958
1.499694873208254
0.075589247360163
0.289679068777098
0.317703697967467
-0.743787008253718
-1.242740846519409
-2.650203149777433
-1.289395101483045
-2.043835354032792
-0.211427333446523
-1.724054058764893
0.433543713996987
1.436439348105189
0.955924057228960
0.779312128828399
0.665245401966506
0.900488636393447
-0.161966549820177
-0.509197913104148
0.500525995403242
-1.158487269110052
0.342836091170889
-1.773778115436481
-0.482709274737800
-1.903506632643142
-0.343316139008916
-0.277475113660953
-0.887915300164526
1.285367301869415
-0.392615740326871
0.931470393625556
0.606513733589893
0.557363513207047
0.874626136392991
1.333925897885897
0.471582074350631
-1.738881428711367
-0.599510236342089
-0.437166448744492
-1.291438105431713
0.479483420795736
-2.852014928552533
-0.400105004498314
-2.276463160121580
-1.500888132882934
0.019169916775738
0.834490461904853
-0.301017670195387
-0.016485040704061
-0.434591589854067
1.552646453198004
0.391750627978047
0.007325297984046
-0.809426014894999
0.474832517007752
-0.525936303550032
-0.228830367887673
-1.592682518666035
-1.110209971116041
-1.552163420331270
-0.830339725898552
-0.691845196247056
-0.922631885411298
0.615149460959031
2.069837233032046
0.872623037556299
1.167284166851749
0.058700063248526
1.741925793743646
1.138447234398318
0.674218478566876
-1.259266496214811
-1.353591123864627
-0.682458535249681
-1.602552745279098
-0.109174768100964
-1.057911304711278
-0.425421195919991
-0.725158099483549
-0.025160392955923
0.781525958637555
0.781632303118812
0.339812537102564
2.042460526363674
1.689066265746984
2.542955596920335
1.361620986985114
-0.314139882553653
-0.278581030818298
-0.295581461620610
-1.633337414011552
-1.240908836578038
-0.421189690591670
-2.318527232929825
-1.618311072898562
-0.755331516834219
0.904080476338788
0.741770002063156
1.127827379804090
-0.380524011861901
0.953027839137750
0.603513554805103
0.498962275933892
2.173905112609559
0.637807227273187
0.381619071444505
1.517426238922452
-1.747334199803912
0.292550250452632
-0.585330098961265
-0.584187931531738
-0.074171476887816
-1.094051147822658
-0.782579994054986
0.102479785673772
-0.206949203879793
0.603159784066734
0.627459803455090
-0.258442563746427
-0.379220115820276
-0.671067181809127
-0.268810967836588
-0.512455388792636
1.907994994906361
-0.073044082112577
0.100209114200934
0.561007253052320
-1.991629116301080
-0.049479784202638
0.274792274596408
0.567732726918095
0.873910898391026
0.824498085387474
0.796858117324611
0.360748746367552
0.159515164160735
-0.149997959601108
0.441590218136849
1.068596681860168
-0.812719175606468
-0.109860715263155
-1.093297065322827
0.496999964945706
0.300350139391549
-0.796962437446572
-1.185048018462936
0.340457345923182
0.809752758900635
1.297228995205746
1.127771963174495
-0.297474684544626
-0.690452377654232
-0.875118295847096
0.265218534956483
-2.095409498382246
-0.889833638878233
1.300495769184034
-0.615508762156160
-0.946191482394862
1.317791677285057
-0.251406584184335
-1.032317901136058
1.245858994118649
2.404351595976104
0.909858554590143
-0.886926167687104
-0.877068726457596
-0.826761554340879
1.791168102335783
-0.594767960951805
-0.001539715420050
-1.059147380267867
-0.242707472254391
0.857553566408479
-0.823475482050164
-1.756253214334425
0.298347036035450
0.038376240830173
0.088735077938200
-0.062169536481827
1.368810570784298
0.814755379872166
-0.299738389901982
1.001460930210306
-0.417942362466574
0.951763024188716
0.362031009639957
-0.869019045620906
0.439014589813676
-2.488803332804499
1.663118085363828
-0.459038764053561
-1.302945296962629
0.863490488636648
-0.012939899006922
0.365578977807269
-2.114596852987014
-1.089618335101481
-0.454206610876391
-1.194972208105095
0.869370271264846
0.588167055034173
3.091717073931025
2.328507297572934
0.094602009440424
-0.325576011447213
-0.316467849399780
0.182516041858030
-0.019352092697963
-0.975997166175801
-0.716201863300398
-0.883087002034957
0.072466429142837
0.506936250149170
0.786450492769006
1.161652804458051
1.801777427322588
0.679099724210527
-0.480610920611840
1.102959048812128
0.285173530328552
-0.581366324862411
-0.250913774113205
-0.274723535056117
0.958985876095980
-0.326215376769957
-0.417026809225538
-0.889410875282780
-0.479096680937399
-2.743890441308161
-0.976650950961578
-0.424773561502373
2.068085932238563
-0.807608802590276
2.069075535500833
3.076187711693833
1.664833842454329
1.704758727935921
0.210715181545662
1.121444367361073
-0.067256098905784
-0.308641583838722
-1.117460725950892
0.084215129037024
-0.899212983190711
-1.381291316599526
-0.628703548420753
-1.412286252167475
0.632816322610250
-1.188886083795882
0.857722676155183
1.375728968988823
0.533742094681724
0.472469141831384
2.133425174842799
-0.805030528059119
0.052777493631178
-1.187645181797971
0.322704943046590
-0.061563447620015
1.388397797182232
-1.226723420890206
-0.727858457093594
-0.782016575580047
1.013400975159672
-1.169754815916951
1.626115923550929
1.744749652670578
0.248888177354630
-0.734658125117707
-0.302272760108648
1.707308079878121
-0.982617028324441
1.417063352820138
-0.590894039123045
2.023961853843803
-0.046781413990790
0.679937926034488
-1.009947510621465
-0.254531367246817
-1.887811869636758
0.205294208048359
0.049979728016675
-2.574976974677853
-1.477696361263852
-0.706565838128998
0.055257117403779
2.192174984224533
0.837514371548331
1.146954716287227
-0.572480982635081
2.625047956453099
1.517937966723092
1.716065120206038
1.319168739204451
-0.228577278021164
-1.051261872929359
-2.549670122716309
-2.636054815056722
-2.565735814072135
-1.853389286184727
-2.191049077882013
-1.930695139922835
-0.226167434558788
1.202168065048922
2.590230066775588
2.800476543268635
0.307657221373196
0.969767118250436
2.818542798614582
1.692220525945255
-1.667920017689861
0.390868013994643
-1.364247136995067
-1.893815755826924
-1.196269581673185
-3.262704596589793
-0.766632078155878
1.352541855411545
-0.273770925733089
0.513902296824274
0.737512755608504
0.778654882755891
1.183523354946077
1.620574500904059
2.419423199108325
0.261145502349311
-0.795905076302678
0.447986317944500
1.427517675365422
0.187761514303062
-0.704869663833574
0.108379791584928
0.012998551299752
-0.013561710950842
-0.522859899850217
-0.492819457787267
-1.528510369351594
-1.146525219313984
-0.896840057229736
-1.356265749473645
0.325417316548596
0.272259496614209
1.443133947970555
2.150190392184051
2.295517733151421
2.051966165180562
2.007296003301948
2.129474994620279
0.246992846945767
2.069080523192345
0.656219828614617
-2.419189366892716
-2.926826023330872
-2.884713671057778
-3.747808748750176
-2.301514824786937
-2.614728876661568
0.126936291855410
-0.433928221357956
-1.427404756316385
-0.505393284667248
1.365034925975636
0.793629551577235
1.990765157817796
-0.030471820650572
0.123578820745721
-0.333011804401303
-1.175764381725692
-3.364688963904332
-0.536468562153347
-2.657328040256544
-1.701054829564625
-2.208503556748606
-2.754333962543838
0.109044438079875
-0.337266095696465
0.441809311812923
-0.277305521083748
1.357165090042397
0.420788483800243
1.656409287365391
1.794373196609897
-1.260892543531074
1.351196928815049
-0.456807783746015
-0.560678536313674
-0.354289916702333
-1.615461813159647
-0.770126314279851
-0.107014730267295
-0.816463741657781
0.649460393564016
-0.169151992294865
0.040212679435023
1.497868589273528
-0.481541079191986
1.121779111914748
0.035200919023368
1.412921770163043
1.408619862010884
1.059205084814850
1.005192406451377
0.202413344544638
0.679946358806906
0.236869932540376
0.230768889642844
-2.191347846364446
0.823732397426088
0.890898893657777
-0.626405699949121
-0.923757157820146
-1.117639653295915
1.718142119700823
-0.779818461889677
-0.558997651679479
1.049764521714000
-1.111850664516691
0.608381746975690
-0.081563259202159
2.969285238950242
-0.509317009327392
-0.090328430235650
0.508390850896990
-1.782815066709647
-0.866644861232010
-0.721249912628223
1.108699179283183
-1.420437537895065
-1.801159276022902
-1.614592118303393
-1.993615739574496
0.530376494829552
0.396141463469264
1.574957837345797
-0.024486745250450
1.648179460525053
2.919417178052190
1.968740953318053
2.353003691061225
1.449417910107121
-1.803272955875329
-0.940732490086206
-0.822915683792893
-1.078779551490617
-3.749234233370245
-3.011301965497845
-1.145758394832243
0.662666049855714
0.937108530070362
0.338465492895984
0.622812583630027
1.462782375496877
1.096404737012918
0.908754005829330
1.002356963516405
0.275208703879969
0.180969561745145
-1.670170124396824
-1.110497367186564
-0.215691091568878
0.501289060651529
0.513872639198586
0.594230497522385
1.899257787558766
-1.045195203858685
0.807000726267360
-0.590870111741934
-1.136262892594271
0.254589044135987
1.521870124179333
-0.847599394745308
-0.602176996745418
0.690954777462979
1.804802592553369
1.296149785581617
-0.245953644706473
0.406880052527735
0.749324774624073
0.387405473756313
-1.246142074803918
-0.745628098756242
-0.361432474529550
0.805899351639216
-1.313258206250156
-1.139240591912168
-0.213984168402796
-1.962695789638554
0.302215452366325
-1.132405583335437
-0.809526971800192
-0.355325156675703
1.259968388955948
0.363372969516983
2.776764588720503
1.801716990382009
2.223046345692992
-0.101111862116497
0.916346028137234
1.036447434250176
0.100193571350474
1.138199954218185
-1.553098486829492
-1.361644760112714
-3.326594575801550
0.855072993057704
-0.907478885101276
-1.650322114895024
0.387837853490556
-0.503886901879774
3.727577700501041
3.211221652335336
1.939282640031695
2.268457119607250
2.796777410792740
0.614696974620471
0.970786453677636
-0.055073174593649
2.250350514619504
-1.075672146193607
-1.753019559756422
0.084887881761248
-1.880497097342480
-1.925583707111131
0.345088306409822
-0.268619697092529
0.558632983415391
-1.332410905132981
-0.164519772060540
0.234501168602259
0.638607423821571
1.811231365167596
3.467388551905136
1.317996479525100
2.480142436827383
0.710004335249573
1.727426326439374
-0.136149757573285
-0.531998533867646
-1.390528942676515
-1.933725616620687
-1.372886898398844
0.898250276372875
-2.054077804933758
1.040397319973987
0.188484249035882
0.601381964953869
-0.355807102907759
1.217452141542257
0.900762338822646
0.984034424279447
2.986716009063543
0.963587127853681
-0.258256935036522
0.080190253209752
0.057893758027401
-1.825684339435522
-0.696060861928722
-0.163607875346768
-1.026028270875526
-0.411663345160295
0.358141121123313
-1.260703296222333
1.103320203838995
-0.933451346063726
1.074484776440594
1.190493474471843
-0.422140188866299
0.685271479625774
1.044837095178736
0.885994510029162
0.720907167545702
0.327768803918365
1.400927629506454
0.493064328057583
-0.837617311930182
-1.497628485205972
-2.365067701407940
-1.506792103198143
-2.614771129327643
-0.179578836636788
-0.953864328787148
-1.905387488024542
-0.254914960164037
0.807547165459917
1.783248883675746
1.778999334479204
0.825294011096411
0.524338073513569
1.133391620579714
0.231955034037798
0.458127998791402
-0.731562761155582
-1.013868847191663
-0.535960988641009
0.105640274080063
-1.575083165768632
-1.247109701992323
-0.834274233830031
-0.165197230760313
1.120014059411579
1.274168369060609
-0.717414022206879
1.171806880202878
0.406087938505718
1.993709703871522
0.240489538401621
-0.941297616871040
0.654902588727987
-0.516421334147855
1.890852672268959
-1.341414482584488
-0.564044146053683
-2.839082273442258
0.678988518546697
-0.793998663059978
-0.488761545174142
0.812593960323507
-0.205971192394468
1.370716114736632
1.230465535808032
1.129118265137089
1.225765041457113
-0.120207989339912
-0.475798499566343
1.146248971667248
2.348750193167620
0.287462846547731
0.326466611482948
2.120087913836420
-0.259475160358371
-0.928797460183233
-1.079839848968592
-0.663402111009153
0.185776824890723
0.658638601363793
0.063208163054841
0.974826265249941
0.781156854739269
0.767836662997278
1.285022303577673
0.287642660210425
2.591503238952113
-0.450423013570915
2.521123249495730
-0.669609521912368
1.324121552701802
0.732390610845622
-1.267936983368721
-1.607280403302269
-1.278825354000228
0.459629280486542
0.181652592115576
0.442376299541054
-0.298107198848756
0.679757418506246
0.986667126550048
0.850712347022619
0.208934433044272
0.574630596122073
0.046593863592511
-0.422445347275338
-1.037368236681007
-0.189610397415405
0.002414733944536
-1.026684836969559
-0.306194057398465
0.677562179291728
-0.727786298516499
-0.297690607273381
0.381202164261876
-0.609840536465134
-0.817943780348211
-0.927374597564343
2.910697773142348
0.704940219530864
0.052636828552689
0.329827869081376
1.899432085523119
1.889125481021309
-0.726934788563146
1.192277931444781
1.793203310549919
0.835154088436915
1.389191721738922
2.259462474111795
0.582770497260791
-1.125707789683223
1.005096566511004
-1.145118198476127
0.604213082081985
-0.417296528991949
-1.484001006119844
-1.396306383129070
-0.822160268230845
-2.108397973996688
-1.161838277158183
-0.352406499852433
1.065366247597680
-0.733379940918646
-1.777406009359549
-0.718351157782484
0.312443117505069
-0.027905982973640
1.221683214785273
-1.234198022341109
0.924238381286131
-0.428325746122239
1.707317688641846
-0.488232164145510
-1.052086535990071
-1.269225805839916
-0.299876031680884
-1.310484112670209
0.530755051929267
0.708469268835128
0.030231345257623
0.443221725912540
1.927301754845019
0.031299546201211
1.386358653696257
0.489658318931974
0.445048618984275
0.370368647294043
0.861275788326536
0.374378809335075
-1.784634994699054
-0.399312855595996
1.263063428122464
-2.638154780997821
0.338861802072521
-0.655234244225641
1.473128512049151
0.813713859200895
0.165535660385089
-0.526073800666220
-0.280647044589677
1.541769287380890
0.950890455041891
1.313243075308723
0.839734204679663
-0.079587776158217
0.819311340764543
1.297712545840322
1.875763860033123
-0.617493148266427
-0.406675658770215
-1.583787196250732
-0.575456402307447
-0.621044262163912
-1.476804752823244
0.907460955181731
-1.077637669936215
0.080833903188181
-1.637054786648912
-0.126507417521178
-1.297596926630904
1.002075191213851
-0.934887864198872
0.860275157842276
-0.493339474300932
0.408538999165616
-0.247203142945331
-0.891060964185792
-0.349324520193206
-0.715058422026803
-1.904622168046507
0.373894278766016
-0.013553106408965
-0.624006024393657
0.732391139126276
-0.897679544441403
0.336938934166122
1.921435717037381
-0.472655726042352
-0.118404588937354
-0.602086558070688
2.652387279879887
0.218038387867253
0.618916099636674
0.963975884845150
0.646161645387170
-0.634180046997531
-1.105257856014100
-1.035740061586237
-0.598793866487214
-0.922125453997914
1.799311300649265
-0.597730602222489
-1.112364295567468
2.000593943823769
-2.011848686115822
0.925319294202622
0.903828348670097
1.235916914628063
-0.260444784252332
-0.865231454000537
2.006137442995353
0.663656334690329
2.685768100832395
0.631451693279087
0.041935500853176
0.059199767996121
-1.918001617243662
-1.109771543150375
0.999912562891353
-1.353049432152293
-0.936721150365570
0.214118169590286
0.160676720369453
-0.320834607055948
1.127376137130028
0.283766058278436
0.639773187682843
1.048103961734498
-1.085733108979641
0.988763490090279
-1.446456006609907
-0.901468167772991
-1.949667090721176
-1.800354206953560
-0.624317500371089
-0.834295089508371
0.576168112834153
-1.575817229269000
0.681194561949980
0.042826584220642
-1.255542732488199
-0.192402043505718
0.103828471813360
-0.343696618919702
0.698575774565424
1.227679198991394
0.406320122231982
0.368152122896865
0.837482621138220
-0.916078191331923
-0.373217240897765
-2.260693023193070
0.256245478267817
0.730843315468988
-1.446878298286121
-0.499243072309827
-0.205021670192609
0.049384440754178
-0.496089130721904
-0.175324360162602
1.411783070678042
1.520810781873587
1.183149054569510
0.466109161516179
0.841430271269639
0.363393082824963
0.780185742834801
-0.383487209720208
0.598516487076848
-0.148392310932879
-2.040835477518980
-1.421069695283161
-1.503542581877952
0.737058127526383
-0.463788832240678
0.050317348909031
0.804496356085983
0.867097965905552
1.243346990565405
-0.352688604906551
0.533469619432204
1.376596749868487
0.670531325818960
1.151096611714853
1.014247601429496
-1.126389564819542
-0.562872641741878
-1.748616194900343
-2.467171147031335
-1.179958219872485
-1.239718392638104
-0.373330360408219
-0.522887705201468
-2.074962988566215
0.557028359429050
0.485206504334782
-0.229605269297473
0.405681096184812
1.989318082557874
1.265522711010852
0.126958133370202
0.069247669729859
0.542820663012864
0.482904526854751
-0.286562796910876
0.231100850168772
0.349535682083446
1.270670545744860
0.250345456664997
-1.376603650730514
0.804876393372975
-0.445885006477778
0.420031926520826
1.633639699825517
-0.263433204191985
-0.333686528663902
0.184663941630265
-0.537132894565711
-0.759750442488819
-0.764063583747625
0.071227158661946
1.432512072524006
1.715804173213358
3.331001447619442
3.420405340674823
2.956610749772058
1.396181899231657
-1.059394279292992
0.422850806238261
-2.001074005275331
-4.210077208235871
-4.052990313060064
-5.253009602029882
-5.155238702338674
-4.391236800524002
-3.379647616914050
-0.836423432952651
0.198367062925562
3.723317529850178
5.179848684507328
5.862693754512324
5.684583573060255
3.470118440117484
3.111281956737604
1.138899606883326
-2.082503209807049
-3.097796924470717
-4.315281946473731
-8.630392103846386
-5.132217528477605
-6.340008739334346
-3.516091036854924
-1.533032989239513
-1.329836136378045
0.594582070303646
3.769323640792645
3.457300557877324
4.592198259057656
6.198165958577749
3.947273482369064
4.245250392173618
2.292491078671277
0.955307957303792
-1.832434833061290
-1.648842724212480
-4.343014136754945
-4.405622554019327
-4.121600018610519
-5.119950863398484
-2.623463691172098
-4.222208081971526
-3.411212325027329
-0.975862280732337
0.773875555786710
3.267624437894710
4.215431689395759
5.895054968137629
3.824549875539124
5.513730279589597
5.469163396892200
2.309468293504270
2.099697361799355
-1.633541506829622
-1.808567803500880
-4.339829534936339
-5.862563574981405
-5.686491728791927
-7.543932789953814
-6.034496342307759
-3.080995529534253
-2.050672759212711
0.688050040159974
2.008852431549060
6.321886212069728
7.074501123801489
7.287171192940585
6.040652362598612
5.954964493196980
5.101313282107958
1.669832191833006
-0.808881435878214
-2.995417217343933
-5.154437165275235
-5.494196432152073
-6.297986768501432
-6.807995813013613
-4.276855937115747
-3.657969599496805
-2.397355465536527
1.715777837620802
4.335844246692688
4.438534848499283
7.018736517670731
8.078463185633993
7.635194138780449
6.411834425484625
1.294660513109905
1.483948826635577
-0.210913905453410
-2.804132219413168
-4.129781590084262
-5.839485518217291
-4.269455866477766
-4.954614033220584
-5.092298331704555
-2.083455538089416
-1.541889543269450
1.988188700945242
2.994482874235148
2.481884360205415
3.704047969498703
4.612675920521550
3.221168406112585
2.318867921560972
1.743178744301539
0.627855187186933
-0.620526739186400
-1.789098278283274
-0.216459888214497
-2.561150647328428
-2.824311914248473
-1.821534114076455
-1.483237764445652
-1.120292566901064
-0.550966691752420
-0.348858504909148
1.477608030924370
0.315583147575817
0.766949584270307
0.496805173704469
2.175060315825426
2.512901630461929
0.548603471368462
2.058410017890338
-0.684035720077377
-0.416262831322080
-0.437308876328161
-1.691277805385344
-1.737352585885136
-0.192226743961176
-1.752887199034631
-1.843633704485626
-1.254478508813731
-0.044749559510762
0.770675182983158
0.662477290041583
1.361487790032991
1.861393017279483
1.169950486866061
2.891254336303684
0.780771908203506
1.855702336477115
0.748749585103204
-0.261508869689918
-0.400217033234777
-0.369059215525610
-1.289991314079399
-2.967275510994984
-1.093706065420570
0.017454436379021
-0.334753774032376
-0.309267205694183
0.877316461133265
2.242876722092503
3.451689889788508
3.015213341031020
2.881331592997897
1.601150547687162
-0.931217351913179
-0.131384369401198
-0.950164106935142
0.513026068180768
-0.481902008729671
-0.021235357868955
0.236756576554116
0.753498405559010
-0.388037376701242
-1.370719650498764
-0.610936720727675
-0.981117551335548
1.440377922708341
0.995020795390598
-0.928270754392848
0.605244364038445
-0.570097839588470
-1.018463859493415
0.923009672533306
-0.407405143933190
0.783984849297093
0.656533672486193
0.440312878161566
0.338776253381486
-0.454465437898011
0.753878956548135
0.117968097430400
-0.367169297391179
-2.709919079227418
-2.548245037604945
-0.847568711849945
-1.809681810374615
-1.809191962065741
-0.575719757869636
0.119546727870929
0.965342888050282
0.348124949043419
0.106444412015989
1.120538799940714
2.235523095516252
2.087459885666578
2.806283412633263
0.356442554269217
-0.234706474505364
-2.548280037147683
-1.914720333093201
-1.303346608052408
-1.310896985058098
-1.749775891531575
-1.634667722320632
-0.795986830299559
0.484232263586211
0.076662571876427
1.601744888365416
0.801503194036401
0.308871683781879
1.001857005179604
1.541899590462640
3.450152460480983
1.348748503567267
-0.346964250959472
0.423247314610961
1.029184776135560
-0.447034545877294
0.048991133833272
-1.678044550050295
-1.635111304060965
-1.016165813831300
-1.765969439711631
1.228340265867712
-0.001060292245067
1.954951084663370
0.923948062748885
2.239521879432266
1.960486509237088
1.468587863988976
0.660783766139758
-1.384098002009006
-0.537396684976508
-2.221793640458704
0.263685128545692
-0.228915062610911
-0.627445896998470
-0.504096491567307
-0.170318317971705
-1.789733943363879
0.632581062990572
-0.130915189873497
1.681418224091648
0.041386587112494
0.450948487600524
-0.062145103818366
1.029536858252653
1.183671556548749
-0.165642520226129
-0.343604276946834
0.975440837364157
0.314858700035111
-1.344933558074221
-0.248701277611449
-0.319988328426701
-0.491497678948222
0.740869228184717
-1.345523470743942
1.290723349464653
1.010209851901351
0.110802910043747
2.300010880909309
2.933333690685891
1.694623865815261
0.811785040294607
0.276233787970091
-0.561437289325908
0.536976129056147
-2.237341236157554
-0.844064791040847
-0.559564286016499
-0.379207889890798
0.489683856050131
0.453974634364527
1.429455914487169
0.889186841769489
1.181752067313855
1.069122116664912
1.041393510366302
0.713397143913678
0.577121001380442
-0.041531863880227
-0.425518243943615
-0.244558735681152
-1.055026650550769
-1.376305495938445
-0.083828127872490
-0.433429482744690
-2.191558227501843
-0.850490126673684
-1.990927972041441
-1.736224017599113
2.086009021106847
0.727280436730065
1.198038171843868
-0.240673393684713
0.864496805514746
1.044552627368079
0.497462460001647
0.457266759301176
-1.641988766197809
-0.285352983632553
-1.816580705599671
-1.622635755391885
-1.431160599292896
-4.354416595781038
-1.569692166020016
-2.135862122436136
-1.207962880990793
-1.462226662230334
0.836365389909655
0.685178521744886
1.350364885362615
0.749649531102517
1.493571721211658
1.352330248996813
2.054696821700191
1.249461232402327
-0.835666455729464
-1.821638194267656
-2.073483865348744
0.003726022084211
-1.693553133682260
0.396387549449873
0.635033539033741
-0.935138797171415
0.868918661028038
-0.006228419013019
0.572492488302213
-1.001120352431144
0.767829207349194
0.952462827625225
0.969150679011652
1.036964968339681
-0.228309909206291
1.081063337267989
0.253565753558051
-0.008928872185336
-0.153753167113791
-1.712240956617336
-0.316956438436620
0.127286879002901
-0.359028587090647
-0.509478882839859
0.015252438595450
1.246859012000811
-2.180822103410409
1.265153865864137
-0.478576816098690
0.758270143749478
-0.910879424475631
-0.065790922798523
2.200985308719347
1.267045134217536
-0.692125502401117
0.076764476422376
0.754186080014538
1.989227532294191
0.463485903779313
1.324643212521830
0.264140416987225
-0.055207923366213
-1.276294427642214
-0.167274230569015
-0.576533595953777
-0.434230752325352
-1.244570014832195
-1.013534616063432
1.295517745908017
-1.156278812256858
-0.042553984700132
-0.910400026796982
2.221986272897365
0.011412520015773
1.116796858790667
0.891088691903323
0.750859304835044
1.736173013559534
-0.511846371726557
0.597580093757359
0.602914982015570
0.604731955262880
0.424950574043652
0.614902140936833
-1.292171301149338
-1.529559951114784
0.378948240003431
0.118113500655394
0.997351992726500
1.709454634450200
-0.180226012183817
1.428033361210845
-0.115439786300023
0.293604959489955
-0.260882423936243
0.221063664333691
0.488368255294922
1.036123553666026
-0.887183235429043
-1.326183706378150
-0.507408969397626
-1.908168767915728
-2.370726831937727
-1.822817810133464
-1.311739130052781
-0.883426127757879
-1.311548142349813
-1.148912177766496
-0.547145576119057
1.350228442509031
1.046399231194907
-0.637591232382666
0.100220124813125
0.783083251374692
0.789822973953101
-0.112321831160183
0.480281030039017
-0.128300428330891
2.901147774904654
-1.468197655769892
-0.569169607915313
-1.660740075370706
-1.402433729320593
-0.823007990645960
1.277234079886824
-0.198424656006208
0.902951795232620
2.762573675055265
2.574549513441152
1.854093486328923
0.927345498732846
0.166529847044946
-0.223558450300536
0.647216565481172
1.186762158961380
-1.418671570632605
-1.088969317457914
0.334948182453676
-0.821288944079603
-0.527480646254328
-1.397119665788275
-0.539825223422218
-2.455633041351939
-1.017744788474749
0.327229013931623
-0.183547413339479
0.612570234895425
1.064999794040573
0.472868473417178
0.013334246243763
1.109035854353796
-1.573859602986247
1.386190672027418
-1.694255665915074
-0.766760722684656
-0.404261439843340
0.065239575485676
0.190205121893069
-0.600446834944598
0.650518393440100
-0.044917390171996
0.733463892783751
-0.792043302206516
-0.259000891133920
-0.439378053051899
-0.158315531889339
0.381416880553831
-0.107769795942434
1.070154038257250
0.188198830931577
1.023334310287863
-0.974212141864873
-1.640566139778244
1.335097396492870
-1.311576233799844
-1.024103789569789
-0.878532702086252
-1.531341817521105
-0.665603593422464
-0.822193815106566
0.124870829459589
-1.382499298897351
-1.507285145866799
-0.274593645117517
-0.059619881929691
0.844570118212054
1.035983971265525
2.460333672504768
0.884695341395558
1.195690557082824
1.175294107745558
-0.225898217448237
-1.123222598403327
-0.747011367371484
1.231138058613570
-2.039926177013726
-2.638974970524389
-0.583881359204970
-1.284150297518165
0.777530804206931
0.698413969135877
0.469697883851135
2.841530377926013
0.437772927349203
2.012167985847903
-0.442536789078003
1.842174905434015
0.845459251685103
0.542343655534492
0.477508759399169
-0.576605713316064
0.107936360675545
0.502290036227185
-0.297112563259521
-0.182630874286022
-0.186736087416777
-0.421994840116293
0.068363766008494
-2.267094844278595
-1.071704300704745
0.422103778085722
1.432464164886783
0.293604944140027
0.060879717177745
-0.229959796872628
0.952518901452593
1.388619603644671
-1.886001214821627
-0.018347437184107
1.003914721911864
-0.159380324245263
-0.042223632099747
0.086630852282995
0.614160032920277
1.678551681707314
0.065422069434130
0.281729992094092
-2.286173397563898
0.292835243728965
-0.582977864491472
0.014758778158172
0.445148836709108
-1.724671704883227
-0.439881705283092
-1.687733748640095
-1.227301775036785
0.165465903139420
0.220273445806179
-0.606989176259436
-1.750455486719269
-0.034729912125829
-0.674604983564152
1.263160546072530
-1.566531874583244
0.783073534873604
-0.014992230950796
-0.296896022208966
-0.610344996855026
0.098511690289180
-1.294355924687148
0.583947594777102
0.273156827761573
0.393701586057951
1.564023041284204
-0.971351901031746
0.640053545263977
0.643326242893410
-0.152827116102417
-1.113374749320134
-0.189714090762231
-1.060223642617462
1.049977745392762
-0.899986255307948
-1.369612949103230
0.265559184139372
-0.068347169025508
-0.260841739863930
0.269771737513163
0.597711187404961
1.697372432070425
0.783089747509849
0.042301763815546
-1.983257715461012
0.253032060039698
-1.124795126176536
0.251969376888044
1.893761942421232
0.265586954783288
-0.821341357075292
0.764186444745009
-0.265560249270761
-1.438819057298945
-1.435928014992984
-1.527481135654659
0.038859128666805
-0.309756888210779
0.848390508768485
-0.455710585453970
0.310561265841075
0.052013060790861
2.157277256280278
2.305181877054161
-0.081141551756485
1.908741140466758
-0.026181959607613
-1.921282657178714
1.500883917300531
-2.763746088322407
-2.346657439751662
-0.801662615584327
-0.673139539615295
-2.848330038519086
-1.498366599412198
-2.192309459700528
-0.240855613936187
0.023981504951229
0.664944786399019
1.586460417554152
1.457640968749893
2.912465697301935
3.703103498255166
-0.204392286413466
-0.249316359481817
2.668957017612028
0.025949112322767
-1.297408156052551
-1.446545712635919
-1.583462117603321
-1.614327242969787
-1.539540641937048
-2.963187649311235
-0.292063280074096
-0.008944167178650
0.221033047863281
0.620756501439836
2.476604612662976
3.076555604559228
1.995285466135182
1.507607515854055
0.332700834316141
0.760226955409417
-0.662328634399117
-2.272747101044631
-2.502765943395896
-2.015885533429775
-1.806468612130512
-2.016629249179995
-2.443669112920076
-0.751555129574670
-2.497027126518447
-0.543833570281709
1.166526879689555
-0.267992099158360
-0.669626939385959
-0.520546574267077
1.024739911641027
2.492584759550886
0.223538342887532
0.305851830284094
1.133605540106474
0.103327591226804
-0.963672885348866
-1.392546143736345
-3.649438779309513
-1.998027742598561
-0.480642384836913
-1.101836625422054
-0.911019366310254
-1.830171032196238
0.533788913150526
-1.196993953868139
0.363542599161572
2.488569969696969
2.772063231581937
0.767155560094169
0.401326425641120
3.063993953738545
-0.316841377464778
0.177290682782138
-1.018195798629999
-0.043417706312247
0.987767411055841
-0.638001942974089
-2.513546011422914
-1.535949889972323
-0.374291535805934
-1.773205371667383
-1.743114712583631
-0.633797468171097
-0.213897699628564
1.713304993002789
0.370316791069427
0.951592852167799
3.283361233063521
1.480433062623976
0.779308924836132
2.001557769656403
0.019285195466227
-0.604863747276308
-0.119727829308507
-1.391602238784281
-2.787525339560018
-2.166757276248060
-3.298981315118073
-0.978795676106694
0.700537596794530
0.445998569296029
-0.196602492216952
2.152986265617463
1.519978035449240
1.712250359339781
1.364778282139556
2.593421232464421
0.975850922386183
-1.674435351588253
-0.754867219675948
-0.373305728143372
-0.837161882626656
-1.339542779009212
-1.351070769051527
-2.927061150721515
-0.308285990634043
-1.318959382037867
-0.376772098926633
0.569483755145489
-0.264977761660825
-0.837407491872157
0.517058587773239
-0.203933439967575
-0.867328955312145
-0.120618180933762
0.421710221887831
-0.118258071275124
0.057030404640559
0.054195571094057
0.819182186351236
-1.554776596185009
1.031465567986202
0.064737989828818
0.049629643558590
-2.344977480393643
0.898405305429387
1.049814333290229
1.550884403317534
1.031327671368696
1.540634568396745
0.948852866734027
-1.412890648522883
0.483616243385047
0.117963243530124
-1.169209619277694
-0.216009060957811
1.145327201865315
-2.110154051020937
-1.753645081393838
-2.466182952556805
-0.413119200712013
0.469177179773538
0.134097446024683
0.577258694019720
-0.392215402655538
1.948990449122671
-0.071825291486240
0.023423181339948
0.833367544694676
0.541567515325428
-0.408460254919723
-1.467649847183221
-0.632392838727976
-0.725469842448025
-0.444875648335692
-1.669915323451369
-0.720603357999808
0.686253486410955
-0.270370943695666
0.919792145676840
-0.162795285394181
-0.272066790831444
0.526767769468839
-0.089471959521864
1.409852110102730
1.997085636989382
0.013528130533750
1.730419631570550
0.282196543523695
0.373323663552285
0.381903618895112
1.031097306841989
0.064466473793294
2.707375231090699
-0.334799875835697
1.114875624453431
-0.239102821412053
1.081412726645377
0.817166372161756
0.845369401278552
0.174743335283636
0.378052365973599
0.763983177605522
-1.009967585983150
-0.814986779832316
-1.007353797476738
-0.674778109946846
-1.435061669917179
-1.523467323500245
-0.791726598672237
-0.205785443146044
0.814417906297312
1.162008384026441
0.841288628227830
-0.511830317918719
1.091499311666684
0.562570536699857
-0.554188101379686
0.079209491774026
-2.209824918893497
-1.546249617044277
-1.314666990601545
-0.850957705091699
-0.179811240763469
-0.804537816688524
-0.975467609881726
-0.224631434331016
0.352434867778461
-0.533908415139358
1.360990356692608
2.134588852370707
1.279036539685119
-0.490265090900299
0.606823297090375
-2.389974566176932
0.668030298008841
-0.447923204211583
-1.366358510154644
0.638679192848505
-1.740920053194413
-0.675143978251483
-0.928056118520641
-1.884014779781459
0.220960917651412
-1.385065928589301
-1.159621682324608
2.409862759564334
-0.549269940379585
-0.844701785111189
1.420202197394980
1.482811987665674
-0.273419726434109
-0.336282697221400
-0.752197320697424
0.335646890214860
-1.373982408211446
0.051270874561299
0.348101410691699
-0.622142226805857
1.233541729625865
-0.489457635132267
0.539239746652158
-0.446322555833452
0.074854457387162
1.048035737065073
0.258281725304273
1.000874954856771
1.328530299455805
1.581222638435205
0.797171054202097
0.238717274096551
-0.707164721388696
0.270238295445912
1.232615346238559
-0.473394601698326
0.065572599874013
0.890120467587039
0.066594127760114
-0.463065185169159
-0.543469884970034
0.901621188687422
-0.680732601152323
-0.447052735811707
0.583153595751594
0.545330592226453
0.621483599202565
-0.297234854249916
1.238138110752396
1.189068638352450
0.492934856302459
0.801031475505067
-0.707875575315767
-0.287563719537624
0.231048816138809
0.941771523992263
-0.526848247637638
0.978078330629063
1.234666492771068
1.101670799919281
0.317084213324646
0.273970042169430
-0.615878508984288
-1.304989683601152
0.072188554481539
1.078722646085303
0.521290340837421
-1.403566664745548
1.064424847416947
0.421706382213972
1.373621986995067
-1.372766422907459
-1.012676356445713
-0.170518351957269
1.716124690292448
0.260081659052804
1.116477650365709
0.833199008855645
-0.532961611213423
0.108000182826324
-0.338832706222437
-0.643887425220642
-0.474223243591154
-0.915389040641451
-0.030881819763015
-0.204838342384653
0.695435152332268
-0.847916002211145
-1.258016155901091
-0.218951686583383
-1.868321659400622
0.334374418425742
-1.445791581686141
0.750556224026254
-0.577876584422248
-0.645288456632432
-0.987540015382197
-0.113088524476798
-0.295613302146375
0.463077286237912
0.628379091536458
-0.374383848262849
-1.732471975275076
-0.015090208970703
0.327498732646746
0.356186807842024
-0.975445781564532
-1.154963029401852
-0.388604062644460
-0.473637752858433
1.250858838201685
0.877624052230010
0.038984527824009
-0.401723374727499
0.800067578659341
-0.015701682808873
-0.674901611808233
-0.031115626351987
1.188368934857081
1.984153334459065
-1.404218809198527
-1.652287426311845
-0.292284506965931
-0.363490862387974
-0.134326441522929
0.077391919261434
-1.839408274715289
-0.729725022237870
-0.543819559234612
0.566504046519671
0.276262558781845
0.311022890260708
0.258767736503763
0.866343117738628
-1.318354011630912
-0.446840239657259
0.512425094624794
-2.239238956552585
-0.553050070849762
0.463644463344549
-1.338808831107129
0.137646346116050
0.472767685580713
-1.697424075590559
-1.253848892788214
0.042085331925772
1.912694025850137
0.526877386874457
0.079602479626932
0.866759911705894
-0.247381246025430
0.696573710520026
-1.744962146967391
1.205858260891832
-0.162926491544924
0.109087614365117
-1.420570487173530
-0.004995884985022
-0.934629407386329
0.120565243802803
0.240638335850337
-0.653400376108223
-0.505884717029378
-0.720981566629107
-0.904073660059738
0.476444658888424
0.374735986082201
1.140299574357616
0.336158766979528
0.140585178526621
-1.203269471919814
0.619615981228693
-0.395803497423372
0.608901898070345
-1.502206051333535
-1.312473055130419
0.085841763898593
0.254067289753150
-0.930984695714019
-0.778404709445341
0.407594240067002
-0.564717475880066
0.977918195812611
0.134560503875598
0.221146093776905
0.142350480237331
-0.002359417691006
-0.899215501719502
-1.074138229252214
-1.497235853980102
0.698832802214108
-0.095160930979015
-0.002463648422724
-0.079644080400454
-0.425249715945337
0.039479801739297
-0.093204312848667
0.406656012084576
0.568646504206613
0.997563257807002
-1.034903040863829
0.186913600913334
0.806063070542405
0.711242201185059
0.679719524770371
-1.852899828604716
-0.241954369999267
-0.655688944559919
0.572920227604146
0.392028962051550
0.836569639672335
-0.663812297540207
-1.508633463977406
1.236750401672124
0.544899891143107
1.717558781157208
-0.170524965625474
0.135350288812071
1.317678389364032
0.464069326665421
0.104346218908617
-0.730696762696647
-1.505801180643267
0.319343108031615
0.523535093024279
0.345985351143904
1.584219785787438
-0.819156535062445
-0.896818510179647
0.515403405953281
-1.627326765048099
-1.100789134689744
-1.033668530358351
0.411117538258064
0.633289392799349
1.498749656471937
-0.413424973862530
0.188381934726726
-0.488069696178429
-1.141107104334395
-1.049374380851458
-0.440264025086198
-0.869987863963773
0.277547915492727
-0.315965502086824
-0.601406443666431
0.064819775748206
0.463710938954196
0.364441137884634
1.005846494956046
1.776548785170709
1.584687738588881
1.686570850842245
0.763446654578128
0.196411380530275
2.589995696710534
0.460260911497460
0.546149110767229
2.298390474938022
0.942587690750691
0.677227198640775
0.652388854002827
0.805460316707786
0.164773448297971
1.046756873528652
1.323958008019112
-0.240033519497092
-0.281014197659722
2.331790600734327
1.684671085218045
0.690688590355057
0.475212549844662
0.957645468160741
0.738856674902065
0.654106405326764
0.342233430365166
0.505419892559412
0.575865037775143
0.535210027232537
-1.027974721582830
-0.628934505237421
0.392284644454745
1.396833759152996
1.601241783325576
-0.327416896452997
0.267030133168321
0.366987103576885
-0.039092967990698
0.591257107345933
-1.422415424983830
-0.505462198522199
-0.167743382507771
-1.545261044377426
-3.578059989900054
-0.207478622126099
-2.078892305877912
0.738407851129776
-2.148222352023748
-1.198369153825697
0.362015056792142
-1.104570861276080
-0.129067969340253
-0.027146799866710
-0.981929669873862
-0.804399429201313
-1.600989267754356
-0.222983575527137
-1.929129247330988
-0.693316629448856
0.501529053158123
-1.299436009313736
0.385979825607169
-0.123599293313133
-0.255364119937936
1.574609999360866
-0.268446999201586
-0.770681537726652
-0.099021894775979
1.579487102263962
0.272276284007767
0.129427914918486
0.159554068364443
0.134899315617909
-1.117551356899384
0.345801165308670
0.753117907104442
1.645833271298987
-0.043430150644323
2.238480128175199
-0.003803966216546
0.872710145850104
0.159498318925155
0.687798706875996
-1.235089048143999
1.298382057172177
1.125265825816898
0.639078940460654
1.766083875594023
0.924065089804353
0.680829091802803
0.326845726148200
1.346024710461790
-0.384152583080697
-0.998130570500884
0.153833341408911
-0.294662697773759
-0.143499314693204
-0.716533428545840
0.061056398669784
0.506635333946717
1.267538063868440
1.473090078881050
2.507698707819167
1.410632739138369
2.204063036848566
-0.199751215739591
1.401005531423566
-0.350013162585722
-0.195438894992399
-0.805352291621205
-0.481604916142001
-0.042655133339363
-1.113627669493717
-0.618292650987612
0.029092118956099
-0.684472155310766
-0.265681087298537
0.577673872312337
0.990901459976425
2.227572727467466
1.079872338588141
0.411675753173092
0.789720809234958
0.600027064994013
-0.065471026764219
-1.719247626826806
-1.591445379397214
-1.310703840170915
-0.862203448942231
-2.528239967021177
0.396433648142104
0.206055915447670
0.594494142500486
1.172598943053176
0.205816776046860
-0.851201521714129
1.691006668814880
1.001367888895177
0.242906437956252
-0.312301811594525
-1.927426023748534
-1.257929619001786
-1.616918040761646
-2.556629309257185
-1.475316066571276
-0.376845780019282
0.349407100963193
-1.327154699969772
-0.699748744474881
1.301568612494616
1.390445174969551
0.152952901421548
0.327885223935964
-0.077454190845540
-0.799970697084770
-0.318772993965390
-1.074833391468895
0.210214655606163
-0.563241832117639
1.163147856817456
-0.203702227470429
0.607360621339101
-0.193899214284140
-0.186958732375596
1.197478205635242
1.082981417512418
-0.998990237233151
-0.760380138483461
0.836563773461017
1.121068510428425
-0.005048431203230
-0.048923886576113
0.778035767406600
-0.687024777597353
1.065699343703692
0.072744059971866
-0.614455042416885
0.215156487282547
0.269812985350294
-2.445156531241277
1.240274183887217
0.283434279685058
0.687009631567472
-1.757445147989672
0.316630982534029
1.063474432942101
1.256482914849404
0.020201064688594
0.324197414955727
-1.087624454071846
0.789722943529436
0.202991418130592
-0.646976544905951
0.287273240765609
-2.877895309181270
0.592558153419030
-0.553899745418683
-2.062841524799971
0.347431986100100
-1.106002971638582
0.490303935714508
-0.414896512904905
1.103772506256171
0.825854070510947
-0.084602582302072
0.487964695035874
1.445211365497582
0.815059662941478
0.397682138607414
-0.898375067556313
-0.033133575686502
0.062066926629297
-0.602500305019265
-0.314187290962058
-0.812429763460427
-0.914191024679392
-0.415798221926116
-0.665842912381131
-0.453859059184314
0.444164160693597
1.895285407556056
0.210483292967278
0.320394181172442
2.075710037754297
1.670819317124141
-0.444094965298137
0.493799120544717
0.641576680060379
-1.245992274773045
-2.877161127244779
-1.841078086915784
-2.300020851140347
-2.051927743845401
-0.221341633667221
1.258070210089747
2.114228021709306
-0.050772667130355
-0.050759290867165
0.720363833507105
1.196101239149327
0.184885271760487
0.441180254248539
0.623039576494360
0.678169092781225
0.887291985569411
1.244789230092834
1.937414885521988
-0.135800558369575
0.682426217233633
-1.553056613019710
0.550077731586158
-0.505307532557358
-1.273213903052805
-1.248330287834239
0.124823067585086
-0.041910255736380
0.571581958140366
0.385524655546270
-0.460587818885805
2.166516828518640
1.154750482255262
0.951005334640768
-0.354525706797972
0.027397020633995
0.713226662197635
0.042456236016899
-1.087575321634660
-1.653518234969095
-0.459731478293920
0.553182851694348
-0.029533229424875
-3.150789648205689
-0.218183424400999
-1.346049700313588
0.188395703402517
0.545156075364129
0.850435497147000
0.694847792388689
-0.726303321355404
-0.471933387867920
1.105091947200741
0.037920552785773
-0.191834736630044
1.612693194495956
-0.512857996928577
-0.700965139319685
-0.682477753477545
-0.675188684618677
0.075525444292994
0.079462914212828
-0.646463147628758
0.607936216777279
-0.095286118629709
0.347827953453521
1.910373594846314
-0.397984805149990
0.522916072650172
2.227106544863935
0.550642956040075
-0.780638920362502
0.039560685846344
0.318196952250205
-0.561442468027351
1.239820166737386
-0.716608794740687
2.138667344849618
2.090401125519862
0.979334876554613
0.501631176659735
-1.139290786070315
0.374117531259918
-0.180602858919201
-0.520729200542013
0.813706296585731
-0.017353209742467
-0.064244280887395
-0.300921808480885
-0.311755771739878
0.389459599441502
-0.365471216350750
-0.775858249098010
0.433242997513779
-0.440360116900989
0.921702180496034
-0.419944605822632
-0.739947069484860
-1.588457519071672
-0.374114399354015
1.587304247177438
0.373722850602965
-1.292543954125116
-0.102318241298485
0.106968521055722
-0.369818972536117
-1.748553728865004
-0.740869871853215
1.066394164597485
0.167187066087305
0.170577479517027
0.483561355185907
-0.122736391817120
0.938819282473708
-0.071001925432061
-0.084272181762259
-0.055946059742225
1.059563208537742
0.773811224741522
-0.295681884980147
-0.062521633852777
0.051032043217625
0.766931279071737
1.592574265885021
1.084018327025746
1.295335366946079
-0.547847124124395
0.668291938759790
1.318330342765385
0.710257752547261
1.451725759319593
0.732854454217750
-0.156121956494339
0.274496200476270
0.436263537266647
-0.456681628648384
-0.732011722654608
-0.642204858525490
0.694787697564116
-1.504228051592406
-2.660873342823773
-0.419539300482565
0.622784637983319
1.009857189846615
0.899084918045735
-0.762891618585425
0.933719395848542
-1.583540041194381
-0.509791653599205
0.019080799779425
1.275276068738508
-1.036007223038498
-0.042149881112511
-2.130867909851862
-1.352841277979659
-0.009045801307469
-1.540514862829349
-1.389639371428372
0.483034451756902
1.132007985245069
1.265510729201337
1.462921021745997
-1.535379238935439
-0.895231927162977
0.177336877587323
1.200524342218058
0.674928446466247
-0.199556474621430
-0.769683120613095
0.136079666429093
0.007407877389316
-0.492087361009814
-0.566782947053272
-1.352705580004209
-0.951531239209314
0.848947444994875
-1.160272966299584
0.470179938779553
-0.827046091792965
0.413389748428522
0.419349337068526
0.686574528973528
0.762125567473807
-0.873008946269380
-0.281585098983765
0.534115071668355
-0.347814868995177
1.757985609403186
-1.312048480204036
0.996122364352839
0.640417884068796
1.695975267225077
0.114796158978581
-1.929540982125779
0.581171358690157
-1.445916935434359
0.463791953748734
0.452144552222050
0.037762580186831
0.199511989286387
0.361197644151306
0.049525392901334
0.712844424400026
1.756172882834553
-0.280656786092167
0.439745947605377
2.212564521529350
0.016143362287027
0.390763088141463
0.048944235931889
-2.101524428743701
-0.433085651684957
-0.904703569599144
0.427636281684903
0.139775945128033
-1.506684120862063
-0.231198760582949
-1.897163175277520
-0.207002722844987
0.467183152690483
-1.012411165320829
-0.464367626123697
-0.524762019742484
-0.645706196552790
-1.272399462530336
-0.062454938342640
-1.335213417186835
-0.722556134276368
0.333934092122849
0.084727461057358
2.480377581981874
1.203583270567347
0.480604246831247
0.663780243689939
-0.976771388307373
1.573429209690440
0.201702686276719
-2.363062368628704
-1.762270141628720
-1.685820432512705
-2.355823388870969
-0.223249281806887
-1.869507695632450
-2.568412682336656
0.164220082958612
0.250949494145426
1.703445714729914
2.347092583817194
2.008819313385809
2.361179050231219
-0.263488748571788
1.365479943180904
0.242418054351022
-0.915293853106562
-0.925164585853472
-1.067548801352367
-2.832892632172356
-3.430747281518333
-1.083513615314577
-2.559566098945113
-1.006682640314526
0.385050998142880
1.384486635119908
1.260897862758369
0.192338667957799
1.203929144732335
-0.199493406351063
1.000951467991608
-0.948070851316143
0.815369132445708
0.282449883378449
-0.320747585481152
0.790171094657156
0.594164145004833
2.163802580252997
-0.105430570501641
0.234164702311404
-1.167963555626358
-1.634219427590756
-2.285718472753175
-0.896363688448206
-3.323874889634085
-2.101579911094018
-2.345413412863659
-0.544963883965057
0.420062832115052
1.773218227480120
2.582340841031140
1.621402162388685
2.627600881906647
2.530130616032715
1.047442708770438
0.535642080266333
-1.165756067031182
-2.735806641563697
-3.130088202045638
-3.105958452882908
-4.083481893510031
-3.457677466694465
-2.467998995180423
-0.875304055456422
0.611604946168527
1.822707705776602
2.711349567495150
1.329390819563894
1.741764309530355
2.564459100143991
1.030692022472748
0.349457902767648
-0.148146353295137
-2.418306534939631
-2.168669111628768
-3.221387763877630
-4.341220411299537
-1.762344031684291
-1.345890543908601
-0.360728427754971
1.059919182484019
1.350425473395826
1.340451990563833
2.495029879059987
3.323429579732790
1.320451641105469
2.067636099883854
0.862313514402162
1.567733238008819
0.418908034448723
-1.330505960147201
-1.174228428494783
-0.419939078844418
-1.308395299033489
-1.798226160812846
-1.628749911606669
-1.948147683398139
-0.287817580296477
-0.557502806169142
-0.058195740486874
0.328086127270112
1.333481589782802
1.554420898666087
1.874582645631367
1.608662209368959
1.100839701837339
0.353546761363589
0.171952156216326
1.774848239688799
0.590834136045417
-0.698496604653897
-2.215359175772909
0.233110181174238
-0.825077655050538
1.023283500202051
0.301107506377519
-1.849580831426172
-0.359945477615725
-0.177022910603522
0.783038163455970
-0.643314636693073
1.330266039781221
2.324970818224874
2.012663068234826
2.139456670804811
1.395067731005738
1.286379865757764
1.458673274621664
-1.512052621233684
-0.998071538404916
-0.884685223046127
-0.727570252228894
-0.192156123230331
-1.662682055531727
-0.731495261782923
0.492251984590448
0.120232552363338
1.572614909251835
1.134587680159871
2.249220943675897
1.150851469519802
0.241867485766443
-0.565821911336836
-0.097191817925729
-0.139729448510091
-2.131123546641321
-0.664280510782164
0.500075025832861
-0.507140900737584
-0.437355932293231
0.891170725606528
0.395713490093519
-1.263578982531170
0.732128707112341
-0.840042140782097
0.538798658187346
1.030836561549244
0.012869739197016
-0.233480632820497
0.653072963277296
0.388858515099031
0.005207737214003
-0.827228979872868
-1.011214913233959
0.064475710562219
0.679627498470341
-0.638631928283016
1.324070958693259
0.345174512332414
1.343289875392767
1.188008396700681
1.184201153318678
0.430749384242214
2.573133319020537
0.477626578480588
0.596615772645874
0.951401932082454
-0.949308010674481
0.246257323933627
-0.172014211524850
-0.742225390307773
0.314970382805645
0.324555235259372
0.905255750937128
-0.997221927450642
-0.163385014873804
1.366054368474000
-0.559853477112788
0.205378312167865
1.304081617877221
-1.370487776995559
0.075049071145887
-1.078869453186424
-2.055542438147265
0.419678094920375
-1.218084139358062
-0.813182307138070
0.661513342819045
1.550120086521060
2.645483582931593
2.650798010070885
0.468989616196872
0.521596625572339
0.910768583929270
0.737916849380335
0.569074350130643
-0.230998193460640
-0.477259152653829
-0.792936048910979
0.354122965010093
0.413368059166698
-0.356124837590864
-1.209975743259685
0.045834651487967
-0.122237453202691
-0.119864134347959
1.676286724978789
0.667613621176489
-0.378170253192729
-0.563459271043390
-0.213509088982961
0.591685890582279
1.165811110059985
0.051930144703150
-0.479304868184242
1.489005571795307
-0.092178740886142
-0.129473883939696
-1.398268463682623
-2.022042316567441
0.722799274656629
-1.718687319305080
-0.613920287899271
0.475651383625100
0.441656946449042
0.218811374270991
-0.630687128470765
0.082589430672737
0.438301623855688
-0.835374499925027
-0.163993295112379
-0.235182193762057
1.305980647816013
0.159257293892166
-0.854051786814813
0.079161335141654
0.142552179408355
-1.806168585572693
0.035207309135910
-1.170396346558632
-0.202260592913278
-3.286143210663282
-0.608707974041766
-0.478515654740245
-1.243424491427038
0.146493696028394
2.314290538990488
0.724755412496568
-0.619826859459970
0.320794922824049
-0.765073613538136
-0.819237988829960
0.890115750728173
0.707165295340847
1.054019028827105
-0.341131245973542
-0.333627520652488
0.855022310943926
0.024765409893299
-0.274555315957145
-0.937006350494148
-0.121725022943789
0.777267068009419
0.486965077548292
1.479439922924372
0.341664100148373
-0.685540587530774
1.123254515534111
-0.672346299604506
0.358926204599619
-0.790965416875325
-2.175075695058590
-2.009839858076399
-1.132245126641051
0.721314268292817
-1.024137413197068
-0.484198345449226
0.151654869455182
2.534724075613706
1.778394450501297
-1.044967670661191
-0.241835620256795
0.962893776025502
-0.135636942997485
2.002675472703759
1.101439869417286
-0.565257182657492
0.563549444945195
0.229865022183268
-0.370227637523826
0.073901819952064
-0.306815436922623
1.063618464599158
1.567566772096458
0.188642185816926
0.635579867832807
0.152165651187474
-1.383631446379991
1.001238620721680
-0.121040242621179
-0.754320818977782
1.096236225076258
1.339068276914469
1.801251855213836
0.244445095253790
-1.156531560585163
0.342797791970744
-0.534145047088936
-1.288222310660817
-0.047068333602214
-0.386762446757029
-0.502793612665849
-1.870546917049555
-0.915830609685314
-1.450185009850354
-1.194981966836459
-0.043891045315364
0.951089754406369
0.958837527408700
-0.340601669557552
-1.249093055295794
-1.346926640721436
-1.592404690436239
0.173766000228272
0.781225145057785
-1.132934487157050
-1.306854696088260
-0.321802880567237
0.406383259803215
0.358414312418673
-0.269384882003269
-0.143736771575307
-0.407003811898449
-0.549506985585643
-0.760046215081716
-0.189835157068420
-0.280364799687246
1.527184006792911
0.446966261773009
-0.316809375060114
0.367160636800050
0.355067521325380
-1.487291063419362
-0.295291209452346
-1.392072874024582
0.343155384833855
-0.406439075795411
0.020122249901719
1.041885651743259
0.875293579278922
0.654351185171134
0.961128658696080
2.376483895771427
1.323630639692579
1.182722623484591
-0.670303741318147
-1.855625644972233
-0.342127313354509
-0.639366516442689
-0.830149766323016
-2.996500151750235
0.046490032639837
-3.289404531504897
-0.286048849540298
