0.313621960902694
0.469900295480538
1.641906394202790
1.814918149327935
-0.521817032715562
0.385909011344029
0.186063798822536
1.627925187674813
1.915961629284212
1.327649996018657
1.909394258914964
1.042229528786088
-1.021766372598903
0.076173490087039
1.704405505932413
1.940930550613631
1.294377168656928
-0.484684462985405
1.576091963517983
1.607952633544224
1.505141265007070
1.564009449918740
-0.129981397822538
0.419282849254298
-2.113976010113022
0.198199464135052
1.345194786236666
-0.300826457114408
0.377327125227827
0.036086880934938
0.792881791751086
1.300474751300373
0.179886777781977
-0.298215972732912
-1.881460981040508
-0.359485775790108
-1.168976688997212
-2.113233689478539
1.667494414233177
-1.012501823015825
-0.620262017259248
3.158227683960897
-0.889777161454253
0.126410947153564
-1.497555495624828
-2.327149335104371
-3.002967453703241
-1.003828676550198
-1.850405066745346
0.143037790898594
0.511555081661560
0.026173212114601
1.209390715403453
1.345056158490315
0.548437095584450
-0.983907996267484
-0.902593294577873
-2.119499193849683
-1.897927531576584
-0.996185201963903
-1.903769311724218
-0.287672004188586
0.183335408876531
1.962538295631935
1.459651364375284
2.623551879117498
0.917002266812696
0.591659292327538
0.880712493587752
-0.439074578158764
0.287402585836669
0.868268544429512
0.945704283379904
1.033484123864929
1.551751447453146
2.804254109954563
0.994860972598940
1.593361998325513
1.019378977063131
-1.056093905989776
-2.154988617085750
-2.673228393968019
-1.792207585703213
-0.554768176472183
1.149701963931017
0.927702315425638
1.100645408676322
2.274033579350648
1.655669795205179
0.581621556708547
-1.216568324218487
-1.490758437700943
-2.171439818500208
-1.280990475511714
-0.427413458601620
0.218081310865839
1.190872530574931
1.765438553873574
2.981289919179858
0.440710428666848
0.664383546854437
-0.931974668789450
-0.877941757288554
-3.870651896273142
-1.940431914118931
-0.675865870305138
-0.224489992534984
-0.274245797307564
1.806923481932823
2.929162289563209
1.551962667390517
1.994494486035936
0.563615584101374
-0.287047797792906
-3.291728001322221
-3.736646771107499
-2.554397189656487
-2.250355357019498
-2.468087614629183
-0.838830233953493
0.852955367342392
0.231058223071156
0.752883991763793
0.503027113002934
-3.135892886611622
-1.663720674029098
-3.079131976785646
-3.627727354928683
-1.473153783230733
-1.902361194771663
-2.050658492429068
-0.269904729929304
2.457587601196914
0.691544778992070
-0.136227773693800
0.129546301777810
-1.126798517915194
-1.006625411150001
-1.336657097879171
-0.103959223072021
-0.623145473021019
-0.382153123558192
1.145574812440670
1.235920301030810
4.564440554004770
1.569836084287012
0.131585902340898
0.201368254185063
-0.399753155795090
-1.408723557137370
-0.322304424921200
-0.612973006362893
-0.841447629317599
2.024729476282628
1.074142499316937
2.405776820105708
0.992816844418351
0.538480521655242
2.269760177253351
-0.301641166971399
-2.581325638643403
-0.637223919888862
-1.741716342373449
-0.976945241548919
1.515797130230165
1.610551794631446
1.691695428405563
2.203285550764102
2.037220331246056
1.352778584391165
-0.655252722481894
1.191126192333798
1.340843884452049
0.715659643818225
0.110663953651516
-0.921591736093849
1.379461368317208
1.692784589320749
0.677785120708083
2.333310011787480
0.991960616172974
0.391862573041376
-0.918547085302401
-2.002145843522611
-2.667647875881705
-1.751893449281910
0.899597241701758
0.416116672403647
0.326394964048241
0.646295216983235
1.092246420851724
2.247161013021170
0.090920791190093
1.077258945925120
-0.695969277092777
-2.241016771102702
-0.833100869942543
-1.732995337749692
-0.255990155790846
1.455533840073503
1.295172332237433
0.238214967112216
1.470779102842557
0.938035709430141
1.139993450922210
0.869183218509206
-0.117814347985195
0.369137818274061
-0.168227554491416
0.376922653014350
0.784042968412810
0.851180896769969
0.850460043215188
1.132198617969427
-0.597757930357659
-0.695139949969714
-1.710292796106113
0.100875399185232
-1.342810981731716
0.341939021390529
-0.126729461512017
-1.465378049765979
-0.326946809191493
-0.138896188366384
-0.949218590633273
-0.213984494804264
0.038607001630126
-1.747134078297848
-2.934752268331524
-2.876036251041422
-0.027167452110584
-2.013254896971418
-0.268519292456295
-0.590239473739328
2.433503120184339
1.678526907348164
3.714984405754840
2.056598472133063
0.195915355768316
-0.247390467254340
-0.820595058188190
-1.274800952544271
-0.725374706965013
0.628532579942219
0.672822530709857
-1.586199322320966
-0.028327521214160
1.245194171482654
1.676118157458642
0.427817548393179
0.900285825279295
-0.407120160646581
-1.095593761818854
0.259624915871921
0.819388884798210
0.549687772248482
-0.494550814678125
-1.022955271004547
0.907817527589571
0.940632781687673
-0.270048420367395
0.052932111712298
-0.797411551715793
-0.836827007178839
-1.022346665282214
0.472238483888046
1.050021967667893
0.945669635115961
-0.568362493579090
-0.167669288308969
-0.464525840389860
0.844690260737321
-0.432138609465629
-0.701760607006835
0.309996385080681
-1.035500328181670
0.970182645372579
0.566798918274733
0.650685290989215
-0.378284594120702
-0.422747398430934
-0.259624174689386
-0.404207924449661
1.744599158264549
-0.632688145376590
-2.336883331966594
-2.303208460739259
-0.655161713120331
1.472947858852313
-0.934285645443731
1.226784648830983
0.977322741496502
1.136126214282304
1.387159528520468
1.492833448299380
0.129398658814103
0.074480470573971
-0.607210794295338
0.939357215876514
1.530844348386668
0.096626018524416
1.905122842845589
0.919954254289730
1.150997706993997
2.319790767470953
3.851884550689270
0.578321889599153
1.395707545008314
1.923508970359756
1.736795814341250
0.098976382472975
1.335734015407001
0.590031026485699
1.938326104787310
-0.557381007202885
-0.853427531770123
-0.088463584188847
-0.021567170984132
-0.171256012307241
0.966555348118845
1.234341051200534
-0.089434186376540
-0.880839135357550
-0.403966115625460
1.504391292348049
-1.143530331281864
0.205651366293715
-1.282180126960575
-0.065111822487628
-1.509477449797091
-0.509903457584698
-1.325974874706153
-0.549141186425892
-1.635568500009009
0.104457318129797
0.042024272090556
0.945668086216066
0.251072320633422
1.169521095668798
0.834280206288320
1.798255445030073
1.127340569591385
1.749818106676238
-1.865400678063620
0.213900292064910
1.900250657279541
-1.551133753478457
-0.532763684913550
-0.226598879575136
-0.301444094976336
0.279874129673416
0.137319588902781
0.566758613922878
-0.099416113288997
-0.360794516943141
1.663839637151157
0.506759656271034
0.450772206289544
1.383716282944349
-0.172590237210755
0.071707143356794
-0.040858529190205
-0.231625963947356
0.064647471497373
-0.885002115957921
0.478205711945006
-1.077569288915081
-1.711013454786457
-0.281267720081850
-0.684444719291620
0.636969279998951
-0.904374510872917
0.411199767729328
0.243168954851781
0.512094315369460
0.813776341748607
-2.152171526762306
0.512423513276131
0.386427924799246
2.226262857647859
-0.129994263790361
-1.119022304377285
-0.831755476857289
-2.152142170581486
-0.606700032740984
-0.786238119712522
-0.870071466047500
-0.331904834601499
-0.682986699042950
0.076300674329891
-0.016906285066433
-0.280020476318478
1.303821888757388
0.442345468730349
-0.136279013193228
1.131501194268938
1.727314410658342
1.298521056176442
1.219596650676007
0.357417114548562
0.606684714157317
1.533956587593337
0.777021353294371
-1.209587424310921
-2.164228833739398
-1.418918536923499
-0.544430754563031
-0.633614342099144
0.081172824504331
1.041928090838343
2.013674537859082
2.735455091618255
1.540082675734018
1.546836845504163
1.260344638138520
0.642676146396403
0.074657512440250
-0.438419480141639
0.406773919343820
-1.729621928422065
-0.707593996335821
-1.130644119879153
-0.476136137946704
0.052988450454365
1.017146580760859
-0.527948027712355
0.955427308933781
-0.554003452331819
-1.497483951597753
-1.268885362228848
-1.125440006194810
-0.434080002533382
0.941473274523392
0.436145195196097
1.209939902306083
0.937325241041894
0.586469589692843
1.194588257745902
-1.319735477259935
-1.797282946963223
-1.337907818514877
-0.587602187282247
-1.804110346240365
-0.073188548799136
-1.761565631856969
0.104290563116460
0.679485796723693
1.857318391453600
0.172862302153580
0.065068922627124
-0.915554516841525
-2.242509387531165
-1.324724158102892
-1.089674284601541
-0.774501862423587
-0.227656372080500
2.784357702333496
0.671969480715228
1.487427730044776
1.655158281944978
0.996267231252773
-0.848418200125250
-3.105071308457552
-2.804742326185593
-1.797201861176312
-1.397241869395180
0.906109181732335
-0.482382682335582
2.337712825428678
1.845126627416666
2.054205381678285
0.837909869033057
1.399090965623110
-1.717565276028500
-1.535319243201103
-1.965853118320115
-1.275200374834775
0.629026929377465
-0.293078874848299
-0.434593414093943
1.783286418139572
1.540099393287626
2.737021945686802
0.877613388579229
-0.116901220973449
-0.835785817703436
-0.460061454657023
0.204645451894294
-0.356419958372032
-1.411072175490377
-0.105620950310348
0.867250637499860
-0.470517466995556
2.276629314733732
-0.365692471136035
-1.542593754361289
-1.632225474086533
-2.415114929607168
-1.377867306035655
-1.837348909013327
-0.735767643875354
0.382164213772883
1.480844462527182
0.699663091798792
-0.182054751049394
1.275629924324765
-0.242388142782168
-0.799947910359562
-0.784486328787406
-5.077216731669173
-1.472743938753902
-0.814689473731355
-0.209815315195696
-0.601722726050434
0.165410749897040
0.435894543757309
3.066028416430814
0.938488223502287
-0.853371372592984
-1.385965215186898
-1.413471809295065
-0.952992662855724
0.993410682569784
0.655655628099159
-0.687219161906398
1.235705690784646
1.764077139157616
1.505310855398369
1.376440085366630
0.471976635391739
-0.191997081265131
-1.846168004664661
-0.357006800152918
1.445582539139316
2.931455768594859
2.099191149182818
1.752035356774120
2.059308812269873
2.112369948604645
3.029874179304028
-0.516384801582441
-0.850950695477423
-0.715618041409620
-1.241829754178190
0.859387754584033
-0.960005469034961
0.439053283435013
2.985989006882547
0.155077849818679
0.605129602690760
2.496605047795620
1.654896643109414
1.795057073723763
-3.223335241018537
-0.020261942491796
-0.356589134281361
-0.001720944495242
-0.593179105609082
2.843656744481229
0.785782732774174
1.590578634054908
1.155468556694671
0.759296605749645
0.161471159517959
-0.123079159878973
-0.543208358832590
-0.262163821170139
0.210756275798834
0.490488668380221
0.555028743102150
0.170253478051471
0.476893575166698
0.400160186258317
1.115990914804762
0.595551956606235
-1.609988902814068
-1.343727944808587
-3.062224026255289
-3.375362588965948
-1.084066679567367
-0.202876285688918
-1.036058601795649
0.168889417816110
-0.058783664344018
0.047525381894881
0.511029734046937
0.446246690765473
-0.788368609184404
-1.873854480789024
-0.714146210316135
0.682965654869625
0.342195204068443
-1.152438576242054
0.912963449940430
1.342631043182491
-0.210794763100695
-0.060779971594572
0.851658752258134
-0.022305602666209
-2.856237101600409
-1.865591429660914
0.640782601602581
1.784206630460732
1.584531439137111
1.957138303259863
2.282155629180803
1.505655283343215
2.542968455906368
2.849778082228482
0.205463002351736
0.198473091627006
-1.406968800856300
-3.161501379592609
-0.008353282849658
-0.377605471333526
-0.948415116881642
-0.212387658207917
1.616947308548110
0.552633496124764
2.399427044121274
1.207410461150527
0.500009833510736
0.844628558894668
-1.451723061830877
-0.414330696179927
0.227152929718406
-0.653037731667483
-0.132920113296961
-1.778957236729196
1.076272300130224
1.608993936840160
-0.296449817906623
-0.695072807565069
-2.253563359282539
0.051229853252305
-1.155019708772056
-1.522081540765222
-1.147735383644163
0.411886198115586
-0.206101185573743
0.266840963464638
1.371097209051669
2.109697216627865
0.941901969239627
-1.132084895545070
-0.624037609425398
0.055497422588191
-1.902748245910230
-1.259180854423088
-1.824537696289212
-1.287736425423146
0.212667336275305
2.346211931151114
2.538202039524521
-0.307511373948063
-3.024739125421861
-2.186016345513978
-1.086192027389115
-0.532223647331916
-1.969510860166149
-0.623323383711334
-1.218830098438731
0.498362579687252
1.225332348798414
0.758683913183750
1.410609415044582
1.387113829282119
-1.264425997275162
-2.019346136148002
-1.593806029930182
-3.262401119830145
-2.427225515232648
-0.990566956823447
-1.362864019932738
-0.118833283971732
1.824429166834926
1.366847643678007
2.952875790394268
0.153799980163304
0.952076465257270
0.492143838025468
-0.876945947878783
-2.801015747461329
-1.382724035452607
-0.131983392182892
1.037066146919688
-0.374432879452777
1.463538913406719
1.351254155920237
1.627196705076393
-0.381534965852232
-0.082244908410611
0.804498200645318
0.259203444420968
0.212923781957548
1.024042491611971
-0.329261361308964
-0.128578262216569
0.954193913649939
1.214208264953601
2.214667838091158
1.150189647709040
-1.515697714970165
-0.452565706718885
0.191240506972976
-0.776013330134403
0.950144971641835
0.698341176588531
-0.470780479168632
-0.906829075513941
-0.043813408694861
2.808186862177653
1.865738315970981
0.137464643267824
-0.827930912083284
-1.410051279327479
-0.617202430433034
0.142460462328764
-1.463638864648060
-1.066213555680825
-1.534608535445171
-0.907988210149664
1.108974678279011
0.251600398074409
-1.118285944703365
-1.491049995290886
-2.690401488757953
-2.324787189689100
-3.039406390708654
0.050812366429688
-1.616899905323257
0.158461801330882
0.634336462438579
-0.123797264250904
2.347097482115594
0.458713981974852
0.024922071177233
-1.298119185743687
-0.993520447003346
-1.688225569699646
-2.040975283340780
-0.627439861504482
-0.630039902383974
-2.215484629380519
0.966441638965923
-0.152724451329337
0.237277798761531
1.031987810720506
-0.773306022138279
0.377577994914321
-1.501270791666090
-0.962868596372799
-0.445661896786697
-2.272939535405837
0.713138339182559
1.234298021513240
0.684634828978518
1.835221776431165
-0.142194633740507
-0.630654270876324
0.234187167043775
0.137968534616124
1.513063900489567
1.009601132228931
-0.549621111173941
0.750435869442408
-0.624798829392462
0.278292570007018
-0.537878311173257
0.853874251942180
-1.129616414447031
-0.110525598339664
0.094071385200920
0.855549272923189
-0.609101707976162
-2.017977333330292
-1.151428125480984
-0.497222221314176
-0.878719446227739
0.021447318704595
2.736629267683389
-0.228995185245129
-1.798434053656713
-0.721936132751322
-0.517288396712325
-0.663492638710153
-0.696317142493495
-0.845285312897817
-0.853732247455504
0.750637566297202
-1.592183885377341
-1.409484155896090
-0.113303197602524
-1.190123639783317
-0.325426689734842
0.596018850809112
1.641361908194719
-0.427203624843158
0.397157853568481
0.429883782886818
-0.176567680259473
1.173321943567969
-0.217259769047382
-0.857856755796703
-0.359636246378723
1.118371984392912
1.722660080688650
1.674358718521324
2.988422791643855
1.085824378514928
-1.716143174690888
-0.004419126950536
-0.840056965935304
1.449693176975410
-0.149358551064087
1.126978610697890
2.537111143540042
-0.432495363861377
2.134086224870621
2.564066039338029
1.622909007813631
1.428459915429846
0.249181344992369
1.021036608340774
-0.571705825025001
0.047305255839837
0.457153515787289
0.729232754053761
0.734362637718167
1.380138124706696
1.136251299828588
2.037351743857737
-0.141126633030359
0.142632456808602
-0.697845300377595
-0.504277570193883
-0.604798619466006
0.031332835539616
1.418515374066884
1.023822251630126
2.450532622767695
2.380788971549674
0.666969139969727
0.708427065005902
-1.344751268340305
-1.703297369603064
-2.802532180369095
-1.997621251609909
-0.627951769784126
0.650679302425415
2.250815209987465
0.517497007031594
4.168116895708602
0.604421499267669
1.409096634649553
0.225659789440279
-0.090136445426825
-1.041428382825415
-1.711282096719325
-1.006527458820208
0.856100263396377
0.761425548684625
0.359091444349090
1.009172309351879
1.057970612994249
0.871366329641855
-0.033411974369214
-0.743660914444865
-3.199478677603496
-2.372089915405139
0.466698022064038
-0.738308623133932
1.620198073851016
2.510666282114234
2.146233108588214
2.539257858273003
2.171088130915631
0.543433895584178
-0.178080576597628
-0.706208780893954
-1.838087770661550
0.371538203848550
-1.017157934819043
1.048986138819592
1.216422625355719
2.526045636342761
2.063135664773724
2.035494845830109
0.824296465841081
0.542617801968527
-2.134908453834564
-0.094287982100427
-0.101134606483357
-1.385647499790783
-0.171126569539947
2.226370302452314
2.390466059189893
2.107108577975942
2.789209251171911
2.064698827467624
0.406593476346217
-0.551266669458165
-1.884923417773371
-0.741763776664479
-0.793458397719984
1.381293636871553
0.184114914668702
0.500815372796929
1.846856739632106
-0.364666265204868
1.062955242776007
-0.276135696687941
-0.393301390480488
-1.818875392216388
-1.713922889789403
-0.614406625442065
-1.665862370213282
-1.432310855282255
-1.124689026925725
0.535718729428320
-0.994236969992483
0.548461613848350
1.745140975415959
0.498519189798894
-0.632278233072922
-2.934101190091592
-1.921071030287184
0.149239363506848
-0.081400302502681
-0.294809228799378
-0.938178316087287
1.865298236269180
0.968085846696008
0.263325795379940
0.128782340056875
-0.904267674567445
-1.663035900202721
-0.733668642603650
-0.323158000736388
-0.347278297373955
-0.115464979213596
0.256187293609965
1.695142405527384
2.254335138106827
-0.240610599424462
-0.255547300602316
-2.213508547673340
-2.943846338741282
0.358814257373656
-1.030377486033002
-1.060811889687330
0.817385639858906
1.821254859538108
1.008902727303820
1.937469835711852
2.476373552737297
1.467348095079993
1.925101861297056
1.607038423601866
-1.304349489607221
-2.156379461336042
-0.002254858927641
0.098437851861535
1.204972661610928
0.025912840300273
1.666842975655544
2.215036858916058
2.404083075428400
0.778223242288025
0.443477552322798
0.458006121838588
-0.765509823369552
-1.137042575093641
0.077769217349639
-1.089503060992548
-1.547765936903990
0.839213084647623
1.808295134440611
2.254169933513915
1.049028124085957
-1.069260223450665
-2.294302593341525
-1.473285946623487
-0.309870472936022
-1.405432508256240
-0.476832758506005
-0.853797825025781
-1.213107129063137
-0.196030786040808
0.182639708152263
-0.969903643341835
-0.747992153801484
-3.442067313414908
-2.462593948146503
-2.574216239004237
-2.389327182998419
-1.822490748484883
-0.539677761756037
-1.388160891020877
-1.173197480390836
-1.404163773339469
-0.436236027553501
0.044491298636167
-0.941923684527572
-2.975923781558324
-2.291810255168856
-3.768196481636402
-3.630779873340326
-1.905587765504489
-1.153734300727322
-0.879371628054858
0.692399658258197
1.249764363518470
-0.156652090477291
1.209685890796887
-1.137304261749133
-1.591821662304094
-2.180244748131208
-0.882932506010468
0.353881262144478
0.178521120596006
1.351942663125790
0.479720241025620
1.691146101013637
0.845550937208862
-0.991885703223420
-0.748877817516132
-1.191976285983017
-0.702263095420978
0.718465896965445
-0.466604643725435
1.285256876184923
1.236454057314939
2.046744695878172
-0.276740917241188
1.772959764557323
3.186738667108622
1.060101932068610
2.147932662830796
-0.200038803721360
1.537018492264316
0.120350338310441
1.666141477324480
0.769249367552752
2.166661004905420
2.434586113812040
0.525539281202678
1.620410521747830
0.588945535297101
1.199775868198436
0.253593411670990
-1.117818038056695
-2.056866515590255
-0.041448889175320
-0.471428888238623
0.543269457931941
-0.742683932895715
1.854591804124717
0.241781579721969
0.819180155128004
1.467494566996826
-0.474287769354008
-1.942366013709601
-2.688324273705620
-1.868052469376479
-0.717203695355505
-1.209494751418604
-0.193055303998851
0.206801974545824
1.349160915989457
-1.005010358867767
0.148560746342837
-1.526716176673874
-0.859882627114102
-1.891677858844546
-0.529685203887244
0.903984339805128
-0.382838940461311
0.061293884513222
0.235257488459728
-0.476030984148378
-0.019653537263914
1.140735630084620
-0.981662356222859
-1.823359197684371
-2.159011739547365
-2.440565226785376
-2.169969548648885
-1.456355546199843
-1.680145687298657
-0.095129166498922
0.351911061888959
0.023749107922297
2.006403996665699
-0.083762690433348
-1.075553199157781
-2.120165908367621
-0.809610296282638
-0.383834492468702
-0.397419998509496
0.140780191191678
0.688371511122093
0.962674374517541
-0.001194634636593
2.275042597555793
1.040552455942173
1.447511110165020
0.944432078580656
-0.917649355883849
0.317744452309875
0.700189559166805
0.452117896971191
-0.990071909430378
0.538534042797842
1.425834014224536
1.615851997472826
-0.137382085515396
0.332993864433738
0.318206975650294
-2.610600738775002
-1.187082600559199
0.466426284952635
-0.892346112831423
-0.471537766165695
0.919134997238967
1.061748684050861
0.288714459005638
1.619549354471590
0.454851806286823
0.544774455754673
1.219539873805960
-0.356729424768903
-1.436112774320712
1.621100482703660
1.699565814185545
0.485479348832622
1.058072899336401
0.265592358758645
2.519002881827133
2.184584937383444
1.962521695417405
1.325744236035781
-0.617899292343090
0.458161123047470
0.815268847422518
0.303261906408426
2.315608107169958
0.562122710963960
2.498435093988085
1.712958341191045
0.582687258817862
0.631033557061460
-2.674725068369972
-2.410118426853520
-1.735536838701738
-2.499958044800992
-2.023832858798305
-1.653018660828071
-1.274193951867824
-1.086598502438648
1.083638027928499
-0.765071149109601
-1.071158561901581
0.556665685957933
-0.149134837326892
-2.277258429756342
-2.265556983222260
-0.716886633401997
-1.008984212654217
-2.393210539979551
-1.170238733148425
-1.241050249973100
-0.148492562197430
-0.394584637759429
-1.508649036564132
-1.189966236760991
-1.614533449340739
-0.734000135995607
-0.655826519163268
1.597181930581397
1.554691582696417
0.274757956335065
0.232149357791760
1.457664302591049
1.923420615731647
0.428318783123622
0.549311518283699
-0.128061810801272
-0.896396309033217
1.107646210557724
-0.188673281412699
-0.784301215678465
0.815928864729847
-0.172218502969352
0.799256161934439
3.443293508304116
2.949792342690850
1.389800325354581
1.482012356810195
1.067337543066370
0.985596647178936
1.557594361696298
0.407829662870616
1.089369257988626
-0.542208693347673
-0.151875907961349
1.860996984928373
1.363176991131921
1.855590687399318
-0.334845715637138
1.965620880213196
0.191705656148332
0.849522986777425
0.769728281948920
1.271435850948485
-1.819176988653222
-0.427070782277593
0.671314178836908
-0.512622187441503
-0.142341596253184
-0.778647661025327
-1.676870692040123
1.489281912521284
1.680962309088133
-1.165886841928985
0.480728755543207
-1.057981147779007
-1.929450690129352
-0.955037608532614
-1.978951067059921
-1.863604501174290
0.456096364451759
0.859113632162080
0.291123155442133
1.928890716038623
2.028027471908733
0.427275153760309
0.989203089872374
-3.136704583862651
-2.052939865910173
-1.787501635363396
-1.158864755404233
-1.496655231430542
-1.386343919990974
0.202032935405746
0.201044112336931
2.505513529488903
0.847316939006184
-1.690751855919443
-1.163515030577398
-1.898605371766834
-2.574074662986232
-0.663765983280174
-1.489632595865108
-0.577276552332732
-0.718693951349921
-0.607738083048171
1.074790966670609
1.917795023827347
1.592753790964826
-1.629345178187104
-1.470429624551381
-1.346809742555419
-4.332360960066313
-0.915769964092315
-0.942383160484320
0.831687640185236
1.708667833186704
1.609997648130259
2.021037392894999
0.383479478828519
1.026637269323707
-1.699139273566304
-1.851906536375290
-1.855599296628019
-1.767192965381453
0.125961775921536
-1.749231482446222
0.139101089413955
3.858456495463154
3.040715263382493
2.275417544242421
2.428038732237270
0.038032591545828
0.761225757636187
-1.718224259412691
-1.355736789419889
-1.417657933670008
-1.522437260912862
0.601315766661413
0.737769266370614
1.231066208947458
3.097787668414842
-0.405321555241188
1.933563316341855
0.037737465331658
-3.137730938576542
-0.216632286245965
-0.190457163795777
0.802842903156536
0.193797688824074
1.848680622589692
0.187206664622227
-0.813096576370780
2.904476596272080
0.816156778767767
-0.633115705043444
-2.242108937415314
-4.731940405031581
-3.197955528503811
0.007922081358384
-0.434203619352845
0.754415254633497
-0.801214901343405
1.793799226541120
1.629519001343018
1.808875780842923
-0.341470599613350
-1.045332289010581
-2.589398807102667
-2.796692928892133
-1.794636991279587
-2.263483132969370
1.079548626935275
0.122508201386452
1.826007072497185
1.637826699384418
1.100213992154300
1.355515349640098
-2.071863815120360
-1.060423765009671
-1.947901217803784
-1.416836862553762
0.744163896950067
1.582142254756483
2.382185882679118
2.349181982633952
3.661994720474309
3.338667549185234
0.468085091765575
-0.868893293769429
-0.640587377034025
-2.427125348340684
-0.817201652749177
-1.016737865242673
-0.365885755502752
-1.120454151069674
0.426294869915193
1.905566258265573
1.075062859609745
1.456693229150255
-0.129655385163194
0.487665800990479
-1.398388029758580
0.494609345795837
-0.242740281965582
0.018683587639178
2.288669676890377
1.640011966505991
1.035441446386317
-0.750059654578543
0.871783457906846
0.148783391287289
-0.054996009473421
-2.044070529667964
-0.693456149198407
-2.501280082897820
-1.364336420470002
-0.166277514698630
0.843451202275213
0.444946488835987
0.626246361107414
1.681539497054955
1.899546025407325
0.445128113267404
0.690644216288246
-0.941878750899697
-0.478017094103263
-1.708025805334315
-0.690698998335932
-0.181489485466603
-0.692983245666623
0.705698849168779
1.866590448626514
2.140472871670297
-0.124922623817693
0.990987383555417
0.141429120181813
0.058028107479798
-0.578230513877169
-0.586257938738517
0.697175722558007
-0.082462771674200
0.014448495134911
0.978548101586951
-1.507432340759282
-0.074922151562449
-0.608188590336921
-0.474321443186746
-3.289039736055354
-2.425761946107176
0.366066990502988
-0.804019486005261
0.699243375339735
-0.106947088071598
2.069171153472096
-0.265233584816376
-0.825072684843363
2.058879268185920
0.327484455814647
-0.634987174347566
-0.996517858930882
-0.915319672501156
-0.848801302388079
-1.183094276183745
-0.467905608910706
-1.749112363038467
0.822768888230039
-0.157742761520997
0.168869611558915
-1.007769591968196
-0.601077470030327
-1.466854511610737
-3.034176822457902
-1.803936678128276
-2.226534150098484
-1.627640861490148
-1.224075977756212
-0.631396175766365
0.230854551124538
-0.051660481296629
-0.926521836967402
0.375821066286027
-0.264551977908106
-0.073140134583153
0.003302135370500
-1.587853270850425
-0.518738012203981
0.940810995788098
-0.017096941717125
1.173091839686125
0.421148259284172
0.724463064623158
-1.314057010973906
-1.823069447690965
0.546750730768333
-0.585158863753590
1.950543353516421
-0.520406287824434
-1.144413746573694
0.595555797972138
0.317961794446819
-0.903943284436387
0.374921368882976
-1.729243109960980
-1.788386436180551
-0.723695906969561
-0.903209693458868
-1.478611567183040
-0.687823925715581
1.617935692356075
1.382194196597742
0.920975246572769
0.938663964754405
0.246463594337241
1.690867323634666
-0.124342640863702
-0.762572064928634
-0.055012217704182
0.346538580202963
-0.066136617174065
0.469995938245350
-0.461689625899150
2.841489765696719
2.698094835952399
2.174621939694180
1.358090113094960
1.530871029549224
-1.286550911779773
-0.633870340675542
0.956678453260224
-0.760765812992512
-0.492057915654499
1.191282942251741
1.825805890786369
0.713126584941375
0.279109936164189
1.656646779651420
0.731031155198039
-1.422849806156361
-1.414329137962578
0.483556205596196
-0.003501309267092
-1.048230708120571
-0.543397656978931
1.847887205664227
-1.111115714762901
-0.238460808304292
2.390962239649107
-0.830695896885424
-0.741191973935408
-1.234852752211425
-1.416059578445360
-1.625478904658596
-0.019412386733433
0.150998543532455
0.620376467076576
-1.160150691704489
0.977646618661701
0.070553384310206
0.555144509793914
2.408571595739421
-0.783422516361723
-0.834014254083709
-2.639649443423720
-0.787896061048969
-0.457426508692832
-2.009285155083655
-1.907571175500146
1.069785915087916
-0.872786870006398
1.692074759515851
1.038735086651515
1.966121741963384
-0.644446307578991
-2.616916713867477
-2.594147448320320
-1.016948298005302
-1.455944325367288
-1.244772559256121
-0.853328014605770
0.933728114465292
0.720529794847473
0.354528514410480
0.117429352842979
-0.702389160584450
-0.783593471016290
-0.523545325075919
1.347765173742064
0.152721629085116
1.705189599770525
0.774827386433293
1.127958605030592
0.063725560599056
2.432802648039074
1.222942381630641
1.304554084894163
-0.336791912390736
0.140804111275027
-0.723633048097751
0.133781799208600
-0.940474320292903
-0.302318746024849
0.920168978595598
1.694756067353725
0.610133154470871
-0.538912819867523
-2.140392384158130
-2.538006413922368
-2.572180219280324
-2.342827576258751
1.413890089473285
-0.088956762801962
1.948516909677529
-0.207470092976183
0.371711702494808
0.270398461168066
2.330534376853105
1.121116654146307
-2.153837525263323
-0.995372295643961
0.247590444445304
0.110254315163699
-0.226240177896154
1.131788037741824
0.580340689340134
0.627925001786887
2.210883261444547
0.466349121624487
2.665490772142817
2.497183759851055
2.905032824770345
1.901641029086216
1.877102775476089
-0.137898339143857
0.666005423767194
-0.229559857377427
0.085821812911720
-1.141748875895573
-0.479325767853511
-0.407589476861909
-1.680581882488310
-2.765732303852030
0.316941604568945
-0.516477524557287
0.494301663347791
-0.473951933872448
-0.815351829324610
-1.392504350073155
0.389355204395036
-0.274962743797155
0.890787055802798
-0.579282939056696
-0.402527853960623
-1.514220100931208
0.024761983558761
1.091048658688768
0.944455653914313
2.093010404585170
-0.404497828621651
-1.586491772951867
0.068049028304495
-0.703274822730494
1.870787731149664
0.344740447919520
-0.520171928895471
-0.279504944445972
0.760704625773305
0.223099396171592
0.526828009400918
0.751150021651407
-2.157121950532614
-0.052162231787278
-1.565867586101080
0.196786732501082
2.341367547109245
0.182392867100310
1.414491914925169
2.062795729624001
0.701738471478218
0.675018623346398
-0.819677730411340
-0.676590006100576
-1.692355627893222
-0.798640269584527
-1.014714643054117
1.051930574557362
-0.171631051916171
1.532354294478529
1.946951724532696
-0.073700291858502
2.833752582120552
0.454599794367903
-1.893861931843509
-2.059818581485001
-2.247194043733611
-1.970170737588088
-0.673440652259057
0.406259426080046
1.441443448587103
0.056613307506571
0.578509576461919
1.686931575515411
1.563431617227357
-0.756686867256775
-3.092078248966572
-2.029744683082931
-2.101737907941853
0.201060896852539
-0.645541376670742
-1.461671984474598
0.924870366757234
1.031290610938125
1.662222069518140
1.916858914653704
1.020698791155488
-0.434235912715768
-1.859560789514686
-1.985907622566410
-1.137630066071166
-0.411453237455298
1.078713976473203
0.152870958803361
1.941948471638274
3.948391240293772
2.125604151920172
2.547860702182224
-0.038600232511459
-0.967127220294182
-1.453576530871349
0.362548999664282
0.086306688343963
0.192848572140845
2.720957944957054
0.727446106733012
2.953210475018241
-0.393429560368178
1.970084768371459
0.671666805287095
-1.723092030365360
-1.757035362568446
-1.338523269712272
-1.509637092219775
0.519751955637644
0.358623071137992
-0.651398558830705
1.832590974143925
1.731817423590496
0.663268078887574
1.313652352509678
-0.240986864414270
-1.399294252268075
-1.782796925140619
-2.678251124748652
-2.428061368786867
0.116668943196128
-0.540610525666104
1.921955168045257
1.567033628141239
1.156532732423636
-0.275636745674008
-0.599007232865550
-1.494357916543361
-1.515106558739537
-1.210271530020594
-2.645143446960847
-0.282946665055362
-0.218962305604957
0.865289985484580
1.043003960042905
-1.104208848832914
-0.669691961243695
-1.010284660299266
-1.513472192431359
-4.038347330365099
-2.120141919356269
-2.714232719007273
0.315069290983722
0.367622608349519
1.569910929627110
1.527405641138695
2.112109653717590
0.445888782751438
0.265163887919142
1.074026021647756
-1.427959533868340
-2.751245716196536
-0.448524348138132
-0.822393278173595
-0.297715209679443
0.865016963765249
-0.224627901174103
2.639874716193358
2.294107029145842
1.330295792670325
-0.038672465119049
0.144546887508909
-2.233621521695466
-0.868227626473180
0.085810568643912
0.403035797054283
-0.066824047533501
-1.388841760179837
0.633363743281825
0.244054637202415
0.362051892730726
1.690585662046678
-0.243173108876404
-0.946977002280549
-1.477232190057926
-1.681224048170567
-0.796364860984916
-1.907357960131573
1.900592736642184
0.326350034592489
1.333555938581186
2.701223533657717
1.967729550037105
-1.285151120867690
0.114093077876644
-2.179003680109858
0.003775874359756
-0.259346732760447
0.449169264975161
0.808720521961859
0.961985589879343
-0.510414162683509
0.519532649945371
0.906896905858965
2.014338612616441
0.071976169905083
-1.969595314155801
0.121592080456677
-0.202557840964667
0.399853440117422
-0.554123237641450
0.291714240983865
-0.035859563182740
0.290572795282388
2.267650773313490
1.753878383722002
0.344160810316612
-0.095906890890004
-1.098965994097277
-3.053055449525000
0.095368284137781
-1.463750602489131
-0.434136308951642
0.659419847529612
-0.448625773638249
1.795892862120821
-0.220553748354430
2.152962546804715
-0.462226840237245
-1.103043818923064
-0.932561910186710
-1.726085978701190
0.224668116627769
-0.470878010316597
0.741215310571508
-0.716464654125521
1.100738298755315
1.025534417996741
0.031443717585874
-0.277134374171086
-0.762903350349956
-1.301116424506091
0.253929558788650
0.206661398301524
0.719141980182931
1.621998774258083
-0.699451245517458
1.634085531205272
-0.218291293912222
1.704538342860650
-1.555964822031344
-1.954081268706326
-0.912569793298027
-2.440309731655296
-1.803187871243410
-0.128965593379012
-0.381086784299657
-0.301720866329209
0.456842623101161
2.103428070694977
1.144515243859020
0.128390799102345
0.261804859476956
-0.833120978504519
-1.531919866599123
-0.281034665493332
-0.965366232601769
-1.623796861830525
-1.960381569801360
-0.062474035454095
0.239166664896139
1.782568010976253
0.214224346675622
1.393936415350828
0.985545550513224
-0.416945306038366
-1.623710638610800
-0.925745215929987
-2.004973915085940
-0.986546190086023
-1.698369943936112
-1.297998594502673
-2.685651047210421
1.778767569720525
1.078405317036481
-1.062497615509228
-2.689644161293460
-1.786003479808544
-0.026332657896023
-2.081970506809389
-1.082106216655784
-0.781013461523552
1.465848739786260
3.055784271348211
2.216517839060061
1.462633418996407
-0.315449058881035
0.532214988860027
-0.213503994613365
-0.531917613820004
1.603850152363131
1.676026248780321
1.783186400233330
1.221986166715511
2.254817943738286
2.359355478707092
2.864451026129069
-0.470228228071731
0.664914256788988
-2.608230822450881
1.076212290857546
-0.175006096050918
0.452897680749906
1.002223657261515
-0.268798906558028
-0.397943729849009
1.898074558796832
2.000112207865095
1.694374591899627
1.104997635128527
0.275231527839402
0.323541538130181
-2.406667817752883
-0.314996132064406
-1.517293098677375
0.604953471255884
-0.495639224271169
1.134949301698399
0.092810280872506
1.231308523757092
1.069637134965589
-0.421314093562910
-1.545604438144139
0.971160217041898
-0.871227503306375
0.321410758100402
-0.175972588461316
1.170484273984377
-0.820371493922531
3.499985984769284
1.454626131655393
0.469852927118716
-2.576445224119677
-1.536403275643536
-1.277186298019142
0.134475767810918
0.246295664648794
-0.611468113179591
0.513649356361637
-0.572360579174080
-0.055025665239366
-0.714043151343954
0.722446157873285
-1.025262706731429
-1.591857908973164
-3.537744627467514
0.309819161183237
-0.702977840776572
-0.667196083522903
-2.915019219389755
-0.167706134857258
2.240597145543768
0.692809142032820
-1.311287273741264
0.574961110419413
-1.356694163967093
-0.541225591588456
-0.886369700176421
-2.048948547316305
-1.133183613640577
-0.582444491497152
0.957020599111205
0.631586837261212
1.004057937374534
-0.152426383432417
0.607583562564630
-0.719540448905585
0.638914502911702
0.331556223072910
-0.668206071399814
-0.586435388688067
-1.018935433469239
-1.208571002245895
-0.942724671164419
0.586411448908707
-0.223987574954312
1.623451059847670
0.402521236517084
-1.282092229428500
-1.338426358938202
-0.219750982539051
-0.337012102699718
-0.445201277627488
0.208374203933781
0.948580465496959
0.750955576773352
1.821947643311126
1.586489696840470
-0.272651785465782
-0.295749145724214
-0.335587694713586
-0.662811427954219
-0.136626723799814
1.282122829300719
1.364193377102684
0.482594345517498
0.980060638188419
1.476138586158934
1.554804939815949
2.401579827255085
3.370183709760419
-0.617756031070194
-2.403404023977206
1.028429596119249
1.230813278020183
1.762696688398681
1.127242995600578
0.498689995672775
-0.254163118428531
-1.075199423744672
-0.329116500514409
-0.003750239588376
-0.509977936317580
-0.154395913494769
1.652111128139619
0.732349015132165
0.059264187503717
0.118799977770014
2.041507105119547
2.651280199544235
0.479909723521141
0.074438873598653
1.238202394349032
1.706818491383751
0.480187936039724
1.248979102309762
2.043554979652374
0.320550837042810
0.330416312661328
1.269645141907160
-0.451422487439125
-1.510057280915057
0.893054840499512
1.885913924535456
1.768464740153637
1.654280543603720
1.195514302878519
2.361850483583262
1.618406856896777
0.814131536411794
0.411243927159358
1.005345575172955
-1.336984949761223
0.839990897439620
-1.249180136536283
-0.484886880196687
1.140939653167001
1.595243159470063
2.418303630197932
0.926840687424288
0.491755170670325
-0.182496168150259
0.370356004609053
-1.079283881593195
0.713457205647368
-0.254557112788998
-0.580730862089835
0.179030855952691
-0.080068998047046
1.375553654728753
-0.030711891637397
0.099420458856197
-0.764416240792305
-0.426879023562969
-0.840311939682539
-0.661849660338834
-0.232793507995402
0.290402217711791
-0.619894947383876
1.015005289910125
-0.332667402503850
-1.186026681139539
1.199297779927863
-0.908834060304014
-1.337167929128583
-1.029767776493756
-1.703245267536238
-1.073908158584725
-1.070886316583818
-0.672700890536352
-1.163131655452902
1.500950431305127
0.290479600973882
-1.257664235611960
-0.406016920445281
1.636700058369624
-1.225056676302672
-1.541372446981634
-2.033464543037292
-0.369949364759149
-0.030076670943483
-0.287428428605465
1.013765246101692
1.167809161833846
1.889085003166122
1.622383137034737
0.339222640993632
-1.932073639627577
-2.209802269990624
-0.576989277499329
-1.426664629024502
0.059220500349661
-0.084246125436017
-0.947413544448996
1.253597036798516
2.489175873462969
1.020903671738089
3.208579532748135
0.166486156203480
-0.970401599960124
-2.364388998577724
-0.927694560471192
-2.434425261726081
-0.452922839352984
-1.012065624958059
0.721292391762514
1.772032438822873
1.072425667592467
0.124079211525944
-0.324652255566101
1.726712572756877
-1.315247597915249
-3.818264775371030
-2.219844159057911
-0.956666444978150
-0.523163649707960
-1.090125473102753
1.457756124823575
0.784482173801663
0.530490761094774
1.691998790803041
-0.015920684018262
-0.656572831238091
-1.578410839435389
-1.900214436800527
-1.785187383527971
-1.662479734005599
0.443987722555101
1.991380297215652
0.452615709110191
0.753397472788272
2.239168834878702
0.492950985649129
-1.894703390976985
-0.159030544605490
-3.151152041002437
-1.869297056472147
-0.484907686047313
1.427467398807805
3.056285680711391
1.450743166011744
2.807874143928610
0.430512511626632
1.690979771928116
-0.547195093130931
-2.003977480801089
-1.110881474561862
-1.814702942080676
-0.696453740965716
0.167107227947418
0.435426669945442
0.665392207740704
0.344624657271345
1.074051413681768
1.183669328107896
2.158885145957601
-1.633861104164293
-1.544118765472470
-1.566338478190149
-2.002912719942846
-0.798385063290402
-0.195397830357863
1.942621366665532
1.470544578328958
2.197704510221386
1.404741303085910
1.444776779425703
-0.639304224870572
-0.623601125062081
-1.305613979085571
-2.241843517962076
-1.168836269133666
0.835368719606300
2.011495496039989
0.392278386155648
0.829742926644613
1.022155514756160
0.569089254400805
0.211715628335004
0.767529810696511
-1.612552482417846
-2.673229242187437
-1.011592662781771
-0.583493421006874
1.770904038530008
-0.069082322130481
0.285828946549757
1.298596160545929
2.614761864780089
0.975622987041001
0.315428821479235
-2.371859130192213
-3.155772545980772
-3.396800334769819
-1.401979093519213
-0.575933706739766
1.299579745163041
0.786977109487038
0.878035973233328
2.638094443438745
1.274518489221016
-0.348993242728826
-1.065173940429393
-2.944701515252498
-1.457282315570132
-0.394571281928330
-2.908837457397404
-2.533691036238278
-0.872660987304802
-0.745669789976924
1.539066498044452
1.776214077906371
0.639641569536795
1.106688621145804
-2.019080803358256
-0.683377821718800
0.779266705195999
0.280826699007512
-0.194062681284096
0.950282047337520
-0.618450292780880
1.712645418744288
1.046884178341785
0.736869947790106
0.877144247925399
-0.795096821469043
0.697748835757213
-1.082103712703969
0.840738691764109
-0.455154103824944
0.036904917654021
1.421825621959496
0.644219745553609
1.966625987208891
0.868136540390278
1.213700474522302
1.301103380169732
-1.526668197577203
-2.431993989420664
-0.463371776731076
-2.884928520278433
0.420182811419726
-1.116198404893865
-1.124952494722087
0.193577995514745
1.085508805556184
1.591817440991847
0.091387773721119
-1.792855737703011
-2.080960948051465
-1.763321527569682
-1.286318896643666
-1.479207113152152
-0.212527294869806
1.344638033085680
1.773842351021022
1.746911874331645
0.307313321790950
0.050265731852986
-1.250855319738570
0.405955606899210
-1.861879654700442
-1.308981851811436
-0.441787457792055
-1.374149217703181
0.204410214576907
0.227322556059172
0.678004097941894
1.911923030608285
-0.166021510197588
-0.956339573401545
-2.190378132059868
-1.725450628110890
-2.393775199297744
-1.500391384073992
-1.807207337562716
-2.577982460903947
-0.830325872816138
1.175478403920292
0.499630282072487
-0.120872297607105
-0.581383708219506
-0.141588110406863
0.008853713153672
-0.787405730206181
-0.492954983128592
-0.103192317043247
0.843554635522848
0.757303877675612
1.845031998208824
1.087626020363381
1.932928125926230
1.377058367678057
-1.201774136899891
-1.665017077845601
-3.952954365415783
-0.465634730842628
1.427421206436127
-0.898753702326089
0.172000572673099
0.834742622548403
0.493581472974244
1.141218766576850
2.197167517659743
1.109280605019077
-1.512050367063011
-1.310415311273780
-1.800318015701716
0.533706727155586
0.237899664053628
1.519664833679146
0.709621106887070
1.554622595174320
1.962978934203539
2.670828190357985
1.257554460927850
-0.171512259777447
0.291151007747457
1.617236927129883
1.011285986661869
0.269557202860976
1.196474337029760
2.287541348699065
3.238329502185427
2.135285254917967
1.762026359420787
1.526935183019225
0.738611445572155
-0.404247410218432
-2.053955109528590
0.547495994583271
-0.175821823106866
-0.335976121164415
-0.056441047566211
-0.326501843794597
-0.244102265871093
0.194651465832962
0.027131577002867
-0.701923088261675
-1.891476930114835
-0.612265563222836
-0.400366224508733
-2.551407821990328
-0.907258343042885
1.464827743487505
0.243002776964000
-0.198424692514952
1.860514604568915
1.008926321951018
1.121713901727747
1.341640741647896
-1.059463967906836
-0.308654655600335
0.303968552025567
-0.687658079197005
-0.950178368023935
-0.947508541517863
1.125393767789960
-0.632035477318996
0.383178324446451
2.487566804367880
0.665866275410018
-1.552121877179797
-0.902530280052174
-0.091273271769819
-0.602160193406512
-0.006990201741153
-0.951900721929542
-0.317622525360169
1.062740473820543
1.062536618735180
1.705884735321236
1.971645247631525
0.091789244590361
-0.362500622663678
0.506005829836095
-0.730275659760747
-0.242359513550155
-0.480808020740220
0.471526913946004
-1.123314422210455
-0.037253904887903
-0.336528160351577
0.081232693329343
1.489390508484402
-0.148401297645510
-0.817451043416402
1.230893226238110
1.248189448259208
1.122248984150507
-0.455530093712998
-0.262835230869404
-0.875124750167123
0.320903593515888
-0.617964064287511
0.170540039863351
-1.658027571120179
0.398141300526248
-1.644325345650281
-0.965033247836922
0.991779400412807
-0.220522995565395
-2.246842373569132
-0.468194233707795
-0.533117238606677
1.565132934973954
0.432353865592289
1.102088319523484
-0.324425393615250
1.074728737100613
2.096370611282360
-0.869007205470264
0.194657243525229
0.478967273287942
-0.572390676907761
-0.824236431249262
-0.486018577397617
-1.256204286824893
-0.233636110113736
-0.575474320012499
-0.508745365562426
1.125113078247294
0.967032517647714
1.718671341791032
-0.164230798568746
-0.172724288587683
1.204672248355645
1.496423310091323
1.253305064063774
0.957597986041075
0.751840202198397
1.331742882836201
-0.923895203614707
-0.592988457916467
0.708707289818227
-1.118561090937117
0.578028398894722
-1.364757277314867
-1.190887611994060
0.008788261942415
-0.248760390311152
1.009953172556942
-0.080933843594925
-2.102481411448259
-1.001505293569273
-0.228563624647321
-0.765474516920833
0.951644411736251
-0.839648270407006
-1.665831626206795
-1.193614566222734
-1.867203916459977
-0.160950541938553
-0.379554184114801
0.171795589234935
0.224402967572137
1.337018920945606
0.803458552157377
0.933732532199790
-1.194163779875609
-1.958018902416360
-1.769241722669527
-1.468246259175023
-0.359834066040289
-1.073143323958027
-1.227022762581076
1.526196267242067
0.844828171296499
2.719632786745037
0.803065287854186
1.637420607327534
-2.788242206330052
-3.143934701502814
-1.632704420092685
-0.348390131274603
-0.146259136704672
2.165114576991797
0.951437597833712
1.328180182311721
1.373881322639575
0.431176863261693
-1.732363591090615
-1.045271698905974
0.081392182862716
-3.754482762481071
-1.439625894375332
0.802043573888211
-1.343067365945264
-0.427700370602883
1.064846081514900
0.201509200161595
-0.043265705762875
-0.117101099243187
-0.181254071986277
-2.215290362841634
-2.740955743470105
-1.936804452497010
-0.901178503490868
-0.600807317568958
1.863167993700294
0.852574112603454
0.407841569246403
2.155688965658634
-0.275662809848416
-0.157400440351026
-2.255760226068873
-1.247582062003548
-1.615638806184371
-0.748240112901453
-1.137223947475454
-1.093332411424125
1.589661285689194
1.336018952567642
1.636828268765991
1.413492231262724
-1.107503802157832
-3.748960766540847
-2.680890061150814
-2.439371676549388
-0.484094865958589
1.402244814531716
1.000786022569826
0.494430169259418
-0.506544815099246
-0.634719831905927
0.263973099023959
0.330542255305879
-0.842396916262391
0.075326382463745
-1.436497250497854
-0.893475059613402
0.061748358068547
0.319925202953766
0.607384429077849
0.136003819193819
0.672420506394918
-0.597116430805320
-0.146700939873894
-0.697817305403897
-1.104606149473058
-2.484949360120297
0.395074638140768
-0.390326894421782
-0.556521251323182
2.802773751885688
1.449729078285779
0.454217724525217
0.876560112950299
2.462542538909252
1.833826112710590
-0.359797007282605
-0.748766634242181
-0.313636047218084
-0.599976236863292
1.575050671103690
0.664215501897426
0.284198355082141
0.683161950341618
2.648653837577416
2.513177929752255
-0.421694856141714
1.932787262939582
1.167478545002507
1.001849925030984
0.862361552618937
0.281673445854571
1.718014797081518
2.044997760713201
1.954456051465774
0.921492337995421
2.523765346510500
0.645825166297398
0.556522937757440
-0.946453643302469
-0.986930838824225
-0.457667780408162
-2.328547609244179
0.371141001668250
1.060023970385026
1.842609846362941
1.634484962461207
2.357472906049495
1.057424124970294
1.280008013858183
-0.581385875564415
-0.417751528164371
-1.643961392557948
1.661333802540419
0.292015160839872
-0.614423266208182
-0.579723987317429
-0.847802318739502
1.435918345999015
-0.952621171504278
1.554517209769930
-0.230813169287300
0.264197246221263
-0.916542229338297
-0.175660842743330
-0.745939931382133
1.042737215101347
-0.846029625100913
-0.515375607615652
-1.091363122492676
0.310619309789853
-0.284766915978926
0.001403329003817
-1.362923912199590
-1.634381101323650
-1.889518710413503
-1.592969512867445
-0.283113999804614
0.987926267317228
-0.028927188031372
0.137557810360220
0.736191705932495
-0.794931828669542
-0.757900299780775
-0.206847225307696
-1.404265028211587
0.274348748917967
-0.934620786833449
-1.258047286358526
-0.372692978216188
-1.330753211094409
0.370078602024005
0.270897739530829
0.787050677508555
-0.436742555623850
0.123829539404402
0.279929427650442
0.695247415082578
-1.089124104591122
-0.144224547793485
0.683841516069165
-0.882677369933575
0.139869088857621
1.610053982815121
1.657138982188549
0.820096441756896
0.633381760022867
1.063069499910288
-0.794315259571031
0.100842489136613
-0.086758220277647
2.608297118215190
1.581851299281469
-0.339452263220502
1.735948991112294
2.534979468006027
2.597558989434877
-0.396047074493801
1.237240037933808
1.738606934728789
0.177791481269791
0.377810324093134
-0.254186756202247
0.343905343704149
0.283772767903974
0.829549746970183
0.895375219051164
0.143310116532685
1.485666811185733
0.525834228527831
-0.535762387558753
-1.226523180564382
-0.219904249048377
-0.827068640178118
2.213100277144439
-0.959902229658714
0.346328733446118
-0.221406164526667
0.835089931361075
1.608426958103190
0.234777471647068
-1.593018726750213
-1.782164421455862
-1.723999827791017
-0.520565115167781
-0.284311945652921
0.697715006956165
0.952580218575858
0.482401573838082
1.178976480117611
2.151962129808971
0.420932450066353
-0.836971009437430
0.266327228575333
-0.487828081412898
-0.733769996405166
-0.651317096626927
-0.539633223846436
-0.010809440271322
-1.624612198945062
-0.900730178088761
0.844662329307184
0.230681038474282
1.687571615094616
-1.287229613916710
0.152319408673565
0.606018048827693
-0.019178915077723
-0.680649193257891
-0.076746837104239
-1.784554302808372
0.466016788470054
0.817644630886992
1.361023407219714
0.736199038835303
1.029130199194667
-1.346560040529487
-0.034606374327051
0.017147008676241
-0.758281242832485
-0.605460710378361
0.535043845740893
0.655147299967694
1.666806080599284
0.210129808385555
3.498390233488144
1.021331527337197
-0.554079104471185
-0.478873301560256
0.890861022255602
1.023914403022681
0.565453453568669
1.299028338818375
0.689198487892215
0.343505627663466
0.671330973561118
-0.188398816841589
-1.074694720638017
-0.795521330615234
-1.404325691174376
-0.335559850136094
-1.415105836533663
-0.605626283122555
0.374686574058088
-1.055563662608528
-1.758694780749883
0.526030662455642
0.176968318525956
-0.406705582413673
-1.211173855052622
-1.862718520591589
-0.556425066264265
-2.280514426486174
-0.658998600723267
-0.216009216365187
-0.487407951131523
-0.702645711816768
-0.192218540946510
0.607272782935841
0.451040100971633
0.320091798555187
0.244707094989096
-0.956272884527339
-1.839092013532535
-1.728567531396165
-0.964554679385265
-2.905323012493228
-1.703410669936717
-0.764677207394043
-2.501724597235521
0.216538029348964
-1.354627876317120
-0.195328821713522
-1.571220683902715
-0.968495830701729
-1.250930593737251
-1.325447994957523
-0.224894626802004
-0.579206234979517
-0.792671086847166
-0.385557361371152
0.307341103244751
-0.930485702636338
1.319201425341023
-0.760853188387173
-2.432603545080242
-1.875615275444377
-0.732269127988970
-0.073121760613198
-0.430341816147875
-0.609866562523642
0.058882470378008
-0.476106559701506
0.568003132633953
1.120945822163340
1.202761698177572
0.250873002962166
0.188270385064907
0.511172844527231
-0.342019374914602
0.495920792195133
0.016410250133940
-0.120648210024051
-1.406236317831891
0.374263309538929
-0.126644606173867
0.866880607385611
-0.485560691673785
0.161241569171027
1.837664318225750
1.183776625911665
2.081327434931098
1.105731881003682
2.357374712756957
-0.948264879547603
-0.024872670767534
-0.162842317496549
-1.117726567777326
-0.200751876108114
-0.708260396197526
-0.457505553565374
0.390271843762448
0.384536527348553
0.105158191040646
1.910709466490581
0.012891721727989
0.981446237677798
-0.172447431829709
2.510590333100694
1.120817527061418
0.766273459486175
1.463287355579632
-0.369902369834133
-1.350306555015254
0.496966464868602
0.770032407957349
-2.249224621423044
-1.250467327577218
-1.241460317510273
-0.342614853090336
1.349941008096368
0.418345327974146
0.341381835060091
0.601654886598156
0.857804813246495
0.338781530417470
-0.485959738383940
-0.253342130051787
-0.365345350174135
-0.489118972743964
-1.506619568957881
-0.344975285279263
0.424846531521856
1.371184591344229
1.639291878742478
1.661219000246416
0.427271907399071
2.288072816289476
-1.018400240692300
-1.474766335300454
-1.313154162713037
-0.006256854296865
1.177804680994776
0.600992928675756
-1.290151539635296
0.880045629241927
1.163361333826245
1.742353854224514
-0.071443642299562
0.714122736867769
-0.823589796306171
-1.714721997666766
-2.483175431599634
-1.905510638126440
0.134906549718465
2.896959730382031
-0.099999548759775
0.779680106277523
1.469282983719121
1.974857268409755
1.288725024160416
0.774308835914255
1.542920593564661
-2.246988441092362
-1.099685258824156
0.954864765360116
1.695833298531578
1.788569969475960
2.835283548402507
0.881815276598341
1.351386406797109
2.917511286768500
-0.469605391764247
-0.593533524340184
-2.739669383884610
-3.333072272633516
-1.424465457796246
-0.602919377266201
0.633025188457533
-0.121560597890972
1.296393306809122
0.881418417686028
3.151531462408267
1.354361377773596
-3.065435549344442
-1.781624834038924
-4.878784263942539
-2.818594696772799
-0.658219312071222
0.545281823066298
0.583352773050806
0.858802839413821
0.807448193505539
2.219119340191014
0.123170328749965
-0.535260125735742
-2.394653191871996
-1.119128036430848
-1.823580612794735
-0.326694555052127
0.218433313484537
1.589425053235302
0.429704630645634
2.100425725092374
2.025776237052490
3.669728833016698
-0.745196266409548
0.293823539757199
-2.064447700321801
-3.037283600477657
-3.243799769981649
-0.549950742125204
1.904149939509150
3.225018008080751
0.175375869253700
1.855198721028385
2.075376991740773
0.420696197599938
-0.412754397311269
-1.464634993655706
-3.864461713552027
-1.292553391463463
-1.084922899403304
-0.942319369899769
1.311821316971969
0.845290686726754
1.515621129538111
1.314652617891571
3.036426151503185
1.064920111368905
-0.788646822011335
-0.032510067623941
-1.787107093396183
-1.290623666726057
0.183203581356236
-1.674146023557912
1.875663681809068
1.543035233265097
2.474620609409862
3.894772369910325
0.597687711381482
0.208788994496537
-1.328788924372696
-1.860487855439651
-2.429722174806408
-2.409479488547134
-0.703769424599036
0.557958526628305
0.824599030339094
2.446180318300105
1.096610356724911
2.171551840375622
0.756082399546165
-1.016256490346132
-1.091886503628620
0.749125286944823
-1.123733217532808
-0.592319055137873
1.369460631778726
0.207801255855984
3.065767532795898
2.242701963777289
3.239633181045174
0.495173471887171
0.556010095395689
0.365442503441314
-0.298185922784604
-0.133604785303402
0.878917596055166
0.800484079378391
1.061125336118801
0.398168622128476
1.139861855956100
2.923944799681995
-0.524244911264020
1.838589122818141
-0.068775264719415
-0.620080259117551
0.189799476252829
-2.549600136621472
-1.421757653440133
-1.025783724251593
1.225700964824495
0.335505426777069
2.052197753597819
1.499051001501202
-0.155372112496987
-0.074238372195336
-1.341785123124951
0.421821169536163
-0.788417114830292
-1.146337104780041
-0.004321594616964
-1.418165519259116
-0.766818185848065
-0.455549998929101
0.983266859824027
0.602697960294493
0.560055366825839
-2.456588012766846
0.524585419915978
-0.272391203522629
-0.069734741122599
-0.523855082399539
-0.024759026232562
0.545073624517839
0.984500128871778
0.430308951043122
0.237376525936545
0.750885430303616
-0.274003746155265
0.233077876002870
-1.000136984369240
-1.912594289674653
-1.385019093026045
-1.682688169498518
-0.641844719237433
-0.223073490473416
0.751365445296221
1.481401000493388
-0.670916180316507
0.270167157424875
-1.662965717739849
-2.522022123633864
-2.997592710252116
-2.361631479169826
-1.554334234044858
-0.231331083779792
-0.903546952172140
-1.074684492544876
1.160508218466295
0.560259435093504
0.053239275448045
-2.063945755017650
-1.093122875940567
-1.880652402481971
-1.647269561100164
-0.601955578602767
-1.495990829557340
-1.507313677370847
1.235559835341803
1.471474519918664
0.039213682619649
1.165788540986484
1.185117913188779
0.281241532272330
-0.760284791323431
-0.792511918731889
-2.003773004513116
-0.171604534286959
-1.243104974331074
0.378640025609930
0.460788870452525
1.676076490218159
4.300722651681562
-0.199896399095589
-0.581690835212233
0.684786037378816
-1.226856833179607
-0.123000666372358
-1.255013706448425
-0.640854193151287
0.963816064139704
0.115876738978745
1.744507129051966
1.440532070964323
3.231833103702168
0.248609297888730
-0.421040863950940
-0.443805932493116
0.155374100737161
0.001083627514234
-0.684984604528929
0.103548585414543
-0.555927996006768
3.571119642755011
1.043797254309595
0.445387743797246
0.274671454591352
-1.156045975563408
-2.080090432421179
-1.107254600199735
-2.594628523317934
-1.132661836352003
-1.474799396874724
0.010422362985406
-0.034212597930505
2.141599009252989
1.079683273613389
0.680935362976449
-0.928722751419131
-1.262389220170339
-1.639594902230992
-0.311671378112841
-0.211207165829364
-1.270838899784919
0.428466104646227
1.914613162117524
2.421341244662447
1.389845864977010
2.683688763322379
0.577646771222410
-3.301487300361953
-1.775620016880229
-1.271527718689855
-0.165904097154554
-1.148504655942677
-0.632653131739067
0.134891191997397
1.520716108695561
1.051318350414549
0.336453425269784
0.139535190025322
-2.050806330095200
-1.867420663129388
-0.876464441962691
-0.094929464182629
-1.431481905270184
-0.199398856389674
-0.733209038634203
1.107150699433844
1.165339354193428
0.457123860420027
0.105983936682596
-1.138226523094475
-2.541559637790550
-3.376189244063036
-0.853922373876992
-1.161634385644040
-2.356066714658989
-0.112653030766496
0.095366753911779
0.713058457398689
0.248213117728832
2.156940308442488
0.315993507128677
-1.348267328796935
0.527275362852914
0.095563489293966
0.494560870951952
1.764223271353326
2.161295033209805
-0.115542068428995
2.020076932554021
2.537110410185773
1.291185249081312
-0.651307759666193
-2.479602942993369
0.157108183832608
-0.855368096680721
0.172296244975043
1.430313214715349
-1.552341515077309
1.109032319708277
1.480320439279816
2.001286236885107
1.572965953164318
0.440976205353239
0.090151856107602
0.992580169126553
-1.907022158535728
-0.645184992039295
-1.276573002148001
0.283629067407141
-0.383444638965517
1.863451657900097
1.349300108271073
1.903872054029697
0.989354421599494
0.426210757839871
0.999153658786570
-0.633833528131172
-0.831043498889720
-1.102411203793720
-0.472029964147551
0.062688316683419
-1.789094399327054
0.053358754659051
0.986674192675483
-0.052124274011592
0.873624739722709
1.111875739196793
-0.267103622015926
-0.672688006181557
0.321201271615614
0.365842700929297
0.549744037525270
-0.668107882094719
-1.025889222993398
-0.692871611058673
1.378191864007937
0.627780694287416
-0.128478608456098
0.789233477216081
1.043064319663191
0.505298490506604
2.358314105899840
2.804461276356544
0.174465716559210
-1.604580627960792
0.410369514358059
-0.037464582239555
0.729783307385472
0.371700463013059
3.890958292690338
0.871479918038180
1.886409563539937
1.430992689246978
0.577041383472645
0.331249087010020
1.098530716462379
1.103973596973081
-0.472396729477605
0.242160215335909
-0.930046947769626
1.835405033095856
0.267672239293449
-1.495877959990534
0.743949216537677
0.487638437237640
1.054462557650782
-0.374487416416967
0.638260626411291
-0.128170579298662
-0.770349198748695
-0.030135358932566
-0.463273289462621
0.960126752140639
0.174539454434689
0.606693465045968
-0.589949470973676
-0.040397976087185
0.144425756961593
-2.093200746661593
-2.863411662040038
-0.730679757892992
-0.786110126574368
1.360018202250246
0.716958956097191
0.635481875229713
0.462582684815417
2.043274315850270
-0.168122722088768
-2.266188719785862
-2.416918856077096
-2.449153156106075
-2.243075380920192
-2.640487423363181
0.311669772702879
0.290870677009117
-0.234707273921347
-0.399910483097164
0.251911811350284
1.656171278688781
0.457190168749717
0.619046467850275
-2.455711085841899
-1.508122164810759
-1.185071165176802
-1.037474322685221
-1.041214651943964
0.263266676202008
-0.054703345078867
1.008029256716706
1.758102674043840
0.802837554522147
0.689820664423669
0.028974782100084
0.659546605520043
-1.167751514645483
0.043140673832776
-0.447062189531917
1.302445895356331
1.699240046851626
2.500452406507331
0.183211854002831
1.500469971457641
0.045325658015475
-0.035780284007403
-1.344298061958140
-0.184151345810042
-0.903037937392693
-0.374392282875641
-0.684891437476090
0.257647031565155
3.636429370644025
0.167962434348827
0.955816735639042
0.292129473837732
0.399513972520245
-0.768886601688551
-2.037171991649664
-1.871757126289637
0.470372660123247
-1.224222793231650
0.940011889708363
0.585474222690988
1.433373878048329
2.459106188708023
1.474598941766941
1.441028469022989
-1.350680909670355
-2.124314852199767
-2.874980134261977
-1.032509962510409
-2.025160619971233
0.272718645878739
1.204308634719702
0.859256432785090
0.806187982907121
1.839155803697573
-0.198137492848330
0.240943807202927
-1.934972548343812
-1.491948654948299
-0.561347050562754
-1.711177284371139
-0.656333395692178
-1.640277988393576
-0.614314785379773
0.394820749356333
-0.796681772800621
-0.283272499381920
-0.008936886638962
-2.310380909830465
-2.103786698559376
-2.014279098499238
-0.797977771070600
-1.802645322000146
0.298809357864934
1.605677740777043
1.022494339829071
1.090841376621065
0.810607214346683
1.126234496349541
0.202410664841345
-2.000792216170430
0.430217197980746
0.033435789967452
-1.426766984347764
0.898906748943538
1.252733915981529
2.344050520982866
2.614242112461770
2.646626078370178
1.654905814265943
-0.518387417497058
-1.771157075686273
-0.017970422937719
-0.848402907813305
0.872707562880716
-0.279352613294768
0.446001399935661
0.251678977179417
1.326164177655288
1.803971376705658
1.985306634059069
0.725949912817464
-2.202830031074024
-0.800631041209093
-0.645009081484878
-2.704443586161188
-0.114110186608485
-0.813226778121368
-0.543433320262027
1.435807883109240
3.219134706054672
2.154573418626644
1.842159246230163
0.671951350137796
0.010123843025252
0.425513808375521
0.297692483573838
-0.073291807843505
1.600761761698185
-0.995776796183486
0.848348061624171
0.318671210348438
2.378544191019764
1.883025977730728
0.184734312945782
-0.688681572740462
-1.821816991288708
-1.768997657158216
-0.948026860405176
-1.110929160124686
-0.294715981926808
0.011490272432058
-0.585838612525046
0.402719414874024
-0.664088284566648
-1.186019889895534
-2.098946188522028
0.079067994498710
0.551912812371715
-0.816530575809867
-2.918422226947667
-0.531313665426216
-1.206991455840199
0.281085283303516
-0.521940421556705
0.152602628512369
1.075816298765709
0.502245567357714
0.663096627922174
-1.790865534994321
0.453666277630458
-2.810901310126031
-0.435330219917389
0.194564556726495
-0.731070474031189
0.483167233869778
0.931660406518292
1.060729164728125
0.074047915174682
-1.023735611471924
-0.968875230212834
-1.112313774095927
-1.655732311978886
-1.028727356965888
-0.216041284717988
1.202876597678904
0.582082045549121
-1.223940963635577
-1.316617204525673
1.748140121777698
-0.589701469763688
0.353366803797190
-1.138077348106371
-1.126705153975981
-1.748630509690882
-1.277006881270185
-0.659037321052684
0.359717583350963
-0.145186755503275
0.385932410610841
1.320106575195576
-0.205734820247582
-1.488366144832612
0.461189316924359
-1.563397244330181
-1.500292823225993
0.742001395819907
-2.560581411670072
-1.823838814235830
-3.046013004607627
-0.489732865913574
2.005837168858985
0.070952381816333
-1.918140673469145
-2.160136860348103
-1.501117739425866
-1.496925389333859
-1.604306662980765
-0.799262957217959
-0.884912951065342
0.960786917687307
0.871339105421392
-0.449672809877416
1.159709217416530
0.627701585871890
1.202937296816084
-0.677016453802742
-1.240538451924010
-0.057029988863918
0.807555471231813
-1.374263923295678
0.920653559759398
0.117079438114797
1.206577202288569
0.899135840629471
1.187394407018248
2.143679302768848
-0.765283719674721
0.009246282359892
0.369896859938584
1.720404463611695
2.311938669482185
1.815841035113190
0.622020983506035
1.611418004870021
2.071239543984162
-1.516662024896755
0.380882658082921
-1.663762211262561
-0.994985586501463
0.332139350944201
0.576429755718606
0.961523462738954
1.535286688966639
1.345535795949341
2.649509188683919
0.877908578531047
0.440758358733487
1.098591525631601
-0.211266169037805
-0.298188820266891
0.192254757779587
-0.049696444485329
-1.189179687695247
1.139863328897280
0.561523192883062
1.139126243215071
0.559005362989167
0.695110831944668
2.251713284358623
0.962468326827702
1.453475950164180
-0.087122561457904
-1.129757870964188
0.140685733574786
0.438239059940379
-1.070732575206651
0.815583736333461
1.303384568825995
1.995566458988687
1.376025918998301
-0.254927882305218
-1.642113938602871
-1.653633693919769
-1.493121707518783
-1.309412277600140
-0.366989402169108
-0.241481427736288
-2.682210006382479
-0.077931009863727
-0.718313016158837
-0.324318894331915
0.252906362468711
-1.722507237968770
-1.819547253655440
0.916550826583156
-1.739537314684239
-2.001798061739531
-1.491675228769593
-0.117572345639397
-0.297670570988561
-1.434125687349983
0.210115395160515
0.877777776034449
0.175995045419528
-0.815313438029838
-2.029909822550811
-2.109992395498826
-1.016524651650712
1.509384235469935
0.350805866221313
1.150453083722463
0.425793288244005
0.797680063015015
-0.386915630404755
-0.917437436866860
-0.019466764657783
-2.397817110075837
-0.962723721883708
-1.184353365598440
0.790361452996166
-0.963811557948077
-1.011893187402978
-0.276025989211208
0.895744109281029
1.740277494029860
2.462768547057340
0.628703603054168
-1.453193168967262
-0.820969096133532
0.152617546378357
-0.273385734896405
0.166623474393286
-0.360890744331175
-1.179342390820836
1.251820190208345
1.121812422643173
0.801880848169086
1.220395040394143
1.795465592046753
-1.154506190214369
2.582091769548618
2.520074318222146
2.967879804954048
0.586438126027417
1.355069527037558
0.664042441083101
-1.387185087985149
0.669404580391541
-0.151250964180302
-0.864461330323970
-0.888161879870878
-2.340518061713102
2.164207012773210
1.331887246210620
2.128323579273705
2.239623611779189
1.538769401520591
0.757893010282800
1.503651046052591
1.639342246333745
0.219527095217154
2.125784272120094
0.217485905863749
0.000233551909470
1.944503715256840
0.760294420565942
0.102534055715204
1.295992144789927
0.959206309531810
1.076382179337747
0.981877281817569
1.082929065315427
0.349036818011674
0.078962459696881
-0.129241277104091
2.368626607664768
-0.672047794257421
-1.041066360514878
-0.329030256302728
-1.673234546983289
-2.883329671036835
1.993035621233512
-0.306775309883319
-2.124547283047749
0.145434528800173
-0.229300810289412
1.313827019170941
2.004960762453587
-0.549307161236770
-0.734773789485711
0.065215105124388
-0.487829964151229
0.368527284503946
0.313819246293389
-0.583249581308407
-3.116375498175489
0.616660144355213
1.500698442459204
1.538999203859072
-0.360554892008653
1.256170465532040
-0.288584368780855
-0.595346895927791
-0.991869365974831
0.186707811532800
-0.523212140775215
0.341953017187477
-1.529956152953246
2.093079347932357
0.566216967831969
3.029507680150404
1.755423648641561
-0.987245957334592
0.114025454676615
-1.508812590208855
-1.046040776277866
-1.449461590872362
-1.135401265875727
-0.796991786902624
0.027745746200995
0.797666253464022
-0.182113376298453
0.607705151634679
-0.663020967311382
-0.831354970922465
-0.643374322969882
-0.441384206321161
0.603873231109846
0.244000734469817
0.347756395499312
0.800378545410872
1.213620463935632
0.931935031795832
2.424531801794720
1.097105568293864
-0.708544836793529
-2.558997170359989
-2.207680169384466
-0.844094757526385
-0.237772835501211
0.204696415734887
-0.301289469213325
1.837246010634586
1.200841567191414
0.766081448878967
0.857752497684952
-1.433171132445175
-0.052676164927177
-0.926924377065667
-0.058515646073743
0.039547063930325
-0.119532862247591
1.154025064880980
1.126304920117173
-0.983665485675545
-0.396067891768240
0.564417856167038
-0.880651700279283
-1.582675133739008
-0.298797688512148
-2.597092512058991
-1.786778359228287
-1.296045344132907
0.802252860138181
-1.081920766380250
0.415595677780891
-0.632569220430950
1.244152731292099
-0.005311077400233
-1.943241867878205
-0.284084607425302
-2.068776195713737
-2.948923170393003
0.081179448534560
-0.121871062941951
1.129044768786689
-0.061879510582247
0.446001151539701
0.435276787147125
0.421973666727842
-2.638919472177840
-2.255104737221032
-2.539134838523610
-2.233010642252986
-0.980632538339777
0.795828238379491
0.088570998019054
0.750481890924311
2.476238531687457
2.271957643915728
2.162720377082493
0.702338369981398
-1.409541059113662
-2.019047281935427
-1.746143009002764
-0.411274821734230
1.070592087292645
1.144952215626963
1.444944661932072
0.290034458198734
1.538896007353801
1.748329680773176
2.446768806669403
1.448248068381649
-0.208205441446646
-0.293607584475526
-0.606020352416576
1.253344997110464
-0.668289755733819
0.340239069195756
0.973080000324064
1.538873461962178
1.090029135861802
1.776988481422786
0.222744383914399
-1.073261133102221
0.178585281026622
-0.119312226437253
-0.919084780790065
0.372984408270435
0.267484912750135
0.061859180821954
2.086589734985809
1.720586311903052
1.984160985062526
0.752102817784331
-0.238613396421808
-0.075117095216235
-1.878694656709454
-0.120713436636541
0.395537989592629
-0.200483472554793
-0.050286223232783
0.715108956125062
0.366280333411349
0.214423630336425
-0.006222003452432
0.487614033573975
-1.046306687507468
-1.831697179657320
-1.872828579101942
-0.310081986292635
-0.046847380714568
1.710043434521119
0.151154771017226
-0.074936047895787
1.160292811201632
0.040284975738849
-0.380998906280137
-1.887055996220572
-3.589309155897487
-1.350115991575741
-0.836579249839374
0.108775356553586
-0.774229150078474
-1.302950913014569
2.186869321746571
0.956863083903113
2.045145297579642
0.748255644410267
-0.551668362880877
-0.468477616546613
-0.846047734126128
-1.812311973896279
-1.281891060926921
0.200017791408099
-0.420256618276773
-0.253590202948896
-0.290875978495749
0.173587225379540
1.801839905130446
2.799325369931589
-0.065580276441905
0.103043465962507
-0.838442532902572
-0.981298542646260
0.083761394575531
0.703326771888388
0.615135944596083
-0.209007836896155
-0.639588623838785
1.250555361683434
1.957040007496531
0.516512767222068
0.802554010492924
-0.231868474837693
0.189974772992717
-0.521800893072141
0.151816333370556
0.133567469485894
-0.262740656239666
-0.472761148489339
-0.358526835011061
0.246501618339004
-0.134998897431524
-0.665542474991476
-1.681757070381970
-0.026210409053088
-1.176784298944135
-0.313782942742908
1.106622055221133
0.610328597397478
1.822321470930231
0.802868411709468
0.722549451115249
1.054954787778628
-0.841110384808022
-0.083581329062159
0.176247967026899
0.130301343212741
-0.027776664747219
-0.049940980821966
-0.273016097601058
-0.344321715921837
2.290497765782756
2.284002688194337
-0.134982517823055
0.256896151986348
-1.356437208658459
0.243623849611057
-0.896676236792161
1.312233199026536
0.970667794354337
-0.426896131881462
-0.328200589522485
5.349630288753122
1.746276676667790
1.918682073109730
2.846628622006850
0.448796739089772
0.911539294826258
0.286878593250797
0.591439567651906
0.114086735998071
-1.373881723701046
0.892877686493486
-0.315405003946378
1.328644764166307
0.603831804480261
1.232063769871010
3.262738366006675
1.322657408569332
-0.534886018129933
-0.169252668724991
1.839092218656876
-0.036019398014707
0.289571089769767
-0.323550824424187
0.656291689826564
0.800345041679123
-0.129855857575453
-0.137968496133931
-0.191880112138496
-0.788729720869994
-0.484036384621975
-0.026877438571086
-1.187278547278291
0.605936707290202
1.060658051963917
-0.278966297463505
-0.840993397966285
2.034903901513649
0.735844726848354
0.840585700346771
-1.871184080535730
-1.415335882876839
1.477707839216118
-0.491416763525126
-0.609175267800166
0.719649474087112
-0.243658248480409
0.258008238895464
0.284137762088058
1.205617393103340
-1.297013893637674
-1.933281234112294
-0.167564454706485
-0.692652320231599
-0.012444115400518
-0.897648812498224
0.373502580162624
-0.398288742149327
-0.176567526481460
0.884347136962595
1.286277713860723
-0.643107313630755
-0.716969949438872
-0.944569263322344
-1.924987638775705
-1.959733081423625
-1.817413207885405
-0.748756446903381
-1.848390531651112
-0.323138475743452
2.313728082539680
0.783469435085557
0.356738290820307
0.484108378566834
-1.365456656919796
-0.497845742844171
-0.215828156337591
-0.201044621162582
-0.230118036926149
0.946120121014051
0.791058766491336
0.322122383802117
1.551775835772985
1.330021587709909
0.168472976839868
-0.666922742678775
-0.491233715152601
0.270187582306555
-1.421506399706252
0.159221957267192
0.927439885607699
0.247633405546752
-0.810628089522602
2.921057433364488
0.905786501575725
-0.345675409654750
-1.172853942398215
-2.272358407717663
-0.224759931969962
0.008054862814875
-0.639467172816332
0.443479224012981
-0.896637862486738
-0.950028921097634
0.471696497187252
1.046208997064516
-0.590587209916629
1.329616488698926
-0.702810639094070
0.197026575160717
0.061891633350046
0.400805693885143
-0.563903229944626
-0.445171117631513
-1.240489589771512
-1.827453274198334
-0.342466343007341
-0.147239595396264
-1.108322872017591
-1.903513469078352
-1.107145676312211
-3.782789905065678
-1.531937529444712
-0.998734189868809
-1.021337661352947
-0.262280217804643
-0.407781539081262
-0.904183158372092
-0.870509979248637
-1.719306274578918
-0.795356203122614
-2.397071653100117
-1.767218214282254
-0.243950161809348
-0.747386437284629
-2.049070050487519
0.109668333158241
-0.019509041541307
-0.692736909033633
-0.502091362993887
-0.111554167775231
0.074810366558756
-0.309006517945947
-0.114558077408336
-0.143970789027380
1.109537006303999
2.891622198440513
1.283183240430961
-0.017560306898431
1.999911712878860
-0.036801691007495
0.897430094564288
-0.006905162531544
0.543165188299123
0.416007657598231
1.055332814908224
0.574029379044407
-1.890858192036424
2.147411090767204
1.524058278877115
0.082803492735294
0.798821347586503
1.409427468628585
-1.207766913592719
0.893380557109388
1.337298915013886
1.242037264024859
2.328880322861715
1.739591746389836
1.923661078812767
-1.164566330653845
-1.456717191556065
-1.133982600837898
-1.472587345111947
-0.940925832406369
1.902868747935139
1.609674866296412
1.780608729206619
1.292489591337383
1.485451691165110
1.760560638464478
1.741719365450536
0.107242965373576
-0.634092339391345
-1.761889275416461
-0.871135477065977
-0.231360454157630
-0.115794212775044
1.048294115749327
-1.036811198404126
-0.359959753112008
0.914681171822641
0.617618373853672
-1.464361744832972
-0.436062476928575
-1.282171019207618
-1.236475572664414
-0.219701120991059
-1.146448399789559
-0.259393705506299
0.588520368122336
-0.166366520786889
-0.501056842352750
-0.042395149973072
-1.750805041594215
-1.897440010138020
-2.528337831435699
-1.939878165659016
-1.242920959727962
-0.448652185704060
-0.065487148542034
1.997352257017951
0.721152333818885
0.492660926035793
1.195079186402550
0.931906402675733
-1.941408875920654
-0.172842290965144
-1.206712222390949
0.634685547188386
-0.115297586118488
1.293628037185879
2.132334074957510
2.665963231339701
2.544638449790637
2.409756118335228
