0.084891910648794
-0.603895932802603
-2.259280481084418
-0.983954988905509
-1.252916887260837
-0.884326837907214
-0.379186033650005
2.261433140449945
-0.924781727159872
-0.067267768097218
-0.021421570641476
1.535404243838060
-0.380259571584405
1.799519199388494
-0.558423335900736
0.721349549263958
-0.259866335842326
0.930172073476104
2.206016714277036
1.758383681959199
0.408096542943482
1.366832656354701
1.022252167819880
1.908744521095220
2.325227978418073
0.028825803251579
1.649392024685879
0.382298725432268
0.859100327982838
0.806274086687108
-0.556626175273201
-1.523245191488909
0.265716447422772
-0.008036550388350
-0.734654631032465
2.645778233049135
0.463941095506160
-0.159180451068871
-1.294354735659017
-1.910017417722393
-0.007704241792969
0.191913427719737
-0.037910400648907
-0.154808989712395
-1.148307726322238
1.002421733726955
-0.308548044660229
0.823147103652249
-0.885709882328463
-0.285485814131330
0.475075904273746
-0.311173327457056
0.795186518183296
0.011672627245327
-0.732221925876719
-1.247147965589190
-0.536503236454123
0.133367346297681
0.578533667822781
-0.088180273363142
1.386765622149459
1.273453228494952
0.073914106484948
0.540280057093460
2.522136942501570
1.391489714597376
-1.576756419399537
-1.844930520671755
0.028865302905429
0.452497988674455
0.652516489986777
-0.803843616443526
1.928130253434388
0.682263213131884
1.029763638203117
-0.668732869258149
-2.115797450789486
-1.132517949218127
-1.822258490474128
-0.243254765824575
-1.106552179642401
-1.132522079637249
0.397657642109631
0.174657495586196
0.971988985667141
1.589598443776946
0.653861021822376
1.667105823197976
1.618632309505793
-0.334798169042627
-1.843999169338640
1.525798039153586
0.453763440026253
-0.029030427718816
0.274810361732194
1.746075243783260
0.489738540505946
1.042385160464720
-0.557175283671054
-0.978567696738557
-2.560766603477345
-0.986330234019761
-0.543643177027809
-2.612118068838993
-0.503806716083961
0.515567640600812
1.690096970864551
0.685610114943566
-0.699725943569664
0.998712828342795
0.048603762283705
-0.707425130223728
-1.042340172075660
-2.534891967615206
-0.070855824992461
-0.017822446104127
0.545547286873136
-0.014344847492945
0.490774054739166
1.786751000777421
1.153760238309872
-2.277161882856358
-3.269698107021719
-1.376297612866999
-2.373146395584988
-1.849106926956973
1.743332010576630
-0.248490092403065
2.082431356244512
2.955459340526917
1.043581401485346
1.062442774176738
1.818709873837230
-0.455183581726378
-1.711206473382095
-0.395268482102797
-1.949703093697072
-1.449189068991688
0.637805665741127
1.275384173237182
0.303592246577516
-0.119905031986147
1.602177838566281
0.765389622206887
-0.503376382496177
-0.608522123428651
-0.018780413053611
-2.233811764313098
-1.906890046770882
1.796526649889084
1.351180737430674
1.573673315543360
0.041776883327027
1.683934802348888
2.040706163712703
0.448024998005485
-1.519675488173994
0.276227875849641
-2.330255280831635
-2.047549717916402
0.443812849666393
1.681733232955705
2.067704082086149
0.908838259413714
-0.621307839987436
0.272301446920070
0.231803047133258
-1.646377968896553
-1.951450861802987
-2.258257527229523
-3.511140339335890
-0.398071043791355
-0.232335661007412
1.026907830189673
0.880640040542365
0.382453243863777
2.204041953093486
-0.302119400182094
0.799948449579816
-2.251886959754348
-2.321269860179280
-0.159516223263219
-2.616320070426875
-0.331420329284468
-1.954176196500294
0.177384763497099
-0.164474571336552
2.723024288532208
1.601181542991381
0.994253123773565
0.730123391175691
-1.363902555990660
0.335148729073312
-0.296897214092770
-0.021976151691353
1.202229190010270
1.067221835988514
1.128504211083435
1.543368361144987
1.782341106064194
0.564261855144255
0.840475888263972
-1.415156779059044
-2.926065540780328
-2.981168502082419
-1.443187731504758
-1.115979387402367
0.323760160958813
-0.802174611128961
0.480054910814284
-0.130304839524713
0.832159950598762
-1.066431897958313
0.279434963983006
-1.049412714343802
-1.814857121650165
-2.091069961087439
0.175548065244747
0.908569900448067
1.917036737227306
0.537671667508698
-0.654547513704767
0.832732360862511
1.448613984079956
-1.233744420629076
0.538567761807611
-0.503251146531081
-0.241196100207348
-1.066222321507152
-0.300591401339999
0.559656939432604
2.093595448176704
0.112352940156327
1.530689830054308
3.496903087047006
1.324448163913288
-0.728758764729920
-0.088153789574952
-2.708377865533095
-2.302801059220614
-1.344933283160260
-2.267660721797672
-1.496562035575849
-1.154488874229286
-0.423151875993374
-0.925042590911847
0.270539113813290
-0.455440923870961
-1.556585375529219
-1.504175594288907
-2.108677030016234
-1.136164304765263
-0.528201817044767
-0.045264795265618
0.435140495974563
0.626735291870728
1.680994253533210
0.472841258456748
0.689555425765637
-2.386476162100232
-0.515661953855198
-1.067230438154519
-1.392136368157799
-1.181325531814232
-0.340663784717499
-1.706407598412748
0.822777088095300
1.001085610508547
2.028844344606278
-1.231162354505824
-0.306184223367653
-0.707574966850710
-1.733685092850842
-2.046154658179791
-0.195542833153724
0.567300128875939
-1.937052071738423
1.054101768144902
0.337171652814127
0.754402237477300
2.483401955543139
1.387783263693473
-0.161275991846791
-0.645363016889396
-0.714232182051135
-0.868284015429266
-0.115166975025663
-0.606109219370162
-1.418955080360806
1.968011346446051
2.421324539612233
0.571317222868801
2.650025865274658
0.966295722869476
-0.133933162963540
-0.424878971240540
0.908039765353521
0.403753771071070
0.208467098970624
-0.748239706263890
-0.941441127301740
3.013831054609392
0.730487567945453
0.908953827300569
-0.060690024521886
-1.627590016775960
-1.851903630561119
-0.547958392248454
-1.624735701719458
-0.232240824859835
-0.703326436732548
-0.517083162347364
-2.158621550148748
0.338047257441404
1.570413181736068
0.840881065306608
0.047053858527937
-0.014638584044331
-2.322198188148780
-0.907155324849641
-1.294133350248204
-0.534665429360809
-1.703818995987791
-0.889350418197266
0.837622989826724
1.222286149846564
2.097382165162638
0.244696428362279
-2.624123771838359
-2.514728378782703
-1.327949848091448
0.673337769743067
-1.126692902600797
0.176451871263039
-1.687603788539184
1.402732571025337
3.628531441324387
2.311399165679023
1.986804602592359
-1.555511059630204
-2.892039445398725
-4.227790990449006
-1.159510736925770
-0.917310646003070
-0.555950397702617
-0.067004425516054
-0.941257859555222
0.829301800912829
2.313746455062631
1.394989508570637
-1.419889622761742
-0.409266409494839
-1.010959759693354
-0.093336097737920
0.268259320729202
0.516310413108526
-0.082649478536442
-0.841828733914939
0.336606082930434
2.083445615817340
1.209363630606468
1.412892615832161
0.434426245872978
-1.493058879555989
-1.645009372724135
-0.403929321874021
0.506333085976190
-0.599530761645657
1.038626107091857
-0.603696776084290
0.498284462011191
1.370531604625703
0.837093555439231
0.013332165837982
0.216825321747995
-1.431988775023784
0.643695424887872
2.418934889186199
-0.975615565394183
1.468663246135499
0.055741201949675
0.922328056374025
1.365349413139808
0.978574155333596
1.171759632984783
0.789900768166211
-1.605270140291987
-0.788347254214619
1.918148151834446
0.992324585780839
0.539219885750205
1.115232593257907
-0.449941343456679
1.244630267901081
1.041161485002086
1.095700504551246
2.297478861966475
-2.562294436534097
-1.254901316718419
-1.499658184381610
0.423449715363500
-1.494558423643391
-1.021588097849283
-0.939565576623570
-0.421252382509148
0.688714018485490
0.492576270433177
-0.398402620193451
1.023860535254332
-1.851341011979285
-1.345992178531339
-0.370820362079355
0.859469000533384
-1.537196405044603
0.413618089042084
-0.284595094964452
1.421208723286335
1.477613435273316
1.178760393373389
0.745660037502811
0.298037991138934
-0.000216831287743
2.029075546373885
-0.818797259982637
1.153502263985432
-0.327802967419026
-0.753234054486168
0.334542007707495
0.565741395814169
1.015681074408113
0.458621133833639
1.751895631185978
-0.209109372570279
0.933561807792092
0.012338948504048
0.841499951681817
-0.743158778402318
0.140212818745597
-0.144881283188483
-0.517692130356492
1.195987871447614
1.584756554814458
1.532549952726064
-2.029573640106210
-0.737869286331394
0.689922461205543
0.306198651135639
-0.019358935620622
-0.279582724219436
-0.164908003831325
0.189832856692624
2.469059593481341
0.884200047799334
1.510661125192136
0.422924028914763
0.367901452094536
1.045291750533991
2.775687407490333
0.210393364592861
-0.401534119177676
-0.989361121599926
-1.645184398376069
-1.161308812685929
-1.596832733994172
-0.933866556653110
-0.589992633165992
-0.723960738820344
0.021831189351763
0.483529051489024
-0.034360981579552
-0.951995931733213
-2.547997094854652
-1.489387079329355
-3.632999948098988
-1.589466182041490
-1.203027731469431
-0.697693239619019
0.721757277919049
0.870183203913343
1.157137033242302
0.256758027033980
0.491372053392561
-2.694680100199605
-2.458802370399587
-1.681748427620939
0.059873940899577
-0.991075013637792
-0.364808365896187
0.921629547709944
1.244896861021235
1.416539825621278
1.798812462633469
1.058511688039961
-0.083378148729045
-0.818777716745064
-2.360508213519990
-2.161543436527881
-0.192729020482457
1.476251349663121
0.790635069019849
0.912853807823802
0.932245978759889
3.986336519916377
1.303206461588368
-0.646967503836419
-0.859072995487295
-1.302898268340274
-2.055011803793657
-3.387862763211814
-1.611888099181286
0.285335242149435
2.617663393862140
2.080239708252041
1.506899079382077
1.809429980514031
-0.529570929008983
0.219180743742048
-0.464015478566670
-2.369877822145767
-2.183269438749308
1.115068352657103
1.310777133853112
1.108684854172309
1.698225344957771
-0.242257897254336
3.666756420920905
0.434064465391925
-0.390105843601674
-1.315649071879546
-1.249099494555611
-1.659696001508800
0.479210600039160
-0.073393737788218
-0.045623858732684
0.419031420807239
0.366476564421938
0.101962445856869
-0.431963349924434
-0.290811992640414
-0.794659753124598
-2.014243076289524
-2.642632815617209
1.645016534123551
-1.934182557236816
1.270290521243960
0.375310802740809
1.302186092491735
0.565597882549183
1.461427507720651
-2.448505423612651
-1.292084451854431
-1.485947438288745
-2.448346984722320
-1.327060181558317
0.783178129783787
0.201769882518934
1.332767236023611
3.188033610597496
2.072473265693980
2.409102819957141
1.492355763056985
-0.893763040959919
-0.408530030296920
-2.060680771054670
-1.198383383872621
-0.779577660731997
-1.054911815576563
1.156058804683692
0.137674354816549
0.757162400758245
1.650287779348487
2.003174207572096
1.400976230803413
-0.583914293734085
-0.688471267562233
-1.870489766137920
-0.790576146362978
-1.192280848957891
1.028412289783868
2.459045111714346
0.897369509679742
0.471753009194797
1.540682922000499
1.022475620518654
0.600221043340292
0.784583258748544
-2.302417268726781
0.439909674578526
1.338769806469088
2.702025596186133
0.515819328709828
2.245915030075111
2.894347248919900
0.725404620100095
-0.074676028809019
-0.756025431228443
-0.262440763591922
-1.314200081772730
-2.288280243405080
-1.152974677927426
-1.177638160670718
-0.085519553763346
0.374846781669085
-0.599562856883815
0.876689159243225
-0.163540048829538
0.786225562407625
-2.092466005742638
-1.883983762126628
-2.772138566592522
-1.678092995048583
1.115460752497661
-0.134993638347197
-0.716684557902512
-0.385440726343025
-0.622830915520740
0.765381892644998
0.096468997770095
-0.123853069793641
-1.836257346187149
0.456057764855112
-1.137177372117858
0.569667769197152
0.619798816642629
0.205003038215809
2.070498608026473
0.558523122956187
-0.723015146383185
1.618778478917824
0.986024031645677
1.027372362489411
0.250073936888085
-2.447792715838454
-0.120402544083627
-0.289205995733672
-0.527577226263201
0.912266288050734
-0.151705594565520
0.201804937308283
-0.325439697669494
0.924639511890049
0.411406191123556
-0.645239046104505
-3.238836588480170
-0.643287124801330
-1.093268747874044
-0.691262125981736
-0.494498374524738
-0.692830730641960
0.380164531317536
-0.015354499126020
2.362577033032712
0.585507418706842
-0.949681235763782
-2.080692181193482
0.444643674708651
-1.270199224807155
-1.228592032385383
-0.523338360456087
-0.137256750416976
0.565483894054225
-1.673527441731657
0.183097495000054
1.401352483505431
1.927171215491877
-0.361623314043655
-1.710507048233461
-1.204493973663102
-0.971582424797004
-0.672548151443573
-0.755100312847971
0.727567129779283
0.703465630291952
0.870448334279573
1.476696167343230
-0.440221296265670
0.678400496783900
-1.072120214095635
-0.145316197971966
-0.349351678378002
0.606768190457296
-0.503930543463780
0.527431260327882
0.335120746436087
1.617569252348527
3.011285353580765
2.870350698910240
1.154813402488567
0.625790465079475
0.056554590634718
-0.337434513258499
1.616855669796164
1.054311565915442
0.099561958210796
1.199582191910205
-0.411774157793689
0.546455276157244
0.962504706660415
3.121021058263264
-0.567162739718435
-1.382466724800331
1.027943901971782
0.484446561672189
-0.072115100828805
-0.699063269431738
-1.384178576734453
2.222366934672402
1.057369165897853
2.465641936728654
0.791518292111716
-0.232364095835798
-1.673845416112901
0.168703432498362
0.431498133562799
-0.717102062106773
-1.360509149763942
-0.073475964404640
-0.630457948056314
-0.525084260062824
2.030172424988462
1.875444674943758
-0.583758545832427
-1.280087051567113
-0.053101957928333
-1.267033757725742
-0.277225406704670
0.490522875983914
1.752118422446816
-0.643066705595570
-0.067646559589530
0.460205283199345
1.050579705077422
1.528831777596195
-0.084655701715882
-2.188928632940275
0.009678624847711
-2.211911857243679
0.501319450470198
-0.667359134227681
-1.317988729906433
-0.675617123762054
-0.413190848086455
1.143854610728754
-1.225812238654154
-1.082022322764653
-0.712247009598442
-1.173535477703690
-0.330812074569766
-1.447909225246762
-0.978156962836075
0.284504119617663
0.149494310629959
0.687612569142436
-0.591677316325530
1.498370239943952
-1.637058942810085
-3.560515662303086
-2.169250639286120
0.099132851284174
0.774731885651926
-0.163440427661703
-0.449607616399690
0.833311061460708
0.964714619570880
1.935840098984941
1.567425975735785
0.010351299354071
-1.168524002333120
-2.037266471443310
-1.221027629653791
-1.303534611909166
0.262618017649987
-0.184165984726113
-0.701152677058521
-0.241811010434491
0.351807415415625
0.796413321799124
0.847376433030255
0.838905742419225
0.740954681153024
-0.422898797816464
0.027979728770759
1.642561288689588
-0.846403344921348
-0.074903277378561
1.201372658781593
-0.185208470558334
-0.670660257536507
0.073913541959713
1.299138566857836
-0.598927237451875
-0.649773843432566
1.229860937084860
-0.272815722453155
2.093032733119553
1.100461339795940
0.866796663470381
2.175672685957413
0.657972791864733
0.338410457016625
-0.368297948281736
0.704775745427632
-1.813211535017763
-2.094849163611027
0.955284815561936
-0.300654668637440
-0.861319183482462
-1.561556545520145
-1.041790885713329
1.576738657574560
0.968429024801206
0.164725980192109
1.403566887950573
-0.189706133991141
0.486135485516336
-0.179855509924041
2.034580738524916
1.601836266827121
0.243526242711947
0.422903465030247
1.392305010091424
1.457424354502281
1.338239246740938
2.359747358200447
1.348063936555668
1.787690333807701
0.440303514178978
0.454061094792554
0.653316085364735
0.744498659674689
0.005027352160193
-0.338864051616977
0.638903608830475
0.618918725629581
0.509980350996447
1.291279276583308
0.392033231825602
1.522192261007407
-1.006781906408831
1.951702885835615
1.834511105174626
-0.307552893551699
0.306264920415772
-0.958126761212489
0.845712959835338
0.291020957067744
0.277769710548638
0.070681793393976
0.402924462688769
1.958201015029651
1.761539325740337
1.296199198304226
-0.664421151705175
-0.423918289480101
1.102273965657441
-1.050316392073564
0.257376187212874
-0.102911526465402
-0.548296220668335
-1.519047884724319
-0.137034765048155
0.814018319785036
-1.143937030308386
-0.663774784311273
-0.448049258845786
-1.414329666390236
-1.452572888406774
-1.506347043112426
-1.443548943593622
-1.369212364564562
0.345732683256066
-1.892192813066349
-0.101595657103274
-1.426352892896900
-0.342183487051683
-1.460776663340939
-0.868632960293581
-2.732070598781630
-1.496713928659214
1.112334719729206
-1.496319945103254
0.243608009130086
-1.958590519111388
0.915503174630107
0.845919342839787
0.482192483865944
0.732472793392305
-1.573182473554441
-1.524265836878088
-2.925222494281842
-2.158380140129953
-1.665716446856995
1.183423206743655
-0.066531048568020
0.453830498711602
0.629505471571188
1.581293117215261
2.192743789437539
0.095607240913517
-0.432717657410340
-1.800579649462971
-0.686140862924727
-2.906571210111831
-0.119258292904837
0.188708804509162
0.590725492304428
0.804830570169984
1.097202440597868
1.718006898124705
-0.219880365987713
-2.638878513992558
-2.206597309791047
-1.271803682059019
-0.426938533054330
-0.344826862878806
0.704602570628232
0.671684236412477
-0.468929916779873
1.128168667581956
0.819616556414836
-0.810916104584262
-1.595338461126387
-1.692312357642530
-2.817519616013090
-1.468135237092876
-0.810212092115684
0.862187950555962
0.705625372535228
1.969939861607296
2.178736949208293
1.564211667987430
2.886817846731176
0.617295447532213
0.509397057373607
-2.469233760746866
-1.866456014488006
-2.866888749929303
-1.873374512038815
-0.287026601776159
0.738817557943978
0.894900212635378
1.420809815168013
3.005660348688518
0.141057629933068
0.053392884516682
0.077157664165854
-0.921934868666545
-0.304214199954670
1.218209460735239
-0.123415330010842
-0.270804845393203
1.808937392662384
0.193637547706883
1.361856026428646
1.600163575673269
-0.628147887126723
-0.036759472660424
-0.597155540361978
-0.786814223284072
0.674115960112315
0.406400106723613
1.649116768798795
0.751475268394460
2.903611222600075
3.439479041810680
1.310170104606377
2.094301610237493
-0.394015500898969
0.100770245555319
-2.011838194111518
-2.997966483873473
-1.022543180094134
-0.044659046059459
-0.191014505452860
1.388155399342722
2.519830173472492
0.825871796272247
2.968284195934785
1.099231767635938
-0.453868771764739
0.283415527025187
-1.725713438186775
-1.107402693778687
-1.037857258152476
0.247490390016564
-1.206292116693828
1.747306941225512
1.516228640217488
2.156433924981191
0.730784448771012
-1.105059846512766
-0.724334862081575
0.292489886964717
-0.589512275706501
-1.142164832040092
0.031952525834960
-0.404864328192549
0.462836803028288
3.263592426362709
2.048513061080932
1.203358090051519
-0.406996523939475
-1.323256061829351
-1.902271053180138
-0.145880126576386
-2.557741471672203
-1.069417203600663
-1.119857826826801
-0.401505051235933
2.451284884059603
0.709443566187504
-2.153959158776810
-1.056708391558688
-0.840461415912790
-2.222613531467067
-2.936336915664729
-1.616134875900827
-1.449696983433053
-0.846815777069063
-1.131384070919173
0.841431829221320
0.461739070999143
0.297197006093949
-0.466408842367593
0.152714252290437
-0.828268314121968
0.001850788842019
-2.398794936101025
-0.814849770513378
0.274820883506779
1.817696493731250
1.523911281473281
3.581109384251866
2.098033142928171
1.502315516350556
1.537187379272045
-1.046634082944794
-0.101662670184485
0.378640467421276
-0.192060291742027
-0.271153870995868
-0.436838118480620
0.458072853049388
1.382474953239140
2.752947175737226
1.897968899392613
1.090028306031430
-2.314850612707065
-1.924293231090776
-0.874844529441782
-2.046479020234092
-1.041055499480974
-0.976386384033143
-0.422670219097293
0.998688029034948
1.840377756718052
2.056932637711934
1.076731538072392
-0.641215705032561
-0.929542400513804
-1.517522173305965
0.447830441315998
-0.190368148316080
-0.755770657487977
1.117091609635526
0.757881786099103
0.475685775292602
2.344145311361112
3.280568658888662
2.424978257329643
-0.418915116227803
-2.135698897343957
-0.841600438710274
-1.429600475319261
0.081670799707880
0.416529808960485
0.548335221109716
0.420491786753953
2.093819130211963
1.685724365316758
0.987990752897018
0.297344364794381
-1.587435743968252
-0.612185889589037
-0.959700043852341
-1.297615076354244
1.002327318393204
-0.816104807200868
2.698224553403399
0.902164319795981
1.282140813007341
0.818306859000618
1.265906668759004
0.935538973752233
-2.312041377804625
-0.866140775053062
-1.817414942758208
-0.966294683728302
-1.245025914385949
-0.643245753198712
1.475770092918084
1.088590899660860
2.743547823372022
2.782894125147306
0.302630144718654
-1.219459812672558
-1.382057927238850
-1.416619153933341
-2.061229299627749
-0.898072725645241
-2.054758339398416
-0.530052895962687
0.377123642105489
0.520226988682091
1.771440852792507
0.400612002376371
-1.048576244367709
-2.035577421578266
-0.464046205673136
-1.021918597368456
-2.681258006811357
-0.988859921268356
-0.840489784264658
0.422437313669533
2.519348727432018
1.988937301501141
2.104278459562775
0.933498138051984
-0.001000544176267
-0.656811738608266
-0.397115323666880
-1.131331574417579
-0.198457204306177
0.133628602899000
0.291854472236001
2.075480218717466
1.620810865089616
2.371905554987811
0.678987603143057
-1.510577032535128
-0.627980471541580
2.626025571902064
0.054383420501818
-1.223411326314285
-0.451446851130033
-0.388029273899595
-0.763458399976709
0.995360550608879
0.777237758182382
-0.161973254013003
-1.945715829106836
-2.530147607461379
-0.421759681618467
0.619824474681337
0.135550794267827
-1.384965191213315
1.119481856565135
0.041878615322368
0.732381169099952
1.397025563705056
0.757607930169755
-0.211114493628181
0.671538508407167
0.417608925900298
-1.386734146828096
-2.697396039395916
0.694932341990371
-0.251106181637664
-0.185678790990050
0.504282098220306
0.443061199832006
0.777445527342827
-1.501815607668141
-0.453831542874994
0.051019453570756
-1.629087356576244
-2.046644740938376
0.486027287844190
0.113958956905036
0.672410455896536
1.074306241815612
1.133162525272757
0.799330233272358
-1.294878420352508
-0.658838993916962
-2.615456823809469
-0.257640843495530
-0.719132224272075
1.341371622748700
-0.969991528835639
0.589434223280239
-2.188706733388048
-1.107962928415983
1.679706240717634
0.141977078087038
-1.301920821228657
0.212378061859768
-0.989661687145849
-0.033098052418206
-0.384214879330551
-0.925439962346573
-0.203944772478321
-0.436539226450911
0.304679168842614
-0.748355407206214
-2.001570347116305
-0.776008173870070
-1.360933427902265
-1.516828818071686
-1.366885260179999
-0.083548714226919
0.074988560803133
0.215807947415302
-0.169108729127496
-0.200916856896069
-0.634309670390823
2.304800449261961
-1.590431950638475
-0.687409004381734
0.426659819630310
-0.503226915100884
0.942634760798422
1.541938938987384
1.949509949702626
-0.045260510446428
-0.165016720844920
-0.838397299875079
0.348932044377727
2.007183578519459
0.301920774851911
1.394436734489180
1.172333455702042
2.510976049235340
0.996050038019584
1.168180203251972
-0.051646840679544
0.170091665277274
1.038219618994012
0.690532544651503
0.635625240571461
1.927964139674961
0.833026700303067
0.473964428812431
1.152071270355973
3.087331741968971
1.932401247126192
1.402931374594252
-0.798414085885821
-0.415432139544356
0.893065663200008
-0.631081407964113
0.928384750629322
2.472955102518965
1.215185861412089
1.250416026749011
0.049245823224900
1.515077805737245
-0.018496004654965
0.550627725772178
-1.326261031553142
-1.063786499377068
-0.679126228196616
-0.716981496526217
0.297742738682420
1.173895471506788
1.685286073471688
0.351990143887915
1.955195985931258
0.801208743731534
-0.517266247418919
-3.254888809460142
-2.180709477086111
-1.722377531702704
-1.649152162639405
-0.878182424557440
-0.306687735397602
0.663833007538895
0.170131274276672
1.951467131227810
1.205195685772693
-1.297887303995674
-1.157955065386458
-0.145653600995121
-2.140176015382687
-0.251251225228020
-0.277856330312550
-0.609615316512849
0.469457062679828
1.332482958114289
1.804124055711641
-0.706149139522420
0.123326598906184
-1.724737645750144
-2.026332868515594
-3.186081144019885
-1.747529902716280
-0.436934541238597
-0.666293150589933
-0.301822536144479
1.151558761244744
1.122336020875160
1.294749515984635
-0.681920537009590
0.712462278814883
0.310821603621345
-0.905473407697883
-0.422826136310928
-1.689129238217368
1.255525872722751
0.712061100916912
3.292747691033486
1.201646523918468
2.297707762076245
1.744092712328412
0.051696337070059
0.602582266839210
-1.987519283072352
-0.107968580037558
-0.793394384604073
1.912151775121681
1.747590222392499
1.124750672534698
1.032345006152176
2.776236649791838
3.802291641930067
0.622762105437039
0.504535383750826
-1.415968817993928
-0.964735201801901
-1.514921277249584
-1.680613220320139
-0.309688607289121
0.932648240215839
1.250691312824438
2.152118188215247
1.241307498730982
2.427773129583375
0.242295068006787
1.508538034997267
-0.700099223678350
-1.951365156633567
-2.535040267627391
-0.946140374048223
-0.211904320140627
0.894566643111642
-0.033507107005964
0.764950247892050
1.676448997717850
1.527669145259449
0.687278415472738
-2.406966633989536
-1.797068317684184
-1.120079532750114
-1.291672191638128
-0.514884581591180
0.294404649522325
1.102196023577491
0.232806444592244
1.917158216550795
1.800570038987595
-0.078720752405586
-1.035395167684213
-1.372917453519023
0.217452902095607
-1.652405646741300
-1.755571585679645
2.408404314861835
1.032843426337975
1.193433755173729
2.857259290740093
2.222010584451146
-0.552226861104208
0.077341273741941
-0.757566619116275
-0.708800176339778
-0.498860020275161
-1.468027510543839
-0.803636045186512
1.330763080289035
1.310337694452927
0.754621717453098
1.203253426258213
0.511222528783629
0.136511878730285
-1.434740373040675
-1.637105339836433
-1.810951684168604
0.266498109102959
2.167706790624181
1.254486105764479
1.359852173876785
2.316254686336401
2.577606064949763
0.636268936658901
0.645048534074309
-0.972926297638730
0.196344610315645
0.195612950646380
-0.827286089538276
-1.230940933847523
0.788145561745523
-0.424040127163119
0.256619232848357
0.860439492638229
0.278852617215757
0.406455038909656
0.940972301151589
0.124846704432900
-1.385692933352720
-0.146582266935367
-0.119636929289590
-0.325722677848110
-0.012568902270374
0.454357555929485
0.385733202107901
1.180422577267502
-0.907789584410951
-0.714582142083827
-0.503692666671274
-0.705362399650722
-2.458926765322754
-1.662780475986754
-1.171245169026000
0.677959803193707
-0.371972827790780
1.343755403847327
-0.788696216739934
1.327232851588874
-0.666966125677340
-1.758498247185815
-2.186775354699486
-2.019238902427371
-1.483458128013825
-0.395024196560068
-1.125077354112143
-0.266984251281259
-0.305811863111025
-0.371384297844770
-1.975092688383216
-0.852856573530644
-1.098668490714739
-1.596975849018897
-1.394157639338665
-2.330816508104685
-1.195399343203419
-1.549721977438903
-1.237878550540463
-3.004734767976124
-0.646190910710604
0.068220217978027
0.415559764093063
-2.577043139289998
-2.891111143682508
-2.493967279731652
-2.821956967528791
-1.157857916329640
-0.763514845734565
-0.186714987822117
1.109468231079394
1.901714468206060
0.876203665677623
1.076659183663623
1.418597576325741
1.287713811430738
1.098613145750976
0.985452241992647
0.238036520680519
0.777945880977442
1.309023976594168
0.185740960886522
0.377712615729275
1.439998618782155
2.351183371044478
1.154988428921539
0.377117044854392
-0.303374832103409
1.070083562487493
0.555345569002169
0.102615576600911
2.596475165485963
1.677947684717878
-0.066331446949486
2.002891806698810
2.105639707199026
1.363667362029110
0.580111635911182
-0.936570983568724
-1.163639036676461
-2.387873252244921
-1.786903844112659
0.346241126878824
-0.297755435226215
-0.165322695746039
0.006272159352446
1.604821145764857
1.312600699423687
1.971749647553251
0.677615627006767
1.377518885304100
-0.256053117217306
0.028342317513259
-1.833582802079782
-1.061114740736293
0.942088403848103
-0.025193192619644
-1.018874513501165
-0.814565318650936
0.219778852284210
-0.110076100620928
-0.717827076296280
-0.618145101854376
-0.573813718330489
1.658207143276350
0.503425413224751
0.266518516220550
1.023690486084920
1.622952725268562
0.503101641536312
1.618356192670638
-0.249369249153783
0.348769600583604
0.261989298045711
-0.728757533824098
-0.200013201718772
-1.494980109895995
-0.104853145156090
-1.090772575970160
0.701705090720132
-0.277699475757372
-0.719580440616394
-0.299800674769486
-0.084556365712551
-0.920443088468735
-0.463740045539037
-1.477085905788381
-2.842935576023797
-1.475315550709827
-1.234617258943773
0.100998029231348
0.082226342097156
0.893213911224046
-1.987808830608530
-0.229078226771871
-2.685835335809829
-1.026656452608512
-1.566634174250453
-0.095031637386622
-0.280215364964550
0.731939494056815
0.330164569650055
-1.183028807094043
0.283532329550572
0.632043331954178
1.279573674539323
0.550453361256753
0.167191359703822
0.428256305487380
-0.416473081531469
0.266280567127767
1.270372154856627
2.156228431585902
0.301077027951458
-0.505858056902410
1.324574056523135
0.865031276950046
0.716639694164491
-0.149823022253012
-1.392069398298756
-1.069042834028947
2.870674695028901
2.091699828026639
2.857013738997357
-0.710805052098492
-0.486615363614701
0.249410444024662
1.267162049647570
0.512422292879674
-0.924171086219948
-0.369384165804572
-2.917232470686771
-0.665043379781391
0.465683491704931
0.319202303580231
-0.965410235678233
0.615424217853481
0.201240931448600
0.947416052916477
-0.249661470866667
1.606317901742407
-0.404132075451510
-1.397284605600902
-1.400044902096858
0.263213578713604
-0.486861671880744
-0.975897734271119
-0.288005137500226
0.894449584996554
-0.717663493350673
1.775836140249604
0.519698355651055
-1.097085940798936
0.369008199925976
-1.585323232649594
-1.088744401160428
-2.425298283701626
-0.243724451324032
-0.994902195987065
0.810204878239976
-1.535670627371790
-0.011464823950520
1.458373339304679
2.076373824381513
-0.699785263473798
-1.019101575757341
-0.798549102733334
-2.145661838674497
1.272953468699689
0.430595303062822
0.461854435119813
-0.758958891540730
0.097813389987209
1.607782272319026
3.134533679044730
0.825098514196149
1.500825967387475
1.574852096118396
0.377866146821803
2.430855715913735
2.118407503210139
-0.232496082243253
-0.348749299068192
-1.073704369935392
-2.085179738724905
0.083359891157827
0.765876310916244
0.037155639852969
-1.021605572779205
-1.138511673483302
0.537630525797372
1.069765323788046
1.400767733135282
-0.689011502116230
-0.270232416399882
0.915042917286335
0.403007891808937
1.157142325200826
-1.021138007846345
-1.171444381851393
-1.274856904058803
-0.430563445758695
1.146116820224514
-0.478692456596765
-2.614928394213742
-1.230814113428401
0.675837927199112
0.267912033021555
2.351606745158375
1.629832041226202
2.152267516011723
-0.226435991526103
2.641399372929140
3.312678947841143
2.037288179970467
-1.134954558467463
1.331467865678752
0.891787234699414
0.082557623095173
1.665201322803585
1.044183638677508
0.886555480202580
0.358998401684671
0.542590348506826
2.455921964479529
0.457829436126731
-1.521984346444269
-1.382590324489803
0.060646406776559
-0.879929441783754
-1.196386579530850
0.167096705604275
-2.205731784378090
0.036445527282888
-2.550485268799889
-1.453317711850291
-0.505427336205389
-1.329887977933947
-1.836488577176346
-2.241879034305537
-2.529540269429033
-1.864339106408099
-2.324119143934771
0.782698503933239
0.555072450371029
-1.250659412415192
1.595333443278437
1.812747826109083
0.739574063790301
-0.317345002361254
1.069189173392262
-2.128761280209094
0.177102641751860
-0.555043484191076
-0.330402212992577
0.257776071783586
-0.997075415354760
-0.911777587066685
-0.924563887511695
-0.290193275273155
-0.854767383214587
-1.362733428101173
-0.834453308657095
-1.614255237073351
-1.567229530150375
-0.784057517380450
-0.428865638536265
1.444125122985061
1.186196831750802
1.522855086968408
1.448732968932629
0.583797529338575
-1.215851012423234
-1.312581019871516
-0.632500711812549
-0.430413210804511
-0.920999503328431
0.669140245773354
1.584261570683609
0.883462628290064
1.105056998450115
3.118226207210834
2.626282448585019
1.173847339378454
0.304706315222602
-0.882897997710731
-3.384953446788571
-1.162944999503317
-1.609470193065677
0.989241463904290
1.043592991475185
2.449574224934350
2.236423487467206
0.036583859354506
1.070871776099425
0.418558430602401
-1.690252841353008
-1.522346670165036
-0.601447009979881
-0.476195823572811
0.407916896036094
2.138531811212447
1.614221996426816
0.889222890648842
0.706291459671767
-1.716042539451065
-0.450231965335715
-0.497452279764179
0.065327250714860
-1.563562712623116
0.992839476447521
-0.747600328973627
2.187070206021907
1.322469903936091
0.288374409157787
0.746759493609233
0.749039467278166
0.285887891826566
-2.473621263628385
-2.337415718999581
-2.444655526295753
-1.564136044109580
-1.821819324248562
-0.700718441460645
-0.973307231179022
0.547661094041232
1.170399605727813
0.715065293678389
-0.725139353262653
-2.048965969567370
-1.924439574751767
-2.466372641253636
-2.269826296229867
0.968630881639016
-1.827656113404553
0.120954320867170
0.129797061308151
0.193450463382040
0.660184766450769
0.353134463997746
-0.402112416755431
-1.656164170555578
-0.892877574345068
-1.976636531973566
0.121113252156396
-0.018287644461476
0.484795728629546
1.590900010302593
1.553408231687912
2.489899829854744
2.283107362355421
1.544803149752482
-0.228330635561453
-0.536572681758060
-1.697322620541192
-1.682480448538974
-1.402316421200502
-1.428496923551491
0.561595962905220
-0.848173934372888
0.290606733121820
1.295454323127756
2.139826277207153
1.247873428639247
-1.600259878951311
0.541505628317896
-0.706788996895649
-2.069836579748996
0.379692721654344
-0.342309173670896
0.911338254848817
1.669909962666363
1.469251640352485
1.675974989951633
2.257935917421877
0.456382640450975
-0.992165496260819
-3.391001900300331
-0.327302601584909
0.218775668756450
0.527040317592642
0.321485183946548
1.467455672868634
2.685608821356294
2.900333982304249
2.015375038474319
-0.422733942850314
-2.614535972362067
-2.023468228245089
-1.221248325012666
-0.780321340779793
-0.769633372478129
-2.354806006006642
-1.208946548266676
-1.023620134120199
0.306455973490020
-0.197870431620159
-2.450240329422071
-2.009526715201167
-0.645775804010399
-2.086207117188756
-0.882135011681664
0.127165833260982
-1.464176237975934
-0.664221653462346
-0.354041386925066
-0.728918160114947
0.517405516053358
-0.117181401844089
0.167293335385441
-0.071509951584810
-1.579275049845810
-0.617958469045641
1.582640112999821
-1.715118062596711
-0.640855221855806
0.822115942277345
-1.031248681548910
1.072419874219809
-0.365647257272349
0.025392342295125
-0.743421983854397
-0.330176080291673
-1.720837841859685
-1.963526702128186
-2.440044959839088
-1.527445452679092
-0.413074556938534
-0.066961481630900
0.323015889015109
2.575823056005995
0.809498642302902
0.754290335819792
-0.198832847856968
-1.449888409318246
-0.197621162248943
-1.366311370525793
0.401808398063272
1.026672384340334
1.326063875291563
1.635324258967635
1.457226392084030
1.072293065248637
1.220740421348381
0.856205261135917
0.885923369658353
0.845794810827341
-0.302828368588431
-0.825887330411296
-0.907363371521399
-0.934268038884578
-0.403193524518429
2.992283803441779
1.700434350689400
2.483615194981053
1.239420242733903
0.160220019185709
0.038200469078034
0.591418050011209
-2.577990376835037
1.262655036352567
0.210891427808308
0.195635390334910
-1.072515097957607
3.287933080246212
2.968497360103349
-0.094921611265026
0.407512968515396
-0.368556903735608
-0.058793728118315
-1.099023143341817
0.221356982134869
-0.250172859347423
0.737732676720577
0.901268696092896
2.028691561692025
1.526279720604665
0.288630108752636
0.157777472817394
-0.209968562705953
-1.040759946912152
0.533401213224493
-1.845293529460558
0.113527798570335
-0.935954569094490
-0.665415012156749
0.862091866914877
0.947630348380758
2.270300094031437
1.362810489236151
-2.798594312517525
-1.407625300266387
-2.374052467808507
-2.240053316567757
-2.541868862399535
-0.404698879554751
-1.337727814240880
1.215323626544429
1.355525476152164
-0.036614254984376
0.714006286741213
0.635274407335807
-0.240634963108825
-1.555890171917371
-1.762684626096075
-1.519387030213719
0.208242923289043
-1.741103862019889
-0.327612474121159
-0.197407129984404
-0.179705465239161
0.662713301325640
1.211946650108693
-0.205105906107618
0.592775643546894
-2.561736504290437
0.580229432459782
-0.084299329231601
0.448653338047077
0.547617883377521
-0.113114155911484
1.043689777725272
0.872754394408138
0.640208329166644
-1.763846806818562
-1.626368009753970
-0.610816537409336
-0.155132888268801
-0.453716738860222
-0.519758748305628
-0.556385880804975
0.004684981426378
0.585891558522425
0.461064491018614
-0.507936490683155
-0.971055568032416
-2.726402660727548
-0.588419211718666
0.561803656660851
0.072773697332165
0.199854202347638
-0.804287638212859
0.458852858295485
-0.512088620079176
0.954374948796164
-1.563906234430416
0.654018380142796
-0.386040274192764
-1.223388973937453
0.165469610431783
-0.660295270535254
1.030918831619616
0.088218970883498
0.717470814033847
0.525909590609888
0.193936847021176
0.662179462153394
1.252484552220953
-0.178708577304090
-1.192239836427261
-1.019829048600498
-0.457511045357779
-0.484985928828728
-0.090497034081414
0.477011888919019
-0.259730119147328
0.503222695906746
1.467023414141424
1.396948866835221
-0.256208110666378
0.032399436487487
1.567554339485960
-0.075667479434719
0.698558079388703
0.794657222476472
0.473663053886848
0.936997153343398
1.667125602829070
2.276711741510014
2.436872314334308
3.088867054704690
1.805549110269217
0.923696162998590
0.344618233179599
0.783431487547772
-0.236879879013903
-0.731990264718260
-0.460744720996842
-0.525820680157739
-1.221197756985750
-0.975016927510990
-0.773551126712297
0.462678830137307
0.195219588040403
-0.798442762142880
0.663052826047406
-0.136728044161690
-0.521065790908092
-0.114432934054628
-1.528440040671034
-0.355366892376681
1.179850268077440
-1.919844054062338
-0.420782876813281
-1.268321615538076
0.333699137398953
-0.052151102765985
-0.357361145817326
0.443860696019869
-0.342733172095042
-0.226081888416473
-1.382370912556238
0.608331273396675
0.159161655939745
0.408333784062809
1.335806967520184
0.249386274326119
2.027627640431895
-0.002877763693281
0.690201914131984
-0.040493225098754
-0.607168443263353
-3.020851202449354
-1.472692325049600
-2.013624718397280
-0.241031972281299
-0.977510396487282
-0.600375459355102
-0.224865155012681
1.164085338565874
-0.555463781456532
1.063252373721505
-2.335557788443548
-2.538152789729659
-2.717003427596790
-1.876146314570579
-0.831291541847193
-2.101667086142670
-0.448006561707256
1.157097680881360
1.391901732968631
1.610113187853369
0.744570128528197
0.085426599788944
-1.120222606570652
-1.899282825741805
-1.405389098188668
-2.058343357251818
0.071230340968531
0.815501374843252
1.650638496929592
2.212031687923879
3.035592016305591
1.561686506276406
0.564617328186859
1.670590988722524
0.360228677815748
-3.245337040656612
-0.674834893303410
-0.036663759266600
0.124829740029696
-0.238471694814936
3.023241489080488
3.433050262755099
1.205435763882501
0.845115940244773
-1.015026693661541
-2.048575013259380
-1.847311752598241
-1.635039198911205
-0.220227332377735
1.195460903101921
1.100755322917802
1.300844416523889
1.735402522700545
2.897935340392263
1.539690627620268
-1.201198778329828
0.159628869167465
-3.384309537182501
-1.924788656358694
-1.012768231012442
-1.579382177490428
-0.825552927555001
0.601654412479720
0.843120806709273
1.412417617123561
1.634762407528630
-0.240198569066764
-3.391559608558881
-2.900794460014248
-2.942521705125500
-3.137664783102705
-3.087573311624504
-0.476471415409181
-1.220935602348236
1.234879329607913
0.502086346701650
0.744829189567183
1.807647219082078
-2.359950461975177
-2.639555754202386
-2.450037264156272
-2.802362216405570
-2.216364465170640
0.592590480064192
-0.074374829441506
3.081319458752532
-0.502681313659001
2.399167903328556
-0.672764873598287
0.538833361576436
-1.279327354986570
-2.777667738417152
-1.766557932120391
0.340283696242563
0.341216171167578
0.577525381463809
1.096976585586268
3.455518134687923
0.976735658813354
2.922841314349407
1.734359288828899
1.792907163108366
-0.967202541209248
-0.255961342684859
-1.788356585628412
-0.823605443940851
0.171489863053731
0.905962075063811
1.461622779438900
2.125197576511551
2.628536713294146
1.373929349030756
-0.568580157169949
-1.994871643199059
-0.888942561572293
-0.689025350145152
-0.229486771006478
1.074267167551776
0.869178720574307
0.511085647231305
1.924330070053520
2.641688647084625
1.319059352002199
2.253155256265539
1.278560278269893
-1.841916513756516
0.139577741678213
-0.481897837257472
0.402703213543014
-0.402230653604184
0.622366683089502
0.837807134590057
2.410501686143961
1.867783748988183
1.346065688280933
-0.959156927226773
-2.441487942855952
-1.602630505167381
-1.586697653043089
-1.549105805183002
-1.119226290398135
-1.968150485486289
-1.712243010903954
1.259434797888382
0.028447382778708
0.417574069148721
0.346260569423075
-1.896751823915001
-1.612931606728103
-2.651854421380960
-3.731859761796546
0.562432442703204
0.130809115906554
-0.439538770328533
1.131881767747240
0.012545752140204
-0.595614612687696
0.657408579354088
0.802458849645246
-2.176002649838939
-2.494265343477764
-0.097954664641900
-1.224671805490236
0.039515184736619
1.688319127644060
1.910965534920942
0.523646520457213
2.826570192217915
1.884539453009810
0.660535905521880
-0.537922933781368
-1.351541821158160
-0.935302998080057
-0.599551055962914
-2.538929932651023
1.055516306447254
-0.991599161267236
0.932020855200141
1.595991848632208
1.938464899337486
-0.609382977624260
1.512096547428726
-0.829453397493784
-1.114961729243743
0.592943826243799
-0.949959892646706
-0.333827728683126
-1.208883702197708
-0.161965944646606
0.321963322400347
2.424047346281667
1.394063915167277
1.343747979234176
1.556141864341423
-0.513759186920569
-1.386316326032998
0.043256587644552
1.112566109808417
-1.159794379956825
0.332924845128171
2.569660802244675
1.433618541760185
0.723903093323097
0.462896702495033
-0.189961131499200
-0.971503545930434
-0.531883436959086
-1.666964007250717
-2.374234514827534
-0.045588255232746
0.689104584249672
-0.373632830536878
-0.021570398726408
0.765926019914359
0.516406696520129
1.995069542053147
-1.653786217944816
-0.896370125093565
0.067673790098109
-0.318427300045118
-2.207709719854615
-0.926246256103768
0.974684474778972
1.848889885147134
1.312321087163101
1.282838363502020
-0.773979656041537
-0.346035170501924
-1.334763126656982
-1.238093092079724
0.720622169411041
0.463542700592537
1.036005455937194
2.145550554504319
1.961740551676431
1.282204258536930
0.589532378408322
1.687081654677548
-0.831580178012116
0.145969087060365
-0.611962374829605
0.420796986766083
-0.178337790616467
-0.174097590055875
2.261404603720807
1.119172883053510
0.399931919397188
1.458561744193046
0.664389233073767
2.067597810097682
1.273582816636607
-0.229950464062106
-0.790791570891850
-0.663416212388960
0.909708968421125
-0.087223738399473
1.235081515723278
0.228333786430151
1.731430134054917
1.792002984067138
2.387180900784882
1.307992529713352
-1.063376871574081
-0.611306944905558
-0.951099094882637
-0.416953811985858
1.849592002291099
0.221253006380659
2.355890972114018
0.248022836207894
0.806360012350958
1.662096413455612
1.767905292299917
-1.526747385513937
-1.060379211603159
-1.588977935065760
-1.785367095008930
-0.326435588418919
-2.093998439766600
-0.219433921766081
0.125579503880660
-0.906786149383755
-0.435723538956322
0.088516811080157
-0.980218769982746
-0.516433770800216
-1.884502587088483
0.438333466514450
0.818509567663853
0.397050425619294
-2.386754621412308
-1.660849544601465
-1.021514883523400
1.296602149449228
-0.177242597589304
-1.290372964316219
-1.660634103976170
-2.964802421237716
-1.755954950593734
-2.395732684598585
-1.221463377215237
-1.165606351337167
-0.723304183936344
-2.157218179850519
0.359933152328734
-0.816163948291613
-0.595614182076694
-2.850772005796428
-2.295636959837127
-4.244846739077996
-2.715406247684320
-1.731049862326587
-0.102827905263304
-2.829536490237457
-1.376558220802884
0.681805605770423
-1.585351009963654
-0.715643768634531
-1.300758378957280
-2.740374540524896
-1.407087092141648
-0.436520771315832
-0.531280009582564
0.286723638984568
-0.675791673912206
0.180067708011517
-1.636382149535910
1.898321831624581
0.919043989922246
0.654837609084633
0.482344681747758
-0.302707464374275
1.607063693403114
-0.077294879577946
-1.071327595691022
0.199854627736147
1.351087183226579
0.297865643365198
0.325357251954431
2.755732290752167
1.000468983016597
2.203688861690434
-1.651677583093400
0.865271330827200
0.356991366657549
2.378653807020633
0.960475130763852
0.754885830998396
-0.370177871802895
1.951465770295094
0.057622784595568
1.073409948596043
-0.285755930109799
0.189980232347130
0.168263409452623
1.342049015376875
-0.120255279985079
1.610010619332715
1.163267462933798
1.733982027756162
2.080664892505948
1.029368460460331
-0.409666121003369
1.286014088526861
-0.356427262483588
1.306592233896835
-0.421520603886853
-0.292487185848976
-1.818975356122924
0.086226789097084
-1.970279827175876
-1.194956933396378
-0.515556814490860
0.574230987032894
2.540375034308171
1.738160725026649
2.690839297463731
1.695016302611426
1.397817446286355
1.638150183372967
1.777354084403268
1.164489206292812
-1.531805557762910
0.683716905077404
0.444664911096912
-0.718052460259937
0.773383475569626
-0.885206405861115
-0.378987796591367
1.199611960818722
1.890989668978844
1.451834660954613
0.917701963712788
1.027753746912473
-1.346550364851739
-0.082934891569686
-0.279460221731109
0.441808981179221
0.569460700873638
0.604391621354026
-0.842495195540901
0.295336343935984
1.615195466550739
-1.436435802304110
-1.062366757059691
-1.569705124855984
-1.203768245323615
-1.518776548802592
-0.869576205899449
-0.275340293363156
-1.598825666718411
-1.261072987237538
-0.814446228682284
-2.356071126775189
-1.468059959338442
-1.296593641808560
-1.243564396766016
-0.623948150554660
0.561997774654260
-0.169604350819390
-0.390881810266546
1.582271009700325
0.633470149701983
-1.820204097853957
0.784261563615019
0.504570531980807
-0.586313062943796
-0.190254442771653
-2.337850623786897
-1.751442821349527
-0.208039081484760
-0.276138338527715
0.371936807996742
-0.152008805877573
1.883929650560757
0.147388984512508
2.087052854511827
0.490556012363492
-0.169825996071357
-0.384320377109829
-2.988681433929711
-1.516762219985683
-1.930923931243183
2.261631512758015
0.251425544648870
-0.256902561161713
1.867044459623769
1.053571626710576
1.554273305926065
1.971465660123274
-0.712734480760524
-1.048594741739971
-0.331106097883453
-1.108629330616832
-0.780932987947290
-0.012796778634404
2.373658239021588
0.156648684256855
1.052030977638386
0.213408005296753
0.820189485599712
-0.624391527848634
-0.505662954399580
-1.024207547056762
-0.794990947814969
1.417094336609583
0.332185488921909
0.156357004725869
0.610474884277561
2.228431658612549
1.010771748166502
1.369242017001421
-1.927159405384679
-1.138692493197551
0.085725466543713
0.241330536100524
1.135431608278028
0.416908843534820
1.371598338680161
0.681644664711311
1.663415580496883
2.367791225462559
1.694272815361098
1.298848599248065
-1.728725726830715
-1.147833500195570
-2.030806045967835
-0.902916079461373
-0.519922870548848
0.921561122675073
2.559155839163064
1.803700382322889
3.167559554066248
2.928771017455838
2.969914863959710
-0.166811198316022
-1.287850404174427
-2.289809834972932
-1.727465030702680
-1.730526583127710
-0.180964791770593
-0.182006926093320
-0.358997477882234
0.651674019606225
1.760448569457325
0.975416127015204
0.491753788580664
-0.973915086195968
-0.667680825149541
-2.234328371415687
-1.319638025994077
-1.004472234041450
0.492036590567805
1.370172917643300
1.462317454083604
-0.230458989602088
-0.255050970314526
-0.589333675097476
-0.164541987112827
1.166872590001995
-0.017707211481282
-1.089138801233460
-0.538878615632159
2.379582149988163
1.495036470805082
2.386947799545831
2.439312240365918
2.549303418501421
1.439173232547110
0.535490780821664
1.071248124869113
-0.909468136592923
-0.728121398995317
1.241618051595019
-0.196105745150844
1.123006137905877
0.283053806091256
0.363579749156748
1.240691718914274
0.788098064823028
1.682745490881132
-1.126835643066408
-2.419123518325172
-1.975306431551870
-1.700755872106062
-1.629824572888330
-0.334008488837037
-0.349870341904714
-1.018073234030309
0.378202181133046
0.787289202430803
-0.124120305735965
-1.481643358393355
-2.169316186271669
-0.119016400431139
-2.761818494426962
-2.267739481310201
-0.506976898033917
-1.177168354547923
-0.676671189584835
1.319447726240021
1.760090702890146
0.751951137346651
0.890215806578893
0.568048380748850
0.613844243771778
-0.463670805045915
-0.369031219094430
-0.838140408716750
-1.148435842750017
-2.313734777373759
1.539188778591068
-0.868978575344275
0.649962371858545
-0.831046528362702
-1.015997307238418
-0.491453200668465
0.284368779693106
-0.651476546796668
-0.609053607258755
-1.935558953110426
-0.783067811105300
1.543661385269060
0.086979610514995
0.114081979481802
1.159048793798394
1.167252804859580
0.012768877246395
-1.193554681901151
0.194799970537833
1.288946063035110
-0.835198645131396
-0.266441325227222
1.498353856124069
1.508102365840173
1.793050814451300
1.031408287638365
2.108914566792755
-0.447182771637379
1.614837386798010
-0.258076244164784
-1.867747358948609
-0.945846588523276
-2.486116244963008
-0.780391398860949
-0.341965039955560
1.883544406853366
1.280673560010098
0.651632443195400
1.807061311688183
0.683625954649936
-0.758968776733530
-1.310265249770109
-0.814581130502534
-0.681487232431673
-0.833825115864453
-2.298633605028119
-1.143798483531579
-0.469184420138079
0.668332032273689
0.499570495461725
-1.349447875883973
-1.158590291144708
0.416145621800668
-1.341815564606360
-1.027145066121523
0.727615273282325
0.115414002488403
1.358862120823348
2.211518558953320
1.567817025951501
-0.765523038218672
-1.578908026357721
-0.874489717773376
-2.459128669968233
-1.665689391566715
-0.913942675196630
-0.495899379364211
0.354862567924795
-0.379511544885510
0.793842849315669
-0.302838586444589
-1.341628411744088
1.162734630626474
-0.120200718006469
-1.591576382863742
-0.660732080541428
-2.186131020547588
-1.874907407221352
-1.622637523159621
-1.382213972852766
-2.267627949986416
-1.305828348143434
-0.650337880677350
0.910815205672964
-0.760803589102470
-1.937434701957825
0.136382572549533
1.131851209082882
1.768514199469623
0.228234831612704
-0.991974963908047
-0.607906611753388
0.776518246731942
0.727954611950127
1.915042919313693
0.050150451990500
-1.210634555093223
-2.328075900424085
-1.825438271127390
-0.203420959553672
1.218475030564845
0.929289119623384
0.351527540622295
1.050832252223131
0.791715538602444
-0.255273026710799
-0.712276364031667
-0.741424024824610
-0.619751492498954
-1.086001075615010
0.007073006502877
-0.078844516283846
1.790204975939775
0.269780285120278
-0.505976741095162
-0.639591138148842
-0.295961306459582
0.023453999386231
1.109147856319527
-1.221976662777162
0.790921228999606
-0.882340026314410
0.496194389234586
-0.495644407324542
-0.365896517208669
-1.140811137452619
0.705930958171977
0.042470278835357
1.965344400857918
-0.478983250921521
0.356040437377855
-1.882200944480632
-0.512982850841984
0.472267234180180
0.538323577634666
-0.298404505914239
0.224212495494885
-0.364519708013939
0.013766372734549
0.955056034078947
-0.873095198197458
-0.944499402112858
-1.437759638836648
0.621855969281955
-0.423361262079346
1.755375133774963
1.525144963545360
1.563621589590595
-1.012125374717997
0.516565699193249
-0.068950563655747
1.737254146704560
-0.337643486270854
-0.962663202602656
-1.120032699176468
-0.387115631420751
1.067231346218090
1.324441494784632
0.564687346058826
1.658822127795751
1.806037110882909
2.834850732098773
0.723537640194602
0.921527036170479
0.725267491827481
-1.144126644305355
0.116985825933890
-1.652554670610383
0.987056464655818
1.044665161562127
-1.222850108026578
0.157124575059235
-0.647681389839449
0.969660270260171
2.172451805001750
-0.596120412189199
1.036800067660274
0.997814271740670
0.056578926045981
-0.925292287408130
0.316632632695435
-0.824883698804896
-1.177191245943044
-0.075849846401320
1.013996412482395
-0.261623772377718
-2.400856118135896
-0.480264155442632
0.105931658525280
-0.093162818962284
1.329019583761528
2.321047615036302
0.651136745912012
1.974641339303024
2.412191850665109
1.420931109405037
0.506851117945932
0.373194650940056
-1.308762162510917
1.330383191564884
1.304293564174281
1.346406950778579
1.860189066543855
1.280954373233348
1.356859771255433
-0.449422281110887
-0.465214542212090
-0.357624035222776
0.891316449835930
0.706247714199216
0.477998228008813
0.521191028954591
1.303572903738782
2.609241561323968
3.700662441036072
0.708702393261403
0.776947554139630
0.562341678140203
0.783596998006473
-0.537087993060431
0.424093771451973
-0.468817986223888
-0.748913199928018
1.289797143862450
1.136314250740744
1.112217718395976
1.809829961420611
1.215863840920586
-0.970756650297957
-0.261495726384930
-1.710114507387464
1.673956528337917
-2.321077912525169
-1.196793352759125
0.758492694458075
1.845289046244331
-0.083404694203795
0.730253338128733
-1.296031397734940
-1.724357943037768
-0.188620818452029
-3.252586706107425
-1.600143423556723
-3.001029644704924
-0.426491782327473
-0.450184503327259
-0.864762709086413
0.094318421114179
-0.929158751412761
-2.094773752485355
-1.908092563962887
-2.792004585638376
-0.200178883583719
-1.769137624614272
-1.050589256179519
-2.365690102076022
-2.038417412019466
-0.787550895546164
0.377402823721215
-0.516535759820566
-0.734000052142690
-1.595326383153079
-4.120893848779383
-2.535193366694356
-0.960747671941357
-2.780189229911263
0.960765636377990
0.049420884503925
1.104896860929860
1.637653571474716
0.611537987036745
1.975376826362458
-3.260096271765474
-1.247518166986616
-3.437369734686502
-2.834020810572419
-2.461200973853636
-0.974977029432982
0.380120983679019
0.335082844439136
1.905045070190036
0.592454803666926
1.595593388237702
0.595398054924946
-0.134661801576476
1.358709900429294
-2.472785952743139
-1.164167063158791
0.957347106097769
0.124784354631331
0.594086918605265
2.103760928353116
1.660490311099843
1.123397727804283
0.845865890033394
-0.239980747615037
-3.417916891993075
-1.462151706962065
-2.082430234534772
-1.176555951361631
1.552974236985397
2.815327327092756
1.652491735502702
2.739186716714146
2.873845175892441
1.557455092301159
-0.601752001915850
-2.343847245030421
-1.663142214864281
-0.871967121338593
-0.227164808144551
-1.929984978923451
0.504264308455499
1.321984279842056
0.558650975927165
1.170821960052252
2.150124698816847
0.739747424989668
-0.881107955293986
-2.586590511830715
-1.076137983341725
-1.199999806522692
0.872133595356596
2.198150583763245
2.290595952177693
0.869146009671758
2.283522754564260
-0.097307972916633
0.274635603975809
-1.178507964392503
-3.744224641410005
-3.228337106600059
-2.607086155938213
-2.346684519967806
-0.094405593633328
-0.632201986397773
0.945653929508102
2.664451582010864
1.935241331731469
1.136741848728035
0.198250502146908
0.456975955056950
-2.182996214317011
-1.406713287909318
-1.508139359806317
-0.534399333982686
-0.801803518291061
0.539811574835628
1.275093795242615
0.951497869626175
2.117041570003797
0.656831511422742
0.445458533552138
0.030736328680166
-1.190966191962899
-0.025349785325563
1.046387547043656
1.931879174566510
2.692020632151323
2.773717659511388
2.462762724112575
1.965322113177027
1.158217579523471
0.626737220999241
-0.124078433848337
-0.227883516907638
-1.074523926063774
-0.470658709762431
-0.371951208461296
1.017683406100735
1.969139084555758
1.949367952594452
2.109723691660480
2.008006251853485
0.596022119172605
-1.312479678556002
-1.289206116331202
-2.029150606548713
-2.035008948316587
-1.501145072820909
-0.766092551142756
-1.830954894412727
-0.313550926792430
0.604124241386689
2.237618065035317
-0.566305907324866
0.135137221494907
-1.135232730912793
-1.945137577789174
-1.697563125241591
-0.983842081285677
-1.070720524502871
-0.401834050622781
-0.486941905411781
0.155498944205470
0.862798060945804
0.965985039746436
-0.164016895990264
0.137864387464406
-2.297622826522503
-2.874772845146498
-2.160643693067749
-0.842778704107798
-1.552648907252119
-1.777818011242184
0.118121171386865
-0.118397022882965
2.086222038771341
0.993302904148661
1.172096914003457
-2.756384962423335
-1.720568406781033
-0.769006057720945
-1.236240514606649
-1.121705347364398
0.080583399692998
-0.783501091080349
2.263444659364064
1.161855457382363
0.701244087975321
1.028161205785718
-0.397649956027659
0.959915292010558
-0.434565662826402
2.102936586605128
0.812562284760489
1.075273158391623
1.912034164440885
2.226880869803164
2.601604461149023
3.129885520359185
1.895081748325742
-0.549972957472152
0.294847042543407
0.018172513918986
0.839280905124165
0.988290485211768
1.418205739275301
0.729820724211051
0.919531843600660
1.390923029402237
2.943413050334508
1.227343500681653
1.550982101013078
1.253621743235975
1.496762053336257
-1.254406269477518
-0.669285158545116
1.359682465423994
0.506168232839558
0.523743656675432
0.886751416923624
1.290333196897690
2.748542796299114
1.850746877596964
1.284694678692692
-0.504726490631650
0.786379936054283
-1.081952487128225
-1.838198752943070
0.901461034011715
0.050875168803586
-0.513967241004025
-0.459832753625279
-0.906044115185504
0.447428163027804
1.117746528728198
-2.208461211811959
-1.838892019337274
-1.229574520153071
-1.136974111732784
-2.993349669258814
-2.919861174370651
-0.400430103919304
-0.536340280797132
2.408459201417092
1.348786457589446
1.920515282732892
-1.717003675174773
-2.352744255790671
-0.914850448217380
-1.888082462293548
-1.650695415560797
-3.171186482592330
0.130603514686286
-0.904888759576674
-0.237945757001027
2.627862689227994
0.069919202247733
0.717747566384878
-0.215368699158019
0.595094594620788
0.221320164887699
0.514548423713994
-0.041329713839808
0.429059657639421
0.924814103562638
2.182767565037210
1.438966341445933
3.180071129105513
1.253377980365642
1.650921317751288
-0.532312531129471
-0.767610801592322
-0.450777206614645
1.234137809477683
-1.130156496798757
-1.091871317444075
-0.906071653055610
0.318263649013104
1.874710553910337
2.656665001808308
-1.075758546174409
-0.369604645921518
-1.704477204643297
0.342202714371039
0.802283843383397
0.984928239384334
1.123746297927960
-0.958278751409409
0.347055026041030
0.660842716705510
0.977440724354228
-0.410270908428807
-0.657970899901652
-1.129619691749209
-1.023982391252925
-1.970980959076450
-1.139830756054479
-1.241796761036274
0.420404115815256
-0.363237726680251
0.359479690357684
0.659735015730682
-1.374833111184595
0.481572135616055
-0.013046173542610
-1.391136212899967
-2.475815762990272
-1.577499971957720
-1.196060173470666
-1.430933017576486
-1.316133276705194
-1.581457636879901
-1.068588931549309
-2.007016951244493
-1.224350871320314
-1.774615546700405
-0.680374310953729
-1.758352230769505
-1.575622218196357
1.128443190113609
-1.469575563103842
0.455373100145498
-0.192968215931348
-0.226508757371279
1.008442335889635
0.092823510645507
0.184791788758085
-2.018468026531878
-1.404267066138590
-1.222456021994009
-1.510608179904170
1.700174758903281
-1.217421729894621
-1.596578446106852
0.498195734057327
0.070454514520359
0.341719173154124
0.977414800972315
1.688260215958213
0.555707695205932
0.085838074145563
1.671205136542342
0.232128403120101
-0.708642074316995
-0.857175008711832
-0.204955076594558
1.254917426796585
0.217888751121453
0.150655206249506
0.039480850825052
-0.071136392657406
0.347060201212532
1.937788728816221
-0.198911355560240
0.248424309692256
0.584576968364233
1.053702361103763
0.290969042099663
0.313996882729305
0.322045387737502
0.717703966842253
1.660408148134870
0.084631400975858
-0.191627559238420
-0.661323813092471
-0.270588093913731
0.626670205303637
-0.420947433839730
-1.026427407609530
-0.352965207192611
0.641909723655135
1.979826362227624
1.966743708099568
1.786972025635477
-0.098596668731031
0.057745605834923
-0.653216356480006
0.265170324968831
-1.070590398276080
-0.695916227931410
-0.648697352740744
0.304078470135210
-2.061281378932918
-1.951848634592376
1.144361551064345
-1.127521226039473
-0.100840871287146
1.315250387447878
0.725538216182939
-1.605015214545997
0.258095228092746
-0.973781619305612
0.576006047621578
0.271665336617096
0.793759348141073
0.400439492950679
-1.228848204534054
0.902407211339996
-0.321438293873116
-0.213459339506250
-0.864741070899848
-2.158155960640486
-1.343906838628371
0.860662315631901
-1.071914523881474
0.845492906719766
0.508004578096132
-0.003375546066590
-0.015263334016850
0.558305000300282
-0.110069206930044
-0.459518853521176
-2.839332024559079
-1.099815101926094
-0.278259616453309
-2.210329428955239
-0.456065417641982
-0.075101143667110
0.568287661253410
1.497988081591508
-0.583631865278846
1.664696397037440
-0.205746660924455
-1.907503389815450
-1.575221622192978
-0.813492527956573
0.352566809502345
1.060272753553107
1.675715695219101
1.865941028160039
-0.366149007976766
1.173535040243154
1.580608786089192
0.589020361389761
0.052980236549375
-2.300056020077791
-1.706291330890673
-1.673865575901684
-3.137158279412564
0.457948400358472
1.119502919431834
0.586936049077732
0.268471293752349
0.831447624984999
-0.129819420536241
-1.479991025422088
-0.290373768498313
-0.772885574827897
-3.106909545262956
-0.379125826038759
-0.783942935967295
0.496581810221639
0.073610778876785
1.499660172686025
1.747386904256871
1.695721387559430
1.952929083015294
-0.641552702527581
-0.984149913378386
-2.711286940949913
0.158132940283797
0.180151765323967
1.472457133740867
0.869208695280033
2.924403935137465
2.338356539092868
0.535119817624877
0.309605837131969
-0.621535819524836
0.560381459240654
1.012288003172267
-2.272596183415628
-1.818152123960186
0.426383512465140
0.205349893430408
2.041862019874696
2.789630710304394
1.382174424606759
2.606909757953086
1.594445638519158
1.115573855455110
-1.019459877619691
-1.311476740599112
1.651506413574650
1.285020639478184
2.701828260465779
3.259717126363671
3.582377717233874
2.316045975976939
2.512237341124394
0.819799345059459
-0.295877968112927
-2.753534858030394
-0.912630079757863
-1.789528315466042
0.353419851058474
1.713790844486265
2.058169417966336
2.150856707005790
1.859737945273346
2.866798942636795
1.910373332946676
1.616099545240834
-1.477659956907340
-2.383534153515338
-2.091365744585533
-1.111436975137465
-1.433020599571965
-0.420661757270560
-1.397734508705044
-0.683530283803823
0.993015311659648
1.748811567165582
0.268345930118918
-1.167725057845656
-1.353818205969670
-1.447634873226526
-1.773546553218960
-1.244859835415156
0.447445448083724
1.331568536141079
-0.247859297856495
1.293248467520869
2.001359472076787
1.185168771354284
-0.165669190680978
-1.050991239496338
-0.499162367984479
-1.840701094853798
-1.002823139835422
-0.839398172610099
-0.265145459981015
-1.849533713581271
1.949027113935291
0.771166832027392
0.359313135487008
0.447113018014969
-0.999641874025462
-1.640393362579061
-1.025949102762485
-2.072536362974894
-1.372497854677458
-0.737819349965441
-0.773940753899350
-2.300645102148615
-0.136088965309376
-0.626488355825715
-1.040759141336701
-0.680081103188497
-2.688326312475608
-1.252553276174249
-0.993137649691363
0.944246522595085
0.649032618296386
0.557642718323575
-0.048450283415799
1.374653751287174
2.165877871291079
1.720142847017509
-0.983291831316718
-0.832183296291622
-0.017001387579822
-1.430022821509132
-0.187033542267776
0.693717996982209
0.278529706911351
1.918556680375255
2.604823808556329
1.975706426081428
2.892145339664968
2.448828676148941
1.160424358038150
-2.424072739575537
-0.937909234490147
-3.010019303118389
-1.983482358550464
-0.219462020560432
-2.767545841649333
0.417571764078157
-0.517591174667562
-0.431919604099582
1.679105780156412
0.150139362419828
1.197654013587928
-1.597711438511306
-0.899702009318746
-1.594910516813874
0.274031627107521
0.927589868109603
-0.952938698165764
-0.138864412516094
-0.008632559794151
0.860361238619941
1.363691948950273
1.320679799715905
0.209034791083011
0.122641612677339
-0.368837695612212
-0.841545001433048
-1.090835796095003
-0.252595806935765
-1.324768935061616
-0.614541768901035
0.917489381737596
2.005747399286417
-0.233053025100039
0.094227705685492
-0.811510130251089
-0.255241993763189
-0.271192468937142
-1.648438216791836
-0.806052721516950
0.185765839268524
1.144889606195456
1.868967544999731
1.284737756910648
1.514903351945596
-1.702750623102821
-1.098358972260047
-2.032745477154629
-0.814095426939628
0.713982087921533
-0.362242033930894
1.411096956659266
1.116337325535117
1.142391463665974
2.197796061585070
2.796048238078490
1.919738273021408
0.584156844157439
-1.526389292965340
-0.566362522381922
-1.118390317245782
-0.340342852618527
-0.454640366422022
-0.955232326621755
0.708109638429258
0.832262458261592
0.229619911419030
0.242547143579273
0.742981489081997
-1.204516070936848
-1.598987305207487
1.083738133976971
-0.948961319414059
-1.471917926276714
-0.142813060769555
0.483725925903181
-0.440608768038550
1.038670937063161
-1.446398219950975
0.631881533629256
-1.550522834351929
-1.306208342176274
-1.688801307215880
-0.138453875492280
-0.694240629962397
-1.261918782936804
-0.005694870410198
-0.535296200046877
-0.055578084746707
0.070363168058821
-0.513539168960967
-1.407380285763998
-3.926009246771591
-2.427274250322494
-2.467423594808982
-0.329837554773351
-1.786551080049820
-2.828854356184622
-0.576138376979012
0.725742644196091
1.266873316508283
1.975257032335614
-1.891279578878465
-0.786980583594197
-1.866466112141632
-3.325732743889044
-0.916154748280490
0.582218828476444
-2.182166623202219
-1.777288081481150
0.391960295880664
-0.478339682636184
1.335282135918987
0.011096502518065
-0.511296659529415
0.509474019137957
-0.300585729768249
-0.954797089362772
-1.399242355394996
0.500081888840382
-1.418183180403589
1.271764194259399
1.026251057395656
1.387083053034383
0.915988772767324
-0.616921631818304
-0.922070282301657
-2.636478225240799
-0.378361271806136
1.479171304298212
1.000074162434615
-0.164648169085946
1.372985845874566
1.351499038478553
-0.103993646110977
1.120132868132163
0.713373040625811
-0.740810257790991
0.001824139693838
-0.427612547240532
0.309625230057028
-1.115603903625827
0.046067656131033
-0.425766566708578
-0.318378890053102
-0.496199481847932
0.163245603662889
-0.760597813174278
1.138032028226920
-0.830436233853327
-1.265034612259369
-0.258774525345876
1.284400074763618
-2.504847680084567
-0.204886436989403
0.430997969509493
0.802077124742638
0.373243817441685
-0.671214569390698
0.885978500848780
0.133371834944205
-1.123947634717220
-0.934930339594862
-1.114011956010368
-1.413681955758566
-0.328801158553943
-0.192184552553266
-0.888570767104083
1.048407046418965
-1.295242006467135
-0.578034580317017
1.444755449084903
0.597923684525280
-0.301675606887156
0.898109076645958
1.574167855624171
0.883243779535020
-0.576031586738093
0.302272617004783
-0.082726790428486
-0.546017079382732
0.268217591413158
-0.422748445810262
-0.732435866163279
0.701905464830944
0.772761068053055
-0.508865553994033
1.094740169247586
1.172369458878213
-0.956458568082920
0.606659972930334
0.377911235658753
0.450709272113440
-0.808867811917962
-0.137129784472646
-1.171709528523784
-0.157909035202068
-1.481439530392926
-0.149343909323815
-0.599326822230308
0.869649553630732
-0.758832392542447
1.220900568177618
0.525631075884295
0.553264709843823
0.425592870986675
2.618705808301525
-0.518981236498726
0.400623620539102
0.676054361780678
-0.500760720532407
-2.152825982165986
-1.001296313761655
0.146678288621217
1.343066436268802
1.329028202947560
1.596268130564180
1.712937412394075
-1.082316622952760
1.099553566357291
0.214578541337901
0.197865631759211
-0.926595656215875
-0.920905139472262
-0.445086992137616
-2.294372020896380
0.358263635249429
-0.004016186918024
0.372147829699040
1.309477948132798
-1.012680670986552
1.165405698965377
0.266641164675283
0.447816208677207
-2.019802976981390
-2.694961322059615
-0.334887600468014
-0.472567451379297
-0.789163751074297
-0.802997981438419
-2.268413696509731
0.152048497489772
-0.432971912259789
2.694631396123540
-0.242928127599677
-1.198461525257398
-1.671557597514900
0.511870875668641
-1.244279501728825
0.268142147201918
-0.391469920871400
0.122887802836561
0.464476441933777
2.114219651034521
2.379268230228145
2.352099547353911
0.839042187176629
0.450823579177694
-1.823136237764896
-1.727848163482044
0.009899989561045
0.720375482497887
1.161350547829049
0.684285516723517
1.899056009244816
4.157607313121995
1.552435831276998
0.046918623151513
0.211750831750424
-1.917070460001137
-1.817437045698874
-0.914178575744626
0.313969033370117
0.595827139364862
-1.145856305132821
-0.148389818612239
1.447181852622872
1.579256722244460
-0.316645781867342
-1.179712640016038
0.098752503132444
-1.281697492614103
-1.080399260117019
-1.540244765946116
1.052311811501403
-1.102329577592121
0.714791014935121
2.921605539516977
1.192450434757610
1.114585584773057
0.052669252729164
-1.217714625667774
-3.810182729283812
-2.501831552291658
-0.453974278185866
-0.452955754301987
-0.438703423979073
0.984247090055992
2.716106030727788
2.664219175112851
3.005566402863926
-0.300746145828636
-1.203671050403678
-1.752643390117612
-0.041682457753812
-1.791283299025779
-0.038037519396177
0.407507117293286
-0.035049805301867
0.828916964960825
0.558495130385692
0.993440060586929
0.946351086765650
-0.346484295781962
-1.625648079857849
-2.396057460142027
-2.087147871834473
-1.356249025456953
0.030643839608140
1.001657879991387
3.560314342050464
1.422069429286231
1.337113485796903
1.042938924465934
-1.033873633900330
-2.211048056461715
-1.892235178474744
0.679916211332769
-1.551861199726647
-0.343135758026917
0.057999342579424
1.203503087830479
0.858053258239956
1.272051130885111
1.449002009800429
2.475902046650693
0.584534226455100
-1.961425021053982
-3.073970125761396
-0.631453530394671
-1.065119090317038
0.942557375723986
0.736435849170153
0.629422608927078
1.772517591905112
1.789703052985491
1.562614995454752
0.936394997150823
0.685870540425469
0.868892363511357
-2.187984897043135
-0.508144772458919
0.313774137984230
0.618116894909351
0.582694302748279
1.532198521608320
1.616915909927353
1.793800180596095
0.776270690357057
-0.902186057163369
-0.015622986768561
-1.068919898415163
-1.337806243314638
-0.430455673942380
-0.080550052862561
-0.726722829634266
2.058437628238762
1.718918639257882
0.910758635710225
-0.206356826310594
0.451995973154855
-0.915450181587448
-1.009782502271106
-0.486835882794137
-2.139600507826722
-1.492395922184095
0.884577680720923
0.367365986921341
-0.172530216346274
-0.479499432046247
0.061873406205719
-0.256491919756144
-1.822201587161780
-0.995994544237009
-1.091402590211170
-0.902962545755871
-1.421261311054783
-2.123224613540361
-0.209080458161684
-0.019673283929701
0.931540676478003
-1.136488852403313
3.049751758494367
0.544201145290026
0.219783178046792
-0.275090060387067
0.462416282242263
-1.740173235900113
-0.114115645089937
-1.257702238678615
-0.126539390517610
0.304615713882464
-0.368941512476253
-0.184321432186868
-1.159035027296925
0.725837517314209
0.393087934326480
0.418810627685788
-1.174932142023105
-3.162758632970398
-0.727084275704273
-1.773328416432879
-0.423667612787498
-0.319251376386718
1.454592358014763
0.767362451571648
0.858399265955217
0.196835789640630
0.169120934733108
-1.802829281541310
0.223491947483490
0.197278300329959
-1.221805985140938
1.674943579634332
0.547871082407163
0.040643874173856
0.815579391434756
-0.970637570382074
0.620612201386268
-0.592778690611094
-0.298050184628629
0.468579564913245
-0.002048112790340
-2.402239384668409
1.220706690165023
0.630096614269181
-0.551858064482520
1.346109525700705
0.817578672901732
1.043180661729464
0.887375995935244
-0.937840211563786
0.803952091658937
-1.450524034357920
-0.406369640015058
-1.304196448392283
0.127686504282418
1.132985161414529
2.283552419949188
0.273973692633794
1.736418613404633
1.570855343726350
0.672362832297018
0.946685824887285
0.338359840197292
-1.370984523636607
0.982964698814911
1.086033790983894
-0.219169908425678
0.501068598341724
1.593478980805117
1.963449413900641
-0.312697362239635
-1.333633934467972
-0.596220741850831
-1.823510494833337
0.667305314751944
0.534460701849271
0.794360791635171
-0.556533526034045
0.448362842838067
0.271741259178774
1.175080538939789
-1.060941364920237
-1.774947657128182
-0.031399369817548
-0.459758617425047
-0.283157899246929
-0.987488972109998
0.159411800828742
-1.453615168643629
0.883727759868688
0.906097549332899
0.874263538493623
0.819248417953047
-1.109037747116817
1.044076583112699
-0.799405779452769
0.785964152948211
1.133227274693877
-0.677563437747979
-1.058098685018020
-0.963417173854701
0.731555628715967
0.871653708639745
1.017023874293609
-0.100662702359761
0.069107623673888
-2.987899829923686
-1.940749950582894
-2.103979680066829
-1.156169943597920
0.057606194046573
-1.312804340556417
-0.287595135860087
0.497120491450136
-0.147359401208340
-0.415181101880270
-0.101108761731500
-1.988678315415286
-0.559614381659487
-1.452387365106774
-0.100215294386390
-0.334606039490749
-1.385636184269348
0.756738351311328
0.258553187980980
0.363504198345939
0.031303823191654
-1.839060154028364
-1.279239984232528
-2.253272467513372
1.032745336445896
-0.621227596395628
0.049796830089818
-1.392465710638330
-0.165520945785939
0.421757983753323
-0.127230374038270
1.084171496616226
0.514580455095962
-0.562282326727834
-1.932376644108448
-0.629460929778626
-0.404479766370410
-0.494018818297980
-1.181079678948747
-0.160387199798493
0.068055314375700
-0.333974772251430
0.089436192780572
1.198941591650834
-1.116883104564408
0.752625654425975
-1.793174003688707
-1.568562499415861
-1.116660244138230
1.303252911420336
-0.729787194838354
-1.994118368111647
1.154673190009397
0.667410695411580
-0.831974287973378
-0.328862097518825
-1.644026145384772
-1.880731743031314
-0.574950693993871
-0.057328304785227
-0.498051616074941
-0.880706538772980
1.379501971209570
-0.938324661597057
0.576547140513289
1.387178705845358
-0.807939617408331
0.188268067790285
0.152267733620922
-0.073227039944184
1.041024071188159
0.618833471930561
1.320769700598221
-0.512900853409166
-0.485176035006033
-0.607771417433466
1.615513192842235
1.049542819837428
0.940550333492070
-0.321859272121427
-0.208319854282001
2.462661780177207
1.314847538724557
1.327322675741203
3.842717834175736
2.607451492165249
1.665131105145566
3.640827158819873
2.398809253673356
2.224448374542790
0.216127838036015
0.603592357002674
2.762577853606930
1.246552860119645
1.427069074762438
0.540780477245553
0.752870978227674
-0.890835839850667
1.524652474210301
0.343434780957864
0.567916965462069
1.500279056857057
2.151184040531021
1.971463078652578
1.718526666070839
0.325501960182770
0.404664314757002
-1.037626912165916
0.788689356856091
-2.305963936114455
0.082614027903893
0.031050709470966
-1.081753976964002
1.046047563002040
0.276690114057991
-0.213943653369259
2.477703597571095
-0.096120677173123
0.223151945982148
-3.206011316614332
-0.238949513424397
-0.512455651244079
0.158764801096591
0.876587182854763
0.794638159240538
0.203129445541820
-0.817409125553362
1.344424156828725
-0.525455657171979
-0.633636728082618
-1.887740121854559
-1.484271305287368
-0.410288200023470
-1.408660440041740
-0.288694785952533
-0.205399416783358
0.213640774278483
-0.549825719736854
1.754310218511773
-1.474921559621700
0.962600554687956
-2.505877620284906
-2.839177774632957
-2.143927583322028
-0.750253212729075
-1.502226057409082
-1.259433607133545
-1.003445232665629
-1.638845376681313
-1.939725377547931
-0.988406474723354
0.808972783561283
-0.447637639439625
