1.506351008877881
-0.292813433630420
-1.089484265617889
1.323031883103276
1.000300203528070
-0.257320687258350
0.743862343053266
-0.884085827360814
-0.354884716300404
2.361708208499822
0.136822539352754
1.725712111498689
0.556769415696916
-0.275246188723447
-0.550332155698579
-0.981727106398307
0.486781189825555
-1.077713270708979
0.222726699978024
0.069764612445546
-1.559237369905965
2.583391874766876
0.736660097406346
-0.400100159635253
1.176359882229884
0.346728885688379
-0.508836798243190
0.953879663769209
0.736805489545944
-0.441477409625994
-1.557189814619596
1.187713044917570
-0.365874127954820
1.057609476345432
-0.187261689791470
-0.784426946175254
0.148215367543808
-0.185899282996748
-1.276462372839741
0.445917711734949
0.383946659631875
-0.759259141090829
-0.924917195799615
0.439868176333121
1.415976236891629
0.190622576709445
-1.073044200693487
-1.443542760635168
-0.098335628092553
-1.069286595780891
-0.249412449419073
-1.944336582081267
-2.338522259998944
-0.937584277481299
-1.670976931089439
0.549750636890273
-0.264864118137397
2.554623010086184
0.330691094802153
-0.876696249224504
-1.225444441361290
-1.416995701794781
-0.502867990094988
-0.809250974172504
-0.188708520353058
-0.949248873269152
-0.354298919468877
-0.582504217977403
1.666265008897975
0.542086402812786
0.994442112583079
0.191882855531934
0.564862429698269
-0.650820134663357
-0.005120404437768
-0.315517516434253
-0.189368301468005
0.585542520808617
-1.274030534427447
-0.469767461892063
-0.875507254779584
-0.991084827167558
-1.831887726657117
-1.835072368749272
0.650546494738881
0.721365316001556
0.565097928437808
-1.206482813758444
0.695556207258389
-0.526402762958333
2.505210251909255
0.285668491684429
2.854997426782389
0.373398791523886
-1.387755316839354
-3.414664093340734
-1.198944778699197
-1.921884606395741
0.104570270057019
0.341115965849489
0.759439444306797
0.004326415119073
0.723028659638573
0.628216794621775
0.718972881837618
-0.948403014335486
-1.267557664830751
-1.215568919638825
-2.141608239357253
0.050038391892380
-1.749561841459570
-0.937463839270958
0.258219703376471
0.322082751309487
-0.730213605563090
0.228468331626107
-1.817175122731149
-0.444600888342320
-2.821413428291944
-1.877627194735924
-0.709912617837653
-1.779875707360989
-1.418594056916864
0.246146862184393
-0.348335541489541
1.189605361631145
0.013233950595862
0.299486581685293
-0.576906470661445
-1.582091797751859
1.187610012818914
0.123387490161639
0.297683748777111
0.898770576377547
1.479180001429683
2.109239463926249
0.784872033825136
0.489654448350261
0.819181411053733
1.150368849826559
-0.327242398887450
0.234782492643682
0.558829309832162
2.401822015906760
-2.423846693999330
0.609251422668578
2.308772552279466
0.842579092623887
0.769147964532114
0.550048952365950
1.322206960746201
-2.305760808658226
-0.962546784484610
-1.665547491493278
0.511712334359955
-1.389499718815514
-0.608123161672821
-2.828645813241880
-0.211981019890377
0.099889472898952
2.094067786706442
0.549487936976050
-0.335099830377052
-0.341718227392800
1.309660073615106
2.818613887515434
1.206840948285680
0.932890715192611
0.951514312497474
-0.435249841856477
0.557750118692168
1.178854125547145
0.831334011767214
-0.682706902709932
0.569640867456417
0.345580395453144
0.058710403633804
-0.970104116322287
0.963253614208517
1.074381762392289
0.153577163599663
1.100676935449245
-0.153096439584296
-0.109907755826955
-1.150558759327675
-1.428052356614397
0.257867051669147
0.062921122991749
0.531905467488137
-1.585468587741541
-0.079399036183866
1.183107805897338
-0.284733805788025
-0.678365753732587
0.468067290575309
-0.036354033326594
0.170459301738101
1.253313386800219
-1.602160253306027
-0.036884749867768
-0.130314154101359
1.343709173683930
-0.848431016749029
-1.126303481923314
-1.397146748274316
1.232563534847956
-0.032015365643633
0.736093041088517
0.992005369614268
1.441861036458720
1.075853169322178
-0.337530719230637
-0.873683818273248
-1.938717389552935
-1.472745514545013
-1.744843288924558
-2.189871595387285
-0.288640623958402
-1.516489498749038
0.668950427098195
0.540583719269935
0.008477668082329
-0.025086422930126
-0.384280263976619
-0.478384367787858
-1.080160193124915
-2.455084767166294
-1.819275172766726
0.324018733094959
-1.653885180007394
1.160407502110172
0.728276656986649
1.063795906511507
0.095101125159937
0.599189309508401
-0.033723262759195
-0.100795393469426
-0.312778185629845
0.476045800866710
-1.594900555562643
0.092049194297286
1.332738333721284
0.861333606468685
2.426445522966324
0.406560481930986
1.048395322923408
0.741882567040500
-1.542291051280689
-1.786338937879547
-0.034329002895899
0.516270702847370
0.394908627883858
1.717368956706972
1.101951903993049
1.732708841831579
1.797467422454316
4.412913884562219
2.108580301467151
-0.045387818459669
-0.537103638357771
-0.843190986388098
-1.477810566250283
0.466267824665246
1.067710913560174
3.288794298149814
1.264336359962515
2.989182644122557
2.704024443010449
1.977477376396004
1.725885905566141
0.907421639089399
-0.613790885035195
-1.490574924963600
0.594848890505673
-0.318963328126331
0.887396280865334
0.422416617413519
2.367989876267711
3.445787373394617
1.399363658724275
1.169837189507215
0.992627024920615
-3.562769595505471
-3.787298983811663
-1.889232032497296
-2.296742170860047
-1.310050088692954
-0.395016165767410
0.092579746326915
0.795751778269423
1.803470398060956
0.152781580701011
-1.236297870954965
-0.681492955805893
-2.126577664465777
-2.662756617984106
-2.360588278778362
-1.250113340455928
-0.628458997628746
1.550344988128627
-0.558871160565154
0.197265299819252
1.107771609648174
-1.565050137765319
-2.202851813440300
-2.097943021917858
-1.865213008705791
-2.501893112301366
-0.846349562206928
0.724354542667158
-1.247989607495994
0.103347032053590
-0.404079390665129
-0.480455601893636
-0.796257971427972
-0.775400653809428
-0.713416236271843
-0.585552933272700
-2.059022812654850
-0.000411048866327
0.824039448246007
0.379026628721161
0.400759103256094
1.601782275892349
1.242138507257289
4.236096567269878
2.191993038371315
0.150011496883945
-2.632089897703045
-1.782944124534767
-2.819967986573580
-2.611144122578450
-0.733281633567774
-0.087277514604288
0.336104326101810
0.538522860292205
1.143643821429948
1.667235010877042
-0.139610956273906
-0.521538294579765
-0.190400212931103
-1.416176029111357
-1.021763083850674
-1.173582080077570
-0.628620252991829
0.989314298429525
1.773703313633768
0.605507632397407
1.955809425702994
0.507795074760644
-0.550898144429651
0.618199800096744
-0.754001632784460
-0.382152236752521
-0.315869539816515
-0.458442597507946
1.263381596643741
1.262686144923626
2.315569865991945
0.606768052125982
0.898718612590255
-0.808240222648548
-0.207426358888188
-2.147477513980543
-0.461202647683460
-1.553538813789318
-0.268549859083654
-0.205147167784578
0.121382031315531
0.915523739947208
1.190140795587685
1.182475334002832
0.981990727229199
0.932628031269439
-0.121081948197991
0.064599885898660
0.246810437451794
-0.098175585766675
-0.264737577787086
0.349259820418260
1.232564137633930
1.715415073802601
0.850724842627003
0.926828282614301
0.004457948096278
-0.984012138586830
-1.805555335501506
-1.193945543838006
-0.686999722201198
0.356701341945281
0.580100796973890
0.881536663164934
1.271833328565953
1.033795632407857
1.111705830891372
0.718195623534537
-0.628283671796771
-0.294050129457095
-0.213623001377272
-1.653336466958102
-0.057319788700856
0.071594956036476
-0.687347355133933
0.026389770472485
0.040758320785155
0.357050482371075
-0.002516063153547
0.126430574369079
0.968532598509811
-0.586599607561700
0.052418020061332
-1.910349003935057
0.036635089513284
-1.397857668451834
-0.255863809764097
0.089476259134335
-0.306197370107910
-1.095458612138102
-0.790665207569818
-2.083973773535268
-2.735745949653337
-1.791986854200573
-0.498268838629168
-0.651566877396491
0.368537320257982
-0.670146680615165
1.370746420976051
0.600627169792813
0.561749736202451
-0.558042710347166
-0.979840202323554
-1.484522894263899
-1.627795218527762
-2.344332616150737
-1.037657445711093
-0.457194447313923
-0.273393027969477
1.292097599299803
-0.476640627343255
-0.689859328970513
-1.265883494906385
-0.903911584294181
0.534015657442433
-0.861196635431767
0.031553737702237
0.595895834924509
-0.050818616029507
-0.203737854135298
-1.330840988079257
0.162461315322806
1.133886524869798
0.317608898690230
0.718554335797706
-0.871772044622638
-3.567578353273871
-3.130421924704547
0.263689847730514
-1.548545385641964
-0.151027427474198
-0.871718775287630
1.195332216867489
1.894507893615278
-0.335047020324626
0.948897811964570
-0.105348648914327
-0.825558916106142
0.079339691251258
-1.152349433447336
-2.156515383127873
0.011175224173345
1.141857293446038
-0.047651031389397
1.311935229025833
0.020181513542295
-0.233694082062685
2.644302094524178
0.900632974486956
-1.481893121585362
0.771767025591840
-1.299413859110532
-0.452180790042224
0.215714924441673
0.303544812240356
2.444478974692044
1.607624627169767
-0.075706180640946
1.983765938204223
-0.740657412358568
-1.419517906689696
-1.623300724202800
-0.361943337301968
-1.428938504323758
0.313483495984863
-0.782222105109260
1.033649748918161
1.319317291060113
2.275558947554158
2.799104282768979
0.286580805334789
-1.505265773292266
0.645470928148393
1.071408583629726
-1.892683822663229
-0.214900044236720
0.653366239168140
-1.957106331580480
1.667838706159584
1.291750351001233
1.997011604191987
0.636637184621016
-0.817747721578915
-1.702771563043888
-2.136536226741914
-1.389883988150791
-1.513423766366479
-0.331212373119391
0.805586880568954
0.129970867697577
2.377150281538530
1.829010764182229
2.402365849199534
-0.243542472689873
1.572100830673537
-0.623106170450417
-2.938365691109353
0.232246941495254
0.998365112147562
-0.011314796321726
0.515511765886208
1.606994466441391
-1.158431772214398
1.352667478209909
2.261555553551581
0.356648824846941
2.713172961772597
0.951608730437315
2.591717239173520
1.277836791554419
1.065359198894132
1.297856006929556
-1.515110550732018
1.112455178358977
-0.895513596477462
-0.196379797830642
-0.307685865276591
-1.764643478815736
0.057168029097368
0.639825797262388
-0.085935471295262
0.179405650966982
0.997900778894678
1.758941258317889
2.204455479245709
1.675711924709328
1.915405500563248
0.130224050731022
-0.281245412656478
-1.563798268928266
-1.503884767590146
0.900022943145826
2.420560090757344
0.814554932606372
2.717961625081936
0.440470760510798
0.851110454409211
1.416967648708515
0.595475729095267
1.273690720832108
-0.220943894529849
-0.637527732090722
0.842241047953560
1.752341874517718
0.233390206187657
0.954076465410035
-0.362892087690660
1.523237039973720
2.149967847316466
0.212318614744607
-0.583326436218934
0.204209174810158
-1.077701843917033
-0.278499157484709
-1.194281135881539
-0.649869765664367
0.966709138876812
-0.065954135272375
-0.757239848136917
0.565877127529586
1.457344342379741
0.313006980109627
-1.679515689416073
-0.457109056613325
-0.761695675407235
-1.209098068437050
0.726075036577739
0.991739839129647
0.759105041691143
-2.405064943619495
-1.197109053006945
-0.232265064570343
0.921159352627528
-1.571125026754618
-0.041451953384317
-0.136153566717279
0.067662936683546
1.290115972914397
-0.426710537950345
-0.672765565709185
1.096304161319630
0.538497496864668
0.142858477547427
-0.014080462291484
0.279970323649749
0.392517348433502
-0.320737210482483
-1.336095833433228
1.335342886227634
-0.421582066558625
-0.454060845459447
-1.251168190573664
-0.790591923316360
-0.203137867164998
1.608234977558337
0.654927060952759
-0.117172928761620
1.203629051001055
0.531685758619286
1.939557859494389
-0.441355329861620
-1.608684609830447
-2.189441205403344
-1.600287386684814
-3.110390514038488
-0.749507697019081
-1.095608944563520
-1.204589954101371
-0.768580322348283
-0.063408513652556
1.959098167184337
1.766517062846493
1.390799525880576
-0.808159573761540
-1.170223963604247
-1.204259182307965
-1.259058370638670
0.976805659477148
0.172121935806075
1.874346341429141
-0.437573354025057
0.368932086219647
0.123895645987559
-1.028510512850362
-0.675898162552783
-2.685849261038361
-3.416370695555912
-2.177078315808849
0.203494860280018
-0.015804701640957
0.777232808038392
0.049927708350630
0.065909207312576
0.025921976014962
1.822855831611279
-1.427617845865133
-2.343963016145739
-2.333024231430437
-2.546840238152444
-1.761643704271732
-1.556907026507327
-0.543861693712904
-1.398849792522566
2.195922953636045
1.556376972560970
1.633589347818552
0.694836992594712
-1.140934152133953
-2.633295026525727
-3.357103140275452
-1.128086745624532
-2.661997137550616
-0.017607944831877
-0.496560968114117
3.161196543259987
1.447584853229570
1.140782676559947
1.629291106792383
-0.631322909658462
-1.132339297787839
-2.732810111191661
-4.137366336104781
-1.652958152510733
-1.000386534409129
-0.591109232925982
0.958017650980806
-0.207688623412394
1.173302370120098
1.294739878901894
0.471577612582521
0.335630958725978
-1.853774841427660
-3.645014354340647
-0.722615127223445
-1.736040608638685
-0.475374084325262
1.198253133533444
1.691230471114100
2.781152406876656
0.818437833339653
1.194905175413811
-0.841908335539913
-2.748252912086069
-1.512619862849735
-0.488926428816272
-1.382098293082749
-0.635086281289019
1.585776555508532
1.666740961188256
1.373540188859126
1.522760581000918
0.755701377298485
1.524037053458224
-0.296538719504426
-1.578209280311547
-3.407598474874204
-0.503401459804398
-1.288733625231511
1.801303617511983
0.821338087469575
0.747203749778784
1.392460626874279
0.798811533594295
1.205425391255332
-1.403592941459092
-0.896864357483096
-3.436837850215258
-3.163486427491274
-3.022067746327084
-1.674536890263999
-1.644505822974853
0.078033625750640
-0.314147494796065
0.048740641375587
1.364521523388175
0.049387136604529
-2.217237110560022
-0.667046353827559
-1.295609470076949
-1.153715638074082
-0.905957293562036
-0.602625424156802
-1.357711459251271
-1.273354517972090
0.607401296421267
-2.495431227146069
0.849704030968510
-0.542536779489884
-1.510861648839007
-2.357401733905945
-0.853633477072002
1.511902398072576
1.751641591926506
1.855100664932937
0.602210409861952
1.796846024784206
3.642132636380926
1.638222057548579
1.460078469162429
0.286890092695750
0.276342813888467
-1.603195847080860
-0.995363906395668
0.716546944623689
1.818347875500249
-0.664619536160324
1.442030452063088
0.843592477628812
1.565143410883081
0.240098696720110
0.668435824659563
-0.030721780302035
-0.649741787477071
1.322701534663087
0.325864082747368
0.308282721226221
2.842078164532758
2.576063219473739
1.116240667758545
3.104424390188723
0.500130938266020
-1.615144471643453
0.711825882625294
-2.698859280013267
0.621420744520466
0.155967059569049
0.975734837703818
1.202289419428180
1.209273037714423
0.903854708393519
1.336569227962276
1.967072650804988
-0.807510050982582
-2.148361540363704
1.113719586566506
-0.914762383984014
-1.216720306901050
0.320894487673736
1.061192814206799
1.159113388785369
-1.527199882021138
1.770150977682779
-1.469314644051033
-0.512657323344318
-1.445862449330044
0.685238981451699
-2.535302604532696
-0.636006087664582
1.968011369520724
2.462559210082681
1.499673472518772
1.358104959916211
1.807161595780034
0.995408179699583
-0.454732795797046
-0.935257126698304
-2.238469635907839
0.970319097974516
-1.967787805455532
-2.175048243958056
-0.038182414820627
-0.867840718124011
-0.323365276131986
0.571440710470424
0.946419565449086
1.891988187503439
-0.136418816755696
1.875330215068232
-0.750415673461133
0.427678040560643
0.248203067299200
-1.017453894746709
0.663417129541017
-0.672512789321292
-0.461205105486135
-0.440730001331948
0.085689162242112
0.858988458180985
-0.483182328391720
2.006310728708947
-0.274320253961889
-1.009904138366665
-0.354470825869387
1.086662137600334
-0.055682148883603
0.296860132473612
-0.029393389507510
0.687094210177479
1.169588263134285
1.115538614318597
-1.320824759928082
-1.795922234043669
-2.487457767880718
-0.263548206991147
-1.205356131401653
0.316249009830756
-1.015897084674568
-0.151414475467610
0.036200173646148
-1.168451409021636
0.643493331380163
-1.502621870253561
-0.545328455945202
0.419558120439984
0.171317283942854
0.053939910505148
-0.911657399159006
0.812664688189236
0.564350402406888
1.106297611905410
1.169371684167423
0.376618623659842
1.216024613227303
-0.916555673380918
-0.545860207713666
-2.175902649111758
-1.574624200591989
-0.899381802601656
-0.821970794899423
-0.553087782952773
0.392493295529086
0.282624133944355
1.563968073911294
-0.716324638404353
0.551751673153538
-1.743510060430149
0.677498075781570
0.588655169810704
0.944161617868088
-0.340430592340465
-1.285155653032129
-0.659285043587049
1.949157141422527
1.851448496370912
1.742963251079285
1.655294874537752
-0.254933358299681
-1.500958256824775
-1.182377589627505
-0.326208420751062
1.004175327248007
-1.244839883097972
0.453447564138198
0.923743381323458
0.863030620293665
1.132625492768830
1.567769832466126
-0.592930798275992
-0.834336818845826
-0.439955273995572
0.451377508227863
1.225869538833687
0.274865589011774
-0.808069808226627
1.274310889129193
1.778120616008124
0.339710301723403
-0.724557622933533
1.040313932100171
-0.831874366826128
0.983000344293413
-1.099327932172061
-0.041060497923370
0.845229591123893
0.582463148341933
1.348489807019140
1.898310010132984
-1.050485642942367
1.376983797423426
-0.575750154692351
-1.356573417353662
-2.738603491177568
-0.848745458058251
-0.718497265630347
0.450672679098752
-0.867917566869010
-0.047115050824664
-1.639882579735633
-0.748211684062664
0.458170234756702
0.193648235244970
-1.382335181883667
-1.594032043928114
-1.417350207346222
-1.797649871296859
-0.443769483140394
-1.570705178805323
-2.335328839881658
1.224906433545561
-0.972491606500014
-0.708548355519571
-0.525544658849467
0.095471703758901
-2.146347147709590
-0.914611467473843
-0.248678690303727
-0.489307481243479
0.719037415971691
0.762443384710391
0.369242643399967
-0.771157611142493
2.348723439104849
0.126759240257308
1.827673965321727
-0.174340927876898
-0.731150542598860
0.356956729493375
-0.468136249997782
1.534284337399851
-0.472876978869606
1.587118608910440
-0.366710301915504
-0.042797278039029
-0.395943993889265
-0.544976779832185
-1.965934786421068
-0.370106028890557
-2.150696447809725
-0.586789248511694
0.688483943837638
-0.308899290564199
-1.546896530420700
-0.335376770430583
-1.219395973840985
-0.089441917986140
-1.100484645964421
-0.695142299250537
0.963675472684102
0.411525828634663
0.723087962185321
1.436697354639937
1.369446503874502
-0.714213019293602
0.517101092558452
-2.383108364289870
0.822296366896117
-0.115904167628512
-1.324309751129464
-0.468093275851187
1.157062649059152
-0.169658045600850
1.637389128624287
2.230138498799788
1.004918252421309
-1.554462124861154
-2.672752497780237
-1.770823553563724
-1.109285260334671
-1.562165451552822
-2.864139948259078
-1.334108541007107
-0.763327617501898
-0.328477001358213
-0.465697731113829
-0.679551884926064
0.372273319780303
-2.844562667721026
-1.759843210354057
-1.459653452030781
-2.100788691299716
0.147335865810063
1.122966162676134
0.485163009805352
-0.682917667056711
2.326928200713001
1.431634791224401
0.586942273568531
0.304709215521193
-0.412125754278454
-1.190686812667647
-0.131681649996844
-0.672897395324576
0.687259226289801
1.618667996425367
1.318785289604019
0.864108749479853
-0.029659012542219
2.320665071768941
0.800951401193418
-1.761259966305398
-0.975272888979783
-0.993229822851936
0.052520310890332
0.287455826141577
1.193654231450025
3.884818927487591
1.275230835270010
2.629259052735035
2.437661901672883
2.401257300043742
1.338063727959695
-0.816177833582483
-1.039103338829305
0.061261807360223
-0.288751580832454
1.274847134677073
-0.203377389181818
0.450685739250591
3.985672999995910
1.468651951925958
2.117689159981292
0.858062774984439
0.261737819371820
-1.935799366161535
-2.217099877934286
1.068986924581951
-0.110963008539807
1.560507230101475
-0.516200750583468
0.741999253570597
1.417814574822663
-0.123972181529410
0.280987499359112
-2.351706608660082
-1.377835281629372
-2.034214135099056
-2.248553134881941
-0.154614517143303
-0.863133692567600
2.115990715129113
-0.506760395669318
3.408616055666370
-0.007093161171293
0.205314409009752
-1.064048271926932
-1.355657607017748
-2.003779360228774
-2.554030408569072
-2.473296180089788
-0.406038302896664
0.169316428908316
1.652113990264442
1.644604525374163
1.188161643784568
1.936615342629482
-2.169501599582448
-2.154571294682678
-2.054329988620778
-2.145403755506886
-1.899905019668323
0.678301562020962
0.217366415646998
0.636644017326558
0.079571056923193
1.880666667634733
0.041579744776809
-1.264667692564807
-1.780913657768062
-2.087702661707628
-1.743492649684394
-1.653451537760743
1.100704565829490
0.463606306714649
0.490115647844924
0.665427405722195
1.495128256679218
2.217969713893700
1.971244830609983
-0.065264103616126
-2.400235088276744
-1.312281134226351
-0.178541776943496
0.113461147850144
0.155225929366873
0.672336088066023
0.948857176172124
0.800825861720171
0.990792258813358
1.424078737923188
0.360296777806622
0.140593996617758
-1.763987407495201
-0.631913309143052
-1.180859614349211
-1.609057516741415
0.174437563360698
1.873318171012063
1.599201992988269
0.626329014949391
2.703072524411960
1.792447192112015
0.486733104245873
-1.174747035885797
-0.453070127484685
-1.893137840648826
-1.820961197684203
-0.464665574755793
0.876947326996618
-0.054057200663692
1.061039672035649
2.523809833418534
1.931795448233445
1.441308553394342
2.587088559795028
0.619635861049240
0.374710676500800
0.532815841882880
-0.482547222747091
1.000485218478560
1.531512039062427
0.656921482614148
3.253805991254106
1.948402589471189
1.759426552165446
0.319255285854498
-1.045327119507092
-0.790385744273546
0.140830915677716
0.033549743770342
1.750163287174942
0.639612604001925
1.522681919418058
0.617206920601505
0.118174148894283
-0.649331328378323
-1.834692971893240
-1.360508409550263
-1.957453942804836
-1.473850756548199
-0.579004853597245
-1.022817668531327
0.083671669665173
1.812363367447099
0.157924989430640
1.646934380007038
1.774270726610307
0.102900591781302
-1.547667599978800
-1.895291331820447
-1.185179900297551
0.345555149608453
-0.933510098360357
0.516867684006741
0.332275466680487
1.388538105785244
2.896889663249191
3.334442011136744
1.674634941329358
-0.107324825813916
0.971242241275635
-1.078964851850521
0.582041589420760
-0.303217012537647
-0.330850217724633
-1.531954430667020
-0.513681754847214
-0.735647356025630
0.360114602491833
-1.113182199984788
0.078895036061457
0.192793363615396
-1.189821732800057
-0.945803857456112
-0.453755212221490
-2.610116444476455
-1.710645137551309
-0.724947728246297
0.200283994084103
-0.091325751463213
1.120946745772736
1.383971160653133
0.640710501340934
-1.351796240312443
-1.463592043437147
-0.956323321133771
-0.880324894583787
-1.245861977222941
1.275616973739575
-0.684584927409924
-0.270475200850071
1.029604890448222
1.851995363475247
0.559773000549328
-0.336301125388191
-0.605303305323657
-2.657488733383761
-1.403883677100212
-0.730599831747395
-1.715686483330361
0.271717407835803
0.644297836651616
0.793872744970264
1.341579996611717
0.393733131058323
-0.808032097032191
-1.821526929639672
-1.741901291836196
-1.687185437951009
-0.580010776701344
-1.271506587091158
-0.600091664458730
-0.759694162120987
1.683507756610911
0.929292682094427
1.946320675561652
1.846580861950343
-0.938857597497439
-1.400662579692817
-1.021393558592904
-1.290968271111891
-0.293084850371587
-0.460041356172598
0.294213437786412
0.793143366773410
0.226359475934592
0.906821564376885
0.181639229015780
1.882053546453317
2.176138471367238
0.267540894032277
0.013216787139920
-1.096202114504652
0.110985060945268
-1.275089013129063
0.514728765803322
-0.454624581014303
1.216030475360192
-1.875088465184168
-1.448013601116437
-1.688826542372182
-2.257350006471605
-1.002042333285400
-0.610106447816275
-1.525185792425169
-1.427686849804028
0.717476502589612
1.384477541801164
1.522681558153450
1.834648948223114
1.158365827422760
0.526624251620693
-1.462004077732338
-1.965660209113773
-0.286855586384873
0.422131323734397
0.927948174678704
1.241021932402950
2.370944304378867
1.569549792646205
2.023525908627109
-1.120867014677942
0.613032270279797
-0.464258269035060
-1.730391833256743
0.821329030308821
-1.047943022295103
-0.999358449182803
-1.913099615516880
0.751338278782408
-0.795765949037720
-0.791153060658933
0.377874886999568
-1.555734233813846
0.980655798320976
-0.814755362216361
0.328729193326209
-0.042692998337525
-1.941644695246014
-0.204927747479293
-0.083801405982055
1.334372832057481
3.524986621751072
2.095920206582878
1.916255603606263
-0.797363134552588
0.324052545941111
-0.161602946741164
0.353723122706725
0.358132145792486
1.926187778247518
0.370143718374698
1.512544921457516
-0.242692193378911
1.787698468121779
-0.148244466041801
-0.484958793268901
-1.040522839639558
0.974318604647549
0.216027389796569
-0.040812584279887
-1.083178145578904
2.122642144412387
-0.564723344526959
-0.434074493604515
-0.483061912909282
-0.894148965382715
-0.712697670863571
0.485133769767176
0.142044008370374
0.652018305920244
0.118107109126748
0.057613832522468
-1.275441482119267
-0.820167914443220
-2.828092605471946
-1.239166607810350
1.760500035951865
-0.929467868485711
0.026015699685247
-0.401314476450022
-0.138723650152252
0.660746594354159
-0.318257892773245
-1.533560327458509
-0.447052359656514
-0.717213187285655
0.512085184317682
0.456335345552534
-0.006401295739004
-0.886002041632247
-1.056624994661190
-1.872565278797541
-0.894817179775745
-3.301855862347204
-0.113874830190174
-1.802428198488230
-1.059056395316468
-0.887579556863507
-1.831798178375257
-0.662581232631261
-0.068874695735910
-1.945084267298649
0.166527152535222
0.771212324263179
0.177771716527371
-0.956650506686193
-1.519960953403869
-2.336359498553886
-1.252123661819716
-1.066749734117130
-0.060263591561382
0.192618905154089
1.184501203122047
1.257289469629205
0.519819974760759
0.820876512831578
1.912065647767153
1.916362837752276
-0.331674562240933
-0.016842861456656
-0.474493179366661
2.020544710700746
-0.684011364085303
1.185234898387553
0.958886941139374
0.518039402347630
1.013541556370131
2.523416055943454
0.366664906322412
-0.835592228074324
-1.532647006991691
0.717443988801409
-0.384182858426699
-1.326246870996269
1.761303138873531
2.053514135798553
2.701823704540413
0.068978682788824
1.103271527018709
-1.110204024477444
0.465803143746819
-1.603560531931145
-1.282409227171632
-1.800116134806776
-0.892914685660677
-0.138848297151724
-1.115234155547352
1.538011167790980
0.331948144100876
1.703455689169759
0.490035895741517
0.352594661823167
-0.061277557919109
-0.973685977129627
-0.978070489815400
-1.944122801118693
-0.634198182954904
0.147319546804813
1.529254907730299
2.049505702121851
0.678006289104081
-0.272596899055547
0.085084194737152
-1.458542009861837
-3.865378256699879
-0.617734039642076
-2.581629555579695
-0.285461501776994
-0.386244469604432
-0.505515202901693
1.927285366199303
0.908032287375032
1.330901626751987
0.133247820575870
-0.742422189104733
-2.380468263534826
-3.281411749660410
-0.850854699531535
-1.121194673894054
2.068820651956901
1.096768007935007
2.258698864706215
4.515732302508400
2.586397934955616
2.116796216894563
2.746002195601687
-0.109026278338416
0.595144594599006
-2.239042002668398
-0.826749395981786
1.817232815239932
0.768519768550335
1.647955155420599
0.763207737375888
2.641222060897445
1.889050836463419
2.919413922925898
1.457293456724015
0.529235831257126
-0.085548126289957
-0.432516053848149
-1.913046347232530
-0.541882330099391
1.001964462023941
2.114380595599179
2.346524475987241
1.837997486548418
2.323169499224641
1.692279113119870
-0.762795319816904
-0.791797381750319
-1.193198773824498
-1.136929272646890
-0.139394812704375
-0.173694570211660
1.833393923371513
1.757741412448691
3.965039336183168
2.468436428796731
3.245077192134615
-0.106271141104686
-0.812723353214163
-1.947586435766851
-3.044866260344238
-1.164164553513003
-0.925612263419987
0.066915599213228
-0.532021628649996
1.498149048050915
2.228056011860406
1.438208638032463
0.972272371460187
0.607714471841219
-1.253366840130717
-1.535244868143095
-1.219133840272175
-0.379480969031313
0.492089492483490
-0.394849347172837
2.202249208647467
2.537986045674349
0.765155990696957
1.468981826872729
-0.628008465899713
-1.412202761284290
-2.900966929708268
-3.221975912867784
0.173823056038874
-0.584922239448243
1.795220789696678
1.407231435037722
1.601327618993132
0.762214151213902
1.118722226314826
1.256440333868275
-2.708894899837782
-2.182369039897273
-1.021144344525600
-0.862882892014132
-1.162168137246660
0.917406973376611
0.751544013151228
-0.693844430446464
0.838482661874191
0.698109672660639
-0.255940241549467
-1.286115953393425
0.257452440174226
-2.267671483002441
-1.479715533205742
-1.992456789338499
0.008445415718199
0.363503788280343
0.759120014486516
0.243458908122587
-0.022260401932498
-0.216894430039018
-0.924197142798897
-0.045929116880420
-2.082821102864495
-1.466576790489392
0.253477275066360
1.279954723643177
0.625667364954486
1.359464167269456
1.874084378144021
2.346459245523119
2.373966349524927
2.204248769907321
1.647079081238030
-0.764103424681550
-1.348383581216874
-0.985799546502973
-2.428109888300726
0.294679731047183
1.030718505020023
-0.799650722625686
-0.710249069905223
0.904725210895389
-0.004256476486892
0.062574209217128
-1.074304554094862
-0.500606912267116
-1.199491226102417
-1.094066651807379
0.368009539683581
1.341846330726850
1.232841324278491
-0.532902927967045
0.011383217160654
0.624120668291880
0.284102210044078
1.509842784564015
1.629160492745757
-1.123660344123254
-0.755789680992124
-0.906103132711062
0.148325991673614
0.736820407258038
0.272493794380939
1.412571135975774
2.532154212794111
0.523934231611455
-0.682676339619097
0.006688003294911
-2.427537178826797
-1.190465360550573
-0.256637088698139
-0.977240435572832
-1.701704375134502
2.202952018986314
-0.378722646539076
0.453739357368270
0.280032248481255
0.644504011072917
-1.201800244780112
-3.719328176993915
-3.201838163750396
-2.677061297373629
1.370388656341603
1.026405054878238
-0.360491562576300
1.225298369753446
0.070714241573684
2.700829952253420
0.168700744516242
-0.355806083705868
-1.127713828892786
-1.494545480714166
-0.612884330513687
-0.715400022090989
0.010773099883082
-1.540182938431164
-0.915213235835232
1.255798687503975
0.432893957453387
-0.070149031309638
0.897165041636085
1.738454655683135
-1.553752815050581
0.460153386301758
-1.791145922212605
0.449317684374178
-0.925606892190336
-1.213418298078174
-1.067722817567319
0.254962479396876
0.759948113611633
-0.155873843900745
-1.597581291728909
-2.137779683394299
-1.698249944979601
-0.912007425288994
-0.352417710789777
-1.324535592331478
-0.255842527818513
-1.789199030080270
0.148895233727904
0.092203634644668
-0.069877426086501
-0.136660929652888
-0.706633755156401
-0.067070482846104
-0.535256800467111
0.452390689271999
-0.436658319013932
0.348054397258805
0.345988669234953
0.023066539122230
1.764089664975774
1.358221492262261
0.196509449731842
-1.388336517482407
-2.044208371959077
-1.710051176436441
-1.267186772460171
-0.889751866998488
-1.805279386077816
0.849826152826929
1.642193071732015
1.519934858999910
0.922201994961899
0.172937599422417
-0.224712309186539
-2.011751529011569
0.153207683415440
-0.998415422042793
-0.557120965174561
-0.147511761445249
-0.702215441392904
-1.272623427337081
1.633399870780544
0.528920450276726
-0.568844960185786
-0.729362628386332
-2.019797870388525
-0.943206728163369
-0.674616598847273
-0.475717389952185
-1.675549769529242
1.246983122671537
-0.562851228725894
0.023817239903961
-0.106824277969910
-0.641187515244962
-0.453835237923032
-0.624685992819955
-3.445241272844481
-1.190701493212620
-3.162577483530605
-0.670762506127967
0.708984256156164
0.203370825493385
-1.094185215886957
-0.969209503180442
1.080492896354521
-0.618620952392060
0.554218731756713
-1.931294977872730
-1.921011561940951
0.570557230666169
-2.192741421363529
-0.565849994840935
0.396210182101972
0.300762402485397
2.493921597475470
1.846045533894997
2.575050728747081
0.900224328502867
0.815390244210272
-0.031892815356453
-0.388159359524578
-0.185918954294764
1.517484240403095
0.868944634075293
0.149138852898033
0.796094221290011
0.843620166200840
2.853744418537890
1.556723276521747
1.160007750738304
-2.721262893071139
0.769779110806021
-0.260436332288519
1.010433167352681
-0.498293009356563
1.884891454635425
0.089785112434960
1.256096510437064
0.873757838420193
1.082729667999712
1.118556466521772
0.434862682457504
0.285573468860315
0.620691178347214
1.648105438601387
-0.120574284408737
1.149618746531390
1.470383821299421
1.610301035312598
0.272339551207129
2.331995956570396
1.386576905640602
2.343366845772564
-0.045756168667723
0.857861437411828
2.349805771477573
1.517908908530250
1.923105301988225
1.625135175621227
0.336209507242084
1.184501757911280
0.357084944395708
0.975606144322472
1.894726402211984
1.168577776882923
1.427778319772268
-1.319320209023095
0.055183595723394
0.946481363003929
-0.105056096613798
-0.917872056138490
-1.228856158245363
1.144636329616997
0.131422082551096
2.040155020728327
-1.014934032916131
0.342172098949483
-0.274232990280815
0.568719734821204
1.145220742814075
1.929714208891556
-0.188144587986096
-1.365331814663572
-0.483653599261627
-0.093018181727418
0.154279010821621
0.038980711979113
-0.762990289791580
0.283315521750389
0.438165957652951
1.436783598957999
0.714253725433161
0.156717052872364
0.927520486328620
-3.666685598961398
-0.672653017078233
-2.580070581576427
-1.497956291363885
-2.838307593520148
-1.090215607194535
-0.545765272458374
2.416834213457027
2.666315922822260
0.981717149957817
-0.262458803069310
-0.835297224895867
-0.550152530124112
-0.096235341978101
-0.877444257519196
-1.610350501782953
0.446859139562914
0.417688465710613
-0.097049484991876
0.576923686071256
-0.321323634302697
-1.156627746348467
-3.313783810723677
-0.689590902343573
0.266774301096876
-0.726715943235502
1.516247087905621
-0.570681990750501
0.350033462056019
1.112586611363864
2.115942093305669
0.642564408865783
0.978700253785893
-0.551097025566096
-0.313377384651909
-0.312423383581817
-0.733292279408755
0.499186921941171
0.056358952851581
1.959483416642093
1.685836643251375
1.908675660210299
1.136027261861413
1.262806941057349
1.098970424996868
-0.112856316389945
0.661778042523851
0.007242764384640
0.399527303073728
1.355972818100802
1.962706066141909
1.888626531005929
1.955132151862157
1.787812604784061
1.168908512149823
0.926963175504321
-0.400904521984126
-0.571183915902155
-1.244022174520092
0.388843657086247
1.828849614289721
1.447777310731264
1.812182798026589
3.308432621634146
0.852731634446389
0.792035717160666
0.244900171486906
0.486007432311981
-1.742556364722485
-2.331202984847701
-0.061874720136626
0.416358737509259
0.649393754928542
0.149634984984432
-0.393546372145627
1.661178878056264
2.468449953145208
-0.447266071374252
-0.875700458359236
-2.041133120349226
-2.601245349785226
-1.380042881205525
-2.092311468117473
-0.035482554666163
-0.175458943387641
0.052703423944197
-0.906711894575912
-0.558061978727024
0.135616769979308
-2.226392942031921
-1.079158534139334
-1.343206294605745
-1.585193548117671
-1.005834596285713
-1.611937389422021
0.549904215618608
0.740446595569106
-0.471021588982800
0.586849233688930
-2.337294459847127
-0.502077260804305
-1.397841577480115
-1.621547088081587
-0.094536090604494
-2.193581063520569
-0.853630482988923
0.747529490204449
-0.338833504167423
0.040885600394294
-0.122291497269847
0.743403209151973
-0.623805788916264
-2.037117667683254
-1.994763901592942
-3.663834591609632
-1.375212316592107
0.226955164960080
0.445088933968702
-0.003879940539909
0.924231692971040
-0.974432856407755
1.140193179146670
0.513529071982466
-0.362425056426062
-0.325112160336607
-1.527245301339042
-0.566158414301209
0.114311518294456
-1.236501619360046
1.301550294760808
3.047421537284042
-0.151911106530343
1.999171709520302
2.407929213476147
1.536757641446194
-1.036434095036027
1.541493386927901
-0.586107578975015
0.108848557081600
-1.453035916637886
0.492375206909225
2.344065938122302
0.037184145102166
0.132208150226902
2.012796914177293
-0.536372560762459
0.295754848229421
-1.718385898077013
0.247604591122202
0.864037031187785
1.345159464383264
0.053802198748173
0.544955455290689
0.642648451782327
1.778563209090641
0.290723542142859
-0.587902235843768
-0.929761781364550
-0.850318861306804
-2.051590178725607
-3.060383389594556
-1.911578704475045
-1.986814423462615
-0.339861402230302
-0.374962464243620
0.380908159847627
-0.513358766529696
0.511980391025673
0.501623049754775
-0.046097908193833
0.857688499857785
-3.188233310870307
-0.080833075659126
-0.325843336107942
-0.422439350090181
1.065885336676807
-1.118188878682731
-0.091655468446025
0.762896156316436
1.310237235884747
0.851927588753081
0.322860044812862
-1.655914681303860
-1.313722320812874
-0.370658422796239
-0.642767658622894
1.285017092025447
1.311368920042909
0.559822164814928
0.960647190848338
1.744768980186338
1.785795998706844
0.341778218729851
1.904714202379895
0.078436686241784
0.499563443925247
-0.128473179350511
-0.579592472876648
-0.004837946813479
1.565595111712681
1.232529805319852
1.593611937697109
1.804648705495840
0.609709420093376
0.089208559536351
1.310901038058712
0.636247973521914
-0.427899344704017
0.144181091394071
0.315969746191294
-0.334617748162326
1.297372125677813
2.169913795830652
0.335983019960298
-0.706392432197091
-2.584406524962171
1.214177177519619
-2.203423460667585
-1.143065632796230
-0.754091630384946
-0.727776324751069
0.298617451889509
-0.466737780443310
0.375988449051441
2.115847145676383
0.879499092165985
-0.720936142897348
-1.050245634770228
0.351422397896702
-0.415261896049420
-0.987322835036785
0.299515213811417
-2.102356543687253
-0.705844572110522
0.324478589842860
1.726084760647574
1.033202915382056
0.785005274011849
-0.495178778558374
-1.667203992056858
-1.236888792616902
-0.743525523282043
-0.925595620234809
-0.465376888897200
0.026907393888912
1.593631090066225
-0.014096549575340
2.416314459017169
-0.616352612692272
-0.909307973615076
-1.789040889099173
-0.810026682494182
-2.320656649934866
-1.371822679250771
-0.891704658431828
-1.255972460326132
0.069210000319361
-1.313042220787619
-1.051670419337406
1.790617854293192
-1.101893762533100
-2.098240856695346
0.851363109146511
0.391968744556631
-1.056721601441920
-1.541175128022314
-2.311634671305500
-0.941174181448055
0.935100150623038
1.621419057582428
-0.521720057349992
-0.456687991251214
0.012424193148309
1.031339073693685
0.374025961824004
-0.761850960541466
-0.618828316201575
-0.171178262846994
-0.795799941778314
0.308139909788650
1.003606298797597
1.619283556213200
1.934365721093529
1.658016866264064
0.407135272133940
0.990867190344665
0.876254326308227
0.434322250377879
0.196186461446125
0.713329981376102
0.200207581379382
1.525311822670508
0.154519666111046
1.119472815125216
0.753460393170770
1.253628324766430
0.863294230549281
-1.248031786115107
-0.183451205284748
-2.058590560432990
0.353602696541068
-1.159760567960697
1.620634354571382
0.706046417384380
1.992361422174603
1.346949013399659
0.380447122927183
-0.365931387835700
0.165610841668524
1.279912791067458
0.824526063300348
0.796991630341623
-0.067678107364681
-0.095703511958606
0.437605546856640
0.027035372952741
1.095412325992292
0.562039957391168
0.593405664034816
0.391970623156307
-2.199684061451872
1.015608663375093
0.428242831035898
1.205488227100387
-0.394136567580399
-0.382241660051870
0.738219760931369
1.249780399821463
1.093371871185196
1.491822932133593
-1.535931766840539
-1.368474188115584
0.488442111624338
-1.898651570156151
1.128894261749769
1.089972370437238
1.975780515104115
-0.002111244541329
1.086972905089811
-0.044764713916704
-1.154350508717111
-1.037623380736645
-1.903708747334509
-0.321174703665322
0.922449059637108
1.472502819522349
0.763237955631416
0.919991428442270
0.827003547135663
1.076265199732170
2.029372579198263
1.483679457383771
-0.521827045851040
0.191489728547807
-1.705369883044696
-0.435631013544754
-0.026655730475624
0.279844532384529
1.067321202513961
0.713034711624889
0.550912426863971
0.440135530673823
1.463365146349020
1.508288107482563
0.707059523757023
-1.779029025495011
0.027171735093185
-0.555787751649295
0.459315420731010
-0.648267601595471
-0.603593537904542
-1.238712452813131
-2.205942159567199
0.025742016937533
0.243207424890336
-1.537502462452440
-2.331563205688534
-0.803247226220092
1.209631044146855
0.104395365739029
1.127655751726508
-0.154025645211897
-1.092190056715270
-1.167466410701798
0.412738156713786
-0.187294883814147
-0.661893764152483
-1.153470387598173
0.076813480383304
1.292348761034057
0.534202087073959
-1.540324785614845
1.562638287650832
0.083896383329732
0.795348333690605
-0.663801625668610
1.304101751363649
0.157722849870165
0.371853981503650
1.628108619554089
0.331116172101664
1.083260221162314
1.019743536684716
-0.246450639076782
1.290589120287386
-0.523214795494743
0.585163839757169
-1.644143710222802
0.927986329056116
-0.642215505605422
1.268443728346318
1.635238759971446
0.143995739557510
1.482244143144067
1.801472381122726
0.259997527413376
-0.844149040080773
0.534828517909207
-0.945180265721129
-0.704218248953674
2.008760286143826
-1.014041371880718
1.092443229621250
0.189165697758958
2.381919793431174
0.679021498975869
0.307422106263578
-2.299035790014467
-2.721706891847557
-2.598095118296018
-1.158860576091825
0.710118664139065
0.904780774118917
0.024283397623970
2.393929809100083
1.087134026464716
0.802503959879967
0.644081816757900
-0.327262044595133
0.237051831093339
-1.023218902244188
-2.270701362297944
-0.919862522274053
0.665977111148671
0.032615323162136
0.179522852086034
0.444818213852204
1.059266931554686
0.073361847394315
-1.042889829306772
-1.066104194582566
-0.684062251983672
-1.663552172590444
-0.860329212211662
-0.162638219126456
-1.881476891896301
0.871736804435779
0.003701967691433
0.736680493921532
0.120534300207318
-0.232703881656953
-2.082917741091518
-2.191774493577653
-1.376232492036541
-2.426543445817000
-0.739154514279942
-0.160383536945374
0.575867503122053
0.390809094425212
3.103189702686499
2.062711200665662
2.490786807174179
-0.288061274985507
-0.560148249954355
0.110170422592392
-0.048027206175015
0.673612653201609
0.798735617545171
1.274770937484418
1.172958532283230
-0.176132694360605
3.307732318509687
-0.326057777488761
-0.445783754987030
-2.463705885886827
-2.358733797865763
-0.794273676326649
0.039760285706087
2.217185506858514
1.163108885846873
2.562565104588100
2.745063491224156
2.977661095279772
2.511896038710829
2.251334325176632
0.760298122661660
-0.916349952111368
-1.090530019355040
-2.315231362379289
0.040898151500286
-1.463081799304714
1.721881482182916
1.960490383280905
1.243642072428252
3.584334611087137
2.972996869542008
0.008515468456643
-0.038461371623828
-2.544621449993969
-1.328023317668839
-1.912374196393889
-2.928261559346345
0.615067703998975
-1.318989844985098
0.394621712136683
1.205985622845599
2.097695659645184
-1.929559706353568
-0.820585083936077
-0.782071535611072
-2.689664984466835
-0.076400856024506
-0.912512969926134
0.421871597902841
-0.125011848854354
0.810156283150003
0.174549123735132
1.026144550578260
0.434108093710067
-2.044033882200855
-2.205148730123261
-0.746331190329010
-2.452674408604862
0.542674898750341
-0.401012948156301
-1.404427781589489
-0.691548776414394
0.553705736328259
0.954358557247791
2.563959176765435
0.678962611773107
-1.206985624050681
-1.685746953457128
-0.699161851608553
0.133975220337926
1.269997853092032
0.212167178641418
3.446731592194450
0.262776758243472
1.097676282078490
0.560617228624253
0.091587352423797
-1.748762314492351
-1.062267092884126
1.637597954160895
-0.392282118724869
-0.316853480687756
1.194976033692151
0.875911318992435
0.828549353801618
0.932573325596479
1.496260750412867
3.284397712778864
0.647308791233962
-0.755493256389979
-0.232256566228321
-0.509874041551378
-1.080782144851394
0.360957863187382
0.511892931949948
0.963235563148617
-0.104656829377105
1.250082234721224
0.519255438963216
0.637348782492682
-0.528788213851958
0.144955797498561
-1.563317757325255
-1.957098102229013
0.473380257065993
-0.972018781219856
0.376540847044309
-0.294424594367397
-0.203188379407554
0.596514188226464
0.790110289442779
1.184874952193005
-2.634726177340706
-2.109080239719540
-2.798478701434183
-0.234371863681090
-0.079088075488894
-0.219990244206335
0.418159772900169
0.956586166820046
0.529656781989974
0.481530906908612
2.549710602215780
-1.145635735478791
-3.309635539146529
-1.519160941043779
-3.568105430401784
-3.601584125203963
-2.673696084962262
-1.300486795507051
-1.211807191989746
0.590993127979448
1.262089010212240
-1.286529684310910
1.833122854123505
-2.491858843971075
0.158951025962662
-0.395788494533599
-0.939793334104210
-1.650204614431504
1.709211186689987
1.697580144315131
0.010903332589651
0.401658571932247
1.149454828273952
-0.418564825176735
-2.479288097190371
-1.169831460572832
-0.856285763161745
-0.392203858334378
-1.061125065284025
-1.552236115666726
0.788364377933948
1.000428288201124
1.896007453295409
1.214861150881674
-1.023911197437256
0.480926585390928
0.385460089800892
0.663755621118813
-2.068540660129225
-0.016262789499304
-0.467911448079809
-0.274511927543527
-0.209799099660621
0.023089955020686
2.311396721032144
1.233552510218308
-1.714379993541218
0.333466768350408
-2.306718931117566
-1.840724405460892
-1.198926244564469
-0.222308063229067
-1.415049138781292
0.065872424772184
1.216444537971130
-0.078945476954967
0.832910371649358
-0.917319225037738
-0.765053987093227
-1.155421510241676
-1.299139539298088
-1.042819009322984
0.140473832608298
-0.178468578316120
-1.221966031387458
-0.673420762884587
1.668788293884623
1.990475342387321
0.223621374610579
-1.005911057447769
-2.273214129759916
-1.527357517169417
-0.411181202824890
-0.646591896983247
-1.709827980369256
-1.729319825836695
-0.058427149943781
0.425775206005627
0.504548296136802
-0.922678956868203
-0.740995691736840
-0.390009577008334
-1.848354709920031
-0.970870140618087
-0.355898260642718
1.561670166665670
1.322959729378516
1.568603971788550
2.797356440986790
2.048402589500916
-0.108373156036834
0.277753403287654
0.207845656442521
-0.414302329155300
-1.529535784889765
-1.089555522612223
0.308166708943676
0.205770470704245
0.434301566842745
0.868095977836682
0.924604441570337
2.894558920085912
2.104211718955828
0.650416998066239
1.060029840872486
1.281934735971467
-1.334132517278269
-0.272726167381217
-0.246608356599092
-0.585010360587226
-2.026691754457251
-0.797192296322108
0.397768527760266
-0.505639285066466
0.319634149645356
-0.359522349377919
-0.068029644531167
0.641452411293144
1.428440504573206
-0.132869471611019
2.010481133888518
0.865013216063217
-0.079246723379117
1.915570223016962
1.975902805614478
1.488217060310829
0.732681854122973
0.647403752256623
-0.059391246281467
0.915952542355492
-1.588566221893804
1.254407345380958
-0.184767720161879
0.972183696999027
-1.506308662027665
0.808329896933859
2.625209587045902
0.216326266005798
-2.159929116735944
-0.960842353336303
-0.809662901174021
-0.369070427779698
0.495670679212412
-0.173597099824407
-0.776236428834204
-0.779741338600669
-0.318768781674253
1.275298518413736
1.529493274289278
-0.580660646231521
0.048739014399187
-0.627264198697312
-1.776967433471081
0.523053354058829
1.643424366343103
0.784987957635190
0.239055748873682
0.839092936436580
2.082471994858712
2.734854319511668
2.294639681710055
0.021124922711744
2.500955221399088
0.240610283965839
1.106820405027566
1.903325904612911
-0.504399511884968
-0.364033076879789
0.901761096201473
1.403842446281251
0.513578276990449
0.193330126272423
0.183211082272481
-1.742180132709579
0.833795377831365
2.464946763352717
1.437401571759229
1.650496646827654
0.042307440267951
-1.079060491056875
-0.396248924142257
-1.344278670224649
0.128129528808315
-0.863515069885804
0.179849546068783
-2.538265277196976
-1.459766692635549
-0.185727213562596
1.566953272173107
-1.620323530482050
-0.361880206917755
1.257546462336005
0.108924365866289
1.149114021748202
-0.174118933645284
0.770130038920354
2.392184045934435
1.274827592354998
0.459706462214305
0.762624509874573
0.609372695775853
-1.448494759058187
-0.755042249617569
-0.301302493127156
-0.956336477470833
-2.506344715876788
-0.393700162297133
-1.030266565168847
0.699747921106226
-0.070288703016462
0.462858821913989
0.478901242455522
-2.453404367053966
-1.977768060134454
-1.603355853442271
-0.257271491064864
-2.343353616818217
-1.972905795268737
-1.611994518741466
0.192546867076797
0.417543695109628
-0.040511967825236
1.912209649409710
-0.554855835269002
-1.135743946479360
-1.684859745982236
-0.620115352325173
-1.076623708277017
0.365846064370082
2.002207393147545
0.764214455663505
0.621777246302635
2.794818368670037
1.838517057337017
2.584290911747926
1.352273115112829
-1.738182505812649
-1.638388651450460
-2.715753295419345
-0.047226324026003
1.836615550504574
0.683703738855144
2.353570978677592
0.835591142046260
1.269806590048514
0.368757953401046
0.773356103836488
-0.203854028149759
-1.872520625244551
0.211577879334334
0.443981542704403
2.387604956180704
-0.151804588247550
1.266840898728268
1.045851688804603
1.357188056754286
1.645167159005905
0.040029879989385
-0.746151383790618
-1.858577987911801
-1.794984728941720
-1.589148046861368
-0.585195292533592
0.689928341401390
1.154723342193692
3.473438589420371
1.313089727223514
2.386554203965088
1.202788949929869
-1.504625820528994
-2.213334427234731
-2.868225764654569
-1.063055379569680
-1.518010075887370
-0.594907423273307
1.310863240694343
3.381528161264287
-0.105376671891866
0.556238962596450
-1.284224965086897
-1.811211966663562
-3.070479611689424
-4.839261228388344
-2.457386650238339
-1.946870293901670
-1.882317527944490
1.505655186139143
2.445304552822436
0.810620458551169
0.739145556162644
0.303094508888312
0.117316578326777
-1.106686411570660
-1.557269049125321
-1.091294635291622
-1.067309918872938
-0.329332929940755
-0.797665037032529
-0.536866033770780
4.364987306139010
0.294532908227681
0.153679802171293
0.461252737848403
-1.964567825280840
-4.269686792860016
-4.218893027976981
-2.823632802060605
-0.333943192033938
2.135728519061603
0.563339361819692
0.199020440050833
1.858473599542332
2.426295035740341
-1.009844988178380
0.172165320107057
-2.101627946797498
-2.020264952167562
-1.800990602655732
-0.269762571044497
0.575097532477234
-0.369131892717022
2.913748620527441
1.411574544213796
0.651449887343804
1.919840206031018
0.345078453631404
-1.593525914872755
-2.505706178295549
-2.538002921887344
-2.193304316342383
-0.877478540811450
2.176778236172450
2.032020637603051
0.194539805152194
1.086869104175495
2.181313046842516
0.873237683526868
0.897069796866307
-1.789897459981994
-0.965255449687692
-3.247650746142792
-1.810377248957829
0.543578350373912
0.181020216074667
0.295435879344682
0.960980092629400
1.010863447628042
1.510269970910939
-0.255828694642989
-1.259059902524212
-1.649525661483652
-0.530587003774074
-0.752896339489216
1.004422144983202
-0.583505802194835
0.501143584726692
0.032980883738790
1.099387274349205
1.993747081708637
-0.940897552068513
-0.869192992508563
-1.325375718095999
0.135856579902008
-2.074479604361552
0.771737741308559
-0.461425471889479
2.292317129211978
1.390441962980856
2.243644947790122
1.811089656722117
0.422739576641590
0.770019462563696
-0.529935402975838
-0.861413652895369
-1.103821409135595
-3.295827826099661
-0.412353993149916
0.461353438001180
0.500089420608151
2.276258534620361
0.932712738938864
1.699233395006970
1.577266737711152
1.442724422913541
1.544020121386159
0.138179732462741
1.353425932936594
-1.416847658406531
-0.601547685784761
-0.014049213456130
0.714826593727223
1.277257652116296
0.852867444136041
1.809890156156450
0.477232792745674
-1.367561392029820
-0.616427607917383
-1.028520692169943
1.251013076883492
1.274560106697541
-0.123551543099070
0.816996252272313
1.547645252861690
1.883478980875593
1.051231052759489
0.558778557550322
-0.101678225683305
-0.341934295733412
-1.978846518799766
-2.778981459072826
-0.128363751607083
0.542515404933784
-0.368763552531330
-0.211448053700389
0.271782754450303
0.509177165173208
0.926395315763815
0.799829304879677
0.879291025894343
0.337684562549407
-3.036415086055293
-1.828532914195844
-1.294384311817802
0.514228291286419
-0.299284299601794
0.196008485665307
1.107874205851338
-1.365509985476811
-0.281406497277287
1.028239514432248
0.029316272646529
-1.262530771172509
0.540543613134136
0.581936600106618
2.900433091103965
0.615634445336407
2.171244102534557
1.902916936949824
3.109178084007503
1.062670911376858
0.516461647371397
-0.530410054493170
-2.946676279711721
-1.328903749035354
-0.815182356365961
0.299540927203720
-0.218204486892737
0.016686466998368
1.230077996384414
0.266161082258712
-1.426917154677628
0.289600702459888
-0.444117127205935
-2.005015130516287
-1.857007250544413
0.863461222862701
-0.406278835323320
-0.588269355322411
0.431462372151640
1.390514175856360
3.373437258540031
3.769599116003598
1.950005450570941
1.262362283134336
-0.154326587670267
2.179515071408257
-0.768295811429434
-1.203007900588913
-0.454728205865147
1.029888449063612
0.379514416301925
1.245532545773793
3.453005271280567
0.815358542528005
0.122386399332056
0.922579222215772
0.012062330178114
-0.847767703214557
-0.014366996703716
-0.925177100819701
-1.284880493055244
-0.796344580725156
1.273040875131154
0.411464029095805
1.080198534952026
0.018057322334013
-0.569682584363262
-1.281236289437564
0.239505467433368
-0.307715402490458
0.543859984368202
0.139471381597711
1.247705957460490
-0.397387883658838
1.306743406853492
2.212870395107513
2.301596292154644
1.052618266285446
-0.959007827963592
0.042325875803571
-0.091035862969368
0.259195308727528
-0.130951146166249
0.787302177721877
0.795032553985193
0.803363251105761
1.978625862554722
2.340902242624550
0.359451229562271
-1.158133061685116
1.021370877352741
-0.164522392192904
-0.138968072496961
0.529142949380918
-0.706554780741667
-0.674517853598637
0.706646938065486
0.514650133805817
2.094092351078676
1.575886991444684
-0.242461790917105
-0.719372886338109
0.187425584982163
-0.802102807920008
0.625392095391129
-0.147629497813600
1.014499961176743
0.720013843103481
1.241375245248457
2.111447938351198
1.224891221432114
2.712274735372401
-1.421857044248928
0.855469442478814
-1.013280597293249
1.305665118013477
0.424266788194338
0.249738296813341
-0.520319669184477
-0.565243769985921
-0.218952849089613
0.546419804515383
-0.206623475897489
-1.194453414085998
-1.096875783220161
-1.942138964226978
-2.010796294238443
-0.261502197287328
-1.643228236685280
-0.065111413673090
-1.852894389519866
-0.426779458218449
-0.541080451084469
-1.138553346956151
-0.803982653835762
-2.329210179666820
-0.620006856630876
-1.362487517745212
-1.872221981384078
-0.353171673006068
-0.933103474578205
-0.572081567307480
-0.356563259377007
0.237614330085671
0.546034714728210
-1.166777568590474
0.262705663226888
-0.410814586189737
-1.491680796862108
-0.726378509676008
-0.092663446555266
0.168477815957173
-1.077016852934288
-1.115648427999020
-0.514458940816642
0.435322082720310
-1.041908784939270
-1.669748297698625
0.218506554539610
-1.400098277443911
0.293113037022842
2.033846990274312
0.965620532992047
-0.251514570120652
-0.818881488259530
0.017426329073790
0.069225467996391
-1.253577381981733
-0.012184581481849
-1.165632090581636
-1.113238045594312
0.918895744203953
0.072592976830071
1.357378831657357
0.190898619879014
-0.051555819214567
0.298672669411604
-0.079857555745035
0.433748481268594
0.392411501074618
1.583289518729954
0.332278738469809
0.859275115684059
1.145545280916916
1.639592212933140
2.233981246914172
1.297862440219641
-1.161877573081205
-0.131901803808773
-2.264640636227292
-0.766039055739676
0.028011887451992
-0.032061062627608
0.799043603192250
-0.524318689735225
2.122113745412284
0.369856292224382
-0.389413336437824
-2.403254236430418
-1.380857451052615
-0.851884498982314
0.591130813609668
-0.478649681812469
0.451095355617412
-1.326913734389894
-0.217737847648394
-0.942748621686725
-0.550116352438879
0.045162108215291
-1.161787920887162
-1.077378827566815
-1.222560808558325
-1.130709491079373
-0.759641901454601
-0.005515551420494
1.313305609527955
0.479762870769215
1.692370093492379
-0.102764121814159
-0.328906666331090
-1.112593163749384
-2.446875470582928
-4.182917260548487
-2.873840125533686
-1.842522803941458
-1.704627891723703
-1.805695028262923
1.471879512084556
-1.136093484377907
1.603199951054840
0.469045746400992
-0.877358398057999
0.454840440468019
-0.578558673301501
-0.041927825700545
-0.840391253903760
0.157581182031892
0.865663700382587
1.149629417388885
1.894328187453243
2.002767212193583
1.047434440988384
2.016057068295388
-0.265056626410890
-0.815180959766435
-2.220674542457019
0.080606143960522
0.599244590443070
2.317605343809336
1.502012342793490
2.570352666810162
2.083432538180742
0.914379120190227
2.759531119275314
1.855170051337477
-0.718326096735948
-0.228385536472399
-0.905299239532591
1.280662192160937
1.114971717904805
1.093692673189495
2.030991962621969
2.457961991650195
2.710746195841205
2.828753777665988
0.297778985409720
0.482686875148533
-0.297645553283053
-1.051435506102204
-0.925681723222166
-1.126391490257501
1.781752565157388
0.410065641927567
0.573159213533536
2.391327804830063
1.279711055349224
2.421251715451357
-0.140172682273895
-0.682751440869146
-1.564137237916592
-1.403391314766955
-0.221462458281494
-0.319779804206646
-0.127819235479657
-0.463756256678748
2.093275110727441
0.047337621741277
0.715136900829036
-0.326522889019824
-2.660333450760449
-2.473968709421609
-0.875065826913198
-0.681043158550793
-0.719940619516353
-0.419943877694110
-0.417245447582297
-1.046755390928685
-0.334242278935816
-0.526764334814763
-1.699375807128520
-3.109052432879337
-0.439602115532687
-1.823441214334157
-3.293023214891240
-1.608083370898479
0.270967830761003
1.075647518175166
-0.225446750427726
0.374273315406908
0.101600819899622
0.441639618116745
-0.712997075600402
-1.704795966907072
-1.153464373514946
-0.257156300506805
-1.466290979032196
-0.192105776318871
0.834679606323807
1.252390755932356
0.812720339791812
1.944687937436177
0.532233879477081
0.070142645817190
-1.140494496857885
-1.402137746900923
-2.021593149360020
-0.304734634641929
-0.306020836574343
2.009969664244617
2.078972712706011
1.395592791753972
2.206478406163901
2.182731493781455
0.814913482431178
-0.561132874959652
-1.633479725753064
-2.255240320917079
-2.403928329338429
-0.059734692165686
1.791412479877128
2.745244230604721
1.512043636879999
0.878016904563271
2.054879794294697
1.106821884900661
-0.006803398643160
0.679608956567346
0.015488016022315
-0.637330278521853
-0.808929894467780
1.267405252334715
0.930926873055397
1.485858812205715
1.942284002486894
1.352483531676065
1.570850675068881
1.640468044816930
1.129954871443324
-0.472861293460382
-0.352849596231237
-2.164017060155453
0.280223014393618
0.260032189558784
-0.656493578838194
1.528967203107141
1.086062394246609
3.018613861376366
1.012100200537873
-0.516725571604336
-0.451530176636867
-2.821091478722308
-1.369197112773875
0.392938458138310
0.492385515703770
0.413664982873694
0.589682965590087
0.554375175358761
2.162090297743728
0.022128078789124
-0.005762913266335
-0.183665811539958
0.720539758762719
-2.339111807635365
-1.276672982937467
-0.407366969358316
0.311539323401229
-0.941436569060384
-0.150974251441912
2.140898591373646
-0.035133237480464
0.185832551951483
-1.671273900199229
0.586007364969150
-0.924177433459102
0.346951435653616
0.732237628107356
-0.758042000747355
-0.221334969428475
-0.498496467488441
1.014123274141737
0.177963135545790
0.339517542997623
2.076836870648147
-1.354874530963943
-0.866832046962628
-0.536952630475861
-0.677458136637969
1.871041944481280
-0.360074984402037
0.598588657574329
0.556392427502615
2.630605490169801
1.319910189049658
1.418642992045380
0.834628315421065
-0.044417868289621
-1.109189172768054
-1.427140463824039
-0.319283677086524
-0.378431921858759
-0.334980862753049
-0.306743001294021
-0.157119777060019
2.427642326658027
0.606169721818350
-0.867056533665571
-0.727270736649328
-1.712075038595154
-1.053935600582940
-0.663364860131197
-0.646510675756907
-2.078375072831115
-1.367301202823274
0.168081494362667
0.316541360513347
-0.932761799696746
-0.057590780179052
-1.329710007122183
-0.983778661324668
-0.951359527532890
1.058162652177887
-0.414015519151128
-1.041310623634033
0.599926370202206
-0.514297352520346
-0.435841212635347
1.618872707975577
0.394341718112840
-0.704317007667173
-0.482037268434125
-1.825449563588969
-0.242953448454753
-1.158138888219435
0.823123256530875
1.275957641080412
0.951905863634079
1.083400882964123
0.493088607385825
1.564567807644106
0.366190207402305
0.599973697170775
-1.925074242864992
-0.372597834009634
0.754582935958904
-0.737279706189904
0.481623405823202
-1.812364529924741
0.839253014537121
0.246678330213800
0.170590237689854
2.234294683659294
0.679309307625140
-0.227242548550923
-2.024789326939537
0.059865968486016
-0.526543334020137
-0.087072602371374
-0.504189755898647
1.616839031523698
0.277738137746073
-1.527427995725387
-3.448840979303632
-0.320234431172441
-2.984893741149000
-1.548727181743137
-2.282719226242127
-0.555120180048912
0.863622755015189
-0.280671932949772
0.234826215598320
-0.504289058548306
-0.748958363495282
-2.316345964423616
-2.113877213340912
-0.023224757020207
-2.027990336719816
-1.483226070927268
0.281580991035063
-0.686096101720268
-0.047051381244704
-1.076594211148842
-3.248925121510143
-0.153058306820652
-0.425573360505509
0.212119997191438
0.791740247174866
-0.634106969557568
0.513885407848174
-0.064339710268763
-0.168143068834767
1.484818996618503
-0.045826513696357
-0.716199337685029
-0.708402774310287
1.972392704137882
-0.660887251858028
0.574064775524141
-0.190790476550395
0.620590067798474
0.413797045979830
0.321249373333312
0.930622584567904
-0.227940717455312
-0.974595160744153
-0.804412502556961
0.304867538918047
-0.621096789075917
0.826542538033897
0.934226291953646
0.428754356028937
1.265070594553465
-0.833030603181926
1.612934773606477
-0.057605708933608
-0.521715452420838
0.272797277102513
-0.674191712405828
-0.385199917629498
2.145982020303667
-1.664129409794749
2.413719509945972
1.453614526108216
1.567305733002960
0.845848442630363
0.643219586097590
1.744648628363848
0.462521212393362
1.931558957622852
2.988306366428652
1.444922342315358
2.096552915260372
2.353848340294991
2.972273135391841
1.569907134048516
-1.099050360805385
0.253670214541428
1.130703020203247
0.264526525483282
-0.202678289912883
-0.452234628326554
-1.557412269675805
0.369086950806520
1.094127140327812
0.115705592783996
-0.566341257470368
-0.198061181707340
-0.484565650569147
1.101087645174146
0.217148543331630
-0.050722343996774
-0.316520569408972
-0.798185868566333
-0.611126018764624
-0.586966641805594
-0.635393662892097
0.137253752236936
-1.546810341349360
-0.856075618758712
-0.786753503374028
-0.301266562519609
-0.873585659471664
-1.343524203746624
-1.802645369313912
-1.827521849705150
-0.787211636522555
-2.543755226937880
-0.244031186991462
0.743757560995346
0.060623150928453
-1.433214466331039
-1.094488154175975
-1.604054608945099
-2.560433886864324
-0.268580667405298
-0.873960427906413
-0.067482861516631
-1.387087916362938
-0.044942550766197
0.458006301364070
0.585180841061908
0.491946755235482
-0.351602363579544
-1.650582550412074
0.043652370938575
-0.844698573313938
-0.120123916021417
-0.354053703267942
0.204843945814582
0.965304304134559
-0.476619260940254
1.388108253723580
0.817114315023665
0.705279548361467
0.728107186241101
-1.078953826302629
-1.304010068493783
-0.629006465613308
-1.190305230864561
0.970551688357443
0.433659494254582
1.748224168133330
2.904015241868881
2.520677877691292
2.451387249985430
1.799884804627117
0.855806879473324
0.920623003254320
-1.473911963508055
0.778372850292530
0.056743324628548
1.059576824488790
0.715614932740237
0.163172155034026
2.071452580247072
3.387911959579617
2.175662181107775
1.451207147246140
-0.235813356186631
0.338338599682086
0.125279879652726
1.702827404464780
1.262470266497524
2.987671915429248
2.665453451574646
4.505103418345318
4.177945648838234
2.901253943619987
1.813359478459645
-0.424356236589038
-1.865624004593854
-0.935735150057142
-1.059799316764695
0.875244928904768
0.555450132753616
2.798518367237462
3.199983101521183
3.153722216747700
3.135252075604555
2.324000408916177
0.675094898627981
-0.532881004011666
-2.540914999943393
-4.618054743771555
-1.787860628089355
-1.385021794440509
0.558283085870197
-0.838502630426960
-0.293732268243734
0.364592051500403
2.398228278403050
0.309489192138221
-1.808091708432308
-1.625145665243513
-3.548724555721716
-1.061065733495308
-2.298626042499734
-0.037739429960628
0.346163309867689
0.676113528908364
2.633782080491570
0.219911734502623
1.131654049961339
-2.751878569698637
-2.808238485220678
-4.165070321350724
-1.388500138281744
-1.209549900426305
-0.137407167974899
0.774450499617492
0.420760052277714
2.064872289702371
0.854610175093705
1.044010915479215
-1.361931900281105
-1.657526857745151
0.302763925600271
-1.766815395162020
-0.310099194565994
1.412525144660729
0.780172192196195
1.712921305479747
1.940745708745236
2.004367780471255
1.525955234939092
1.078482067120390
0.113497166383326
-1.036273240649307
-2.931439895464384
-1.705027004460670
-0.086203408984163
-0.618352440185056
0.868149276531710
0.692523947262659
1.318998633841538
3.339156145029155
3.108358816019268
0.643379855209080
-2.180993032876319
-0.181434761127887
-1.525039629302859
-0.756026470066988
-0.431551438576519
-0.635094339257264
0.229776601618359
1.521454394891046
2.614178947891659
1.946600268086613
3.589120205549688
3.443623805862511
-1.285649904536781
-1.263034884356488
1.540971319660123
-0.667784545619860
-1.106067023126969
0.876666596228927
2.038103480287443
1.849068122387289
1.343224691190706
0.683395675080295
1.251915602507808
1.202579947365934
-1.550178266101732
-0.860863491054429
-1.176581865397025
0.378815837332568
0.439048525443766
-0.229759796897186
0.345515505632458
1.884591880558728
0.524304284785776
-0.783552925053324
-0.215343620561448
0.211265523698424
-1.053796756920661
-1.408438461646871
-2.523357787780503
-0.246880925356963
0.465594635911986
-0.165706075125990
2.273580683591433
1.202594378106961
1.272316736684891
-0.168507834515497
-0.013607876222967
-3.599699495157602
-2.874293341665762
-0.890079352368261
-1.050811881777669
-0.511036035892931
-0.412943024463162
2.159589694379245
0.773076899912106
0.009113718992847
1.742132436261975
-0.473597312716563
-1.121521888046943
-2.930208177153516
-1.252266602753131
-1.846684030950995
-0.715499036658803
-0.825255212744191
-0.355185730734805
-0.211792063729273
-0.199933683202627
0.088452136224420
-1.284382951412095
0.343013716000379
-0.934593200688488
-0.301404099120259
-0.349140265285446
-1.558007368862757
-0.068272422929326
1.394688947866326
1.123749628182537
0.425141866398419
-0.468531556705447
0.442843496351834
-1.041460578136872
-1.056351994759447
-0.668786150636923
-0.467614023674097
-1.932638882832267
0.794106326165351
-0.660494946376283
1.165737561969532
0.550878479525519
0.362659593806673
0.817418043160468
-1.271613301767952
-1.692051465732728
-1.752708362154488
-1.537447792052683
-0.094375366423654
-2.125720362305117
-0.483909752462103
-1.054836364964574
1.815404765926049
-0.475892265979390
1.275059292064142
-0.415335843832466
-0.898657638654974
-2.781763621312252
-0.867739006826999
-2.263735295239270
-2.104628914637070
-1.865300696822904
0.160509441098529
-1.521936808252917
-0.069877942132818
0.068940395814795
0.069746002764567
-0.438063107783236
-0.297262166276253
-2.164832960444270
-1.049766932336750
-0.936943929451905
-1.561870590943784
-1.197119592705040
-1.205043162332112
0.426011744815802
1.287682360888762
-0.720271693968632
-0.195104390959708
-1.774662749963794
0.597879678226603
0.128244534986521
-0.621916238503461
0.058754783818046
-0.037759780413635
-0.070305794568814
0.784982384873509
1.217091875443870
1.122053806424472
0.590509048569568
-1.983048597847689
-1.442849762217108
-0.290274449444976
-0.278292110025166
2.390308153293107
0.215680909470707
0.158248991011044
2.631459225901070
2.074142186311429
1.842186242711824
-0.209916127220145
-1.607369823654724
-2.476392602360420
-1.921211602816337
-1.800495665096622
-1.048422071627783
-0.492188824275056
-0.675799090530571
-0.561349372265918
0.426280452295193
1.522028601842923
1.143024279539967
2.795406445816539
-0.982977594029469
0.099112574497288
-0.332004739514736
-0.250577168624075
0.563265063827809
1.997903561878001
-0.356168125116355
0.012440219834998
-1.114395052529145
1.675589168219174
2.753921541914607
-0.481013508016122
-1.644418600218519
-1.063720299405501
-0.884302399586670
-0.577154545129789
0.229363401148295
-0.303869769273823
1.116981641845209
2.007483010767510
1.333495300525465
0.075202475486846
-0.615913424009085
-0.692857859369365
0.347238451666054
0.586907355122529
-0.226718940168071
1.115089231779401
0.345547576476618
1.928451831785670
-0.024727979699402
1.426771757118538
1.663622702926557
0.675857107318459
-0.243786216958799
-0.266133050308588
-0.761941074343089
-0.091904063173730
-0.818567652781895
-0.145685148591481
-0.328495911994921
2.026934762272331
1.879628772454692
1.480482951820174
1.345544537982160
0.211468882307259
-0.829448319549090
-1.471400599131701
0.076889923569500
-0.626775794495633
-0.765870016829316
0.429554411226704
-0.055756228281098
0.384962296029777
1.613652025890323
2.247788011299327
0.182230021703755
0.749864502288057
-1.289561702734287
-1.834406906619429
0.823866771852185
-1.504410925972020
-0.527168050710721
-0.088529551495579
-0.266581281436813
1.699406754719972
-0.334584871052270
1.498173366512793
-0.516440173631646
-0.712151122435886
-0.167295706245066
0.142961066248380
1.498249072757456
2.212438247906513
1.771469290358799
1.869507168314794
-0.202163317003542
0.635513613623538
1.209723620903782
-1.258250674970048
0.122267824844185
1.021925692424874
-2.606170543023147
-0.574978437555526
0.407592460183085
-1.232143820538224
-0.976070746186680
-1.480100589035285
0.621380394961408
-0.610772520665056
1.155350116455075
-0.380652283072282
-1.571331250805810
-0.713019216563341
0.150547441126835
-2.842148561512134
-0.744522353475623
-2.193850291188804
-0.145921794981920
1.303653262359436
-1.375044586189202
0.016337613939334
0.486214970505998
-0.166892404879297
1.564913802975350
1.348881898086483
0.075314196723369
1.184113672560441
1.597781207351131
0.225032885603667
0.044396147794946
-0.022612203353334
-0.044929433316759
0.214148809036492
1.179069834344241
1.054467050006993
3.343260971849271
1.666184775471484
1.542268580649740
0.400028492653846
-1.030428726764266
0.878987640554855
-0.394314761014757
0.963175272191228
-0.134568280212972
1.740051298797956
0.097129280350736
0.191437764110728
2.180504714312620
2.303806388373234
-0.091885759247254
-0.841308459901390
-0.189900879718738
-0.098912196843900
-1.015960725482508
-1.371701171520307
1.555371026030046
-0.696395707670441
0.332479502585404
-0.830063625166885
-0.448828561807380
-0.496838577596718
-0.601851709500083
-1.569053313821272
-3.368745773393611
-0.840238714655263
0.761462615411318
-1.465180285268708
-1.365839606096112
-1.104211480365493
1.144767912478384
0.219584213854374
0.894353737455640
0.020449223063869
-1.296941113890207
-2.767248633572588
-1.681413479919068
-0.867805619639038
-0.879411632870677
-0.653314126894418
0.504327924672254
-0.475730960498398
1.579956277735425
0.419584609193397
-0.702497807784561
0.542464870494824
-0.398662002415221
-0.940488239134925
-1.395067494454319
1.325612988587831
0.728096100016767
0.665057201470892
1.878632880184344
1.635362485025044
1.955372385917366
1.557572085100113
-0.025264598613075
-0.514582808033168
-1.287206642435871
-1.411011796415737
0.279835207767660
0.881422834387556
1.125841172440226
1.151683542644064
2.017590442994416
0.561350281958046
0.956264615368612
0.565730423147912
-1.670773598502655
-0.271118754524025
-0.524561670600320
-0.487097034465902
-0.182967056557464
1.347525670900763
1.763697073633589
2.283638032028971
2.472664404441321
2.356988121928095
0.281050626616047
1.155551585240933
-0.683435428410600
-1.535202054442788
-1.381524413116596
-0.063942705458590
2.176812115031304
-0.157169067573532
2.075936627865197
1.867448348616799
1.736113976264427
0.892567542744683
-1.804928822331112
-1.712439504307427
-0.781056080542756
-2.691800756347041
-1.333166232390874
0.338369228870884
0.310555061464106
0.933787916242889
0.273479527490936
0.890883855854892
-0.186079098351579
-1.027129492896530
-0.505843350335835
-2.454118913837185
-2.076551323503378
-2.535505036410527
-3.408735165329055
-1.239722479815044
0.947265391016511
-1.079928477226795
0.465753892786859
2.483229234665028
2.498785706673466
0.141756618842074
-0.609802535811206
-2.611721320501716
-0.910839402131866
-0.434596183140591
-1.849885527452508
-1.866717021604207
0.011396357506159
-0.430957569307098
0.066102524941865
0.629102967568897
-0.020822834390814
-0.733502806072630
-2.164656424685356
-2.770001219120804
-1.379237970295330
-1.078588984015302
-1.538559540232986
1.459318438124934
2.613671385260411
0.939016631261965
0.874568102232765
1.688965144936375
-0.262587950902255
-1.403542877885282
-0.247687222044043
-0.973457117714184
0.477079760055065
1.365270940089522
1.181987504770882
1.032961937510436
2.074008387211019
0.579719388419854
1.830008690729302
-0.706596594585643
-1.590410037717989
-2.503866335848437
-0.708015188826175
-1.206496688292165
-0.395640397796397
0.494786250685947
0.870027371668744
2.275475520649395
3.512183991405803
1.955546346714161
0.959107123975500
-1.277023979567784
0.046645466703141
-2.111153088705719
-0.134988715647342
-1.737777184831049
-0.391009730216906
0.434573237903058
-0.989467633310791
-0.722338946841168
0.377043074228899
0.449300271032197
-2.768597781328800
0.299320876777222
-1.183545421646623
-1.865103617038550
0.473695078409366
0.339283743606946
0.171036264907690
1.506206548712973
1.280169725615863
1.557782905836337
-1.156072607087626
-1.111769797890756
-1.668513359212096
-0.931093968183729
-0.647210434493077
-0.304445580794825
-0.644936077337768
-0.802899285536142
1.052764861828228
1.280554972302979
2.574097177575592
1.487205142086200
0.863142644082701
0.505756386157740
0.526149705240339
-1.803317406686598
-1.162267021669326
-3.321269211462235
-0.163875406960425
-0.326230575238384
-0.429443164069982
1.501837929184211
0.987253370128849
1.862721483351671
-0.412105022536894
-0.443006639137929
-2.909686605022030
-1.796250696785954
-0.182189422188967
0.043178747848117
-0.068520842020467
-0.082431565478494
-0.062061796942412
0.776621546991219
-0.012653028429879
0.077954057922021
0.244943551295749
0.099988206314369
-0.970019113083181
-0.655638155292818
-0.959736497401692
0.851698090149728
0.291923138380611
-0.796119682941567
-0.992072485488989
0.952260657040042
-0.137276721474656
1.170983818573237
-0.019841844126011
-1.214675889064138
-1.847574577351612
-1.535195473337796
-0.847986497242088
-0.992830912913998
1.199947408080018
0.301911219763002
1.483822875990578
0.092674750866546
0.453903334713850
-1.955491444404126
-0.674749718544061
-1.927469984195194
-0.703477987662521
0.838828107182001
-0.716365168818737
0.589282165416823
1.764163335130084
1.356726156477360
0.786798140382432
1.246573026860524
-0.503918254847554
-2.176127916746914
-2.989353140555695
-1.156828662314068
0.463431972886437
-0.679681567207027
1.290117763008540
-1.505732182914504
1.377810633511287
-0.799865769942587
1.181089998853536
-2.154010544366719
-1.681999966630976
-3.719825334142437
-3.148627745956214
-0.445574168712457
-0.191590322796759
-1.760730400143043
0.030039873344396
