-1.361914888970923
-2.015289204394004
-0.412213159930806
-0.815992458099533
1.053118075160946
-0.213567192220951
-0.178410300251846
0.776097449461928
0.981219693130839
0.999610480752935
2.077802576733347
1.239374942018945
-0.049229382369195
0.794074256437386
0.650285006795008
1.467037313482389
-0.283019486083997
1.214519116051472
-0.686144819845007
-0.376272518078553
0.579630405182406
-0.953882887095325
2.343648341859878
0.312094330311950
0.449429368724179
2.203716212709693
1.144185833400907
1.444983361426186
1.877466795602736
0.240941744225230
-0.028794234802295
0.504237921088473
1.707681978586112
2.026074483508975
0.436826088320012
0.467303827360131
1.404033127456282
1.478421803659238
1.183145031084944
0.957367760159281
1.894673395637289
-0.113919566951518
0.938196171630505
0.476304685998666
-0.578866988709027
0.463839992998399
-1.595791931517248
0.491945251020236
0.851777270210675
1.319074633681362
1.786369326166052
3.153118771549485
0.839328955454031
-1.916872093439647
-1.354097128734517
-1.549070160733182
1.218823322044486
-1.454303754265352
-1.078918402468714
-0.348032567566109
-0.415889636067575
0.378151709961244
0.905388347122623
-1.122088627578732
-1.209101293450344
-1.468454515238777
-1.055690877950828
-0.439011618767655
0.646502778550709
-0.261969263152357
-1.320660579732626
-0.149451709605045
-0.158969399848493
-0.645991712251606
-0.785013197080845
-2.006607409798119
-1.849940741866928
-0.802824626511648
-0.532060391545300
-1.931882767378493
-0.852074443504395
-1.107264099890765
-0.208612625629924
-0.327153796405566
-0.532106915123672
0.822533427802354
-1.475616100551516
-1.932456085149740
-4.180468227287641
-0.623749923492216
-0.160510628210048
0.077255909059993
-1.583672279587471
-2.180970629625201
0.779953062214621
-0.142213824025559
-1.595533307830072
0.905923519964483
0.382334430096967
-1.340203191390691
-0.783057400763878
0.427822744293794
0.562972893594745
-1.012040046223214
-1.340810924780870
1.586043601696466
0.642156962018750
2.633604132297671
0.254083574692372
0.494350199785243
-0.187026624263483
0.330958745292266
-0.866407634855855
0.017064576343643
0.764226535734558
-1.058219186268096
-0.865557493633052
0.287645309526568
0.119291160388801
1.730701710197897
-0.582898120484434
-0.456088748657713
-2.037847672984834
-2.651116227392081
-0.854474825393183
-0.116108403419122
-2.162569863877959
0.120582234253006
-0.610034156962731
1.765774187242354
0.934742532285296
0.521626033309580
-0.715235758060068
-2.644527813855622
-2.172046209890359
-2.364009672137798
-0.609748380125703
-3.145905161894214
0.841205167947633
-0.894831572365877
0.516700834022755
0.731592444623784
0.610630061538794
0.193960941172671
-2.605290262764911
0.636256437716961
0.255267653327961
-0.785789174640383
0.356468549049893
-1.261369314986833
-1.794307065349165
-0.835542324366054
0.067709160258474
0.147120494994585
0.660765145343702
-1.661296894383661
-0.427504314683108
0.038061133726362
-0.688644892752799
0.791305032038899
0.635114541200972
-0.249254039600142
-0.783920770692833
0.583632700642745
1.015680730203446
-0.989369429748071
0.011683039984698
0.069852565149021
0.386058716035136
-0.486047245896774
1.130567413496744
0.240804539019237
-0.759909170983773
-0.687178060907979
2.407313280505339
0.451026854877039
1.167618329056285
1.715469907647802
-0.391431134120070
-2.113678435506608
1.151693480074948
-0.743395099301277
-1.307469115921933
-1.255346767865752
-2.366004938024468
-1.143241921565820
-0.002161106500013
-1.029596084464780
0.048261155465933
-0.178441505508481
-0.749507616212424
0.609253237907398
-0.086200578924742
1.611872369179438
-1.519402827989922
-1.463395392385747
-1.829598818783471
-1.656675415813143
-0.774635803585606
-1.078676818938576
-0.398187515916743
0.302370845036552
-0.407660044880905
-0.786291469274718
0.136954642412601
0.422650384621200
0.103661431951953
-0.310768141883153
-0.782806982656508
1.196227268982925
0.085716618423653
0.023413793849595
0.213301431076423
1.055810229074135
-0.689087831415132
0.697248623889468
-0.059558742645550
0.535623593224133
-3.676319525415798
-1.152805224277913
-1.085550893530907
0.063222610571693
1.352517977890128
0.530251888834554
1.884243152001331
-0.059979968083942
1.715949859086130
0.100551091600602
-0.566234887050566
-1.693111618097726
-1.495496276012790
-2.889315027146352
-1.618744808110387
0.562440544541831
0.899290806668894
0.746204562031477
-0.434973539878121
2.546126118853735
1.322576040542299
1.024951783197620
0.864927911258446
0.708678352988550
-2.056696486223992
1.980390112682197
0.025179069725060
-0.731800853914954
2.833437317071553
1.092488128153447
0.063135013901404
-0.182436364348823
0.867495888250223
-0.403165662692655
0.158785688171805
-0.887785400156078
-1.939865376068081
-1.033700109420282
-0.141973120949768
-0.584594677130085
1.161331759096985
1.337270474546441
0.476635893416170
-0.361131040817178
0.075221647703438
-0.363450120814418
-1.927085304845108
-0.604427590104024
-1.550085103448712
0.050136595019873
0.203904751954258
1.393850341571630
0.937167857343130
2.610741920788117
2.552020352576015
1.137883935969183
-0.856025965193713
-1.986656890232823
-2.016702615704984
-2.355171992654295
-1.127662116102671
-0.801130976534331
0.878034721686343
1.626185294170766
1.041835595501104
1.642780501466872
1.187314885772795
-0.192811927351966
-1.359012163858909
-2.891883453759098
-2.333120548299541
-1.488652633575395
0.548514039328531
0.051294765069964
-0.440083830206434
2.352811437987096
1.125540232443440
1.098736441169630
1.872549264214447
1.330024287052012
-0.900634066525345
-0.053356574326216
-0.641880754543356
0.230979379626172
1.274408643064110
2.086307911874543
3.080188701930141
3.186165364033975
2.935011409916832
0.537232236757774
2.656983857180524
1.285481286036538
-1.099466620702426
-0.135361752925773
-1.967159682488813
-0.719528697380349
1.116752947307432
3.710137124042778
1.539722119178637
2.324224575946029
2.731193137895204
0.757367211275029
0.207165010203582
-1.332594387706068
-2.596733975930263
-3.686904891844160
-0.994217083216554
-1.585953343799312
0.396326877577263
2.293746457353357
2.014307459151748
2.612280770481043
1.405859214796200
-0.174332842754196
-2.268921354867085
-2.643941726739611
-1.362658767248929
-0.206758764365358
-1.258163534816558
-0.462978112528641
1.013642075686684
2.441481577956958
2.264491591730905
1.397095392810342
0.733456030797895
-1.587121531918938
-2.135937816701740
-0.980836290204076
-0.764320184676589
1.318367364142463
0.511238017980402
2.363904005317471
-0.071141332165508
2.644746325122030
2.372984174065232
-0.064976110590006
-0.526950564184164
-1.635378818185894
-0.662023563928733
-1.579776662073516
-1.381876483095847
-0.556787299309279
-0.445505495874500
1.595755179137577
0.740756268383740
0.665376512709399
0.923081926846944
0.700424313543084
-1.270984206635067
-1.834006862313364
-2.167709890441554
-0.990070158198958
-1.364280211924797
-0.281297769079366
1.564207987776763
1.335500489475604
-0.603061819218812
0.685064588847276
0.853544692565217
0.367722371116825
-1.777333615282298
-2.312676386526292
-1.363954173221473
-0.533441358480516
-1.360088378411823
-0.333286577852146
-0.520916486736163
0.439728939847686
0.685432680998383
0.091700458187939
0.694412133586583
-0.234578221456584
-1.548093572084215
-0.166613313175040
-2.057875407241298
-0.880069183638340
0.310043039871408
-0.125860125081877
-0.488005683626279
-1.832582630752520
0.546278919493463
1.186576954250221
-1.521331695242285
-1.599157669046258
-1.922052369007784
-0.883519820191587
0.440288631023323
-0.261564287340911
1.195108420580377
0.169604035495269
2.044883221343156
1.389745267213545
1.866321973164031
0.361907346670528
-0.857026226638279
-1.313078882320637
-0.960312209263772
-1.234790825374725
-1.899288061742440
-1.373029498194900
-0.700867773539987
-0.628715963908010
1.795057279871772
3.426589530169342
-0.802798930155208
-1.449422941240036
-1.403871817686253
-2.260236182328763
-0.285554881062292
-0.812437170248483
-1.205468988592091
-0.595939654325706
-0.562263613994773
1.494891463831905
-0.006054529221863
1.630199307665412
0.884457774494820
0.145754505854546
-0.990938574940929
0.229448358619905
-1.404912974437742
0.340782814728378
1.877341571131315
1.693893563000321
0.143178691057122
2.098597147989956
0.938854129294991
-0.405506850942240
-1.099282047731871
-0.173388803892155
-2.134469594716176
-0.353577163900379
-0.357648448170805
-1.502784402064234
-0.708481663323070
0.452548373659704
1.956718333839506
-0.572175749281522
0.420828379141784
0.094347886386015
0.166428973633607
-1.634825823300565
0.866748202514459
-1.137242302580880
-2.561125082110799
0.225558982714045
-1.103455633297841
1.295724398446214
-0.601017734523135
1.630026076487852
-0.293248148106342
-2.431561440602487
-0.961353369308964
-1.439785330542350
-1.064058011831471
-1.436321645064426
2.258172842871899
1.026057538422288
0.758708673364918
-0.979542792392869
1.154866436534905
0.904672358008439
-0.682514194076713
-0.598192472303684
-0.845274726097953
-1.245569952654240
-1.433955418951214
-0.154314294789553
-0.206008482086655
-0.620472894111845
2.208355356750213
0.485095414928509
0.365646363270463
1.112112886914573
-1.837178808962149
-0.822621471234381
-1.053608096329094
-0.309927648727705
-1.866697765376178
-0.144425865473533
-0.189166782506178
-1.232216995742462
-0.957714751540441
1.221015262932575
-0.212208213966530
0.995471018788799
0.174197722652686
-0.776608187782116
-0.968180036545955
0.489514095597705
0.490465440130653
-0.719600246025650
0.651187402466963
-0.490239975389084
2.429567811331036
-0.859276649340884
-2.198120532003762
-1.061641732253188
0.148550222887908
-0.945501067163393
-1.535706081052445
0.336812860826853
-1.134121769025155
-0.252291944115945
-0.361591761223288
0.096345699786077
1.014407970942571
2.333630640097156
0.170540491823110
0.268140027458483
0.746262820479036
-2.662466377536450
-0.642761967396206
-0.562113828033397
-0.439198840441389
-1.631940331278059
-1.034374321606881
-1.440443148240478
0.530491427390461
0.560011163326531
-2.019077793927685
-0.301042720193922
-1.186361303021658
2.654067800123849
0.047346719428617
-0.182477560539717
0.608520586255827
0.542109792411901
0.587480164539329
1.013785405651635
0.128960899121287
-0.367962206840262
-0.686555960692412
0.013950228526972
2.826193346465698
1.465848691039924
0.724644424197556
1.753897999862154
0.538866303069421
0.277088498427436
-0.338978422143675
1.260485824575999
1.306768222694615
0.647353972100746
0.047336070228296
2.518824657448958
1.752190309051805
1.568705138926139
-0.141634584260020
0.937146374193955
0.408172143955112
-0.579109742239365
0.306394886451809
0.145067735058464
-0.167769990128819
1.566807021793776
0.416105772678271
1.228729635100270
2.664822477436106
-0.238905626455166
-0.852463004357152
-0.278552220635332
-0.013502039734797
0.318818062705007
-0.203103597194156
0.583386169440182
0.189269794843692
0.323925023075696
1.128400483996943
0.519230787937995
-0.713168308641621
-0.286478131166429
0.432126966187506
0.974767939382318
0.927773559929814
0.087635017055937
0.996962564254132
0.177922930724204
-0.182616836435797
-0.329169049557983
-1.265898471636928
-0.619301880458117
-0.873465085777763
-1.311030810141975
0.323564763234094
-2.296741726926703
0.652950467565344
-0.170003041002212
-0.535878313568307
2.174154509838975
-0.314141655011153
1.290192197703484
-0.040674347961531
0.734832452577924
-1.338891421631452
-1.059809714045388
-2.436156165945668
-1.868600933296490
-1.997821737972658
-1.404441647508994
-0.764093495214659
0.344107723233789
-0.347372246635912
0.161353027510139
1.061516430053905
-1.167518853510221
-2.336402762270325
-2.391970176224260
-0.990683731824829
-2.331746547131216
-1.557142980885263
1.784709442488213
-0.521439038171080
0.933835848012456
0.278991529615235
-0.540768793299941
0.985659619282381
-1.362637716733224
-1.241159604874655
-0.563663750041174
0.820126573831572
-1.336963005212971
1.192410108825367
2.474941661702653
2.340158916357302
3.230480906210340
1.785951752307894
2.362749569807337
-0.182839476489120
-0.363416320360764
0.115972834373814
-1.627448261497457
1.041146433157363
1.702032393129793
1.289785068019737
1.830497801325287
1.784935372852421
1.544996249227980
1.411545885506166
-0.394664438672698
-1.685412914730484
-2.045646134109432
-1.959237794661624
-1.220881799592650
1.078022636387328
0.194541521529128
0.454803529713157
2.037519550259734
1.553591282664467
1.599697326115818
0.697307215553612
0.524024675436699
0.418331354124353
-0.580512272777646
-0.391941859742349
-0.096114614857129
0.533375236825700
1.656412113728608
2.777556384322419
1.330322065584844
2.270715041027632
1.770526494571973
-1.559321203305205
-0.530112994240377
-2.157259645661679
-2.081636093301013
-2.327242887786782
1.009758380585704
1.256637275277819
0.895848998726941
0.527530729821292
0.340482315993554
0.812573534884132
-0.974235410644404
-0.452268867321998
-2.539958366553181
-1.275562094034357
-0.693261574278334
-0.957078879636237
2.208131571082706
1.799364119932899
2.756934220462027
1.582050625928790
0.879570912489737
-1.608206422721771
-1.422436160270050
-1.450466164496090
-2.164387620510451
-0.977632322152484
-1.080980322213143
0.215301130511794
0.765750274782770
1.237910642091168
1.743404425852758
1.836622915846517
0.532832013637267
-0.068243435311327
-0.724110195724779
-1.918956745696595
-1.984276276869334
-1.118998777915969
-0.360478588355113
0.929252496739915
1.044811961169112
0.852979766719245
3.312571628110628
1.218997560917118
-0.798282489740846
-0.753134082998106
-3.623202329986735
-2.880973500713906
-2.813760180163908
-0.080849952741442
-0.025331180592877
2.809637480050287
1.197485283319490
0.335039285719758
0.200018796897429
1.108957970157711
-0.134920938371294
-1.304048045876647
-0.515393873699794
0.809540561560921
0.540479058274293
-1.462448579677531
-0.284484350635413
0.599545096162269
2.091481871019334
1.583040190631701
-0.045464807800671
-1.535988084998765
-0.379818582590739
-1.348588155016716
-1.551629522695305
0.179953048819599
-1.858621290303478
-0.468347317698128
1.089284573440850
2.410683843805424
0.503202970794789
0.530187798723760
0.939225829532009
-0.903776084761461
-2.201605395835655
-1.896103040256329
-1.447106970970751
-3.819758861919550
1.953041140159800
-0.200528468511209
-0.653323585483290
0.705437808014247
1.450601293967783
1.280839876990393
-0.489023260898158
-2.254870241305779
-1.387953233688543
-1.321257095239455
-2.212314700845430
-1.244709280764797
-0.561869337257112
-1.183307980270839
0.197522928829577
1.051401508655736
-0.258445029318401
-0.343948415722969
-2.455984986663625
-1.360484274533468
-1.434685544573431
-1.203271570548493
-0.233385521996947
0.070359201430090
-2.702530678157529
-0.077287140084649
-2.186674228629846
-0.762982562006396
-0.357256932593418
-2.584314203153569
-0.676470441712186
-2.446617265426740
-2.385658950826866
-1.587956290536222
-0.871541115707070
0.561199826678125
-1.327797763319849
0.207666702703444
0.561758557423346
0.982096396878452
0.464394924292008
-0.593170971051046
-1.060776905685369
0.069717042562980
0.690193213774098
-0.275955205806739
1.057788810500904
1.071220214676128
2.703798441170154
-0.410774271132208
4.767111268211824
1.387043272132487
1.384426322244011
-0.950081167828488
-1.938523221892161
0.739960338811496
-0.176407547855299
0.332746977369100
0.651955919586030
-0.723184495006988
-0.112032224480290
0.044077486371885
0.502955993240029
-0.426671667664250
-0.184862328662109
1.081905051382463
0.438549247721368
1.145023421423212
1.466574113570571
0.513307554547986
-0.705010440857717
1.981928641501731
0.774876228640208
-1.218355476283840
-0.115940580512239
-0.080091194827914
0.427405755554586
1.898475173975501
0.897364247351284
0.310520668241011
1.317457228559528
0.360446985840375
1.351085417388194
0.409972675781147
0.694318899532758
1.168174077115276
0.073475609767038
-1.291272338800123
-0.352428156956417
1.395747994418924
0.014998110677295
-0.647079236681803
-0.365584911740964
-1.594765880885487
0.466847398832561
1.083126042091019
0.947801320230930
0.027494312445459
0.993867984099729
-0.464583446826100
0.345051209279964
0.498800756724862
-1.251310983220403
0.639409417513892
0.167088102347230
0.657390750739170
0.474991107397324
0.779369202624542
1.998985977410296
0.076923141401507
0.399652897860572
0.265973829216061
-0.084967196252765
-0.534629028039155
-0.295865546572053
-0.362262126931254
-0.169865228715078
-0.148989236073893
1.471549751675941
1.409475187750691
-0.364350580522092
-1.117870836057678
-0.660056995201573
0.555372813706790
-2.037729767170126
0.281844175169208
-2.211991210484312
-1.095019409362874
-0.129288423889878
0.104239061792982
0.122113092195065
-0.493578714377052
-2.209032169340229
-1.698741113295374
-2.008148309188008
0.640397129789075
-2.024799460772970
-1.136462753422407
-3.224464484009550
-1.041477523745528
0.848756618370144
0.825352036785310
0.979129390121836
1.038062790283608
-0.322063241265881
-1.198211445620544
-1.632457847438471
-1.934614320043709
-1.620887901691900
-0.703483861843196
-1.618682763386915
-0.565938947747030
-0.401202760741186
0.996695775297776
0.437560319181566
-0.940379655478141
-1.539622502097026
-0.897085069313090
-1.429264765825813
-0.924948244184850
0.104876110105909
-0.069719180616309
-1.113469428189475
0.325190511047494
2.291663966874504
0.547023491281278
1.628381082476772
-0.123164016548248
-0.306044410308929
0.031911571737147
0.725167844049356
1.981204465189487
1.903666673994620
0.255027750464990
-0.472706233381717
0.978226667948718
0.226527987311372
0.291474994512480
0.871323371199572
-0.870504855076529
-1.238245766038678
0.453237921216560
0.758245836523237
-0.204922928186988
-1.847344241094910
1.606922677340183
0.671378253500031
1.489146355639423
1.291617410455583
1.113630799580252
1.181109395727298
-0.255591505092348
0.174647284563257
-2.411033417925691
0.974546953580586
-0.202185060890506
-0.944157837948773
0.746531804041179
-0.398146154964351
1.220283780190439
-0.428583027711870
0.620645681605390
0.197936565708317
2.318726563185811
2.236871375936483
0.019128797480736
2.284051255846640
-1.151337138297925
0.412533345054069
0.858006661308619
0.991871542049366
1.071701862792530
-0.067913947378229
1.010635884959428
-0.242052549424129
1.375478932606151
1.683394967960453
1.804790840870075
0.616072488661113
-2.071670951909685
-0.509500438807068
-0.573969885697731
0.875622008765099
1.309231472544384
2.189764679224010
0.421260289628676
-0.090229779884291
2.173777421160036
2.085753323254372
-1.818210636065415
0.480111112705747
-0.010889124746901
-1.027899123902632
0.490803845555307
0.350527712499440
1.134859461913310
-1.174823150330460
0.215921554689918
-0.224138908054088
0.755243048339595
-0.319631034706463
-0.684307176974177
0.061491011961649
0.308155178237375
2.131969002106475
1.446925866731585
1.252961711880085
0.259348608732972
1.875630633786951
-0.114191625389211
0.919036951604282
0.074068665600814
-2.024158988936456
-1.449533656274094
-0.824619193843292
-0.416712498018680
-0.833320654654920
-1.095511492362723
0.640496434692731
0.914242447523014
0.282746087597418
1.086684981512402
-1.607901219357058
-1.441092757594286
-2.789462000438333
-4.111765157409454
-2.900419237524943
-2.040919307571616
-1.570966151466171
-0.335427409206214
-1.256257960772698
-1.389300673246749
1.544979059777166
-0.783321624795477
-1.250641935975989
-0.081879877044634
-1.670771325532507
-2.031542477211656
0.179546982706516
-3.125566757308975
-0.503433851990444
0.325152207114862
0.083886998794514
0.294538946317808
-0.595307471952270
0.502843693965249
-0.386455478803442
-0.837929164820650
-1.364363225858838
-1.831485376640315
-0.033983376022416
0.977156497111825
1.457135197488830
1.280120870418191
2.018810118658664
1.118538076076911
-0.766380777173294
-0.838444959361776
-2.644311230070272
-2.564780823981486
-2.125669259453050
-1.275939676891274
-0.531078635041571
1.491034558198517
0.761042456121164
1.985492457902484
3.141565685247240
0.845675135508515
0.066366942400863
-1.904007709966850
-0.627007282503651
-0.285362459298439
-1.138908640081446
-0.925070547556027
-0.469158279143703
1.895287103992583
0.053078482273918
0.731664174294428
-0.329920060587340
0.004279980836417
-0.842560092112448
-2.154867336927153
-2.820661641492788
-2.115481544515770
-0.958209573759686
0.555534368180097
-0.746064986466016
0.097243844188216
1.274642872474947
0.312803201313186
0.139861549559347
-0.316586614775234
-2.285922939596647
-1.522617116161950
-1.994768509431780
-2.588665766902471
-0.241841706375459
0.396541875326862
1.932980028670032
2.538515106261348
2.396611544534557
0.497867296083174
1.741145496197829
2.176088716271487
-1.116385789617839
-1.652648430718171
1.047529605117913
-0.242728555468352
-0.830839916625528
2.181216729280597
2.109068578596559
1.805527835494984
1.533542567413708
-1.036571621031708
-1.049879076946024
-0.985425589239880
-1.640232264069918
-2.120834410170294
1.352723301287137
0.139655989782024
1.196905156260956
3.276526278632619
1.995660384759342
2.562072169449460
0.117299387846843
1.569458235743071
-0.739645055793207
-0.436839413101187
-2.617338683142938
-0.410847771709266
-1.237275311607066
-0.482048088849668
1.247051342711384
1.480511446841922
1.097847018424731
2.528770582098378
3.315133337402684
0.662153249339451
0.633198564494500
-0.662847439246776
-1.271746362151942
0.699014120099539
1.591278045852998
0.056961977724018
1.040525039833523
1.524678990378206
1.191534401232023
0.808367471624795
-1.147438996202880
-0.527238485126033
-2.158185734177788
-1.924415094384531
-0.565349455373664
-0.471866114883484
1.095888582078704
1.085894305711389
0.886592194143771
0.880768004498958
1.327988063822881
0.416828885888512
-0.904090001494797
-2.603586490236730
-1.814407759376418
-2.418702132920106
-3.583199585952315
-1.980272546857771
-0.182744401491884
-1.376165400310714
-0.677098004091944
1.129036609221305
0.163166683142562
-0.109292861351113
-1.425219133550758
-2.854437179760509
-1.038770618656999
-0.264496545660733
0.957653339038745
-0.905578197851422
0.834301711428043
-0.367777371728674
0.743431664934083
0.538368866768467
-0.088044574595372
0.157529866200812
-0.072291724105383
0.050024860535386
0.468718698920283
0.205538738424648
-0.917613095710535
0.669518796090319
1.291485370867500
0.266976853020520
2.558414699489136
1.362172465787767
1.795331030222270
-0.105405071688610
-0.813917312841603
-0.849387808462887
0.251193297958656
1.393812063002853
0.015091494815829
1.481548660978885
1.779526861137871
1.277018583381064
2.120795291171594
1.157808249079972
0.939296764962762
-1.309675355836956
-0.751587056007943
-1.684246729780004
-0.311762557539214
0.442398976618638
0.347215098376107
1.288130396936881
0.544115991935154
-1.067707344938924
0.119625980776735
-0.320499148831153
0.594354212809707
-0.069513310276012
0.416516251109353
-0.251150358563548
0.317114976404360
0.524464679013071
-0.202791164435671
2.319892995419204
0.029375557026488
1.223322348229685
0.283968484631117
1.095662374818813
1.180461754950975
0.258005886074484
0.305973408976745
-0.141974298799983
-2.159513665748174
-0.788656808028110
1.692432845512020
3.297729659494887
2.210454047237079
2.455894061665267
3.034757382386667
0.779485575153765
-0.083894659060018
0.409843703377911
0.868952728966843
-0.108316917218214
0.544104319971932
0.217098514951653
0.444894071621638
1.049613200258277
1.358143560682223
0.102591892793803
0.964549250437954
-2.992250402808939
-1.423019768921966
0.672646612053312
-0.088239387405796
1.586606531112299
0.292069708197035
0.481443662871676
1.930213669381059
0.814068454239084
0.867016544010508
-0.535124061750355
-1.225876818249622
-2.266845927156592
-1.706734733906015
-1.076479490396958
-0.338514719148854
-1.217010075878804
-0.113416621171807
0.292005751618069
2.318999793870820
0.854016224112056
-0.268742871254415
-1.359772490587543
-0.589536476542099
-0.657119722987307
-0.198687368055344
0.096366510799796
-1.596910500067751
0.388385887626205
-0.115257103426626
2.611020429943534
0.427797584507402
0.690564695110508
-1.041172442548837
-0.325017268444852
-0.366958540363172
-0.269906982224721
-0.877225021431816
-0.557075824090498
-2.738996064063447
1.024905698198078
2.091529262399537
2.956247806461175
0.455515931867002
2.306967124661816
-2.802154859556701
-2.187056859459348
-1.362903760597888
-0.718958349776646
-1.426969493117544
-1.206804767110059
1.756229080143753
0.963930480909982
1.038118731020751
1.736976411928040
1.334557644706357
-0.745087141600596
0.413950249458558
-0.377937949280271
-1.214768860643719
0.065301751283208
0.908186352533673
0.500014474873059
0.241054637333001
1.277307211817786
1.186984978186505
-1.577362404585071
1.123290139136243
-0.791863058214179
-1.456473711560311
-0.230926144357246
-1.178330702880418
-1.055796627390077
0.590537819662603
0.263318384800755
-0.496315909781876
1.620267493955660
-1.097096009393818
-0.437535746903448
-1.602216199899332
-2.660077851658720
-1.543069056768937
-1.414562203457431
-0.020557506833199
-0.021112175705148
-1.933746167502683
-2.016911514173161
0.166047851718627
0.274219408374140
-1.949042092201049
-0.748318561034510
-0.952326562430293
-0.562932189720184
-2.633048354801736
-0.586892670971140
0.815781438426171
0.795946969376145
-0.429866322376173
-0.383639655124466
0.712610274104603
0.170828899772755
-2.764320167260380
-0.698655838779640
-1.490124593150864
-1.353999989652304
-0.768114020601009
-1.917431670618634
-0.738380732222888
-1.340516393081649
-0.861324270435074
-0.312325786090030
0.870801840470346
1.053297198898335
0.839192362644359
1.806272589556064
1.422397499323539
0.674537513013245
2.329778965011398
0.200488890297263
1.383374687618440
-2.220577643547023
-2.926249913242617
0.622076582396416
0.184273801398377
-0.871613958004952
-0.737717567525783
-0.790511163905138
0.017336638256816
-1.918525640564309
0.165545228773495
-0.171778615059620
0.245577585338123
0.634642218094487
-0.195086204992831
-0.294198338144966
-0.583159381117880
-0.548493383723155
-0.542426627663123
-0.048003762018416
1.465055318965386
0.257539388953471
1.870708577127056
0.529207406380942
-2.250763165336275
-0.929418389951237
0.113773417632995
-1.600464540850008
-0.178656424594797
-0.199630106424486
1.173801138868312
0.862854022917726
1.335636726311184
2.219230215308796
0.064317880674287
0.001999336462756
-0.113244428649478
0.419563020651565
-0.101466896432116
-0.261423053683379
-0.041657373159903
0.843280318987024
0.436224315494341
1.345110527126323
1.882468296897153
0.014383288144661
-0.850955213377621
-1.898229711812390
-1.233400001650288
0.933942562802771
-1.496105274848130
-0.341818889625548
-0.340137933973204
0.280022372472697
1.369862143189917
1.922588373073841
-0.335622956144232
0.807089909244470
-2.213126316378326
-1.936017521751022
-3.030789174438443
1.878285881839727
1.468313084709485
0.876580615441274
0.640960675023108
0.336189938517430
1.893223044592741
0.784482591726569
-0.462343559561502
0.080284277588491
-1.156296585287473
-1.507545616505919
-0.122176292352540
-1.176696324966268
0.266606619306754
0.861280124585234
0.602096465226505
0.886924278361337
1.055618425387312
-0.208528936859813
-2.263048302916280
-2.345189818155502
-2.454203756234545
-1.438246803399801
-0.648599907980427
0.173391046160197
-0.460276932947682
1.464870865004799
1.185277654008525
0.947755182478274
-0.342163343380791
-0.762438849220196
-1.680031730631890
-1.738542787850412
-1.058896588645979
-0.161062836530520
0.476774296588104
1.775820203266081
-0.217150964646155
1.998523907946052
1.294899827163583
2.096196134249043
-1.087702735477588
-1.256478399391365
-2.060594172026270
0.201148991107703
0.453893473053044
-0.051138732612694
1.526835749992842
0.308087904423151
0.740229248486002
0.710049233621580
0.254981074299654
0.021683001608877
-0.959025512577127
-1.162381855018887
-1.127528763203588
0.164560685407991
2.357382937756364
1.558094947264272
0.395667092370526
1.654271852899394
-0.780725006742665
0.834350074180448
0.465369779173597
-0.466485428072665
1.032644353512932
0.107054998029511
-0.780736506924086
0.949868894063779
0.651733576401838
-0.125301719500586
-0.355133690980180
0.344530924701527
0.751793868380357
1.225093128873995
-0.244237359907934
-1.620750458498321
-3.328887201355915
-3.229733338639658
0.196824059600366
2.225795724752747
0.089165677180343
0.909494255316490
2.303434140246001
2.950686771280864
2.641308670811034
-0.204640257305146
-1.465480118536637
-1.043280449826703
0.246901148745357
-1.253731252626236
-0.925366349510881
0.571646582327342
-0.509839381214147
0.286350847318517
3.089660398899132
1.491258902686130
-0.748049496955984
0.568674581487018
-0.026813882019989
0.994728123297995
1.453138532072966
0.696804510510862
1.607366971209151
1.233254873815200
0.331064653171463
0.393730095098101
3.736205658136585
1.739377058159469
1.196938292548705
-1.034329813431275
-1.305452360942369
0.441812978852874
-0.884471366298231
0.138512456615816
0.804653369657425
1.505752701974212
3.345132527003015
2.001541025053156
0.157982774616393
-0.290679624193947
0.718365939690627
-0.432548413586424
-2.530603267682484
-1.175877341750096
0.700097076403828
-0.032731368085694
-0.647116521061885
0.261016494562818
-0.690606207872250
0.192626471245128
0.032226004549465
-0.791488014930884
-1.467664401660705
-1.402106342385880
-1.035373169709337
0.098427863460938
-0.614034539900886
0.471740592637301
0.197581248495265
0.880328368251050
-0.091803618179487
-0.464239221096790
0.176239323252363
-1.102375308026205
0.069792298931183
-1.821948368984607
-2.730104657236721
-1.851384007602090
-2.999251560907355
-0.142785719085150
-0.496958082356074
-1.900792157532551
0.750177615756689
-0.505734552084309
0.177731290121999
-1.115013242924239
-2.143342864472909
-2.410478251351222
-1.318928204309390
-1.170569442876654
-2.879666581814617
-1.338496364991685
-1.091398665759363
0.557375580915899
1.786304352301992
-0.386640172723642
-0.832360544811630
-1.840337919419761
-2.673857509599592
-1.721566965695484
-0.606755365709639
-0.283396089244097
0.085281490277280
0.756998349174136
2.137850394659520
1.189813249467526
2.071578929730319
0.501677495276304
1.967146205597541
0.150357251457068
0.021444546588575
0.591244708348762
-0.437833408101658
-0.931574727874386
-0.033108477807949
1.740961546362959
-0.227156140652258
2.830504555920831
0.174227474768929
0.072778214846804
-0.385488630407161
0.105721751577238
0.150815549453004
0.206204703173500
-0.758861053660663
-0.095029028991673
0.480767105516611
1.325963446943106
3.240772864720625
0.882396178010875
-0.050136372950534
-0.668500707439476
0.853456613318321
0.209719530810403
1.946106379436561
2.094450464020292
0.285555511759245
2.286667364281972
1.143737046447612
2.190456378025424
0.310528465021377
0.193324169993171
-1.589288029484941
-0.528788674859600
-1.509555386903560
-2.374573252770725
-1.153532673319835
-0.013597614142929
-1.092054935368899
-0.432111797987085
0.114667248043149
-0.695633498482560
0.145899165456756
-0.135358538577811
-1.559376989130947
-1.183985739177268
-0.802136404329182
-0.644372064361221
-2.184923528596213
-1.595939443377810
0.892684562070969
-0.806408430095760
-0.178087493097172
0.398343188518959
-0.352984258108091
-1.462143152856890
-0.691474714205565
-1.937246925415305
-0.600473517546147
-1.256103318677981
0.683120048449705
-0.638584237279855
0.045249303980142
0.408281166608719
1.663175249064359
0.622969979476655
-0.217197311896993
-0.178116531522861
0.723010175017612
-1.706864452027802
-1.101986454242204
-0.902422820544341
1.286458140151175
0.225896302965017
-0.047805297446202
2.110261739919935
-0.074776348919684
0.100756066009558
-0.534404843766392
0.150131323555972
-0.372273130289898
-1.833938291617953
1.317891406414710
1.189629101204197
1.368027930515621
0.814806087726624
0.265861201590926
-0.199962183287940
-0.080210641262332
-1.347240305245597
0.405404222431258
-0.489951824570149
0.764928568792841
1.227911500795561
0.303995515058763
0.932141087712367
0.886000109633451
0.320189026909772
-0.381109399126478
0.295175251102427
0.408329765162397
-1.815247100892687
1.397187019974662
-1.091510726909943
-1.815822126290455
-0.501068655162710
-0.167981195979544
-0.831682138075160
0.691586753712577
-0.033664792555816
0.594830527018005
2.501418744754071
0.488593251695767
-0.203905758933592
-0.973758287065581
-0.663740628341778
-2.669315405546358
-2.261908584047853
-1.584756148263489
-1.152799679554890
0.223891228198944
0.960925359534133
0.144928615515185
-1.422698016369322
0.744711928001870
0.974500633028883
0.909737866036136
0.505874566135610
1.551754698719475
-0.738521119050293
-0.493949290749412
-0.834933833920179
1.229198575187502
0.285587759508976
-1.485836928481945
0.806284891082669
-0.783601637757397
-0.044491999909785
0.900676214931004
0.684316184550670
0.060275423482320
0.923016550525103
0.187883767156152
0.924872273600171
1.861102322961895
0.169538939184819
0.546272656822803
-1.326591974588497
0.845869164381185
1.275737547337687
1.651372966648179
1.495938788522934
1.185657079521290
1.716592685869329
0.264150334806491
-0.115563148019960
-0.412709945149349
1.708952700219914
-0.972058398191464
-0.968492863511960
-1.052621932642828
0.659317060409174
-2.940522987862901
-1.349830393132485
-0.066392323543421
-2.721446648705851
0.949289213409049
0.932917238323491
-1.074639188375473
1.079560312522972
-0.750623792364244
0.514690512628429
0.278741754973947
-1.524104691294079
-0.231960895097690
-2.673985667181214
-1.498517578305298
-0.257066025801500
-1.226373364287218
-0.659339200432562
-2.088344082987332
-1.334978439511782
0.678300627913951
0.495551413046007
0.329832725934678
2.668557775208694
0.020112082350721
-1.931859445947881
0.471650110913497
0.177741689906081
0.305849019449171
1.023606701923020
-1.345255013095819
-0.157591226262028
-0.147712517187979
1.832004217244880
1.142433450777093
-0.989728254764992
-0.342865693052349
-2.031789157098066
0.383598894967486
0.365783673013623
-1.132500645395612
1.815037282574162
-0.411571089499491
0.468854622311018
1.911760748063387
-0.787675885763197
-0.494709303795743
-0.784965508450951
-1.472088365305482
-2.400347059090036
-0.130644536954244
0.259735051247355
2.388047502939967
1.358593520794787
0.664180325444318
-0.128291379734926
0.072788645308711
-0.500174824650563
-2.371383712144678
-2.941394280515425
-1.214907520192514
-0.227976802293305
2.189044809223796
1.357582365473573
3.201877780212409
0.855195877760238
2.025692568363270
1.003666954033221
0.167437623406768
-1.676339381627374
-4.042680351798465
-1.743226257387081
-2.652496751508488
-0.798340412863616
-0.319497642895967
0.567902743796704
1.196503844069228
0.287120444233441
1.451389920735964
-0.149152006236361
0.472738201754739
-2.903854099664481
-2.003525214978017
-2.120070852452981
-3.336993930820290
-0.860165301092246
0.819794866128435
0.041275560696804
1.971456018446932
-0.519394941985046
0.741390559758766
-0.656469547694659
-2.167572528891892
-1.890307423673832
-0.531213619458231
-0.159577469067442
1.044037302946850
-0.531871466469668
0.859329682971600
2.095123700401604
3.091817585598207
-0.800259984540694
-0.024104315030424
-2.100683740592052
-2.866357963949623
-0.968415239010399
-1.518412358740750
-0.882197040657209
0.150575924550308
1.390017445060109
0.728368909715862
1.649121410526977
1.042893732481261
0.722752609647418
0.573202728581329
-0.164765697693655
-0.846006117490793
-2.127396390877528
-0.675510332612780
0.733716505231513
-0.158443922086642
0.436272104748707
2.010314817287454
2.660266807406440
2.587611890637572
1.186521591243396
0.272302866054338
0.683101144269139
0.084690234203162
0.077500866609656
0.345843898337876
0.098913246475389
3.101504800128858
-0.495288022796857
1.932857101612983
1.480005204328315
2.873160514454332
-0.156489205680297
0.035938446957209
-0.250826975506197
-2.398409772126480
-1.876156909006224
0.109869196876938
-0.148091565962906
1.256106651298639
0.846415500862718
1.188931458757583
1.890059197319740
-2.050833027816743
-1.509318491618739
-1.094163652932167
-2.588606773148145
-1.092274519895952
-0.764110253068580
0.879637527785690
-0.206948206669886
1.913893033129535
0.940359295010295
-0.449743655178854
0.821778277322430
0.571986986574345
-1.830140036813975
-0.938817075345263
-1.583767272529012
-0.917661476576950
1.515003092791171
-0.962493830770296
1.090682485251250
1.974850077163013
2.237114350258988
1.907910223163149
-0.183685292881225
-0.199617598120243
-0.421665150155567
-1.342611169778006
-1.384643021277754
0.584120845208095
-0.983905341238091
0.914633308929034
-0.249013474574786
0.708918531220451
0.456277102966492
3.004773320973453
-2.339433501777114
-2.046984715961478
-1.842083663511189
-2.125487877808615
-1.179292063429476
-1.830670469685864
-1.316218726988558
-0.178869900500571
1.517869181740559
1.174345849983276
2.737990383590812
1.225220582030812
-0.856207611421311
0.741054096849880
-2.147028788377322
0.247272694194648
0.197725900160555
0.962451465884793
-0.173881897493082
1.695420348645043
1.007940891649338
1.785707102848854
2.260753115503717
-1.037662605425580
-1.040691672197411
-0.366020193804549
-0.763337295621132
0.430334450791693
0.360660546434330
-0.534392449256432
-0.778951849225407
2.052593380215282
-0.217454432752255
1.268960303205061
-0.307160170828663
-0.752235348398194
-0.943680156874832
-0.874841603702492
-1.600406081199500
-0.930674568468431
-0.114528142050228
-1.160159822102361
1.215363325497066
1.693635723711758
0.838833168911953
1.261038562902700
0.697504310179213
-0.939187791663931
-0.823959978107088
-1.665783292226569
-1.745369233389025
-1.049647153248104
-0.739202688221018
0.036214541768411
-0.864750847259751
0.975253730098477
0.442510018167246
-0.061628959685957
-1.326559256193601
-2.845979193687644
-0.629335335201306
-1.049469988481829
-2.061356866125949
-0.896053447383984
0.120793096205766
0.856025614237876
0.489542998009832
1.889791952265695
1.666411340170499
0.646911988944297
0.320631253953624
-1.108947672103175
0.654299145464336
0.207823063387063
0.637069043087283
-0.420647549417833
1.072352929255862
2.580284065676662
1.682545798953919
0.663199090583901
-0.756373981517779
0.731929413082462
-1.154239130369766
-0.105746976842725
1.726582816664219
0.117031799852110
0.331703043191362
0.355182955023904
-0.619568123921892
0.534349762652725
1.801752343639955
2.011250448643724
-0.641003769858029
-1.040495097108754
-1.390928757944653
-0.178674280310756
-1.175462949133125
0.122291841145179
0.547893833011178
1.003966603267188
-0.071984118883963
-0.479334309011833
-0.839871410654729
-1.853705603467075
-2.292867969472168
-0.386012418523534
-1.068652377864527
-0.104718580527275
-0.192621901190790
-1.123657831597364
0.036330850465342
0.483156527364813
1.427196188568162
-0.071944903966244
-1.331647295090970
-1.394542148071155
-1.835636039862054
-0.780753575099463
0.035335152203826
-1.742180485941543
-0.756826797178954
-0.757580151299284
1.498992127638520
0.859272893383110
0.778040083017889
1.216453220112203
0.110770203664616
-0.680869348101258
-0.752836141641142
-1.761100079645259
0.338811121509321
-0.203905989620438
0.580031918127764
0.677733870624538
-1.556617123939233
0.969268206075811
-1.020867262456087
0.475260687815348
-1.481572669241199
-0.747399609265021
0.424212525475808
1.817025465167203
0.550017496060724
0.546297517797907
-0.167884121335626
1.278840101794450
1.999336822833529
1.475635306809880
1.653372630186636
-0.928346423318554
-0.514918732093885
-1.265254708166819
-1.834636234462587
-0.401036143127734
0.190103628490132
0.130851251038058
-0.613607534728814
-0.150705338452400
2.530544930098865
-0.397357252036333
-0.783480659589036
-1.113243555862051
-1.315819617819774
-0.650152142978414
-0.308092176477768
-0.782375072761740
-1.711751919978962
0.003677992350593
-0.960508297557980
0.745839345949875
0.025422113233407
0.477018523878418
-0.603152669949999
-0.803054448336144
0.588745392322065
-0.814792482707544
1.447431827218508
1.666723046811618
0.172025857019825
-0.436773624129155
2.157071033055233
1.602868437560340
-0.304535997812223
-1.174348298092325
-1.154924682283130
-1.493767761726233
-1.021854296303998
-0.899802819403750
-0.331128441482859
-2.449985242851508
-1.969489890638096
0.302576699290507
-0.270730237441946
0.013618193398027
-0.271178275842397
-1.663841586741813
-1.531679659988810
-0.531223994524704
-1.101977198761904
-2.268221003471743
-0.983633040699754
-0.527677275409641
-1.061677091657107
0.176920991118631
0.155392005077350
-0.186611106423515
-0.037892890916636
0.812489509991924
-1.341766098107948
0.274690154210404
1.032132201050661
-1.718824291028361
-2.311192887650350
0.928892954974305
0.856408965244918
2.219238013292244
2.320406032118048
1.717927371043654
1.620925915233122
2.260304370515883
0.948837572681420
0.466785564252175
0.970736506325033
0.000194440273769
-0.138600915931610
-0.840243842218077
-0.928237266978624
0.804429012309792
0.257158327031383
0.499826788975621
1.896452203590473
0.733955347456883
0.404737618720204
1.453527151719021
-1.126452339665238
-0.582258263851945
0.876570395310957
-0.886831227120986
-1.968034731949249
1.273337670245597
1.179395900200214
1.574862770642957
0.630865122765949
1.426032465537493
1.055451546226826
0.017644006855253
-0.796286174305217
-1.178167920664684
-3.539424085493503
-1.349136781731384
-1.847495727916459
-0.816714568169428
0.507811159692964
-0.431943908469428
0.795722677074389
-1.494866695303272
0.127692518634863
-2.266202520028517
-3.382840463011465
-3.533786206373788
-2.383066111006492
-1.496261933597731
-1.720579313987552
0.317541858103119
-2.912695735869940
-0.672763443485931
-1.055225986420453
-2.196374851967846
-0.437153693404932
-2.959166724555569
-3.387564120615202
-1.161669465670655
-1.303543574158635
-1.860626591681577
0.017017988924319
1.654516525242958
0.993663522633527
0.998240838052019
-1.138946033569836
-0.323050122249352
-0.137318592331206
-2.192120984628870
-2.227406039225159
1.099093225303927
0.312253720880616
0.832587158422922
-0.326107290422683
2.583908629681847
1.113158830078752
1.745289714285084
2.947436748520858
1.181916285054372
-1.006075382930327
-0.633367873217217
-0.572953852917251
0.442768140581254
0.171206047826495
1.171112853972962
0.965317796806036
2.040395486450060
3.560226693751417
0.703898802789939
0.334757175510453
0.839833230782854
0.728526835348876
-1.114998776265279
0.283810077036824
-1.143690135339507
0.419394245900286
1.940412786499801
1.339264027949831
3.588487113464573
1.182392105488596
2.009272196789057
0.184360120287271
-0.493425682764028
-1.479554523172351
-0.962617000429656
0.012797675445025
-0.983040608827507
2.247263363534469
0.639706988665560
-0.085333988147034
1.949911374588064
0.262873289802591
-0.259215121593802
-1.773459828670603
-2.237671169621160
-2.341296015001729
-1.985307016726593
-1.315487907873688
0.110702298094057
-0.364240907140592
1.114077255190603
1.381686349325254
1.193612980304732
0.795879878633217
-0.437994683798348
-0.168435842358883
-2.838167553651588
-1.933586632095485
-0.270789058533077
0.787038616614037
0.647053026922902
0.881993748751854
2.901807398102211
1.691418531465100
1.738133069755895
-0.242675979890987
-0.788255431293921
-0.568545736868272
-1.792126408324497
-0.839853927093462
0.251822552230149
0.088924868432222
1.991254972023843
1.092647822277192
1.954611167892033
1.749572892907477
-2.562024946062491
0.740395039346832
-0.377557690086272
-1.687647420280161
-1.809465067250665
0.775793477674770
-0.690470929056120
0.912834361782769
0.741850050495405
1.886689992037694
0.495026486696040
0.869386289757743
2.119888754874823
-0.791093348103390
-2.100630706425020
0.153504989955865
-0.210367052888994
1.485640026888157
-0.439543570546477
2.044799019822719
3.452405919354200
3.060567364184562
1.876788505939733
0.666145121009860
-1.240228904092811
-0.162504744436465
-0.266553545707582
0.005049653742988
-1.204965662316860
0.693065423433811
0.841607449237548
0.568834299272735
2.508735648597721
1.858946474417597
3.300176809525626
1.356839854902011
-1.431704378855030
-2.371885780589210
-1.855491078830168
-3.258824272907466
-1.656017021299263
-1.185736611554428
-0.845451751842967
1.676912151609890
0.240441330352499
0.194280606212035
0.029043744383212
-0.943248928159113
-0.133814550483715
-0.070068704182496
-0.607875578241474
1.421780652696864
-0.978321972458412
-1.292200944870089
0.158839358926461
1.518447146359331
1.432803404416511
-0.975802725885735
-1.371746259738964
-1.513762433836742
-3.781334761416240
-3.097720454130586
-0.778415554352122
-1.732532548139517
-2.725571725055940
-0.375101459769358
2.403144499714998
0.385290332050045
-0.030864150820612
1.097542695875963
-0.425715832912837
-1.452256276219884
-3.437479310725450
-1.176850606114074
-0.922538869435402
0.031806148867009
-0.193928952137866
0.594095453003266
-0.789050295532304
0.017430189306727
0.567172423527676
-0.176213859119016
-2.302657468033355
-2.872648556367239
-1.844507935497973
-1.817295011742005
-0.275792088286550
0.579301908288895
-0.317533840323823
2.163485456436079
1.673043898510342
0.594855190049972
1.242228396282195
0.164802058993141
0.397527549076239
0.424570559761060
-1.336083980620964
-0.444656951329462
1.092471427797733
0.040925600156135
0.243793266482651
3.348036565759368
1.839888485828786
0.200313172473410
-0.460648662049462
1.434876291167204
-0.459228306962339
-0.375001402687859
1.472204142215712
1.536695816379406
-0.858148444893089
3.177367669402862
0.368688009775068
0.324206748638448
0.146201284921120
0.152357632984672
-0.825924518046622
-0.406058198235168
-0.784256069293733
0.581281103774990
1.675790441559013
2.444878650398606
2.699191953678322
2.012654444269172
0.878131048364973
1.241471844748681
0.432597224083988
-1.140021185431053
-0.977939475937502
0.340460865318699
0.366875814441448
0.718040017521643
-0.868640561498732
-1.316270994938982
1.197272558656111
0.839703539962681
1.940028382350913
-1.011309432100422
-0.791076125884392
-1.207244454606998
-0.750448042741485
0.621399112284346
-1.319539739213760
-1.046003242913536
-0.219407763492985
-1.013799522921879
-0.709452199002661
0.785979565263788
-1.549142662519981
-1.867724514796763
-0.712626511250965
-0.220122894266440
-1.590109662467831
-0.098553327540420
0.628574775131706
0.036082556090376
0.837716424702014
0.397556391227351
3.004738588467613
1.083892667104598
1.344941273581232
-0.932655205081139
-0.983443324463913
0.153520887322122
-0.867054364063728
-0.312847311052812
0.472845575305903
-1.008198979884171
-0.207304024318423
1.076190977798364
-0.417157668567200
-0.701374824183347
-0.158684337563554
-1.306800919288896
-2.662829541446728
-0.034761590631983
-1.335157481742170
-0.921218242454775
-0.331537300704554
0.379612009088235
-2.195528298315810
1.064700626186913
-0.467579740633953
-0.469199391583890
-1.207380134669288
-3.125176309292544
-3.102877324175850
-2.927208748281532
-1.087829212307020
-0.775159222329938
0.065917361947564
0.581924366231554
-0.270476128807824
0.556469190395599
0.607422633221023
-0.720126859136637
-2.627007009450856
-1.528161952330795
-2.578021771128323
-3.398591051576974
-0.360298382620328
-1.472482926205271
-0.562040302427391
0.847338294664594
-0.053864447596245
-0.484147522353067
0.361500391890322
0.059996278547986
-1.699414906164077
1.246660007056290
-0.145173893192531
0.961105069710789
-1.299146652861004
-0.520611700827430
-1.323304688088314
-0.490139761328817
-0.399248904049634
1.234937373760882
-0.150228630216910
1.117123886617589
-0.418599416864210
0.475970404294825
1.417225854466482
1.711578233792727
-0.909447069248956
-0.301766445449662
2.186856100068027
0.230830556851465
-0.164447251901336
-1.887614633993051
-1.173058289234225
-2.457197979870402
-0.142532776632576
-0.027760475998892
0.854797507947772
0.417998249192379
0.222058964735460
1.206243466039000
1.155577632795507
2.028344230703954
-0.088719903931288
0.827655905494995
0.306122412260041
1.272081940567670
-0.742294659811934
0.715694313577249
1.185564023028930
0.253302737192690
1.626421017855201
0.492804784672912
0.995411157539077
0.503491973479213
-0.291560865411686
-0.181798959868901
1.688487126469206
1.997583289694034
0.856714435156232
1.153541679820639
1.093197527092013
-0.064578874594367
-0.523821473623336
1.231560317286762
0.247411394194475
1.835520341771388
0.404711956991840
-0.402055336278958
0.112598172652014
0.085673622413326
0.579188692244394
0.078418514599142
-1.365701830438206
0.773590272820869
-0.572970551779269
0.773193709049359
0.124776945391511
0.607081154432887
0.029701189779304
-0.595018512288108
1.356960507992372
-0.004391327849943
-0.025881630989560
-1.622376606654499
-0.401206159872028
-1.657310354797162
0.111354770038994
-0.173646450179474
-0.148844421269678
-0.598660462677780
0.739927074745677
-0.579972613434565
0.934690907349902
0.345527833165379
-0.414891997721574
-1.839647395883459
-0.116801120301508
-0.639085417335905
-1.188490185308121
-1.646303616902038
0.728753675093488
1.184389134477733
0.358818142336465
0.450055450236615
-0.832338747521924
-1.802247680967429
-1.059113973990999
-2.153277480390034
-2.249310684699618
-1.758500030687701
-0.794007149179353
-0.286537894230892
-1.590658545180839
0.870891516664449
1.026056993871941
1.412577254607817
-0.695127885143045
-0.998043601450761
-3.481934766018131
-3.136371435245455
-0.741994374389228
-1.320399925946473
-0.023518217212522
2.596741761858282
0.827837465421025
2.294085543098045
2.169032133874019
1.508730898018648
-0.676795493888690
1.318209720222114
-1.591496290647424
-1.509499943869280
-0.432972879212892
-0.387854270447641
0.871719761451266
0.889850184961400
0.172900344276029
1.510527600070573
2.645877149785522
1.694409156491775
-0.415559401056623
-0.746374511676699
0.749126841270231
0.225749807335110
2.512436352234051
0.315074746373782
-0.613895493081320
1.520595876139744
1.405769193404562
3.060462157177779
1.077564398058731
0.243185807968729
-1.668823936076065
-0.571376609826607
-0.618133032251182
0.148393231989971
1.818351333471809
2.069363891703045
1.369915079632360
1.481383799884293
2.220292391129277
0.956991954642773
-0.990153040065601
-1.968865712612868
2.168554272808398
-1.825574580006794
-2.084845047109937
-0.063678208981930
1.526965458809398
1.906110577314377
0.210746079970422
-0.766011095728901
-1.764769587670284
-0.013999317342847
-1.658755797153297
-0.212122571663263
-1.770184455202644
-2.645850122103028
-0.391303892652294
-0.620350793764618
2.127856880067798
1.434763159270580
0.940795992520376
1.830309540768756
2.044347051452011
-0.223474097992555
-1.939128372114098
-2.359663054834032
-2.338244891162087
1.684627198898901
-0.636664187168851
0.652904016972253
3.065837116731558
1.334539221618376
2.645678657662289
0.589329139926675
1.398926313421551
-1.034607975455508
-0.337974530145915
-0.253917397765446
-1.098479375511667
-1.448827219552755
1.150955931856717
-0.595143481758432
0.166017805648627
0.924667119422859
1.923804455198481
0.038195277651458
-1.651384724392025
0.883298167489017
-2.899624823177843
0.629272233935756
0.987076288136126
0.142000994636526
1.231778595789644
2.721998325439241
0.921254240903118
1.742962058772876
0.912838502648074
-0.426314278130814
-2.603908935090856
-2.580428266722804
0.316331560717904
0.884820973558736
-0.373675972742754
1.878478030254235
1.931175592460010
1.650146264723396
1.193438747281960
2.309227218271523
1.895754001217606
-0.288872146031877
-0.829314900103478
-1.586489995974141
-1.700051856740693
-2.789969838243946
-1.201118914566555
-2.083637003398015
-0.006858585043906
0.678676200134505
2.858748753027703
0.319788461261928
-2.502110833120891
-1.836887243946646
-2.955320445060776
-2.269548695967478
-1.090064271214538
-1.187800448153005
-0.965373166906245
1.223317212333226
1.067739942430019
-0.063498860044060
1.136021904932359
0.743467088075614
-1.119414259600445
-1.171593923554133
-1.712820828286104
-0.402244915854136
-1.178396934824998
-1.375561405647267
-1.506800756175637
1.984343923381104
1.038761569319357
1.327931699602707
1.457245636054984
-0.089849097903944
-0.462225880221130
-2.200087629292931
-0.785644580951663
-0.898191625299096
-0.598254843314878
-1.062976970579677
0.507904674788794
1.159175670404090
2.017206178830518
2.657866818524846
-0.265077179829916
0.419402035019881
-1.344396182641863
-1.821544938257895
-0.957983431498691
0.422472856883497
0.401944503125230
-0.070880352515607
0.246422806926155
0.232268379181912
2.274465286208934
1.104839479876514
-0.090746215735299
-1.165393927485072
-1.308875278498617
-0.723703407644305
-2.109651300878840
-1.044462183865170
-1.564110088826194
-1.290516659845757
0.249174838948976
1.314301074892060
2.484043637978870
1.117370726290030
0.819592122806533
-2.167751621202150
0.115097658537893
-1.023180789263381
-0.137866436964530
-0.755609733173196
-2.279172091990730
-0.888697515969034
1.389480132265445
-0.192959908203361
0.252290117184520
0.526325591560783
-1.546175897231103
-0.921168189723871
-0.070734788735261
-1.821692495638082
-0.386904151609161
-0.307866773558727
0.701119493148156
1.092560203627562
1.721161201487038
1.692670686175876
1.505435760659187
0.295921937940785
-1.754734849981806
-0.603252815758913
-1.418681826718036
0.288649382378127
-1.017266623601946
-0.803398885130664
-0.749893832741357
1.105558053514323
-0.904204084511823
1.113252778570344
1.707322219840955
-0.208763785282649
-0.344009654549038
0.113283409323736
-1.346450443885688
-1.560416741417552
-0.684808294896483
0.317358809145469
2.028168052085792
0.632418943701804
1.195284623526381
-0.393664313017240
-0.434262847852505
-0.311174954490835
-1.320961665179202
-0.629733874420024
-0.928974119098313
0.048790286429085
-0.950838606844193
0.281577092235375
1.248704032940113
1.708722738480502
2.403609138115590
-1.228457475518015
1.404112217940183
-0.042571242323116
0.776637775643801
-1.283669760766659
-0.175804460602402
-0.910097895668487
-0.754530324669152
0.786261263211101
1.196208044313662
0.936804929326334
0.096034578131426
-1.328902766845904
-0.473752846535524
-1.086915574441674
-1.989143653852542
-0.719328745037596
-1.565251252067829
0.257607471622356
-0.178823453733966
1.284820270984411
1.272680220777955
1.869409816146377
-1.052520064004236
-1.909417672653491
-1.266731453836089
-0.656047403613186
-2.445315278987374
-2.127339033772179
-0.757001969359079
0.507054932470715
1.108440679986565
1.033918260251028
2.850105984842338
2.861988619976659
-0.092469912262998
-1.882944022735110
-0.322245959498860
-0.771633582724618
-0.521772503059498
-1.005399828740858
0.015653750884543
0.759501040950528
0.648377149527197
1.549027936495947
0.007617914211960
-1.327015188839977
-1.304971126871882
0.479541721290818
0.957129549270751
1.812145931309800
-0.324364798171954
0.203335155842761
-1.136106299806648
1.314409633519058
0.855914829860576
1.238217997120368
2.066462659310986
-0.541003914907245
-0.609978668527939
0.097413916860131
2.896126012616661
-0.754321815104083
0.159389795441313
2.113687900813100
1.847970461212971
2.999594816698698
1.068474063284190
1.894229504549482
1.254649497385200
-0.044781921273826
0.609555629291346
0.157199443740264
0.055908464410103
-1.358599716269673
-1.460114387977337
-1.204807135330102
-0.378833854210437
-0.487808739815528
-0.281798049959920
-0.908553417979639
-1.189672208696914
-0.610363335127342
0.785079595978146
0.492366024045719
-0.734303451542554
1.048006879047466
-1.201894199856905
0.225332428913040
0.534376570059816
-0.761138879226515
-0.960976773519433
-0.247227077579154
-0.289206371261792
0.683806590875583
1.320288620699028
0.124382399409910
0.201721383375801
-0.946888031009793
-0.167451898431786
-1.787770046988852
0.883176642755883
0.305000738240260
1.241743311857433
0.855032985821106
0.168968621015787
2.558777986800725
-0.982586493671479
0.236916468657099
-0.079149442231479
-0.234403517050677
-0.847020395389917
-0.695593138136155
1.439532680113031
-0.029643432433498
1.740648232045320
0.322815145796658
-0.634373674175699
1.637412182135716
-0.295122278094890
-0.156664034531283
-0.437834617639940
-0.143183389323305
0.321828147688206
-0.143601142330240
-0.029610210091836
0.163236609738886
2.820599765892272
0.362476876560080
3.074690046406121
1.737394924419280
0.910526349749141
0.788798509134602
-1.365234134218885
-1.223242213331695
-2.278172448660460
-0.728982847141908
1.142632605942051
0.649034198522457
0.583322038611267
2.304039239611459
2.310377657653781
0.660145501571515
-0.328055995076002
-0.972637141133990
-3.629796162110445
-1.354353282203126
-1.774027504395774
0.532293611846881
1.083340105236350
1.279059033733846
2.309661507006332
0.997091849875784
-0.734897098695539
-2.693528211242211
-2.033688399403688
-3.020649686324902
-2.058533760061092
-1.369623134986806
0.494489421927414
0.683850224919815
0.932887941008603
-0.323346019395124
2.096097804678918
-0.088011302255438
-0.241127703648919
-2.069194705433800
-2.556940556046217
-2.068273704637711
-2.423593192265514
-0.766061753946060
-1.579854253879976
0.904504607982429
-0.570014746331812
-0.156946647418182
-0.227116116290130
-0.762522649470617
-0.847171505877951
-3.861887431965603
-2.614211258902174
-3.522934675541716
-3.637708578193806
-0.417251910018991
0.359132623420824
1.849305579095412
-1.547859224308503
-0.819185616222329
-0.559961368720289
-1.188586866644711
-2.687967338228745
-1.722768945300674
-1.292802258959192
0.275742968303835
0.548861439712910
2.051107338240329
2.396895885270937
2.340899009325872
3.140836502113735
1.980467118241171
0.016373009850707
-1.033614167428894
-0.499337181124237
-1.262457563306451
-1.318085851794517
-0.361510892989477
1.229296191881564
1.769822046041669
0.816720521463743
1.732522600790702
1.414191662226354
0.630538655279510
0.293531305034617
-1.951255257619559
-1.237399683809868
-0.565707915702683
0.655396349789723
0.708982447194415
1.010540676492734
0.421706872517969
0.003859546443235
0.506582446046546
2.437792070397710
-0.163560267691810
-2.327642018497307
-2.228557514661898
-1.255079010158757
-0.185951030773601
0.863053191723997
0.096578261015565
2.298404364335354
1.843977007950660
1.781780754255821
-0.194372127264669
0.465817383581637
-1.470794019660539
-2.342998344464177
-2.569138484461750
-0.099674972271119
-1.527498843830870
-0.325133089804881
-0.510296438228959
0.359771723580992
1.975690241387982
0.647987687648073
0.229351055011842
-1.932501366387600
-1.447050891593724
-1.604263526857229
-2.917140022758672
0.483496150727894
-0.060248100693939
0.744708846124384
1.134304217418922
2.074436283411978
0.540418647101323
1.348763899419236
-0.435102529802077
-0.969701250400306
-3.730130826564997
-0.930927517391763
-1.428706353266155
-0.178502160350974
0.426014795334117
1.571982342780811
1.867390815465640
1.738963929343782
2.457200426840038
0.877985942215202
1.103295599079992
-0.682306463242776
0.797480156906612
-2.260804683905527
0.558306826630958
0.993358266862272
0.498662764783433
0.194994115753087
2.049745568592668
1.009610972366096
2.143076274126182
-0.421218528574020
-1.456857367735097
-2.572647956400397
-0.666731805401288
0.010039345954854
-1.035550394395089
-0.141386827140941
1.946755387679256
-0.311884786171948
-0.640430927408703
-0.322873335535336
-0.617253078204703
-1.264959531201079
-0.944350050289437
-0.882790618202527
-2.517525585778844
-2.402464276997103
-0.230053046747729
0.052245854296347
2.051614758968298
1.332525498501793
-0.031612593864940
0.406099467171842
1.170273322733112
-2.223823929917626
-0.528747374865884
-1.050592476823209
-1.923269923808774
-1.534087615995367
-0.180041865295860
-0.787858699492295
0.005333660509401
2.741732070961104
-0.387353925525863
-2.962502038722290
-2.589317129573491
-2.173468541216355
0.720677078497460
-2.785542248600677
1.007026337979556
0.898894662182996
-1.503722616393328
0.542196332809665
0.376682231800241
1.802383509422293
0.194597978642864
-1.270582293119963
-2.546269753368207
-2.696957983037502
0.040546079612196
-0.780613504968269
-2.053525684067476
-1.137496654277027
1.390551161668195
0.286942659635231
1.886055134101151
1.045305865907252
1.835247540340495
0.951218690892968
-0.609865038141800
0.899850256421743
1.035178618508830
-0.152053477527280
0.634306559983903
0.138862917821928
-0.249344570875513
1.647408900257357
1.201514366105155
2.421720677985450
1.814870534138429
-0.112970631052471
0.082657448822866
1.213128350971222
0.145975516327935
2.542103032784216
0.751187828014826
2.448273630680857
2.805378376925432
2.777708511395219
3.247377573042097
2.709839647020441
1.305809705930253
0.981089832374199
-1.041423781949583
0.654771250077260
-0.071244575578225
1.912315780375810
-1.736997008660316
0.838023096289871
1.315287827546137
2.201858033639007
2.658348531908392
2.652478207718538
-1.017390877508781
1.114618856934590
1.334957863156511
0.035533533514245
0.077219811302430
-1.372619138216175
-0.513965990129100
-0.337482299428679
0.064463970548110
-1.668916389549861
-0.634865720933294
-3.262091412532158
-1.733997304156850
-1.361014530628166
-2.150929209981232
-1.443534364090253
-0.956805011224245
-0.959802342577547
0.768331951688172
0.174166121923689
1.850346898290648
0.117813663903038
-0.261118118338350
-1.511889575072258
0.126950614932238
-1.526238957360650
-1.699673846272321
-0.306346693729530
0.816570636589235
0.175947717205046
1.162654441283930
1.234084144321615
0.318028765404168
1.152569396064819
-0.304636306511734
0.662045874976383
-0.352878270073862
-0.370375056939944
-0.912961876887974
0.792246262025113
0.902059430523074
-0.851596920017769
1.052063183296067
-0.469674234487571
-0.098208092737238
-2.204183219566858
-1.198585874573727
-1.731641933013019
-0.959428404627192
-2.752984929037635
-0.194994780791710
-0.034383846138184
0.785225374381431
2.273009807258723
1.426430585176474
0.755831215812332
0.241542700097276
0.448260419972390
-0.263573692354960
0.345610864677328
-0.201685229866155
1.352117394754057
0.405972210357184
2.148040545629437
2.456308456606980
1.302682858843876
1.455500590131271
1.310232487144573
-0.666079496486686
-1.190753107439633
-0.683814542654961
1.795205482358687
2.128001679708829
0.122134304409856
-0.006438274953370
1.089011730575223
0.773363042994315
1.930846145272596
-1.603684625432939
-0.322864059674845
-0.036829172608580
-0.888039972718423
0.287640886286125
0.792043011419453
-1.984771267190099
-0.212125453008312
-0.427637014390513
2.095324661916965
0.871875551095413
0.113977325973542
-1.153186682259551
-0.759044124993320
-0.167659153797219
-1.718384871576363
-1.222312359973203
-0.593474650697465
0.856261800812579
-2.126590988291808
-1.255126181104784
0.665238103908746
0.585297863075813
0.908034368068824
-1.463452556892386
-2.198681265371936
-1.358414419321070
-0.346989947045131
0.603725734258651
-0.429972312797565
0.998857176700919
-0.073224115595127
0.399503379047038
1.656474788996603
0.486923232230442
-0.364282719748005
0.884122895595020
-0.603630075893933
0.575532451108291
0.359161349259652
0.134462148241758
0.470617353884820
0.361807568332404
0.412682815474710
1.999984344784788
3.171149337826343
0.706912620780433
-0.631817912115843
1.592745671887755
1.160316819038138
3.109852140306632
0.922655978960021
0.140360594742491
0.352200363254448
1.207352755210161
-0.557928667895219
1.045589662724635
2.072445924973623
-0.351029500132912
-2.031985215409692
-1.341936989150917
2.301262561532954
-0.036132071198816
-1.184419318173216
-1.697832681146043
-2.025310599495652
-1.735078538389645
-1.297108611133672
-0.307964801598056
-1.640840419325985
-1.618210886466359
-1.505687116180105
-1.926219379138642
-0.608285545773014
0.406891076861745
-3.153641231004646
-0.515605050153641
-3.017037529110889
-0.060041640748400
-0.565498566813801
-0.345955080992604
-0.408529086205137
-1.565121985905254
0.588573088075960
-0.288705457165423
-1.805836199823505
0.146289819545144
-1.924371328644501
-0.225821334037505
-0.297036328886383
-1.625327374555883
0.017991645426134
0.102921548077143
0.743775193074799
0.569585665828489
-0.861097893927197
2.321516713732160
0.414025902954307
-1.381764471868116
0.442907084878080
-0.658502420258739
-0.134404470645574
-0.173705696745321
-1.324371985612747
0.037798850471237
-0.704848626771263
0.212791631758059
-1.192998340107865
-1.565973973717424
-0.141849680880741
-0.851269998926909
-0.191219258977908
-0.275391534274840
-1.061905548626543
0.278888350625873
2.090716478286804
-0.583381511913879
2.292891048842546
0.641473290037082
0.504294091352015
-0.176298222126860
-1.689886323130970
-0.719895773841320
-1.767116040056581
1.004219451731453
1.264670470300957
1.644983386260133
0.380473821273405
1.100850449126612
0.582292254133265
0.793706250599308
-0.266193496480875
-2.603913451024516
-1.883560528656784
-1.965527393855858
-1.391562441694555
-0.917775351919347
0.354636367192854
0.494201594820906
0.328444888492687
0.948663058942821
0.458872915661279
0.225774860625692
0.542194366188572
-1.684457329943132
-2.240836496541816
-1.738261279578293
-0.188815741678925
1.362974795010000
0.251748276666657
1.783155570065209
1.444319433447603
1.578879554309648
2.133182081239080
1.402510522674254
-0.693162865520011
-2.722957827649102
-1.847811733063592
-1.650677396627791
0.063587244921605
0.259421064389071
0.106332575351668
3.392292580309373
0.931450330668467
2.249631536055721
0.025741136913173
-0.072200149813370
-3.318958870103975
-1.802917339077272
-3.261047770522465
-0.473877142774850
1.666379789173975
1.361613008653654
1.490050707250758
2.453049774681503
1.848019344503157
0.607366873505761
-0.982511588333130
-1.653160789000961
-2.123838097371030
-1.197115850830384
0.853832127888521
2.162008998896092
1.853233627563826
4.039363212694579
3.218375804947711
3.163732672690531
2.465077735797523
1.394785061267803
0.710370816027854
-1.793102212526819
-0.184989395742809
-1.992143250902711
-0.491197333673892
-0.334099827059477
0.898951053292987
0.969703826328875
1.074823677286748
-0.616497118453068
1.602980519318047
1.440730108323250
-0.921825667256327
-1.941916244347349
-1.502420689221253
-0.194941780677124
-0.415725347277957
1.059986912693896
0.320821443613875
0.998818986917933
0.139780320305743
1.432591172502865
-1.394629027352764
-0.101996311486651
-2.005082824225332
-1.491227591990018
0.305721829005145
-0.198678881468708
1.249761923350840
1.790108773589706
3.371504125485445
0.762198748688963
2.236666206178990
0.464552877889016
0.612278926794114
-1.269153285221318
-1.217191745135671
0.253606792475098
-1.434312589853623
0.963440680746306
0.852002282857228
1.611908987802971
1.550175680590976
0.135386203371630
0.520785634594434
-1.265259462762470
-1.413660893477344
-2.027685575717116
-2.385270054317692
-2.268488559221959
-0.180939552499860
-0.962052472183189
0.804217604980813
1.043793749782650
0.747459251812378
3.349711384671476
-0.497358871541797
0.191093886183255
-1.061869420312302
-1.205739342952537
-1.257706821983618
-0.864103197479783
-0.334720081473541
0.900225813401193
1.578490186478300
0.902636552487902
-0.138145414109805
0.609631737820784
-0.162766784359992
-2.065004528709882
-0.740440317637496
-0.344787864529408
0.818043467319487
0.791292314521272
0.897489699347973
-0.525081776206989
1.067592923160129
1.590621525774754
1.555202118813938
0.312568186169136
0.842591119450580
-1.151419557995472
-1.770625880407710
-0.492634866752659
-0.279248007029603
-1.159046872114863
-1.263591466721442
0.550092467916672
2.042729145704743
0.831591670240200
-0.604111740077822
-0.330972099272800
0.628905395544000
-0.191580471704996
-0.789540596773755
0.423365647262930
-0.810341617799628
0.466657514812887
1.305127739726180
1.517459288538200
0.384367087655880
1.205677049284852
0.998491587488943
0.599460675755008
-1.402534570695681
-1.711857735190643
-0.619617879720583
0.935721306093915
0.498422280489969
-0.775565385574198
0.131209604221883
2.533898095202459
2.437391210576810
1.342793579671768
0.184313363749663
-0.125312124212514
-0.838224459063243
-1.629195533229565
0.466293905341525
-0.844257544353250
0.218881686398575
2.303031313263744
0.955358416578361
1.530548449961258
1.262795008839565
1.455844775675947
-1.242962688227597
0.986948825720412
0.299738397650778
0.367187297953680
0.000165307993952
-1.331978064233727
-0.950844396237344
2.115651350631702
0.936496539697115
0.914119109749170
0.426066795379282
-1.120671981665924
-0.755614230792851
-0.359001737254697
-0.489303948038833
0.892714621876468
-0.232479360606741
-2.523879898321980
0.265462647093188
-0.696928951388581
1.223739649468005
-0.066742073026270
0.642305412499170
-0.265182783659964
-2.664449948341720
-1.592280117630724
-1.619658027321392
0.106575302127101
-1.288082146248703
-0.895142125335018
1.286046678663963
1.741484273984244
1.320133508712096
-1.046815870290902
0.672872266161293
-1.389340563308079
-0.874298448548368
-1.533892575722327
0.065310271601257
-0.880947764300008
0.337656491581461
-0.901183184653462
-0.498523232084516
0.672407184380200
-1.144627034387957
-0.629085462270428
-0.178961758285064
-2.360524127061946
-1.000219407611774
-0.298323969275627
-1.139046587730130
-0.367953190656606
-0.489612924731770
-0.825811775228499
0.182336890875584
1.814903059731715
-0.439996877622616
0.234943967903031
-0.973231474031692
-0.867552054738889
-0.836701630235041
-1.479181995069735
-0.733954651537831
-2.113954389053528
-0.765555913714365
-1.483809443170538
1.017045902244077
1.037879232392822
0.257591700554697
-0.765054671948286
-0.890776592965464
-0.952340678819442
-0.551718268301180
-0.205683251564897
-0.955461776226036
0.086945887021382
0.292144574193005
2.047567204515379
1.334656639966587
0.690822839304189
-0.575050852601815
-0.703255461423382
-0.761423966112344
-0.308964715240480
-0.619880142231342
0.148036183971824
-0.914336192693135
0.650643642388211
1.372340112004459
1.082996572484412
0.453308997734573
-1.751140636965695
-1.655138756296367
-0.916125939885101
-1.035446623905472
-0.982326667786922
1.324162386373150
-0.973474725525048
-1.931027309809974
1.065559166750182
1.312979746117773
1.071230406864467
0.945078509212102
0.781198544816793
0.007936721982721
-0.652877585773805
0.065091631738367
-1.272600516742253
0.691195985285950
0.011521849061648
0.277750034768204
0.106182656881946
0.460829343070843
-0.063027440779976
-0.580662105647302
-1.910205454130718
-2.053131255431575
-0.364000896340535
0.642686260553216
-0.352579982648609
-0.685669074908191
-0.278148176218128
-0.178266954647935
-1.445418370164493
0.880288892150919
0.651298591958078
-1.319106322766843
0.263671984774515
1.475997805298042
-0.279718319497883
1.383739523821937
0.201374618884634
2.140642819290577
0.461435028374683
1.194894453340658
0.919859127028338
1.902351033716979
-0.437664162285847
-0.787591735124477
-0.301153477440518
1.464408684149081
0.068793356327676
1.035327376780735
0.026683297382313
1.014820486935694
3.088634469162884
-0.903770382955531
0.971789356894074
-0.764612252299339
-0.313584289180060
0.529381744350067
0.788498728845098
2.470434776901686
-0.360872132789151
-2.958698886629654
-1.800758495867592
-2.471488946265828
-1.902039468548174
-2.284762410503748
-1.005373152033171
-1.523217564951932
0.693282448327048
-0.245519373492128
0.626725320549278
0.155758596176657
1.798239561140853
-1.306344412784166
-1.394579178554785
-1.400887233487442
0.974286612153312
-0.679755876121992
-1.553609558806077
0.427794405257991
2.383664118449929
1.031809261826742
0.413837292925732
-0.020939966214561
-1.187460677513833
-1.016216445678054
-0.809254770386259
0.035648934368443
-1.402277836291368
-0.143571420708379
0.589533381894038
-0.077249805051449
-0.435299054596877
-0.279811391150430
-0.682986498676196
-0.040941594445382
-2.071571881739616
-1.077679820324540
-2.882111899120864
-2.370769305055172
-1.145695181596532
-0.177245626612492
-0.365667492559171
0.090224463800757
2.429865177744339
0.814307640909596
0.759836897758737
-0.807627474243705
-0.607465676322030
-2.438102078317999
-0.587308190255636
1.564600435700979
2.177530161600707
1.105260140692497
2.228727102308222
0.568776415084318
1.574743479001103
2.103857767789532
1.414471491193318
-0.990214247387343
-1.224294550531693
-2.701372799665386
-1.139080464263535
-0.212155851743181
-0.122498293958733
1.522607564617601
2.794858898328396
2.061539373676385
2.693092677859001
0.651827547746761
0.309818783601509
-2.087773085937648
-1.077284141741899
-0.994689088687907
-0.117274246875846
2.199615257844194
2.004405950056019
2.406215673333352
2.517105710495039
2.466753939569458
-0.320272946773648
0.608589370946907
-0.666493557733945
-1.778296905368103
-1.382036746914307
1.134511178384140
-1.372083409752541
-0.949814219927042
0.394133754044799
2.276362062731526
0.455848812806583
0.067572924502542
-1.356735563310407
-1.730390771906587
-1.559776203842777
-2.008628059682440
-0.005944328542396
-1.339933441634140
2.748687874409550
-0.532630029896056
-0.556848021391025
1.849782081726303
0.807668555978840
0.782424075222584
-3.204335192636846
-2.395162351125152
-0.929518393428438
-2.470080896053735
-0.032595957097068
-0.061659713644760
2.548479793234452
2.040716481799311
4.321696465905097
2.723193802293757
1.633571757016764
0.157469422381963
0.080801593359205
-1.993362684024727
-1.822430004127309
-0.741306384829585
0.535012946741661
0.305279187650559
0.291536958321393
2.881426423694788
2.819300096710116
-0.467699543017729
0.548138788925435
0.436493760363320
-0.551896784324863
0.719960962126744
-1.512583726986478
-0.094118243644943
0.099113029019966
-0.722827535149353
-0.070209961061664
1.270447992289759
1.279750289069308
0.597513363683724
-0.366368156178949
-2.451896877722486
-2.432714808379326
-1.431044786290347
-1.128116968304452
2.066633197446225
1.340097061279005
0.990350404376957
1.534036713589761
1.656953246560040
0.355925948664659
2.125584441787278
-2.237270993559298
-0.237795451299303
-1.095213945370187
-0.570736191318859
0.519921574858295
1.636445018751104
0.328879875820689
1.315942652363707
0.715998811980915
0.446352276007511
-1.816233779117649
-0.988522952475602
-0.881044553252570
-0.957730162439394
-2.421689120193109
0.464830563904170
0.667137876468767
-0.880979066049142
1.750643222457841
0.521487287227952
-0.529663945226883
-0.265207520680448
-1.122010137653622
-2.081677593995253
-1.380504743347750
-2.728856861293257
-1.735386915946616
-1.041184249757342
-0.337368755475098
-0.192754349367085
0.584613374914289
0.803545954958976
2.019989024881492
-0.743168991179055
0.014194565072239
0.051613971932757
-0.084691453478069
0.761142180397295
-0.746853937882889
-0.643593130354236
-1.408527259045277
1.777106941041954
0.094255024236653
1.769401698655150
0.407537813151747
-0.980618007060982
-0.822311745259579
-0.414174936661534
-1.206678646108042
-2.722214104767172
-1.950688569635820
-1.156050821288771
-0.823310014609598
0.286585438693870
0.865870367314963
1.084237081515164
0.370935697628292
-0.972099474247319
-2.307524549014102
-2.120765973615481
-1.246438696976364
-3.090225701769179
-0.879152386640411
0.175345078621802
0.283236563729759
0.787430529585397
1.900469928717247
1.395789427680135
-0.173885865979426
0.020442074881587
-1.232313307894291
-1.079262323708755
-0.803788683988783
0.734353811619640
-0.810831344615332
-1.006291916350637
1.526102049555232
3.228206957222912
2.012092962248542
-0.490850163317243
-0.329699351570851
-1.566149372928685
-0.312730668337721
-0.920326617436860
-1.274242402961484
-1.677198593113876
-2.613708056119507
0.240276635994728
1.264952876457402
2.060509217944881
-0.945362833733224
-1.330448796182090
-1.760053243192430
0.472632380903822
-0.107197075120273
0.418571676294157
0.069905148466239
-0.077220087221465
1.131672774435842
-0.184983042866964
-0.374803208022934
0.616768761328300
0.384633858183257
0.485781484086484
-1.171082428465824
-0.793317550708713
-0.209152880246874
0.487256748190177
0.074105121658481
0.762796820377106
0.336835194623430
1.418147462474694
0.549269949416258
1.414924339708704
1.100268977214325
0.062261040211271
-0.655714737380417
0.041723932878884
-2.197153683363786
-0.477341794755889
0.994542303445270
0.397786139198103
-0.305964790013455
2.229493507819173
2.082532406459455
0.147939626510682
-1.095084463063721
0.100672587117762
0.012440270825180
-0.717981639019877
-0.366590485031986
0.463998684962601
0.821374379971777
1.990969205548263
1.457360186548297
2.646532997214702
0.307864588708524
0.205424077557395
1.321392923522188
-0.617875418440432
-0.130790673249354
-1.359820656594625
-0.192619316028757
-0.321416628262971
0.545971951343776
-0.134769528786368
-0.860994653147017
-1.611658488939753
-1.013875010673237
-1.404378019825715
