0.264993248516278
0.858734833240531
-0.024293467561564
1.072074741266783
-0.972042794050489
2.351953802890851
0.057023041395889
2.768366063000474
0.732935577141384
-0.157194024676822
0.591813790266338
-1.075092134819435
0.521400790472589
-0.360683141946727
-0.318631868623305
0.951727710473147
0.074815484731147
0.288808886146477
0.182971317851859
-1.607490160530010
-1.011411461081676
-0.790703560547631
-0.898832897917548
1.036945113894301
0.226277615969735
-0.300538334631246
0.255979578973200
3.987937773817516
0.346551543547879
1.480782915510702
0.541505573781772
-0.836635273956909
-1.002018070933636
-1.074373712888586
-0.063176145364949
-0.584402629074856
-0.278177297433689
-0.354636103037056
-2.187226908434276
1.523209364796883
0.889090406413967
0.271539263473901
-0.242138579679543
-0.143027025844397
-1.611118400191513
-0.779479198543422
1.091466849902368
-0.015717543179968
-2.694578075275772
-1.191067314385556
0.204503414953960
0.981545533506806
-0.803359911434209
-1.135801955240396
-1.806046107281656
-2.027090257992582
-0.177630221160307
-0.209791654309924
0.648490873784373
-0.351583127181273
-0.297685724172458
0.879212080506625
0.292514862424115
1.420497748178705
1.027267509174452
-1.384213040164293
-0.919559711539537
-0.325174468997944
1.806538869057162
0.430082660539602
0.036474110688203
-0.049814601230099
3.622262753069724
2.729672203081821
2.109912405559118
0.682584983456468
1.410958110782636
0.655132096964436
-0.475263893603561
-0.891916732770508
-0.772113466916438
-0.404853866689201
1.004620613576923
-0.612364292078972
2.521054206512582
0.323515287266767
3.542962094710142
0.387532410923492
-0.242192291085888
1.227952010566314
0.137619683769365
-0.033905595204507
1.542698224841116
1.799669745329911
2.228410986332606
-0.377073678322310
3.017042519667711
1.175749161358426
1.696846415128551
0.610616566243496
0.260896931058760
-0.557276578938939
0.202177264238955
-0.500904827470401
1.336546229168582
-0.492862924024618
0.573703077525259
0.259367936365914
1.638509880615177
0.913262232634581
-0.863720019807692
-1.533608024631318
-1.242607248018251
-0.897110937435753
-0.109295656415093
-1.050876527355598
-0.464181177889860
-1.125938687251880
-0.117542772156880
0.233148928121721
0.523425856524055
0.078177303566287
-1.560615046841403
-2.799235659003675
-1.614850770756856
-0.786299937279787
-0.165032111569205
0.007297910324736
-0.310270438089441
-0.631704396200511
-0.808174988744238
2.028514988941767
-0.956201141352317
-1.164874653940430
-1.752122993512613
-0.320535434096084
-1.740929743675520
0.538652036846482
1.086185071058106
0.693792848832321
0.256829174058652
-1.098781195986082
1.246659292085629
-0.420801108436288
-1.119823590748642
1.180910816293139
-0.581270400122597
-1.491234626515086
-0.244019993610786
-0.701822499485910
-0.837119749423163
-0.774140079083886
-1.491220595137929
0.605145391941015
-0.725009632479925
0.004568698931832
0.770913754043614
0.063695080748011
1.068875948438724
1.445662588033074
0.264366837014798
1.449971053262402
0.969235818449619
-1.026722813840022
1.292219908039302
1.367555453495122
-0.079304876092916
0.315601069492027
-0.447728317059800
-0.736590619560671
1.039718516212041
0.014602112690200
0.171772692682857
1.777481137551668
-0.583310368504347
1.175099708102335
-0.730453975215074
0.353895254161965
-0.302629356499008
1.072803252851984
-1.427438037057768
1.671213043014588
0.074567846537123
1.561696891313082
-0.884131404220467
0.317959505800033
-1.443660680484860
-0.770733603760050
0.581892875194548
1.154430698934531
0.280145837643628
0.785808635597814
0.324552299270820
2.272514046363408
1.364672822698913
-0.243375675612444
-0.565697445009472
-0.668531822423839
-1.427420895780056
-0.604499871694891
1.126250056594458
-0.309318796715826
-0.383678247117336
-0.537751290636399
0.182347497451840
3.337071758732778
1.434564676543291
0.095017883781105
-1.118881506199463
-2.870116932336210
-2.014101211701613
-1.712372351061523
-0.242230740046801
-1.477170261033591
0.586980021535896
-0.832281080911697
1.536838934665147
0.726011811589572
-0.821165953769454
-1.763794025504673
-2.526243283876811
-2.005215873929949
-3.093245410978021
0.086064575883871
-0.096106776940900
-0.725633340289327
1.793056278302337
1.956968095121573
2.707999700540970
0.213365604414952
0.716448032841385
-0.908326183376659
1.233639195523051
-0.507528368861744
-0.933164646574863
0.289486515812237
0.557269152532693
0.323967894847738
-1.541036764390357
1.651105866236325
-0.112817370313348
-0.212271970649377
-0.808917984801722
-0.589315339450343
-1.756035578504497
-1.574657928409774
-1.680390405666618
1.270159972352190
0.968869404897510
1.015620610244885
0.869625564455985
0.538849565683484
0.172193483856513
-0.966867407095588
-3.341968701645065
-1.501487258438737
-0.543562621596421
-2.078377763785170
-0.443877544043978
-0.385540361270206
-1.062748921186784
2.428657253300454
0.727949994677107
0.747567354219148
0.184387573714781
-1.649869091076862
-2.433340194276838
-1.910270208779344
0.323203488059624
-0.287848189453177
1.496858634480971
1.603037354267782
1.826565454982069
0.996399928794150
-0.499253607091941
0.207300331805807
-0.541369021503153
-3.671087266678386
-1.668246154721326
-2.147995758909186
-2.997407874999934
-0.129636468248344
-1.243020189880587
1.388880241425075
-0.186277069146112
0.139245737325487
-0.813884208956781
-2.400989312087919
-1.809589825332134
-3.024050993402255
-1.400746308880877
-0.637971967091136
2.299999132805514
1.415604917289676
0.707091017728070
2.398046486115322
0.149139063210251
-0.939002824694950
-0.356031803717310
-0.499706322995056
-1.502803299191040
-0.327571924857352
-0.079618239930713
-1.207832233877517
1.788350648445928
-0.886747285414472
2.899825687700434
0.523742339502935
1.075944919209992
0.007798883723592
-1.246860722216218
-1.497167172086374
-3.541412665372375
-3.936812561319558
-1.475978168551610
-0.750798486833104
-0.917422380958506
1.230944600846520
1.516275535858543
0.507489975261477
1.330059646052430
1.351263758486437
-0.227937501150478
-2.638806000566388
-1.855221445931650
-1.925660181748068
-0.828874926954602
1.270413487913742
1.920667816381375
2.171232135313845
1.851068717860692
2.684381234131694
1.277171321165382
0.324405047366409
-0.634428031401306
-1.974909411404957
-0.002083200996951
-0.986315421580149
0.589009453714063
0.396681435335591
0.466475254924654
1.082322496676158
1.047734145029503
3.073651482928058
-0.148663385843404
0.422916772959676
0.267945560163039
-1.147639518525292
0.771153764837308
1.627792550904000
0.088891903802908
0.822887602162508
1.337179537661299
1.061508064866892
-0.243496107053732
1.590006471558450
0.316597955969891
-1.069715173604831
-0.358222158259060
0.534960565162868
1.016985454663468
1.173749348756460
1.576688810355448
1.826571347555820
1.645310766314344
1.403136523560560
0.961975916294953
2.268996442554069
-1.150483255157090
-2.510862569788258
-1.121068179820269
-1.894022394525723
-0.909283172304877
-0.636418239440901
1.669835564927590
1.506226961168100
2.477475070538974
0.491848427989745
-1.030049026013650
-0.666955646592220
0.120197747503966
-0.349707621862351
-0.485531891207280
-0.381042390181884
-0.982214235189598
-1.470509547136801
-0.023959285999015
-0.005781354740917
0.143810568577490
2.308642419655926
0.863935182182464
0.076973764068987
-1.752156125319851
0.278819765730656
1.048252150887569
-0.519119942744452
0.259522560361349
-1.820067119140562
-0.773793817249055
0.369982167773043
0.534311058840547
0.928598210967371
-0.142748839704326
-0.933272573854549
-0.530663436120630
0.383015708910986
1.170019074844919
0.621836025350246
-0.378779693392264
-0.185912522350635
0.268703168717750
0.876451091863652
1.222822458119536
-0.046259304811119
-2.556123346000075
-0.624233546512443
-0.999947241941509
-0.003782234351540
0.479051410576776
0.845215383266179
0.815640811606642
1.134583213899616
1.664428416361344
0.811417508992237
0.545149125145916
-1.787261117619244
0.086147465972820
-1.631225149177623
0.188540554018419
-0.996392561112770
-0.672656958383525
0.902003013806122
1.438503645688978
0.379112326378942
0.959259382789028
2.878711365796318
-0.254583217504239
-0.946398466343299
-0.388610531092823
-1.152486300237945
0.364937746364065
0.253548298898602
0.552409539384637
1.357602268094332
2.492219600988469
0.522366188679961
1.142322467982639
-1.973039173701312
0.554902403832445
-2.191393535103133
-0.639774285890902
-0.629928860064546
0.173758622534446
-1.278750317153125
-0.456689292138519
0.809948828417266
0.643000546493798
-0.616887656846888
0.791421942356998
0.434997087399639
-0.842885226581323
-1.045531539379349
-0.043758058134344
0.844245900097466
-2.505791728568737
-1.455318939010453
-1.502118633507040
0.588187197137797
1.246608296189087
1.425520418385954
0.617440096429658
-1.785052234641849
-1.148473791337029
-1.498867222697382
0.461410778981844
-0.952943026397207
-0.863553836384928
0.938140653109599
2.598655274293179
1.727490379036302
0.781695179445502
-0.634888027969513
-1.865992093146998
-3.411645991930854
-2.516904311276828
-0.683118126956489
0.728670878296155
0.224951476540778
0.073433819861534
2.098899932856781
1.661725853615877
1.182885690839320
1.333835729049720
0.112782932806959
-0.666708272897146
-0.543109583465542
-0.175300207956055
0.169321918922727
0.880998082515970
-0.246683637573201
0.650325837337056
-0.578307725196158
-0.050600027691891
2.078010598211526
0.567404892709948
-2.069480935925718
0.761826062620865
0.019320835938633
1.383930779763252
1.385918037859008
0.641983696674172
-0.134471855430391
-0.047613416792633
0.356917684543200
0.206016653078598
-1.423407468954420
0.241851041663262
-0.124032765549349
0.495156119265182
-0.450786069686268
-0.665572519774840
1.651307057342907
-1.580388392949803
-1.847280614755846
0.172484681852156
-0.490759695373500
-0.101133627564119
-0.811596567031019
0.846166103872299
1.118944810696389
0.745819327914853
1.584312394410729
1.485099594580638
-1.185385831045292
0.471921713941120
-1.319999683479164
1.673510839685857
1.598957353437145
-0.079587980378191
1.576192997860934
-1.354851390318891
-0.259069044898637
0.890939836519076
1.257608267983669
-2.925255437745817
-0.130451733350299
-0.713687301979321
-1.356893546868734
0.373516389346356
-0.376339065694892
-1.148957662675516
-0.834841179813940
-0.111400092204181
0.693345247284696
-0.393803208336114
0.591382836686424
-1.329924870027531
-0.412396621393944
-0.425158182775058
-1.366857509912474
-1.924827127017076
0.321490073176729
-1.079103024405662
-1.246149450722628
-0.947719283376695
-0.191051392866377
-0.265887268517915
-0.259052326978448
0.798127672422304
0.319643715293462
0.635140943102283
-0.896327562164919
1.190060055488053
0.082372755807947
-1.439651141283647
0.934735375734853
-1.265017884276317
0.689796060936545
-0.331113770437361
-0.052967359087303
-4.306538310670010
-0.442492640399093
-2.441746124550364
-0.431215308476028
2.611638287956156
0.913477915534326
0.766488993063797
2.301985577153220
1.833321766276308
0.209577802134097
0.765589336831373
-1.919573563198537
-2.701414858605321
-0.105823392458184
-2.542218821692619
-0.119952963847207
1.706266835070067
2.415809692824296
2.540772242988825
1.419080255422013
1.033777034882784
2.275034884241941
-0.115749542887136
-2.587064989392386
-2.812374242385212
-0.537279178665061
0.751252695234256
-0.851173336551663
0.576850137044294
0.349596561937845
-0.002926559820800
-0.005248946163797
-1.181806313905652
-2.670344883116948
-1.595593404369013
-2.815656355256225
-0.258686700079442
0.244199887689887
0.809210899274227
0.074890758687100
0.347972196510691
2.113266204792585
1.237329273982387
0.100998718049044
-0.639538520490886
-0.880083484980650
-1.447147416857498
-2.628414691192881
-1.548393684341251
1.392458529391930
2.437047152032882
-1.103666625842372
2.003625014053567
2.946191821054808
1.753224093151721
0.549290146565997
-1.799978938666477
-1.167547320004591
-0.815241486076162
-0.587880689891363
1.285174580418681
1.132335528358263
0.626527255756702
2.673385923733878
3.007422529528566
3.082974706358043
2.322229974584407
-0.065751484883342
-1.700303280601392
-2.496757846598668
-1.043778295176459
-1.348282745217077
1.716824401796918
0.891095748509398
0.853636286554182
2.305319424856994
1.910359823650128
2.116366621881117
0.933018779936353
-1.261138021091022
-3.780081967244275
-2.380360952744225
-1.442090570369569
-0.796886694870239
1.260063086898633
1.735456058190262
3.087920244400150
0.811391582567868
-0.111353851359982
0.016017686459791
-1.705608700709382
-3.284211673176411
-0.859644371887339
-2.788442859996766
-1.702234996025770
-0.629541123398042
0.353127561570063
0.341805638467839
-0.595510199318720
-0.025766307226681
0.411233229643464
-0.698186857294053
-1.270833066509876
-1.586703886305415
-2.015313683973258
0.024843144910029
-1.244134629298984
-0.246218370339204
0.043331310639655
2.464941572055449
1.314055762598406
0.158390594418164
-1.362367514286742
-0.754562573914322
-1.673957514443178
-2.021321017324157
-2.185491135913026
1.378130225728106
-0.600064051315609
1.635752388555223
1.801164096226343
2.099039629366534
2.261504486683631
-0.336333352369778
-1.691241672091204
-1.670325707738576
-0.309119506586318
-2.329686772829502
0.469594369493520
0.447796074137055
1.517913600231214
-0.066352754299290
1.307480383859256
0.896049590645649
2.609738807770793
1.783372696583702
-0.275835761236144
0.441575523478340
-1.304896952978553
-0.191528769361614
1.864528367495085
1.907637033861079
1.507513793126560
2.399205355445312
0.569236844196866
2.761158759923611
1.183300380265233
-0.258212905728855
-0.160416068292267
-1.583218295911238
-1.194377099494227
0.300712879659880
-0.705787154335501
-0.141227120560334
2.155856367365761
1.231143549866774
3.420312419474685
-0.176146765152460
1.331717755619086
0.646182311441349
0.117984892725682
-1.466680630904779
0.653704313508562
2.577430678449815
-0.120019499391671
1.500571459345479
1.899347640625767
0.362309526775247
1.057600029633914
0.111217697595691
-1.277128753811529
-0.851441986223688
-1.976812267394716
-1.643035155591843
-0.957089741120545
0.111447446537759
2.053976690956540
1.330181059938103
0.852546159446565
2.527140636904916
-1.152134285943609
-1.387856585071758
-1.262599267984670
-1.001514409539860
0.049097321423199
0.005448033252660
0.159860364262011
1.858211943301010
-1.109553633994262
0.631374939911710
1.088144557638695
0.043588773502809
0.542893433663870
0.582383233627091
-1.611884939514284
-1.087097449882136
0.547511838668606
0.257633187301302
0.122319872839323
0.880123840433441
2.036292572401953
1.517112845131048
1.742200211322456
1.568851771346999
-0.594033318466337
-1.274140109452203
-1.702066930755705
-0.512320875280999
-0.955655343181590
-0.246881629098997
-0.207378474897743
0.909224013538154
0.049087687718998
1.347948811117664
2.633829227195427
0.159522431718773
1.374887479053463
0.510156223077020
1.063451277648568
-1.149763981803645
1.985949831227859
-1.015265098455246
-1.067009697949219
-0.317889209655494
1.263184187734535
0.059759245221298
0.192300179297310
-1.718525585374610
-1.174215595310504
-1.937334537005282
-0.008620950619541
-0.289844720248778
2.612717141709274
0.882783514824738
-0.115562585736182
-0.365855986431134
0.246642246898348
0.984861234764785
-0.183152593295875
0.265958297075179
-2.061235453599178
-2.187446076251816
-1.082480529278256
-2.181661377869091
-0.948682958342999
-2.122704105736319
-0.327763196302255
-0.725424862140202
-0.335192325505488
-0.121669108454457
0.829129634539751
-0.703319735538528
0.789059077417945
0.929812177094525
-1.756343247316806
-0.592467630177360
-0.332312710053991
-1.868473965098250
1.111530115924389
0.920892852752168
-0.715087403193719
-2.625232063924818
-0.996942598466006
-1.865756656566478
-1.749566440893911
-0.089907173943296
-0.911899750337495
-1.676299844436049
-0.893591689710891
0.241048926796140
-0.743946055276552
0.643617753760752
0.303330145338504
-0.214762978972792
0.594421702118924
0.710962426065924
0.871455531967279
0.749984560120296
-0.563157138528965
0.005487522647951
-0.474518633167094
-0.128552671178269
0.987012240982621
1.507973423367265
-0.084819054990606
-0.254058316962645
-0.040391339175917
0.704420159612712
0.836345623784394
0.486043386676158
0.611767392907396
-0.929123904151141
-0.720057963649336
1.904899094476240
2.274357049462902
0.420200765016163
-1.274806002575794
0.594734984251616
-1.698018352137956
-0.679451394681964
-2.270250799280573
-1.540915724147332
-2.237111061276580
-0.278983587334967
1.460793923058308
1.307512102756250
0.314980827220553
-0.172566488812136
-0.646424323557541
-1.450831852438411
-2.033135253642554
-0.376922261104535
0.323929786315119
-1.593901784739873
-1.335612088759065
-1.419988745480720
-0.271872987175026
-1.256588759003172
-1.287526822121617
-2.092372336398480
-1.376162368366807
-1.886794619287360
-2.177518399750817
-1.353522044802173
-1.416326749732451
1.278522228836464
0.601986076044233
0.964903207458850
0.370951619247064
-0.873568030350477
-1.574323870154050
-0.691825827532213
-1.639494516935335
-0.718815456419941
-0.299843790045348
0.245343712335446
-0.481258610232642
0.085002175769684
0.274336398578240
1.023418790899092
1.459541339652859
0.994971413594501
-0.010374981319575
2.476036574984324
-0.200498000773928
-0.252032547392290
1.291519795284983
0.372655509141287
0.817573421197022
0.604842698122311
0.965817843181352
1.852001838124318
1.067477412554822
0.390845903322656
-0.518868276215883
-0.440408195848153
1.003200056342608
0.120654149760573
0.322308473123281
0.692385462406537
3.685038808039303
1.588337677629940
2.481563611820396
1.945936908897276
0.054369556091796
0.732996407786861
-1.243011410145455
-0.518978856093990
-0.440228791979371
0.336836279848812
-1.586683341131774
-2.144295694491252
-1.909696038755370
1.374936519875759
1.007328800876859
0.895279775898596
-1.039113702322929
-0.628763949495647
0.869522774963364
0.212270392013475
-0.698396873799798
-2.213421164124268
0.250527005701525
0.063585509668567
0.409908521978291
1.224709231942677
1.072724816036581
1.395142837269833
-0.764666770400842
0.095203334551363
1.408458522638481
-0.489237235301881
0.112123999693184
-0.740866610902199
-0.797595475148323
-0.802598760644351
0.090697698163268
-0.149842162701107
1.648104968326553
-0.305778142402258
-0.270839177218901
0.544730074409683
0.868553433241858
-0.930665293820600
-0.679159831628665
-1.699201781405872
-2.023162683405525
-0.934433233852635
1.280349199919484
0.166095736543796
-0.309293113445656
2.458789586551144
1.422818516100867
0.714131581166984
0.748710485434963
-0.060353483492008
0.649544186354818
0.862634010589214
1.108760880517456
-0.808235146046915
1.548786500385142
1.938472391147608
0.642429256724912
0.246272636119508
-1.334889325807266
-1.931382092411344
-0.015037294625396
-4.171732220207599
-0.566743301415452
-1.459803999691145
-0.982221438942500
0.864709171946126
1.705705723095319
0.310375936045269
0.556073286466826
0.562270595889372
1.667535329666183
0.843681734463977
0.329806312662226
-2.915670141312193
-1.299838171939949
-2.170625538690546
-1.548569603849728
0.020422610255880
1.690881684009817
1.865583977022694
1.070605227938210
2.970517962025834
0.908667375073522
0.933536159974639
-0.135058499324409
-1.105157037550249
0.251117887235755
0.836690122955657
2.246510111199462
0.000628970481803
1.960384530474515
0.538959848989347
1.631011342991411
0.035434155630431
1.280435003362409
-2.254136405656760
-1.439081742473013
-3.110143143458179
-0.188864711488017
-1.501429394547627
-0.088067630600794
2.427698175086547
0.943002443030941
-0.662130633134246
0.336354308778213
-1.543603037134677
-0.714273650743304
-2.888807447665229
-2.496044607309283
-2.190421018402623
-1.906866001130672
0.571538789898170
-1.176604363391033
0.966447894862854
1.710871580690593
0.241720012508355
1.478418283983111
1.122959035877206
-2.053106969695139
-1.758535862777424
-2.501712696923484
-1.084589817354454
-0.209868073023808
-1.263987159707919
1.308280100131371
0.564737812143040
1.263525029115670
1.173873512878874
-1.052738620709822
-1.982200166466618
-1.520749151980046
-3.434659643226852
0.081660848966369
0.570171869494518
0.292703651701506
0.969957125031850
2.958463764499682
2.273810757407085
1.572933940339496
1.894330310032429
1.349632865960043
-2.402963830633292
-1.776996815565644
-1.774191011478061
-0.251702851598560
-0.198503058691396
0.715431969820213
1.183680042795192
2.826480957785442
1.130680795411463
1.597766276662760
0.010623765527546
-0.795631384565428
-0.962721097622514
-0.670301882519244
-0.502511384173335
0.078426566040710
-0.779397946607232
0.754266649492057
-0.122010097021093
0.955163711625324
-0.094875553567207
0.000715819883953
-0.102945614824010
-1.963457154281876
-1.313995659451060
-0.793319980814134
-0.693146490505615
-0.669027562440646
0.698368451329026
1.132616814142733
1.987995141404177
1.877790487728213
-0.228517707823106
0.801656110337835
0.171276610262013
-2.507989193602122
-1.788168453345532
-0.290002818781832
-0.439029736052516
-0.489709847258264
1.091240181404642
2.559405727651097
1.530036126047958
1.304903701204445
0.351876973582455
1.579626190930651
-0.742318109936936
-0.379995801632715
-3.184708999383710
-2.084627214436975
-1.048100844984620
1.846488740607381
0.911784764922468
0.681046585255860
1.092378820070795
0.646333355570344
-0.048415393244161
-0.605336335437673
-2.554719776977798
-2.633553354990933
-1.176293163230181
-0.485801215438072
-0.748935753693852
-0.891490442953752
1.016457949719636
-0.106836494450035
-0.366222437440756
0.069220687532170
-0.071274249813780
-1.192128244357082
-2.669282512303607
-0.105308054264678
-0.391077645419849
1.569633852756456
1.507016610820121
-0.217423687682583
2.333844659616243
1.723698254467800
2.349548411143838
0.719636351401717
0.591407017687523
-0.970982707286960
-1.386696381173542
-1.158706867004704
1.156751493632005
-0.068490340731946
-0.119016519007288
0.407966130099478
1.052199453440823
-0.136892045071571
0.743922778448661
-1.949908668652461
-2.232899817343602
-1.806840049082065
-2.209522641915546
0.641789622354247
-0.403189380336241
0.872326521994029
0.176121409851827
-0.994666617879345
2.562032814628524
-0.125159113960994
-0.250716049121466
-0.919416399505126
-1.075796953028632
-2.253803582967448
-0.135855487418576
0.009663874189777
-2.754126429621656
-0.437378750879739
0.681613288158858
0.600733010673242
1.177568378643429
0.278911468444847
-0.674950421623750
-0.264418013779366
-0.748200632622261
-0.565210686789485
-1.485185730774969
0.456621452234677
-0.923175235909005
0.167007583022822
-0.293878765591237
0.394238319413754
-0.169456222123931
-1.091331233773861
-0.303638837544247
0.042131715015961
-0.130265774367770
-0.991115716951728
1.055933671939665
0.564578541075684
0.767111904401247
-0.248229437410312
2.068620634879347
2.150711829276272
-0.439895965207073
-0.454634895832615
0.198567214052146
-1.425616586914324
-1.471780551380682
-0.353367115481964
-1.481031992511138
-2.901939031335751
0.795884092814294
-1.046699300380486
-0.932417422262710
2.013002867762127
-2.236659484525968
0.133889476648223
-1.577860772069551
0.149602286766817
0.884518772179564
0.452898178642541
0.552274037565243
0.489566745979105
1.297739907739748
0.228295031276277
1.477573409639051
0.049744995472233
1.403139921580801
-1.160529206178610
-0.495285477971213
-0.506753689760771
-1.158071092512545
0.766650225606950
0.460047431741623
1.375059768876128
0.821969222088810
2.312858363328683
0.919563944163379
1.496307759494883
-0.608691055489252
-0.038762719374664
0.420031180309518
0.088766277594089
0.182632610298328
0.435185339273679
2.415732593437816
-0.030743582759487
1.185518834484053
2.081898461675846
-0.735562606057162
-0.643167310643191
-2.083586537933571
0.952769653768472
1.330765426797549
0.546714835753568
3.558065084297634
1.737213793270150
2.375091750930244
1.507684812510928
-0.263422427185094
0.412156596797997
-1.238987639884976
-1.334032965300235
-1.720531001548077
-1.396539449627131
1.439832596617085
-1.584681508774629
0.514843466848778
0.617544750142960
0.784832821669497
0.230955874115817
0.217638997296220
-0.343486253944465
-1.373003129388528
-1.512997005453439
-1.181807344443877
-0.169796695863877
0.497891164370035
1.377472890561240
1.605830639504837
1.807943784532749
0.576200608211829
1.457060660299963
0.179128110334635
-0.734959019879636
-1.243998030076072
-0.983715101383732
-1.981936918771960
0.359324614783951
-0.327327342581490
-0.933938022960577
0.714575415207110
1.400593730653158
0.856712354197559
0.333685583609850
-0.930996161512768
-1.166524333608127
0.045925218587744
0.459776232896782
-0.675635414150636
-0.299975967256796
-0.525810900787573
-1.135798269444316
-0.064667875635532
1.191433034987748
0.034265622698628
0.069024446532092
-1.602837373558122
0.989512546708773
-0.626542164334571
0.686990571236368
0.439654718486171
1.063643737738589
1.194942727436824
0.341202201452437
1.131399935053582
0.324038376732571
-0.384440646343854
-1.111181325127118
0.773226302678522
-0.295647183887390
1.323055786753110
0.929704339925416
1.672920225477145
-0.754854201584032
-1.935877958554094
-1.794432719067976
-1.717822065086313
-0.485378269593328
-1.406464969026984
1.080694984830011
0.545782822442508
0.018855826201304
-1.476452274484371
-1.031393604503742
-0.431618774717729
-0.462637646937257
0.040449754716254
-2.055216272524468
-1.516900223696720
-1.338426358291147
0.004750252070991
0.192282937491783
0.863440969791921
0.153265954447497
0.647166969214082
0.402412830422245
-0.178483702868272
-1.017583086009429
-0.656435929525874
-0.737007962510159
-1.003386365713790
-0.354250493744805
-0.234993856807730
0.372074366515064
2.061101682337231
1.526211390314091
0.073190650075400
0.013472815771231
-1.581329257295998
0.795876040556946
-0.113831875073227
0.835227270652732
0.242017633687932
-0.059157044756429
0.516476064702638
1.080817229242249
1.989642266955442
0.355808551478158
-0.305564285690037
0.758164433484407
-1.027338736365523
-2.143341379486656
1.602718739432671
-0.427318447413858
1.965739754795158
0.239451995771735
1.687572273267533
1.475455618355679
2.019088345542750
0.811952152394137
-0.288639076279561
-1.179472611295355
0.231114869970189
-2.150570549932056
1.264024004206865
1.400771755580569
-1.384570783298101
-0.178832787666090
0.172041780785155
0.849327618293616
-2.024682583213483
-2.042610271693412
-2.155921433625714
-1.774973241760733
-1.610332170050139
-0.828466651079288
-0.511534707196819
-0.736477377181197
0.423821488399263
1.317098999171616
1.471809413104689
-0.066705648019364
-0.729491148136620
-0.682747644519264
-0.696196281663167
-1.882105283238882
-1.496466786013567
-0.338388460319606
-1.000291773596313
-0.521526663096384
0.067663409292417
1.298669860588043
1.829232748785196
1.487406829668951
-0.425429362101145
-1.551937630876956
-0.081381669901103
-0.495026437825410
0.053854863142092
0.558428733945445
-0.193885693021231
-1.317620288585718
-1.526791989909348
0.902127919955812
-0.688391250507684
-0.456498256082994
-2.822635238026255
-1.408432474374539
-1.314370807828759
-1.117052880115935
0.440315206562887
0.341109405558778
2.412734936739581
1.054702655953925
1.765308176855755
0.737937082328474
0.746268442739981
-0.262951742833269
-3.488616172399458
-2.312311383315143
-0.768961034231470
0.079204587880915
-1.256352695523574
0.094124116323175
0.280361470603352
1.813484806168016
1.150476115251121
1.897912038204780
0.752945782661513
-0.397657528991622
-1.121418000400858
-0.085596872843010
-0.228513315031983
0.100740170568143
-1.204408153077445
-0.642324029208287
0.878758544018721
1.475747810045304
0.690048452189436
-0.139298040232046
-0.767300424293384
-2.048326340783822
-2.130443255275466
-3.748577436355347
0.194308317898127
-0.961172045981892
1.255245000938034
2.077698370285058
2.283481361173136
1.414675386302094
-0.953405347472342
-0.895234235202826
-0.995087624470258
-0.703845970165982
-0.926497016105869
-0.821620108966827
0.387923126114269
-0.064093635417025
-0.587422944359665
0.578065784431752
1.064880750577645
-1.422717248104403
0.871557558936258
-2.481741768081545
-1.043897082405485
-1.020002256394272
-0.557460800927870
1.153932866915306
0.743274680112829
1.612378715628332
2.646647383679753
1.017687058263790
2.130118548011783
0.081607069775172
-2.719352824182645
-0.533160279186953
-0.112202302818391
-0.625969275742476
0.418513568940309
0.724525472333706
3.069202251856153
4.100202969147242
2.981457434711979
3.923282508318299
1.277877418582256
0.138119500924538
0.805169766437555
-0.596226490665432
0.182742286292163
1.599440393137963
0.953664478807551
1.069145964369571
0.968655685587112
1.979822577403933
2.569971383985336
2.644880020005620
2.155490788948692
0.996974160859317
-1.122812059558411
0.547391451090744
1.143389759536131
0.411426434903192
1.634622963715906
3.575729818808011
2.625139838890151
1.194510575302507
2.093085854958294
0.460411073325057
-0.526887079123809
-1.410711501147370
-2.188033031910063
-0.971217348574428
-0.250619617153253
1.101938250164398
2.492704090000537
-1.243492655277748
0.080359404456525
2.472865320909096
-0.470557618477721
-1.318984154570129
1.385877006384582
-0.443570621412569
0.278528763877851
1.798325803175804
-0.726258003097366
0.028905534711699
-0.344849641249334
1.123833733683455
0.118329301902716
0.608375203381676
0.902680369647671
-1.986109940972433
-1.916737833363223
-0.695455155635002
-2.037362139137241
-1.967790882410084
-3.090433599002587
-1.757716855108312
0.625346109525808
0.289376273653778
-0.609702612337549
-0.353429227784714
-1.138647782415041
-0.431214755405271
-0.282680114482439
-1.105176214675573
-3.120176093837541
-0.663805037294389
-0.003851990898929
0.896558838333647
1.100336785909951
0.337961145845100
0.831093829394229
-1.919817520755135
-1.459906249149131
0.564191763922091
0.864639385448918
0.796420328026357
0.127876423608596
2.524255797377074
1.049814954524864
0.039018150067311
2.346835872085581
0.695814989314124
1.803606741006766
2.217060863299086
1.018681751646406
-0.880090561844694
-1.074335702538927
-0.281772899565051
0.121622507942230
0.570685574196464
-2.801165946144071
1.067952398222652
1.092166768807271
1.536189311929574
-0.351532299626438
0.185551611956878
-1.390996656022740
0.407486255704904
0.704923987773177
-0.253201985192909
-0.046917458938898
0.531499458857724
0.681466421410130
1.807735068689049
2.319726361179057
-1.117391162356154
0.485721724459671
-1.183416781034271
0.308763812716678
-0.746701756697803
1.460814508595353
1.743278302349008
0.705320117984937
0.644646696034265
1.516189747940168
3.994239479906000
0.970305115430437
1.469671231825157
-0.744164986611492
-0.837438746202978
0.364531244676616
0.129688345176968
-0.560120488020407
0.879170346567173
-0.375915575427741
1.882201067627097
-0.165838477002593
-0.661210678241073
0.431163208920923
-0.420049052102522
-1.429344839479188
-1.235772075336901
-0.007003197795128
-0.256978070920541
-1.378045338254229
-0.839057470540106
-0.569773371852224
-0.027308194124209
-0.478903885378929
-0.098119502314664
-2.239713224809182
-0.531035680960521
-1.387253408578184
-0.963536975577005
0.630333368880263
0.581104938382274
1.028042295353079
0.196846490371264
1.510799430788664
0.700342957634625
0.493211624934134
1.675562719099666
1.107598690657269
-0.294580762913029
0.378598103972416
-0.230357277456205
-0.153159409285866
-0.948735890518269
-1.274262251404027
-1.285941652527675
-0.350421793532828
1.409753145792033
1.842444194413796
-0.990313749995966
0.153527369144437
-0.170602724026601
1.669561498730974
1.342668641481241
2.583530688692799
1.448982449580680
0.347721449005087
2.639456082626512
-0.780604639494315
1.027029570718662
-0.699422249821579
-1.434971293470432
-0.299367323511110
-1.186793266492822
-0.077539760965385
-0.759705224707203
-1.087375699626860
-0.760141827994583
-0.526459205024557
-0.140170546712957
0.404650990661605
0.563833804226249
0.784369839890247
0.145230039822546
-0.762515133585272
0.717446763114782
-1.787174455369773
-0.784611031537508
-0.022137178521756
-1.907015729045009
-1.088803014710056
0.658421388119493
0.681555281673319
-1.528097820949668
-2.701025533279520
-2.889952313538010
-2.234713587575188
1.621139771276165
-1.742792183947542
-1.362600428436245
-3.751791790313860
0.053839730301862
-0.318870580151291
0.842384182767467
0.379700903062702
-1.168620675525907
0.583741341297458
0.183268383539038
-0.083674136545675
-0.161385774594225
-0.908082784592381
-0.734987425064943
-1.243600671065209
-0.310586184847432
1.325241137648486
1.031631355630132
-0.866654844810238
-2.269540223377538
-0.129754399270452
-1.034302843830836
-0.873982680453911
0.247385250580630
-1.059065760344405
-1.243299705881608
-1.733294090874164
-1.523567530246248
-0.705645148435086
0.411140035675095
0.453691322627000
-0.015414790830203
0.200950578655526
1.074652287762510
-1.251154824921674
-0.321433026268956
-1.423650306962909
0.003579581006433
-0.021009002992180
0.669245139477196
3.549540912935595
2.373719268697440
1.266871105025029
1.760687598133941
-1.118087383800193
0.251097906309851
-0.949863572474948
0.123483330525668
-2.442935636068613
-0.357390534607396
0.544696393977576
1.175719279029658
2.154333671345179
1.516158713086268
2.330903551892908
1.358484101279906
-1.224273907533100
-0.923888967548189
-2.761416471002056
-1.592855945946073
-2.667057168572237
-1.782732623033921
-0.422053251988680
1.496684352831001
2.044267670474888
2.475626082760301
0.205833528294217
-0.383423845890608
0.672860396128862
0.372828804549505
-1.403535673394023
-0.429388271565898
-0.340550153392856
-0.267688787317153
0.133458730052563
0.380145612522174
0.140344880650379
2.610592716879550
1.618441104541733
0.877624766204234
-0.545626514696412
-0.842656914930657
-1.921342470457713
-2.027655608292426
-1.108358044698950
1.428494602608460
0.463630769642524
3.136328032434279
2.347927960447085
3.133365531767536
2.137253350049733
1.498989354198117
-0.729562587791470
-2.400832772069964
-1.428213686790970
1.548485607196083
-0.429626183120155
1.895698531805911
-1.145239292858449
0.368970351225503
1.155609216984546
1.685858809895836
1.829835462829453
-0.630644085653418
0.170319454394560
-1.557278521791985
-2.399763465803902
-0.771129509932368
-0.853284370132685
1.228956646647781
-0.260377569427381
0.236550446136064
1.170075979323966
1.264481726867655
0.416902482807279
0.118520009137962
-3.987149193184054
-2.741712418937196
-2.992253699176006
-1.925937131692058
1.823671719258278
-0.249990636754601
1.791382492338688
2.069580110284785
1.719138745817488
-0.439699820183749
-0.530303943380320
-0.536455661202286
-1.604349466672208
-0.172616741108918
-2.228718079515257
-0.519646855908832
0.196932627265712
1.515689329765737
0.991899140616096
0.586909084935977
1.143346847019548
-2.143395002140590
-1.896794657327817
-1.394769187720824
-1.924289626801399
-1.366772578709923
-0.690252348095215
0.072844868191061
2.360666877706523
2.299116390863290
0.946612702359968
0.330999040696254
-0.063329026108642
-1.760375476173547
-3.037446115507409
-2.528599562025715
-0.141721998351600
-0.264757975011566
-0.392224082953525
1.869013705465549
2.297426001632429
3.098399204025564
2.321945246908694
1.760827848536661
2.561953041320088
-0.466208280460679
-1.291887162869528
-1.694175611982251
-0.145116297124161
-0.485189065876571
-0.986714713096085
1.456969118703964
1.370325511272584
2.977415109828455
3.624768548543635
2.144974692520795
1.782535821523283
-0.390766821697992
-2.171534145109825
-1.234736533343677
-0.504313514799912
1.535369781378180
2.298353721721512
1.481433202403497
1.454797417202174
0.624980124582808
0.753541112572130
-0.486843081313458
-1.682749579646240
-1.249646723934656
-0.896957930967336
-1.373646512994632
-2.017431906657590
0.339140809647021
-1.027515424892189
0.582724631478254
0.843381996663397
1.862888723755181
2.390558831474745
0.117941885057181
-0.852873001675775
-0.808824473503235
-0.929273851149472
-2.361148425253723
-1.716562011872627
-0.037934302795570
0.895870323982639
1.528095314728468
1.666591265061860
2.196441101002731
-0.786112116103863
-0.577162628272967
-1.709882613566583
-1.065661517113386
0.292566778642162
-0.816146569879558
-0.142720488212115
1.128227174976769
0.352915214965162
1.879115740139144
3.483867311474870
1.420991720653279
0.763549334273208
0.253192644740755
-3.271077238775270
-2.544921226398627
-1.577699255419686
-1.582336103595201
1.681924146666632
0.162236797509038
0.601978075809365
2.217834369925300
1.028949963337404
1.335288732896424
0.236223881097992
1.295468903076720
-1.186170993166857
1.115252614580351
0.076530494268175
-1.253418210373845
0.893752065604743
0.206051051014018
1.039517380747827
0.729008292509533
1.239486708855314
0.735730749851974
1.098149070324101
0.725140352925072
0.488802908165055
0.523613415208841
1.342246513327453
0.163066589639892
2.191927364097023
2.775729090897789
0.784640160999065
1.717895874065995
-0.285325429760745
-2.626050663692755
-4.123493741923746
-1.130642635365269
-1.033871374776681
-2.207606866083504
-0.918769090628317
1.330561738900029
2.014843963224347
0.462395508767700
0.786463736302545
-0.463002708244032
-1.300825977787697
-0.954827927353672
-3.024037428785376
-2.218023677815103
-1.871020344026401
-1.071171837849527
-1.897613411962897
-0.999597471400021
1.252857121718609
1.477246068655722
-0.232371126725793
-0.280957239159977
0.006347823957448
-0.468195132160720
-0.867547731900776
-1.742041357104977
-1.555814364849541
-1.776743007916288
-0.070315162388238
1.930303861807150
2.323782241035478
-0.217634830863058
-1.149373278555381
-0.989914854388228
-2.447839619621834
-1.677525629201667
-1.174108121241801
-1.346180730021410
-0.817650270597162
-1.654922581352904
-1.444067861077053
-0.704713355651814
-0.032607543022911
2.611854778565889
-0.328923619164366
-0.982445095099496
-0.865701721362686
-1.049337240826185
-0.973061536451681
-0.313894324898088
0.585980692681035
0.802790973353883
1.019858942756118
0.091489040649781
0.956903764317970
0.087375146337779
0.100043551849990
0.316647395759391
1.183841153262945
1.017865635159173
1.817515556123090
1.286743451475091
0.865317690789901
1.307978043076639
4.588616608389451
2.702375807722786
0.221155801626768
0.477735816093800
-0.641791539304361
-1.588781433371039
-0.111466061771844
1.104110078354799
-1.012837189622669
-0.623825720631350
1.016050070074127
1.046802596047317
1.369849004506508
-0.455669190689743
0.045279544341933
-0.084955002075120
-0.833950918349637
-0.641649389064516
0.464209336446227
-1.115705141534015
-1.693421721700014
2.008195740869704
-0.091135088475750
0.214075710705693
0.800694740216301
-0.162553926609505
-1.660692895015668
-2.635192934198566
0.068044161140251
0.706190804790470
-0.402068128472726
0.146638058517558
0.103746674513710
0.173734158060395
0.600770327420870
1.680827229850594
-0.137416256151473
-1.282806349884313
-1.422671777570292
-1.662927433304097
-0.607361993541015
-2.199791873192205
-1.412569616148255
-0.633143299349065
-2.257980348442909
1.076809627369772
1.537951345894402
2.045518956048542
2.252413849114950
-1.318722123575161
-1.603485471472717
0.280957014429003
0.330742636808880
-1.298372447394550
0.106101396840834
1.138532227065668
0.179990242601053
-0.648114735315830
-0.487810815151292
-0.557978342556355
0.189682587018974
1.523855952764821
-1.055853101177715
0.642540820241971
0.532288494751520
-0.743603601945909
-0.619543976565362
0.719548267713528
1.020116668719058
0.856569535507011
0.561333157341965
-1.352356142826710
-1.174112274715210
-1.506688753210494
0.209779576916542
-0.793251195948708
-0.265249073976315
0.259129788778798
-0.283792270567624
1.835164249615419
0.941215333689446
1.929663374402711
0.844285731403043
-0.361531506600841
-0.712599053872173
-0.965659450254512
1.191344945292899
1.228413964683261
3.036914687391243
1.611302689871632
-0.739001296868863
1.122757386630376
0.984752979087757
1.826955842679961
0.271214372221983
-0.404902721577277
-1.831302377261300
-0.577063639324379
-1.328839502033867
-0.477134692242970
0.924065761319792
-1.156753311804860
-0.916214399091400
0.473115356856166
1.910898106146663
-0.144682529796918
-1.611121888596613
-0.493379112436662
0.094571030394200
-1.400721400593714
-1.390331381494604
-0.230619677642822
-1.562401657337692
-2.746951043535709
-2.795393298683295
0.126802453972918
0.781006978471425
-1.021232854279361
-1.360310478763234
-0.941080057906844
0.305301134519312
0.016116684259506
-0.262043607389137
0.673249661549607
-0.644588853084106
-0.560326163666983
2.983334965126399
0.621233791381108
-1.050771609251938
0.155892638606831
-1.034389920393379
0.951981051780593
1.091802461382214
0.200666294078034
1.157575085279002
-0.955266096725732
0.472790388159432
-0.408864534077389
-0.481666054284747
-0.486800732044804
0.454673362507006
0.085709918840728
0.083764593887283
1.210286089792237
1.066509327494281
0.670707328330417
0.645705376938432
-0.244680517352723
-1.787746293644455
-0.064730774478857
0.492870738689528
1.802041624325725
0.882646498536756
0.187421023357307
2.817150656372764
1.063540477642253
1.072298294550782
-0.905455333151557
0.214654338236445
-2.327358044041810
0.889248291212581
-1.117632188274353
1.319188476184144
-0.040434682235532
-0.391873429368073
2.499249137850244
-0.505285929538704
-0.515177988732979
-2.559931218291279
-2.175128356194316
-1.364781847588154
-1.345610787023753
-1.747025959064235
-0.071819528581543
0.602672520154669
-1.001522767751563
1.177187413324594
1.865518310030491
-0.044321440416706
0.122568958153293
-1.106164816705380
-0.624455949292062
-1.312615327919187
-1.629134036372204
-0.701518611858708
1.385159977218535
-1.138485396501600
1.494216262613300
0.486844130828061
1.985934434105942
0.500567219304636
0.321132356095808
-0.320251275932178
-0.934401078420223
-2.411680704596074
-0.516215485635321
1.580752482658772
1.774556421616651
3.455000588641695
1.448212613948514
1.719925682268961
0.537250153838353
0.914885286605381
-1.995775371308731
-1.513501296229920
-0.159051254261431
-0.803066229780141
-1.301601899591804
-0.421719111798513
1.302227926256519
0.870943352138258
1.005754424706240
1.874294989355561
1.614649184895475
-1.470185270269449
-0.516175809287064
0.306474758467065
1.726148127763390
1.004841656433243
1.016991279486579
1.030285529811729
1.799952588207267
1.599457986718166
1.031153135076190
1.449536962899807
0.250233643243206
-0.543638099186922
-0.569347274232496
-2.415862664516574
-0.665213606719772
-0.030590316084027
0.934407667074775
0.862283177212920
0.920026432775254
-1.327882371436820
2.674226437435118
1.272003878708404
-0.984577322888107
-2.041150763982865
-1.032452696886654
-1.036372513769773
-0.913894798885126
0.360511913970201
0.616947968459199
-0.015387362446947
1.557199809561145
-0.018384736603911
1.255550335510809
-2.744560696070425
-0.837141185355689
-1.791177998973644
-1.485945291252102
-1.617619227315378
0.582344658343897
0.493701869966104
2.674353339153702
0.880954811017158
0.185231707454187
0.008213805818870
-0.081066624858563
-0.764571050712130
-2.982488449317121
-1.414083311768125
-0.626271506830842
-1.059870291035883
0.733155653002103
-0.290336095085215
1.688118296637945
0.326458839416354
1.133573253252987
0.361610714087087
-0.406787211400669
-1.460066285115878
-2.235179925410762
0.806345991920193
2.464604951335713
0.266522432861555
2.075782592739150
0.851652064251619
1.497883049126181
-0.502173600406221
0.240868659667570
-0.655997077643573
-1.028595726723402
-0.400808257673630
-1.750818523874525
-0.869487319634761
0.608681930222154
0.708595629085890
1.952254440041347
2.438804604736686
2.248063671305165
0.669602330173433
-0.983602170540300
0.376871395845948
-1.425593146229444
-1.356736949420728
-1.310280396240447
-1.385969411793355
-0.555048719752323
-0.348882952731671
0.312504212942168
0.620522360519571
-0.174837502083663
0.055080559199971
0.831829559034127
-1.244249332028548
-3.350725962197654
-1.369777654653202
0.323331409910677
-0.968478406074534
-1.160680145307458
0.590109312538286
0.012466329696416
-0.789229869646233
0.520202972544668
-0.197520756798498
-0.472509319402950
-0.420306278592294
1.225570756120711
0.363362024815046
1.530049825116318
0.986565118166343
1.294571648293387
0.850043718905563
0.224620183441614
-1.039356124739527
-0.786224893978432
-0.039316401829678
-2.741626520975958
-0.220177357473010
-0.677620162442162
-0.573749211831816
-1.220347596902264
0.314496288192894
-0.263094771241002
0.588552607519126
-0.229443025339365
0.671171504483713
-1.636831300239433
-2.509274145501332
-0.586313144098351
-0.182288100871587
-0.129758393085007
-1.133002987801353
0.327793199233836
-1.218531541703185
0.759360906389505
0.217840619402357
1.018697411120616
0.423626648914124
0.190597859854805
0.506549479163845
-1.036490283900611
-0.330498152964258
-0.358176818425537
-0.625194375192782
0.160599408954055
-0.285586615800554
1.328459724467860
1.167908535521359
0.500164448250652
-0.389178462610605
-0.221947127663426
-0.727953250348192
0.565022294560615
0.507892969395078
1.093136289996178
1.438462676956280
0.550814635235212
1.211480475099932
2.296438831494953
-0.186585536345745
-0.331174483675414
0.803571499757272
-1.111410299048563
0.838344829692427
-1.869916525230511
0.021968294915005
-0.488314908435756
-0.273391390407696
0.580841842901212
0.562117252525742
-0.665623246216559
1.276002839884169
-1.782221560528248
-1.796114310918749
-1.033858947375942
-1.791833035389486
-2.112973920465722
-0.563583224746554
-0.632962627838171
-0.905433626604100
0.093433711019525
-0.803352151357149
1.120810541414793
-0.189173372402652
-0.614363554430738
-3.224839570099880
-2.501477641293533
0.671543827298005
1.425834132017146
-1.033553720663815
0.080223780633973
-0.268806831116425
1.489694399122950
0.668578954907699
1.531372537030620
-0.954333399103148
-0.935814372201035
-1.847792544961231
-0.845610834629656
0.025545040405595
0.548814554792339
1.623185647107306
-0.640173041472072
0.396530624397652
-0.414679140099300
0.728229008796321
1.271920780078097
0.521211176420458
0.717011826875058
1.675875834943608
0.122151591101452
-0.505800873027423
1.520035553406554
1.251165137703785
-1.014266214759183
1.684016916098299
1.344229503873886
1.109403755475981
0.524782860324226
-0.865916682739139
0.019444479553702
0.221620305608848
-0.450652924106587
-0.263121846047868
0.064605611387151
1.877679122229938
2.563583708257438
0.232570620978111
1.346674386133484
-1.987654378282177
-0.402984704829293
-1.047353128195157
-1.994223890136787
-0.608856951919775
1.703168730574928
0.163804832116050
1.172745314362803
1.719189668586451
2.939297468026532
2.110182730772523
1.122566693838901
-0.911593724559279
1.425905350639537
1.505477968846950
-0.694684243719508
1.259580566818233
-0.186501286917537
0.549183044417360
1.077878673713077
1.335217216824232
1.497442587348352
0.206033685815369
-0.522440380628622
-0.378042281762394
-2.449875191132959
-1.254782540891275
0.615487079369804
1.106270005120266
0.667644647629618
-0.743704298761548
0.288933424287238
-0.549495178382397
-0.293205234860457
-3.141464515508986
-1.526980007257581
0.119751609156438
1.220229697504356
-0.746316310245552
-0.420408332788160
0.415707511166504
-1.101260581846641
1.910738564355436
2.294971114277929
-0.481885993146009
0.110959322317508
0.251661242201382
-2.630004471823014
-1.237982299339884
-0.077417681615571
-0.811700838605417
1.623277398715600
0.195475954980279
-0.744962133257164
-0.659055916323131
0.352098502589712
0.431909163256136
0.747155596918338
0.495531815921363
1.783375114696682
-1.583112739360425
0.440671860660281
-0.114561541067627
0.645350300315247
-2.039113215433879
-0.518106977597878
-1.237673978800998
0.644022450650486
1.466424633960679
-0.209010782211234
-1.330979855410580
1.907687990878677
-0.431205945365704
-2.108474901326165
-0.705217445046536
-0.925251741498950
0.545277896046934
-0.041117257910597
2.804162382500055
1.737291838227368
-0.934827246500614
-0.142387836582957
1.064222169209137
1.060351247958250
0.920369760269416
1.223506110991655
-0.719087276013751
0.806910078320607
-0.777662285335292
-0.086029670842306
0.961502367165982
-1.079503603004289
0.070381338351026
0.788345149264661
0.404444862474854
-0.454082027595853
1.550324856532099
-0.303850809467839
-0.179304402795759
-0.939906859261538
-0.786605840833301
0.775797647082975
1.053056153596151
0.819675871729371
0.168885141508162
0.016994153233361
0.935842068591035
-0.504480254689676
-1.364950804624295
0.109300666132609
0.235395365852290
-0.315025086034485
0.480306030019255
0.580850148329023
0.816154020190922
0.838761914999049
2.669517770001703
2.218555271587843
0.196362964835923
-0.563017703773329
-1.253662694680626
1.353289063905105
-1.075611727988340
-1.452200789106361
-0.918565695450990
0.039943275233687
1.822123793312866
2.023298176520308
-0.628787181869881
2.138973117596750
-0.019219603390275
-0.825095733594257
-1.767787151519313
-3.241692409581779
-0.827617597501262
-1.980653930865371
-0.964666103580711
0.385767975079709
0.330302749981865
1.034257720159335
2.107420491275884
3.590319566079575
1.059944935925909
-0.258926089169029
0.302370728009306
-1.009187939645054
-0.521617837026181
-0.703080953579811
0.770301370661787
2.017379208000975
1.750069679281524
2.053765890645754
2.736121363111240
2.907858181247524
1.093393183199820
0.229041000774348
-1.697803440118357
-1.389265553925950
-3.301633694603431
-1.344094957709208
2.585918272077901
0.795319291719202
0.069125139080471
1.067526942341353
2.952021722338573
0.553920768182808
0.701179247389168
-0.239484043178025
-3.102001207090615
-1.564189538571547
0.566954769326023
0.625680190190261
1.102305126401375
1.030241121473922
2.121769384109526
-0.513307104290152
0.465312820081041
-0.712420915436510
-2.664968922274179
-3.942429164128391
-2.045307003816411
-2.058157305055640
-4.056220248453643
0.416460709136276
0.677921010397447
2.540030574245235
2.145553581462301
0.030295524096216
-0.342911973804712
-3.316577538019237
-3.882668173995536
-3.382731610274377
-3.122597707763658
-1.918513544527535
-2.228932735595241
-0.731412916370717
0.071222182120633
0.276426281087850
-0.519912374371185
1.039973025047610
-0.616034572572386
-0.068878533747509
-3.179156280071184
-1.466030034917282
-0.772508951694927
-2.383941657997408
-0.880133233121162
0.186803066618132
0.356890396381623
1.204825508554667
0.698184625889005
-0.570480187715539
-1.758309709466103
-1.146097946545116
-2.223643070016302
-1.452823189778906
0.149552211930485
1.728022267351996
2.637233961386212
3.345442463082279
0.922672238639790
1.529997166999069
0.987888650969354
-2.904525067895164
-3.203954643750313
-3.164047806673677
-2.527378976747875
-2.270047089458206
1.073347753320974
2.051593572079823
-0.134621441899957
0.794019076244374
2.471774251202830
1.979394439072237
1.464184510766483
-1.448372824833757
1.058102487338605
1.515216202287099
0.810650922118702
2.077453663714489
-1.224135385395798
2.176115439215715
0.729778582104575
0.799828164377789
3.155145084714415
1.988590985814674
0.131140741367449
-0.867644212563932
-0.660904208198048
-1.164447111284589
-0.069803443821630
-0.542225047032733
0.161107524019583
0.983770164998357
2.064247335623528
1.338548641190131
0.360861404406873
0.296678958485722
-1.061809537305215
-0.783311297055884
-0.972342555782998
0.060140310130309
-1.322099829310131
-0.414658255208205
-0.943690194759097
-0.057578616675837
0.102460897566459
0.647709701144636
-0.485933457014703
-0.717733004024815
-1.471973172275624
1.194235290111261
-2.086514830858659
0.272660997886807
-0.349355047156393
-0.381543147772543
1.883441624200986
1.582421968931411
1.473880235871617
0.242992261887076
-0.498038544771728
-0.741581279642375
-0.514640723236670
-0.004165981355727
0.774648636123005
0.025400442155556
-0.512740246901966
-0.135817713070826
0.855291976008843
1.443259475250407
2.516694557102518
2.640171485205938
0.621992231087744
-0.255252034650415
-0.755209609996004
-1.764123925253248
-1.763096452359703
-0.644282586954346
-2.134391277955745
3.283853481614596
-0.208933836218856
2.430088999908756
0.517979823333336
0.044296770844390
-1.628006216691246
-0.543966283896687
-0.928224153431565
0.025301338150721
0.088964897291575
0.171927134935546
0.016872852641927
1.200812651496766
2.207664386977736
0.407526616842835
-1.381662574617196
-1.289753974840652
-1.342642680478182
-1.056511192070651
-2.236063209827161
0.482338777055942
1.160153211114842
0.873249968145116
2.809964028289332
1.963673822783352
-0.110117756782290
1.664319269255886
0.778372459788081
-1.090070308928869
-1.508550611266653
0.593426671911083
0.384127079405916
-0.183403186555159
0.604455886155504
1.549759156054568
0.944077294175275
2.513450304227440
0.084515377073195
-0.385137925800496
-1.072970520342175
-1.851228580802402
-1.108866232524523
-1.677691210416566
-2.225367793543818
-0.854511752772440
-0.058267783169038
-1.146455409991242
0.868857275056755
0.506518750646397
-0.442762888678965
-0.505535717813204
-1.672017222305244
-2.824936266722561
0.055280601607332
-1.654662451203439
-0.061205834880429
0.623148731730727
0.354160233788009
1.868041527060767
1.413645276866020
0.108730097252803
0.256011300433891
-0.208737895120239
-1.952916880089838
-0.569255743326093
0.627418804704976
-1.136864623654182
-1.087978042484398
0.819966164541445
2.503492735536126
1.526502494304833
0.801018119015871
-0.923242766649186
0.656713555132877
0.146606597406295
-1.417104079818290
0.297472588436472
-1.419988876928856
0.302950594637669
1.797832933372804
0.858741624651205
0.948215022290638
1.530096684405296
-0.850779275492630
-1.577665885088936
-1.003344121268170
-1.982470418296071
-0.888215835568635
-2.123708940040874
-0.554433399544424
0.093100265715146
1.603192166346490
0.452315091594120
0.018875301758669
0.544341872785966
-0.922044291028738
0.037862042255900
-1.138913522348808
-0.145305957712057
-1.405025268024555
-1.776795238890157
-0.398385533429217
-1.623218333589258
-1.171131581210328
-0.514698789496059
0.861277172667949
0.191301051884911
-1.661791328789673
-1.261797525080375
-0.151650412130233
-1.012291859341665
-2.811810210817290
0.189294951580238
0.388436752080491
0.178121893120776
0.625340938206405
1.295649887624727
-0.021287888321145
-0.183146407226977
-1.293834692715276
-0.731156652065766
0.141897934276593
-0.997148184965777
-1.728010125989993
-0.704960932773252
0.247728399494110
-0.074726741066466
0.923521602945755
0.742995214875103
1.168749927127205
-1.910896865199982
0.565485364169093
-0.277143091249230
0.642369920941612
-1.163043422228661
-1.132469479981534
1.489311892181133
-0.353818256138134
-0.460580807995928
1.271612338769325
0.678259820969895
-0.269737046132745
-0.715613678154586
-2.526907114263834
-1.366624269195689
-1.249614170613321
-1.826519742666850
-0.692888083466179
1.439310934087059
0.766598777710407
0.913876008305723
0.890953620739326
1.362051242118331
0.856788864871033
-0.559206917755329
-0.519599818734744
-1.665401826505160
2.739746679938308
-0.217164627077737
-0.174365361577828
-0.830080346182508
-0.739456748257893
0.893605741566253
-0.287881601802298
-1.573826133171234
-0.716273596078162
-0.868243874976014
0.243961218402679
0.487402518820745
0.395220331843664
-1.083621877230970
-1.441724056195668
-2.104047100262747
-0.411413050806443
-0.407116157354924
-2.101039321934493
-1.993064719008453
-1.772453015600926
-1.483337221618733
-0.423031283109485
-2.579897622191766
0.518045599764538
-0.088161854808947
-1.179294004296511
0.472224663371647
0.292224985409829
-1.921967980346893
0.016547815806910
0.141091287398949
1.434226051816216
1.710949784532847
0.389561505225475
0.143498097223202
0.106934073387312
-1.590671217400433
-1.105879800408292
-1.008599356655072
1.016069991887573
-1.853596494512118
0.817223096106194
-0.399523582284898
3.301561780207461
1.588283386178458
-0.070863465111678
0.336201441873230
-1.080329154709250
0.889448217230399
0.644834646928027
1.750154335193069
1.130451840155608
-0.479229098181149
1.668142788238326
3.449561923630609
1.138137069767892
1.072530003602150
1.592884767783065
-0.617820460675222
1.595837638883907
1.602594129206232
1.963697081878252
3.624993280436300
1.384708961585577
2.487243475248540
1.400886245141353
2.453048200139235
-0.182327014841180
-0.450989245506506
-1.441223713937953
-1.553216835096801
-1.834381792485811
0.209311170092475
-0.425514144918107
-1.540199762827920
2.444868415708724
0.846517158836775
3.166771036524827
0.531352019284746
1.758286775820565
-1.575102970300026
-0.652134349979121
-1.846043663661469
0.925533684407390
-0.770060252225968
-0.115690399130956
0.661156755699088
1.577545118135591
0.343277011789409
0.489767841989131
-1.307155726565087
-0.749441076210123
-2.923561135720113
-2.486113728178990
-1.619544843846598
0.308385359764843
-0.304558841511340
2.120600960266941
2.727216514137830
1.810731010949489
1.443936295719223
0.033746622762600
1.598378341535069
-2.072562752968771
-1.044118336208167
-3.839021308067427
-1.085688106294449
-2.314743296172143
1.889273150359812
1.289247723006560
0.266459634004855
1.870677549001002
1.155579428432266
-1.628637671289890
-1.898768336346893
-1.253055152909475
-3.388713929863580
-1.068359926657436
-0.669729199984144
3.236672786196587
2.330194646179049
2.237276211047249
0.352974710630636
2.999883275948220
1.396419158705305
-0.408924130724979
-0.599537267059232
0.390821420646953
-2.942520025247856
-2.490512878646858
0.076604230467992
2.471512813479947
1.747408732039508
2.260367584193274
2.945417299725160
0.378985311824747
0.367381014501690
0.848896018455557
-3.193004034081260
-2.490941887471575
-0.818783707517263
1.000228935799266
1.283892943090499
-0.140405866228797
3.737130030675547
1.926549404572563
3.854392719774114
-0.175721725711331
-0.407221357634809
-0.347844931725796
-3.829971254416656
-0.799406369958940
-0.377926312821798
-0.403821062224500
1.532984630909741
0.583747335152839
-0.224414728493706
1.565535712933811
1.704702306673303
-0.775945806892116
-1.429448484783606
-3.514093361782678
-1.242165667454156
-2.086219185702161
0.543016849325574
-0.879746653064368
0.314354614473243
0.368314028243550
1.486008358803606
0.516297658227142
0.110795186268485
-1.173917719674927
-2.242914810345026
-3.510702511927277
-0.924951163889353
-1.649501549073491
0.838356181536137
-0.643426081675306
1.368902430410996
2.785060882193942
0.473664415387088
0.504579405773884
-0.505348874696523
-0.583371457475002
-0.737717013802763
-2.959406532387948
-2.035389872238973
0.671176088796125
1.502389245673133
1.670504015533263
1.478170287988196
0.258094230420233
2.230790770692644
2.775505385589057
1.001834855699764
-0.258793443064839
-0.643887569094513
0.560019027387797
0.755944373509995
1.185146465069962
0.445790042151057
1.432445241640001
1.699449961958190
2.699845539129449
0.959077178881329
1.314065113352331
-0.562109783654653
0.948315389198160
-0.162717562366116
2.115627464250392
0.614770263420074
1.316091452054842
0.331478754347490
0.706216988155570
0.270312429468114
1.248896032293353
-0.477351120716873
-0.116783035106596
-0.453778572459270
-0.384422182935457
-0.332604429496554
-0.336735172681765
0.695896831501202
-1.886029251551417
0.840010257145156
0.503151207532195
0.926803481274488
0.538338810238575
-0.221291774080979
-0.340310067791221
-0.785041662997615
-0.677401911682079
-1.523944664185506
0.129743102124864
-0.699950710050094
-1.184159019794465
-0.909201249567429
-1.441269878684438
-0.826685666239740
-1.668757111512166
-1.971901294724419
-1.105372378472869
1.235860639102804
-0.377502240714493
-0.640582098379465
0.673487921410054
-0.104929178442927
-1.155040975338232
-2.501887181839671
-0.680948828799105
0.075708869152600
-0.051555130794943
-3.322307365394066
-0.708452012220539
-1.644963154346040
-0.207498026401803
1.794701331650823
-0.307803297163847
0.388471668885572
1.314469921768384
1.240241555118205
-1.320314326708802
1.214141202695631
-0.504323379610875
0.087832742009091
-0.201707375034289
1.839240244787739
0.449819074324546
0.811682657512807
-0.487550175211427
0.260898128393292
0.532118748981510
1.888400393291561
2.479685731850682
-0.243153731830026
0.666659500163176
0.372826062716919
0.860909782410849
0.333658012995367
0.580996752633385
-0.016026488905705
-2.067681449712774
1.643075729134033
-0.024099789385165
1.658549639647460
0.115882253946328
0.246729538673344
-0.025540900824246
1.506399517066837
0.477311104766675
-0.488178236563517
0.976531364620285
1.156842288487719
0.403512032305410
1.563584046242966
1.681551808924330
1.157836532407412
0.930022953894085
-0.694335523106725
-2.646891438055075
-2.208887517990878
-0.050576726105713
-0.549783700000776
-0.244366511952690
-1.007864182310409
-1.305896168214878
0.880600349707256
1.017169963138291
-2.468417473717121
-0.615759074054861
-0.605774317929359
-0.085453527077659
-2.030503205482777
-0.532619690692674
-1.851556091471680
-1.055601314201396
-0.083588511044298
0.189458769847514
2.301581833801877
-0.030796170592480
-0.208825290236667
-0.551293003049881
0.063836144787054
0.742654749138269
-0.755013875522151
-1.711358938990667
-0.649548708058588
-0.206830694670901
-0.747393278655432
2.858918294127365
0.911425061148729
-1.043125948621496
-2.534191362973793
0.166749779870332
0.146513099507373
0.800828469575027
-1.793407017377187
-0.337239039382472
-0.295938759620180
1.338335160239750
-0.135280632458781
0.882994180781616
2.118111371873830
0.921997322421130
-2.253465808150631
-2.098965317786059
0.682702740510665
-1.051876095262312
0.186946537686257
0.679590879857906
2.132549509433852
2.577208452294633
0.733927128854984
-0.732390699208519
2.150063329635985
0.540200882062715
1.516693957586107
1.348965253359757
2.180192550753154
1.476567552324623
2.018272313776439
2.453909692325595
3.156696611922841
0.282739586721548
1.106255064180343
0.644895635825474
-0.331489017042111
-1.537108407302703
-1.817601670055308
0.044243980242260
0.045998023098580
0.804216051887341
0.596524882280002
1.079809601671519
-0.055391455980952
0.084326578650823
0.056425042073360
-0.578844158697132
-1.260937894673163
-0.905764359471163
-0.182784588856041
-0.878277547123364
-0.947360394794796
-0.579989211087173
-0.493145247655073
-1.083203508139779
1.980812069389498
-0.779529177856588
-1.896285968056274
0.070197027706343
-2.118506157788247
-2.158073153336045
0.136203019557126
0.596672582127626
2.069010684727550
1.126919130136953
-0.088128234255237
1.025663168418346
0.397340540521830
-0.906329779215607
-1.909460092425287
-0.828058149450213
-0.547426679675747
1.659560286695652
0.357981008786942
-2.257613904343025
1.606642326742632
1.967411546967815
-0.181644595242954
-0.551746275759250
0.282835284211242
-2.456397624399712
-1.590319945681690
1.969456716207909
-1.111515730399504
-0.937950572254723
-0.137168621216116
0.635974502728786
0.085425178070886
1.349048921951704
0.705016117508067
0.293624054979747
0.869849312926030
1.237373681393718
0.286951732926237
1.776730280941730
1.259142762034231
1.498375701307330
0.960671114508990
-0.219111557633156
0.096964629351868
1.269922934775019
1.640428766025338
1.404353595229723
0.209322332518810
1.862235966982166
0.702547568363971
1.323085502566246
0.738111410302420
2.953717374204407
1.245130916500206
1.218160105768688
0.266548488652152
0.223575940596542
-0.274145063728923
0.081128944757947
0.184792554047698
0.914743044047641
0.408433614163822
0.350916690851820
0.651768260875116
-2.440350042996559
-0.324281265768221
-0.760875176224529
0.962809267722963
1.470264070920327
-0.337665601677196
0.635165943362381
2.942031205734195
1.021360956104020
1.938768574707240
0.409423068489326
-0.355165011981261
-0.664206934925438
0.692895174121261
-0.791605226766558
0.427687042493694
1.634151921931361
-0.215473053218418
-0.853090709494013
1.650547002815383
0.443777579733175
-0.307411107597019
0.059674860315415
0.177813302101125
-2.816034749135144
-1.759359765240720
0.324496403187092
-0.753958813371231
-1.597048091158135
0.640061494369923
-0.949774430893653
1.622779446762668
-0.302455385224141
-2.245550097764559
-0.730068849610698
-1.222800872602149
-2.133200926240998
-1.266194829676736
-1.247911923629566
0.181392971057759
0.970912027157511
0.824111351408111
1.103363800765217
1.762088133457450
2.047175701581990
0.124157908042718
0.174846050010068
-2.198255892433707
-1.722274670248444
-0.358738187281087
0.472312010285704
1.962092486065373
1.749188907220488
1.375768580844254
1.291898352896555
0.623902655968142
1.499171643746892
-0.856821995966708
-2.763387749404288
-1.890409661644648
-1.087763008560343
-0.148560064305510
0.000335001314457
1.880457144528800
0.421586687794990
1.408200654536584
-0.864721312093561
-1.149293404846528
-1.006099706586358
-1.425234128003249
-3.758016165778644
-1.606039471394883
-0.142970830847819
0.209008166215893
-0.930302796889453
2.615311701571017
0.390999665185688
2.892632361260971
1.405309902280533
-0.012352972468072
-1.170321473620575
-2.055462971137336
-1.029433122014675
-0.708681524623151
-0.702652425752026
-0.586586493559150
-0.765234022770809
-0.054341438872205
-0.021606631406664
-0.987578863112411
0.643034207019563
-0.551754550785862
-1.645313827118022
-2.163456456794577
-1.520631665072753
-0.176582535658893
1.314622543752492
0.568325695590557
-0.610402029157907
0.057771112164694
1.269682664214918
-0.077357178309880
-0.706595697179753
-1.614239392090147
-2.060754823521054
-4.363134724522037
-1.040361362475188
1.072549947550198
0.537927354455030
0.895500928735559
2.693980764534321
1.169829899555383
0.564966861216260
-0.965540793835511
0.350773393200425
-0.717740135498795
-1.775155502291315
-2.102889708101989
1.166198952477001
-0.839327396141312
-0.762097446559527
0.167335532313372
1.039489748722495
0.361934483188026
-0.358094099987943
-0.709162224274145
-2.405000109050521
-1.259110804055909
-2.465953565504904
-0.092117386509380
-0.675734667833908
0.904266127984450
1.088873451976138
0.172774368010111
0.621644611884199
0.139507353256525
0.435968804068137
1.460830158859364
-0.042924307466043
-2.268013493994301
-0.640459661831145
0.305954566306798
1.329592486540645
2.015760787288649
1.252513777911261
0.725038727171244
1.799431283971683
2.014514892151503
-0.177201151319490
-1.102500123011711
-1.526882315312783
-3.010191942157471
-0.218510639566036
1.803746814864500
1.852003901881438
-0.654061141211806
1.544864300108363
1.031880975054534
1.697618579568088
-0.822769668409002
-1.505306697373520
-0.949142274414196
-2.137626609954974
-1.978916781902412
-0.115376333169522
-0.706384373289560
0.172626904336393
0.284150120251906
1.030452864136666
0.746944409402463
2.179361904724601
0.749837220933371
-1.717764645953357
-1.244706177466949
-0.710558905875838
0.349407795425293
-0.111818269141747
1.043187711672565
1.399023068699265
2.176921717719764
0.457962037151759
0.465608508038261
0.997902129287666
-2.153009954639907
-1.550797848203575
-0.215605733578199
0.591015289225823
-0.962419292448657
-1.506654503360870
0.063890969224539
-0.267752136824329
0.341490803233889
-0.300621652521367
0.538661592537163
1.183351000163643
1.462631562704375
-2.711700466620437
0.468951480506709
-0.670047130024764
-0.617417309056137
-0.103149957933092
-0.102564657382456
0.245547918191839
1.326380556828968
0.122605885207162
0.418724856622873
-1.058081650503515
-0.893935772608737
-0.795286112710543
-1.205255050657095
0.094176274921203
0.338409137234256
-0.175534962728156
0.769616819687582
1.499052672218027
2.570339162032983
-0.369295649792762
0.690211630470148
0.172164873381228
-1.739992763661760
-1.164607950837661
-1.345764804849657
0.206846560757707
0.079360603610664
-2.823614901926334
0.415480684448611
0.208380466070953
-0.403189586677550
0.951228864906227
-0.719326047936388
-0.976239926690430
-0.790215555931150
-1.009718188866289
-1.092098733402876
-0.609263124609489
1.130089663305738
0.684825205591482
-0.073733475747735
2.782934554053641
1.161020114642136
0.589031519569560
-0.484581447572569
0.332370259802246
-1.606080040601647
-0.496439821623834
0.280540684285984
0.356944796244363
2.948114330552651
2.554407066927372
2.363654035918108
1.851878716569257
1.607517952947133
-0.797241574564411
-0.320315534757903
0.838687667824240
0.838174207567686
-0.716492781192960
-0.787268526896020
1.595771736919519
0.851545904655767
-1.612886396290125
2.304932164467751
1.973876616001040
1.110558771138037
-0.421727759911104
-0.940462001891422
0.103236607081031
-0.079244646247195
-0.186654023172904
-0.798238905215264
1.575589731582841
2.926731922213675
1.065473192432882
3.097288787730419
1.415396350755648
-1.187472597036173
-0.232302103929761
0.518021661600933
0.120994225822310
-1.706631879115655
-1.117482837638025
-1.282797041054807
1.582899608761200
1.189746241116718
-0.800934849346766
-0.035588091174334
-1.453255069221173
-0.716634718258263
0.210124933305371
-2.035374243186491
-1.560091275798073
-0.942980358681063
-0.374955415626110
1.225610688943553
3.742301976751419
-0.442221635412397
0.840100896742391
-0.896411145204965
-1.838464829886547
-1.571554741362682
0.196319749982690
1.631326287961643
0.379433877528483
-0.439542036862129
-1.880400912716173
0.593362441618159
2.875811090338777
-0.146390945523226
-0.205121711678472
0.407467594268840
2.048831776081703
-0.490210548576899
-0.625564923362894
0.804405774605316
-0.010670102602043
-1.576239588954300
0.534102438885148
1.025685241212165
-0.250930612023045
0.401633500549815
0.585668764376514
0.042974761369568
0.816645053917149
-0.378679126637352
0.525481439794962
-0.992405974293821
0.270879366681422
1.757591927388142
0.773893013288636
0.740090713961481
-0.603961455404371
-0.255894739536184
-0.649840759962846
2.780646040457217
-1.128179883974743
0.910712652372833
-1.024812201439192
0.059974275802162
0.016092928114890
0.360262259698496
1.013963529101937
-1.310044594371323
0.850027002837318
0.257982508332321
0.588049306664100
1.889406030936489
0.327244828824691
-0.338029595076980
0.007479787163041
-0.288298206252291
-0.813951825264316
-0.284497307857234
0.878945748572576
1.634300116654163
-0.279252812762317
-0.243446512430151
-1.285573722347746
1.022867753595941
-1.615568120267283
-0.982579129687278
-0.187785526464734
-1.259519748964530
-0.197524152968549
-0.685826346312096
-0.499520391641707
-1.094375857622049
-1.305815774885766
-0.509633302595039
-0.592319924027994
-0.708463295787735
0.199051065553538
-1.683086881895796
-1.124777164884656
-0.796596921151589
-0.707690164619458
-1.095434812550396
0.961880017661573
-1.159795314941863
-1.843582367093713
0.929314386986288
1.524083184549356
-0.061967457993670
0.363401973149446
-1.198712982977814
-0.607467528979585
-0.053956364652599
0.290932445784074
0.822109932399545
-0.159103644872461
-0.440919140893992
1.133946116172856
1.064382335757392
-0.022630431201863
-0.211332042161694
-0.740934636147735
-1.583696021916748
0.126716487167392
-1.400050735130389
0.013542204511303
0.283126069846933
-0.906745395085340
-0.481732154513903
-0.876460944949993
0.674475212402966
2.814616733170653
-0.333960621035524
-1.094443246892054
-1.442990205121149
-0.750824351625256
-0.417702335169475
0.369737111390205
-0.071217701424386
-0.576754906631585
0.811824475990266
2.014542476190648
0.744120253260085
-0.149850964932611
-1.963753036218993
-1.834240548944128
-1.288826209458436
-1.418195216526092
-0.244059419582955
1.559190945876422
-0.568639936964267
0.347562711406204
1.483834837196743
-0.086388778900047
0.805335616887135
-0.642046375028064
-3.091721020412741
-1.874507958939640
-2.249952818037554
-1.991684489458829
0.851416803472657
-0.079905793150788
0.957329016912294
0.524615621991589
4.470083719622572
0.869570718799349
-0.346412516193544
0.153720905564388
-1.103780146083732
-0.419724804913861
0.843960493077140
-0.453654480910739
2.340341368554542
1.881915457205368
3.276207233331101
2.157911139787093
1.725549378816874
-0.035224696332654
-1.610712727512752
-0.733197851213456
-0.883926221991278
-2.614716435811006
-0.026810248055157
-1.654656787377843
1.370249180200525
2.603374604258201
2.616677137233859
1.067372975866821
0.786873618021750
-2.437638007156886
-0.893048637913020
-3.700246158686855
-1.415906360092423
-0.679211938723378
-0.993360551643437
0.882537616582638
0.936266622377734
2.635887556719617
3.282960424692031
0.544596133403693
0.422292069293973
-1.991519809173044
-1.201865765763974
-2.874237782558063
0.022308271611667
1.432887062231224
0.976843077388921
0.330323151764933
0.771121236611844
2.273296450088228
0.042231252552410
-0.761838364846734
-0.540954900976812
-3.095995498978345
-2.832556786350356
-2.140491409279982
-1.282772932737121
-0.578512494272429
-0.215628980531699
-0.984512473431475
2.156498971516340
3.577160619058277
1.191592462744911
1.645184163358555
-3.004146082465538
-0.297393879136354
-2.412614997294785
-1.857183837552882
0.008777739390062
0.330428330449992
2.035260527754512
0.100644094303535
0.590102169604201
-0.526949834245773
-0.308834279661962
-0.098677639967404
-1.538865955379735
-2.197961833230084
-1.229541060985461
-1.379076962527747
0.773742881643340
-0.057981904564368
1.114448282191889
3.341392560740313
1.272941488004297
0.802871112506767
-0.294224268419368
-1.547282161035982
-2.163184280486695
-2.170224360692340
-0.784007992610711
-2.339721858831932
0.461479608084554
2.355633452830923
0.854834693046701
1.112999547507150
2.255831425688689
-0.856764017274844
-0.454862696694948
-0.889004674617055
-3.724082725704505
-1.555147748444786
-0.153781064162766
-1.186882441235929
-0.825511334987590
2.460665073677958
2.029681072740883
2.472807710445193
2.815785764289245
-0.465014811564245
0.150680431374554
-1.869280772203332
-1.522949744411566
0.627703158645334
0.778897428560230
-1.009113743496918
0.133608017478001
2.364253697055696
2.916649096594133
3.832308802216405
-0.008829929688285
0.080599979579793
-2.349203705258147
-0.729910650850866
-1.725096757036436
-0.940934150712391
-1.038360978998865
0.394934141046149
0.634496088992396
0.505898714687030
2.264778274240835
0.399207719731125
0.166513589913014
-0.572698256035800
-1.130275522136890
-0.641702101648644
0.911252474690509
0.178193932205692
-0.157739103971621
-0.063570038464642
-0.707323847145909
3.702047342412278
1.224781405242629
-0.674974533173273
-0.665723724935687
-1.414198753826065
0.348966796805314
0.136543663772453
0.761599377226210
2.131469353879423
0.362655937700331
2.247738649231900
0.522142751235006
2.467211209034155
0.492694944389121
-0.905879856841898
-2.448629968948543
-1.321348628047052
0.033270767180880
0.833661037809347
-0.088769371821100
-0.202385884484263
1.384091017517609
2.108972604551213
1.544541890838218
2.498686399341536
0.364607791355494
0.723534629316189
-1.177856533416023
1.245213005642679
-0.207418959070059
0.096269068189263
1.705835373667833
0.190384443335979
0.504643100046552
0.948277583547452
-1.514671859435467
-0.037998543068987
-1.076555676576922
-1.135635599806835
-1.014704152220710
-0.904984641203995
2.195742250610606
-0.682905960558195
0.612641197963280
-0.537923231766012
1.634136893794449
0.287270075525612
1.519360645175317
-2.208147701223995
-2.980074086320062
-3.008189298243409
-1.307386208737328
-2.098070780156743
-2.245508866887215
-0.694642198941959
-1.187747789914026
-0.953775129811705
0.678361411914427
-0.378597997386821
-0.032003276747588
-1.709175439900847
-1.273950794782090
-0.336564791406529
0.315098188882214
0.396643055622098
-0.373820699932314
0.690924369357569
1.205952276552279
-1.819280120686793
3.343266903986350
0.442945214366878
-1.363413067123906
-0.812487985207694
0.185148592872431
1.496701990758385
-0.248957958350787
0.141712655364715
-0.225249431841121
1.206217312661368
0.594705101363412
2.793925601989706
0.967925550184899
2.033560162314904
-0.104876257729377
-0.359776624685380
-0.103681658219995
-0.323981735381366
-0.413810833629761
-0.554350139651973
-0.458054625157353
1.013864872655472
0.027642466086673
1.532886517907647
0.433507409603151
0.886230627962106
0.399681785558510
-0.325345961005558
0.636868682500701
0.990441987882624
-0.871497622819731
0.313166060354051
-1.502848251680290
2.159475357847938
0.505789194098173
0.684652852966001
-0.482323622632867
0.298272111210953
1.344787231978066
0.758348133277204
1.025969603010472
0.862427436410531
0.667973685519861
0.990861876351777
0.848391236167405
-0.780501321967941
0.262991244691100
-0.564739191509429
1.319431847555134
1.059660830159985
-1.311637463417324
-0.534101026466381
-1.112080615025157
-1.062783012970022
-3.200248625554551
-0.298148545828447
0.506609525732413
0.592633264813314
0.156873728910914
0.528867975107037
