-0.612879055473205
1.044335246230747
1.119233575545791
-0.617620605928756
0.205700054921172
1.438315829314613
-0.248729268017713
-0.589903255284560
0.794731516116899
-1.186434313933999
0.728296378802718
-1.439551882518090
2.013642165528311
-0.128767465035196
0.275795002787621
2.028763950909090
0.261103200754766
0.712614503193127
-0.371364716572105
-0.143086803118503
1.206107956162398
0.175705122394743
0.919038936309262
-0.153161938294717
0.501007836405013
1.422892537062133
1.252655636112159
-1.254676125003464
1.629530706810447
0.517882050607372
-0.194323692118397
-1.993296255966598
-0.290161292095167
0.852051189312718
0.880155684538880
-1.277924486815456
0.272488303156341
-0.265485990037254
-0.102505733665881
-1.666436580655429
-0.428840536526928
-2.139715763234334
0.043089049212155
-1.074967778273661
-2.445357980107473
-0.460464981470521
0.137333809081119
-0.620585399430827
1.441766923522445
-0.070700256027873
0.963682750044490
-1.364124365777423
-1.227444998023217
-1.933894339022411
-0.155687625255644
-2.040860274282752
0.118862327071117
-0.202286184372249
-0.148980006322107
0.973850290330310
-1.371651693066308
-1.781152044283308
-1.294558048145233
-1.614104151719655
-1.646597481883445
-2.378595914261297
-2.154856796184087
-1.387463859229369
0.771748250107757
-0.466243363596919
-0.038716610813062
-1.638512783909918
-1.127909292904111
-2.511087060625076
-2.484568479155264
-1.811566554354564
-1.647395389282737
-0.978398833177080
-1.930600372157175
0.487826660541236
0.484418582851877
0.011873742572256
1.338008779278627
0.857819228865514
1.166099650859061
0.889122505229331
-2.478484073894070
-1.744380460244647
-0.952718859646750
1.055049731945569
0.321093032266461
-1.440022458775501
-0.569685553945452
-0.189627903668484
1.157811333603302
-0.192343241806365
0.254400432398678
1.692693888422584
-0.988309966754216
1.916600445038287
0.808758637184193
-0.106473288597734
1.177620392458981
-0.190919449507746
0.875405574100079
0.052625521163216
-0.234199519353186
0.249643497164603
-0.094539647832372
-0.306050441618596
0.640010655788170
2.000428564323117
0.549290856685252
0.224003072953327
1.043737319446810
1.118398756420930
2.713398270880566
2.445737515661737
2.043588625541609
1.602667278116615
3.962595888644460
0.845683380176696
-0.069809059177215
2.680929676703994
2.312757580649885
2.600681381636802
0.967836574871400
2.239894541078792
0.858230612437119
1.826451430744392
0.677432189740379
1.751923543235011
-1.139384170987944
-0.890427183485655
0.549009671316945
0.824723112863397
0.944782061439369
1.224734019481512
1.048105314978270
-0.216596342608278
-0.572394408852239
-1.103348031769076
-0.550959164268905
0.740542018527800
1.719719367733434
1.120129686362783
1.148641065645973
2.274257100163406
1.261684024607790
0.704804873275302
-0.138484783004334
0.232335417875066
-1.506892272448779
1.038489099338235
0.378608425712207
2.364327082488819
0.724528214110455
1.695090188935900
1.609083438587583
0.610323393975790
-0.497523239494315
-1.033315759306561
-0.559145098493226
-0.159845011650832
0.352316011400116
0.363432034843389
-0.220040933868542
-0.144972470354414
1.028857019891489
-0.061434592178280
0.160571358450723
-2.700070439474197
-1.791965807965202
0.305837397463373
-3.219991159268425
-2.134813765376664
-1.879284020225869
-1.219968624566542
-1.225139468460019
0.639947086520517
0.321018188242710
-0.042580421293468
-1.116425320036189
-1.095040252018948
-0.295532110808915
0.504338103378593
-0.009656901875311
1.642576725746725
-2.008191752088284
0.388207837289380
0.679921489861014
0.565977926770472
-0.423962855326329
-0.651300834481649
-1.106189618494142
-2.637389573351062
-1.864222916789172
-0.829634022637072
0.388052556545647
0.392239827372018
1.567522338573883
1.694418084675143
0.619559454703578
2.695771985268511
1.838521995531639
-2.093215180278020
-0.040851835789503
-0.235361242996688
-0.146350546426177
-2.067206247279796
0.670307881638552
2.581973145725323
2.572134524537281
1.825684738187343
1.320207451728852
2.307549247896630
0.099768092225036
-1.555213915361306
-0.403410625642850
-2.377139511405831
-1.797146761295795
-0.244401258561359
-0.877670926831189
2.037697127705816
0.730488540375612
0.246513148543353
3.160738134308591
0.337125867471210
-0.472771396188144
-0.770120529763611
-4.050730734931923
-2.551588263068743
0.033235074424719
1.245681492397216
0.992642498751104
1.511424541758689
1.218847239630176
1.115688507871039
1.110208581455440
0.178546842873812
-2.392476583389402
-3.857718766137650
-1.625043995615008
-0.066187705921718
-1.361680669406787
1.187340600502147
1.810117740512419
1.102820766801557
0.694456453533359
0.693470429330105
-1.245444817826103
-0.795451179993667
-3.103577365339434
-0.371988710968068
-1.285397028232993
-0.745828639194530
-0.963982785753802
0.294076237312782
0.576036085183509
2.537339927000181
-0.293551780202716
-0.200359496902440
1.089513215862695
0.212610933161365
-0.945313792177041
-1.979513016033404
-0.169345610561981
1.840664751634174
-0.001637418947846
0.852611270558818
-0.457769263557396
-1.419921422741624
-0.435905721053627
0.216360747472252
-0.413736939937246
-1.834843349041232
-1.340441749569767
-1.582272184956319
-0.277420237123800
-0.633182819034865
1.810030037819949
0.412802963406172
1.840511433367499
0.974211491438769
-0.113499352343118
-0.820720040364735
0.241392279609926
-3.276509786654177
-0.638409644138174
-1.108007415590156
0.175391847702735
-0.194848739961974
0.780996613718563
-0.380448430758263
2.339877987730421
1.554257796188885
0.304892835656788
2.062737378954854
-1.958815947781599
0.392194604219557
-2.176131908376440
0.796038095552782
-1.086153279764210
-1.777299363131560
-0.469563607130252
0.326671950174044
-0.101652413884005
-1.053035760174617
-1.975435220294555
-1.896933991246860
-1.641937442557304
-2.813665859293596
-2.815829910975123
-1.128737173837142
-0.447475100017414
-0.581550195012760
1.187327543044910
0.263535104178662
-0.492057724886682
-0.751572189489646
-0.631496723508759
-0.695628981790207
-2.325092417725112
-0.663967931511313
-2.332081209568083
-0.150292430949188
-0.085468974751453
2.340286086290930
0.484582507644749
1.428139384714247
-0.283158947760299
1.400873368987316
-0.895751494942283
-0.741354465197376
-1.051714700406942
2.095660428301573
-0.209547360675418
2.005636721474950
2.183829041978431
2.863295714977523
1.962068348818738
0.820268768810406
-0.160347861425759
-0.250804979771869
-0.875025119546063
-0.798506044424913
-1.851114835740318
-0.957993172173209
-0.004124171401152
-0.735615718499246
0.108096969626053
1.117963364159207
0.645660728032554
0.019768831852692
0.096245311533243
0.474606401489609
-1.779368275560645
-1.546390219546681
-1.633725643549564
-2.392771940984133
-2.107851935981805
-0.764109867817879
0.376336502063762
0.176646151441569
1.088773087358541
-1.465572937519414
-0.803780043838551
-0.922275546297299
-0.920267428375163
-0.706169216780551
-0.144772511274102
0.211579825229682
1.448662117270974
1.530826445778045
2.608110152886323
-0.014774454288827
0.755797685848806
0.480311107849655
-0.093630250874269
-0.803507499564851
1.027594561371014
0.421056808010522
3.277742541757443
0.792915557853317
0.959715102505671
3.161166276326756
2.809042710358528
1.564336959454391
-1.220622222951024
0.174324792595085
1.104384186968816
-0.259319044021618
1.878392255359068
-0.226646716680034
0.577557237351229
1.008865974760097
-0.381273978400305
0.320401076084447
0.967936732151946
0.749381058474303
-0.591013001420734
-0.140121444579923
0.388388844258631
-0.788443795691300
-1.098630253524217
-2.146282836681113
0.649766847460969
-0.021310784680161
1.133631340123176
-0.144860832791076
0.050505293507141
-1.457842318952398
0.367062158257683
-1.511470389971872
-1.076446478303333
0.609328369641770
1.036387596755884
0.005667124533305
0.563329208646209
0.930435309867354
1.554960400068391
1.814405470655182
-0.117302711782918
0.221014565209568
0.214452709045671
-1.444070262523001
-1.317451863099145
-2.264464404413171
-2.367637953721880
-2.069431182926594
0.886416971833386
0.850228790242039
1.370899201302381
0.896859372954504
0.364255778806649
-1.022494334977972
-0.750552127165131
-0.994836004192087
-0.396308591417530
1.501595060972473
-1.623077088699748
-0.206291630412125
0.517663833862263
-1.226573040497275
-0.868495627583134
0.474350721244353
-1.286009298848138
-1.813455374421090
-1.053160038158367
-1.715675302223545
-0.540944312975107
-1.401413680536004
0.447380483794853
1.425382099114612
2.316011102282776
2.094155436261374
1.659338473551397
-0.043572695433839
-1.645125488061985
-2.373737237246903
0.823595520995046
-1.863478620045453
-1.635644081663500
0.805006894576720
1.126991314079482
0.733988738943844
0.340791921283070
0.644757524918023
1.029581855267970
-1.882591507486265
-0.825399373921262
0.793675843488521
0.242654242826646
-0.041520406195156
-0.653691713517452
1.339043502957359
1.807267385859172
2.309291146600209
1.364603255460300
0.580064903295732
-0.782475556961149
0.999560164066311
0.557796937627205
0.816848592666300
-0.280774472406620
1.049411258414271
-0.407142216806125
0.175278016490929
1.652795667705580
0.925278378037664
0.258509288443402
-0.409952914088579
0.668512821757138
-0.980893126675355
-1.375123647304457
0.269285489868880
0.563705596121897
1.012907028293261
1.437081504393727
-0.850369305329530
-0.104758291689530
0.779427296933065
-2.261437337094490
-1.219696622831779
-1.286094975024816
-0.639371905646007
1.467281146752427
-1.754021333034947
0.595034865097591
0.344282840038162
2.442091954519362
-0.182970802158631
0.393447624583113
0.853281276556189
-1.139227928039819
-0.597731412953541
-0.861034022869941
-0.360514133421274
0.108363023765255
0.511784898712787
0.728113485989589
0.763440334120921
-0.584354693120238
-0.371851995137362
-0.749183383456354
-0.635562952603322
-2.229360855993449
-0.410904790537687
0.228406389683826
-1.048873606226218
2.478089405130666
1.330315382262013
1.331051869247631
2.348698787267429
0.607227971876488
0.560408206981918
-1.203839399141190
0.054271215322907
-0.054974278827881
-1.218284126637742
-1.128955907014505
-0.301020583212005
-1.144990604758168
-1.793758491994256
-0.268782839801342
-1.066758743006716
0.382389914983741
1.175018300856495
-1.204638902937972
0.281867763112225
0.703384419978600
1.827368714147682
1.328966439016098
1.236961173997560
-0.340162624181916
-2.489838876784685
-0.283127326814082
1.666248005856901
2.407949970030218
1.043394401744287
-0.706915789866077
0.593996386500338
1.013954072759383
0.303391352757576
1.531373114575569
-0.751904983735500
-2.407303309224167
-3.381447906753929
-0.074448789516427
-1.010194036126037
1.735991745768710
2.036513128971151
-0.627848980007058
0.568163377733780
-0.115749427984748
-0.454337841339451
-0.502983758381254
-1.392086812404183
-1.288305274681162
-0.439019198661740
0.897022837946147
0.118249496491704
2.274618727735836
0.449012671281497
1.048613293584554
1.427250270524178
-0.441447041870696
-0.331951688439883
-1.506144485385664
-2.748148186851182
-2.275858769560791
-1.058113809723264
-0.610437157297044
1.040678197978643
0.217678629427828
0.441748420259020
0.658882202634997
0.078423436562078
1.154661297714618
-0.531613190738190
-2.169974173075362
-2.385822481207548
-2.128392130821313
-1.355219130774794
-1.487731650287647
1.165172908497594
-0.204035827235739
1.707108520216675
0.806690282659400
0.719571718357157
0.454919244729236
-3.609456715103915
-1.550385951674280
-0.923229272854558
-1.503557706061795
-0.473265193279023
0.290456434790187
0.133209827063262
1.065941760746774
0.061647825863106
1.703125648127139
-0.190666814852330
0.465197672034801
-1.030278962939999
-2.429013126441197
-0.304800378152819
-0.056695348860370
0.785390338226500
-0.159753510278144
1.095449240500949
2.131989144270711
1.496573687547014
1.350622758553937
-1.560645829918490
-1.609561199679113
-3.874607138534146
-2.325097155870978
-0.493829294487873
0.093257784872296
-0.816115553965918
2.475255994364886
1.827598729978121
1.568742148963336
1.740769947947032
-0.370543675397910
0.684865945777410
-1.112107293050057
-1.170546701019535
-1.901182642382187
1.018046083330601
0.385901868059082
2.575574863309734
1.897383994293786
3.855205693509980
1.974308786955004
1.659672814396734
-1.344566651094211
-0.051229668104172
-2.214560080857982
0.273567622992587
-1.906238241476666
-0.945954569190480
1.444440731971362
1.679970500808637
1.946354364999212
1.593505607743535
1.856915144827345
0.234812657008645
-1.134774820126537
-2.400350371614388
-0.565801388685816
-1.681369115884663
-0.336566052585407
1.540990316343698
0.729055385402923
0.735687320127302
2.657625242801419
1.292355624331072
1.035489817549461
-0.233728361671309
-1.680646763189958
-0.395386974769248
-2.809461548223698
0.572133314544770
1.259383809609574
1.895096318305635
0.728913189658212
1.553691424192598
4.922166720915030
-0.357186004291290
-1.165001008448280
-1.639920401479980
-1.851105870152342
-3.089872143091529
-2.058551987746910
-2.226922064389035
-1.473898967877848
0.153883109835111
1.575914670736961
1.399687782611197
1.616693171785801
0.973314119920833
-1.092172411167880
-1.713677165364967
-2.704196546766999
-0.498494253512995
-1.651192298195610
0.289396558021436
0.950848146272693
-1.094196560734269
1.015028154756326
1.944239126526528
-0.238638223834690
-1.912286455020592
-2.097615324385492
-1.684448824954680
0.190478882449365
-1.356843522514723
-0.529375723688934
0.644633173810557
0.585319198006080
1.609118965403732
3.276153062127087
1.423197503809322
1.213850703025035
-0.198266532935336
-2.763086760496407
-1.921934137838630
-1.393427213520576
-0.077303562931768
0.118870556386592
2.661481302446664
1.437887403702701
2.590829474158023
-0.298334189663618
1.209435560371715
-1.154747257106915
-1.156446655936561
-1.392397322437839
-1.262888402723163
0.047390589053838
-1.763364522285099
-0.935361730684999
0.197589763471479
-0.854286950870597
0.454275447329157
0.706450679774762
0.546918351253490
-0.782630027019284
-1.738335183299879
-0.593196681839980
0.183964718520608
-0.796358186069426
-1.202587243546768
-0.254502155506122
0.121495617465066
1.770679563769566
0.847806013335767
1.347379542452029
-0.738058519405270
-3.075131604907910
-1.499788761551983
-1.785188703571834
-0.788368882316352
-1.547965624301507
-1.821690420139970
0.126114999972437
0.750940114332200
1.676038165747069
1.431512104023975
0.450960939469186
-0.182012479847114
-1.963889929310517
-0.452476938954082
-1.108226694355234
-1.281213451739211
0.750347622637537
-0.578353429031853
-0.399427699645145
-0.016970380547227
1.709156560018155
0.533376142980365
0.441165439846074
0.229169282881004
-1.789177797209602
-0.952085289151249
0.252387032564054
-0.750411701102628
0.369782639541437
0.932575126092840
1.344209797076108
0.476374167128510
1.864218160145741
-0.742655050447194
0.076655015478927
-3.274057073464412
-0.578236537168203
-1.591494961994842
1.056220025920364
-0.203790609350255
-1.396483856877584
-1.596461320540012
0.913732300828858
0.019467643284426
0.607829082069090
-1.369987842243879
-0.014870976145820
-1.649430604209404
-0.196312784257113
-0.596853025671504
0.735611638985968
0.935755953417747
0.866106102217529
1.266829385652955
0.930808598042960
2.161349704896388
-0.062685086724908
-1.349995382982694
-1.601385400017546
-2.302894671221114
0.862401665578608
-1.472529554376735
-1.339299078041784
-0.044359014928272
0.894240424429445
2.064283665590005
1.516922529847236
-0.392313814582344
-1.087104032913991
-1.387957878876525
-2.334868356632062
-2.695896712775062
0.073131660758777
0.432586641919744
0.934966723764711
0.611490626396005
1.467888081549346
1.765605368403618
0.526290951187870
-1.181012274904202
-2.543414991403968
-1.475650472687393
-0.663174079162028
-2.505137090514877
-1.874593653376884
-0.246171673135783
0.384013506708740
1.608683343169882
2.370330645064207
1.534935360860914
0.172243113827921
0.795189769879783
-1.284092363925722
-2.790382029762632
-0.419096650915869
0.147635583622351
-0.605472497777128
-0.355133832054661
0.071601544757769
1.167682149884500
2.133449293717351
0.295278403099751
-2.840296290592750
-1.824658871534090
-1.518056783665044
-2.662355835602464
-1.431675353522320
-1.511334212936362
-2.776991444922370
-0.028150537727665
-1.593488282545521
1.462285831594762
1.491290279367908
-0.350515111076339
-1.780376793461055
0.832086802060114
0.145593980896660
-0.803904223241566
0.045098365605810
-0.365511715357869
0.031260450379531
2.291981277905630
-0.196617004765357
0.684994098121129
-0.126858247798880
-1.347240258644161
-0.765476959044859
-0.950638520634305
1.353819314523202
-0.012629821189880
-0.362309628310179
1.047709796879949
-1.723463147285024
0.283508430294131
2.699222982250363
1.011808837320580
0.125013564010058
-2.003778040368604
-0.854759910138263
-0.644582917862115
-1.470875826447653
-0.806506527422445
0.351782608984957
-0.171372292051706
0.744337615889959
1.535596612184954
0.741220207615866
0.102349629934449
0.897682799141756
-0.740812765238321
0.732710287309724
0.517457865051179
1.082065805462388
3.126427420747094
1.368204316297458
0.454427051633050
2.830372851026609
0.574664562918608
0.765777549561302
1.300681769638212
2.243810541064107
-0.282564432449403
1.584805460301148
1.514029962550457
0.933514355632354
-0.329508819552911
1.407790347682973
0.216210713744710
0.570247831199081
1.411690629878721
1.316006608408694
0.319997898895735
-0.417465092126201
1.479974655210740
0.888426750897305
0.265854523399422
0.242853705067034
0.895874088472297
-0.788917685505477
1.270526925029974
0.939715407751824
0.078886726013669
-0.236482090739772
-0.798907733810468
-0.655521673737917
0.946188268695631
1.370693333842159
-0.749055444386981
0.206063434846862
-0.353543298454551
0.482416452913847
1.313172756797891
1.444765417785810
-0.257316488979976
-0.357345484120929
0.081385344367602
0.610597074939780
0.794959404993808
-0.900047501992926
-0.401796664656425
-2.236268135258238
-1.966042845546977
-0.484295674227848
-2.964766548775347
-1.947846403464299
0.574680994369173
-0.852332522905153
-0.005078169086829
0.267619415724513
1.606198276305266
-1.603546124434615
-0.231776897811971
-0.815261611761810
-2.183554879112727
0.017781064275879
0.456592792054517
-1.489776872587731
-0.411040598950032
0.434822568662172
0.388467009352383
0.358312080627005
-0.987187776842741
-1.163524893269838
-0.739810312851842
1.499044280419183
-0.865915676555964
1.453502884502570
0.789970136496076
0.349153687847982
0.937109044414356
1.634487497790580
0.876173792643137
1.816551862442417
-0.426253378240019
-0.339143133145622
-1.713067519892477
-1.652667497174848
-0.449923381316791
0.631580796717782
0.303109183193678
2.378089396986666
-0.258269742736195
1.701214525165798
1.242662760843043
-0.419746725652918
-0.540955080884503
-1.168194260360635
-1.074637301268969
-0.196587207037738
0.433534448378326
1.011434279050498
1.035685691131792
1.303282578621116
2.157046291602725
1.179008431693459
0.935103138754964
-1.983302264887800
-1.492243369515318
-2.507338263194892
-1.385131465479033
-1.325951645656230
1.124182636204170
1.461194290484364
1.057389583432418
0.401492764333890
0.526544427539583
-0.430502028821619
-2.409261804745826
-0.712243560242639
-2.044030358674673
-1.555487579876834
-1.030532010149875
0.158044229821058
-0.599201883700018
0.087619258462759
0.437712388034246
0.922649433891161
1.633007615589936
0.464919540918545
-2.959450510758955
-2.580361129691311
0.172377972995734
-1.086857921797336
1.044986096967519
2.238032125511924
1.713399046028998
2.676454471091629
1.232016106996916
1.192021979786865
0.788456162874049
-0.582498618609806
-1.435949115073587
-1.428781973725888
-2.511019030020460
0.300873243832686
0.913853194202867
2.227330418217784
-0.096331014029127
0.967537073323221
0.388898908719373
-0.186042990654988
-0.115800695303428
-2.245403227244310
-1.384086903089764
-1.790765266463594
-0.569429794024852
1.101600080473016
0.207321386095283
1.206156304868638
2.132956996920183
1.649052888146628
0.044917659210462
-0.852169156832327
-0.680042587617944
-1.064311401911874
-0.645918294562339
-0.430812495844975
-0.393027974153166
0.392521590152971
2.297039255435643
1.047955377544835
2.703839198378787
0.220361209940789
1.358183200883700
-1.197980709181389
-0.585352957401046
0.047163483963964
-1.481985884967157
0.066185869865702
-0.659479847474100
2.326976821018103
2.005610553576255
0.663134978731209
1.219328811556837
-1.873861281836608
-0.440535806839012
-2.589198558281685
-1.769359709567361
-3.154229183447995
-0.826917359624090
-1.555157160317589
-2.184231339649386
1.597605361816296
0.007713507384047
-0.636397105987070
-0.069739308145025
0.287516301295789
-2.430207110630428
-1.988053227132886
-1.920818189929282
-2.147733542660285
-1.344498890979410
0.438703948294780
1.291366695077366
1.487315354093977
0.929884091288042
1.354347880363969
0.048885419469359
-0.250888362365351
-2.100277700117585
-1.167361996786593
-1.419329996930827
-1.428984036354488
-0.659980623493517
0.413944258837851
0.614580596215019
1.549037590595846
2.212881299196229
3.154973398642229
0.685705371866822
-2.222851187012210
-2.252203756015311
-1.956787648767928
-1.560641339032912
-0.835149685710454
-0.568641903832075
-0.618885010271025
0.348675983584204
-0.166079849750436
0.665282355485913
-0.148193185735508
0.582568815158119
0.263848463593991
0.557195495824835
-1.771835262912011
0.429753214394149
-1.479823645081485
-0.908402457627994
0.871368068660805
1.279572499437582
-0.777109992828689
1.543764814110488
-0.816613460661404
0.076265947846673
-0.387727042027839
0.408873269943908
-2.151061057503939
-2.179314046966248
-1.754879515136449
-0.584191112124006
1.016210045675924
-0.381462685087655
0.478931900097142
0.727685570178945
-0.027014096335601
-1.958960188473342
0.293210608681367
-1.182171591817506
0.785716996857603
0.723748783477709
0.637352573836562
1.359669281872707
2.587791215345120
0.679927568457844
2.032769373751269
-0.426282238008021
-1.300432622194376
-3.389644336284340
-1.448527639014326
0.097449847097002
-0.758172531430474
0.958715440377226
1.300263711639687
1.351482388378900
3.189325701043078
2.700005622912561
1.864603071928496
1.964978599167998
1.244392489562857
-0.506513733790344
0.752481811150949
-0.752190575300431
-0.374207501916543
0.285155362396101
-0.352743169367360
0.268181621051093
0.066526921972772
-0.672345242792025
0.074821920270691
-1.254933910653328
-3.689961863156351
1.066929330056432
-1.164262977140719
0.201028558962389
1.100670443030479
2.293298943254225
-1.147458672625909
1.677643313258438
0.908814303922826
0.468649323915667
-0.664854493830976
-1.136718005488370
-2.372987523049070
-0.153598483859341
-0.698956411686916
-0.367100130363950
0.474929263815680
1.557769395149943
1.596770728467128
1.311173651708921
-0.154048688484028
-0.938186422016343
1.369144806977249
-1.909798941918731
1.258257580941516
-0.634039949748225
0.814358834873804
-0.306443615980521
-0.159491507530163
-0.086123691198984
1.400327789273453
1.021716192790921
-0.442627934902820
-0.961904069845962
-2.543961928888691
-1.894959622784512
-0.228697204924518
-0.029534649623933
-0.244208314055639
-1.152297998903509
0.222969577041495
-0.617895915384373
1.531246072739960
1.180860122618138
0.158835263800640
-0.090234282231175
0.147202319300067
-0.561148936216045
-2.823058355340565
-0.381726374344745
-1.517729943984183
-0.589159091592914
1.503802366001248
0.934618448469390
2.177716025392124
-0.420835283603144
-0.044210362206987
0.040159497809167
-0.485099226780282
0.655188761029558
0.237601817625222
1.004638123813364
0.200963291775984
0.566337823657851
0.909652296052198
1.046460289213850
0.548028139531175
-0.525271730751547
-0.590945348413402
-0.353725547418843
-1.017382785082118
-0.797567217929636
-0.327729143601337
-0.243334857474582
1.363758230105794
-0.438444280400697
1.920278066823112
0.549539540094485
1.115348368570910
-1.056253737142840
-0.156989337367065
-0.300291949679096
-0.061216477961877
-0.160869179906329
0.014094053864742
1.009834405479178
1.109607991979949
0.268917738731654
0.538833537101987
0.370226031203022
-0.081629415622891
-0.302526205204941
-1.116431240114623
-0.045951552256383
-1.464525434992308
0.355859249478320
0.487250586486087
-0.125331826709220
-0.246150681065297
0.517992639360330
-1.615033989876693
-2.141937339519931
0.132587896395128
-2.911222627014818
-1.716309822382060
-2.453025381329195
-1.207504002561787
-1.367816225110914
-1.758649138598932
-1.633529320350176
-1.014578545596035
-0.109539590750288
-0.390147409763640
-2.153066616877227
0.098971101587937
0.497428315909393
0.253230807710283
-0.808289456323581
-1.620125620796458
-0.488827121160922
0.310642956375043
0.614342973730092
0.268434268933136
0.036038912706467
0.320247306583040
0.343497083942387
-1.090150866726502
-1.408227051646785
1.011066615594044
-0.379642797028032
-0.606064485639358
-0.396291934933191
0.636250915063130
0.852463619918409
0.439427892283558
0.859648561284402
1.544213617832020
-1.155372596655117
0.196640650172993
1.991456020168432
2.294554739588408
-0.586143539469500
-2.107487781923518
-1.758991446212204
-1.633880323541994
-0.055467169782821
-0.524392303596378
-1.149864110670247
-0.807462118624568
0.867917470193480
1.392810353726607
-0.159739114414390
0.492245876937992
-0.519621410676402
0.076630609764843
0.764842294610147
0.728450553900906
0.358733347901774
0.599332203027173
-0.777646461451404
0.592838426515383
3.012804050714071
1.642045911802316
0.903680356272510
0.084547395518142
-2.405726537553702
-0.974323315797356
0.861396015004863
1.742269655514969
-0.233983576763780
-0.396665335473480
0.410700265816311
0.942606591502120
2.283919613811789
2.544180277891068
-0.543737612620498
-1.413418404948108
-0.072896535430736
-2.608368218821408
-1.406008760928610
1.119548209845715
-1.646795644747468
0.249742447072786
0.804434539716841
-1.815573601290095
-0.360929229701045
0.433364179207743
-0.688886407871987
-2.169105770157981
-2.350913629637443
0.148372580885134
0.149113734731036
-0.984331112790617
1.494776140949919
0.941323805604460
-0.747568585940765
0.332017776619701
-0.219310842834163
-0.711952264215355
-2.119742201284716
-2.651247188344882
-0.860173652775725
-2.540530932743517
-0.297257788972445
0.417500420957837
-0.030582248715390
1.570688803210845
1.296075624349863
1.630917215551943
0.177677751561674
-1.801492847529282
-1.376927707992659
-0.044773891272841
-1.289847620111323
-0.495324485495758
0.198901294611114
1.847878295203892
1.358924595660740
0.182542925505394
1.370105753800549
0.545933861193802
0.685487993253622
-0.293440050746537
-1.854293394888630
0.209291898784962
-1.465571367777286
-1.202219240057704
1.237788718109478
0.958736277578129
1.637529320835740
2.197772948709571
1.085003664476345
0.147216464216981
0.123462170666203
-1.732069317104663
-2.681748913930862
0.512375148080971
-1.045985761627760
2.345025861834535
1.762263576799128
2.027126561123215
0.778800107992261
0.900553073317009
1.982365253626356
0.543535912144101
0.292046328183000
-0.420157690149876
-0.740207602846472
0.833333735846897
1.311595495295316
1.896791178916263
3.764388430713339
1.714603457095970
1.528395161105101
1.031137462180802
1.438739011729900
-0.934366136503725
-0.882457239434159
-3.127207122077603
-1.349050667622643
-0.337764258209315
0.763603931079408
2.028352667873974
2.169303369964207
0.938116579103342
0.971546251261791
2.236395723823729
-1.605553170921642
-1.232679912879884
-3.077982525648939
-0.518096786859975
1.204055461544535
0.408373047782633
-0.318328185617363
2.513845719143024
1.549878976081867
0.493140381113229
0.650775427457539
-0.439443481908149
-1.736373656279783
-2.469221924767682
-2.457922344112171
-2.465367861157094
0.113548991838255
0.444935572725983
0.270547334572978
0.545286966908049
1.222033202575908
1.139904341522095
-1.083541463296137
-0.382148859442855
-4.116815992333105
-1.100983380223246
0.082469405172658
-1.154079152801545
-0.853064715430591
-0.022115650941535
0.292760342143905
0.412687795877580
-0.169541941990387
1.041592338890595
0.611658197762803
-0.728153875276195
-1.126359404426512
-2.182122612377079
-0.106510421982483
-0.667225668369341
-1.001603246651821
1.340927656971087
0.468183837037259
0.907911623283765
1.650262065512978
-0.303107577984288
-0.313855827972842
-2.189348483746952
-0.502094878994494
0.322371511404581
0.348798525067413
-0.500161749377407
1.160917364518018
1.249159941802034
3.072353468221040
2.841086836131764
0.754123361202741
-0.155368282025433
-2.132991774150800
0.129173416706611
-0.006922942557358
0.234167598456882
-0.019720278582636
0.267778085032191
-0.359776466365670
1.616958892304911
1.256580037830826
2.622557438035140
0.070835090906041
-0.105096236818532
-0.112477937020383
-0.948197361673919
0.302104927810177
0.041631588728612
-1.081590964020550
0.495013000400070
0.921361544397841
2.320106315272963
1.144309517756072
2.125404953928995
1.191772674362405
-1.229710834650926
-2.059306818415489
0.562757148584271
-1.909309682638506
0.595181796067450
-0.513044005853482
1.130594108561926
-1.673545703090130
-2.209204827581647
1.694668841963976
-0.203215592407485
-1.211912882039529
-0.513270985864724
-0.735407080616573
-1.552765450933991
-0.718154622748322
0.250641400303879
1.440985837923562
0.780056868776954
0.843885797475403
0.262125937664865
-1.506044935210060
-2.321517789145617
0.666170819553882
-0.554833264998446
-1.577361571855155
-1.494437985432385
-1.415834801887467
-0.228084222181371
1.461092691612666
1.655170752767024
1.182949613003719
1.668022679233907
-0.088535019152640
-0.877534680388697
-0.731945406585192
-1.787274674822903
-0.999889528936951
0.914847999028061
-0.498153371804393
2.025831758732080
1.234558495844522
1.603678014783634
2.785203845821053
0.641310951812867
0.704954078007858
-1.179451513476364
1.023543953323183
-0.027352438083389
1.461399634387496
1.906271516471926
0.057767651122795
-0.616677306886971
0.885877275997252
0.740652780536601
1.614272895775518
1.076375640847181
0.521226313191503
-0.847018779086128
0.403658521981646
-0.441368377217742
0.266037767787404
-1.262650896643986
1.371972480864864
0.760663342475540
0.899595790476817
0.538731510072394
0.129287280727534
1.920988653769073
-0.272256746885058
2.461317934754382
-0.622056021405472
0.408225383362859
0.090786731591987
-0.333515827547157
0.138921948335765
2.643441043808158
0.812356783536396
2.028779496145916
-0.352085985835863
-1.501182830989516
-1.279607520152479
-0.036754394532234
-1.437839431586614
0.531381436410720
-0.816384567290258
-1.546827244897083
0.536544218337406
0.103711203925850
1.051875007877237
-0.481124041948128
-1.447484287966146
-1.298365254323981
-0.958195976191870
-2.081839548970539
-0.508470559958220
-2.257309917161168
-2.475523377196721
-0.065581187703673
-1.088741667809836
0.973910324906741
-1.599801122990390
-3.069254325041734
-0.178150119730331
0.584944777559340
-1.475512605218407
-0.915385787402804
0.261216946817518
-1.414687029905745
0.461538095282859
1.431368438034953
2.227192004300626
0.566533354854147
-0.638069451218688
-0.647566744718249
-2.157261261929198
-0.310839697074238
-2.370880546195516
-0.506339348163634
-2.420780530398376
-0.599061318733096
-1.478723559716579
0.974991324934539
-0.116261011343132
-2.281567927752915
-0.484747560768757
-1.467754382183078
-3.075975208867595
-3.035305790823736
-3.708059053034575
-0.689201084495505
-1.426908220732924
-1.159412751896777
-1.322427290877757
-0.606064529765981
0.239521213334850
-1.175060529104576
-1.583995713668357
0.177870267107026
-0.087240214683459
-0.763431045742003
-1.596295360452616
-1.255490367743575
-0.571503739471641
0.060189801211756
0.314752906850708
-0.057256761031840
-1.111628843770266
-1.429553033250440
-2.611269255598049
-1.148070876551047
-0.781992331720355
-1.116315743473068
-0.980001073907197
0.085173716732288
0.848111894456950
2.297607330551349
-0.871580140239988
0.854046824232336
-0.304663919033685
0.716214081666689
-0.784479193313939
-0.416890523958290
-0.973583723910688
-1.335723025495430
-0.140324767972050
0.621723685643741
3.034484496864571
0.863979676511944
0.759789584778417
3.208608312336446
2.461302335742139
1.613720373623830
1.258078589740560
1.589080462418953
1.354810104451079
1.399720372788143
1.261445389017070
2.088113443609502
1.715247034452204
1.625250380168398
1.101290660252054
0.320524206504448
0.704237795113926
1.526501672866014
1.835208327199247
0.805366397965199
2.376321820219870
0.166191115089198
-0.601196808588245
0.754440871675515
1.578161298164818
-0.643257631866946
0.830594326545120
1.290333036514305
-1.395638609286026
1.450052806128376
-0.394612007790492
-0.282519931344209
-0.111855895068288
-0.683554258312852
-1.798048803657958
1.308993379810695
2.326067530871070
0.883536761964321
2.732669098943261
0.947717950123459
1.449946709389285
-0.827438773583484
0.333087162279893
0.531078463486960
0.024371287131606
-0.315205716922729
1.741560795792471
1.460570887459701
0.318441235623640
1.534322071606048
-0.016226685713843
-0.441298475573945
-0.297048254977951
0.053094772016778
-2.013263980833859
-1.162064033150882
-3.220492778122022
-2.184273051270721
-0.573221674614873
-1.012013253230280
-1.630524820993710
-1.077567715446766
-0.709359144502508
0.721331065592803
-0.462735353075795
-1.780661569412789
-2.636267947858713
-2.616812331474391
-2.985584004231751
-1.516108348779808
-1.048415930834169
-0.774777278532517
-0.270513885115916
-0.768876104949026
0.114648819264445
0.174580793958892
0.124629669369832
-1.882535071500748
-2.325762843332976
-2.295026824468390
-2.323794317891210
-1.934644054466358
0.027825883415535
1.302623833523606
0.463108597555599
2.434711983283401
2.139091034734463
2.713557135370129
-0.111742851527283
-1.640648674938754
-0.353645322223756
-0.913492372995177
-1.742575724483129
0.407190985303412
0.867324609448186
0.411112482572654
1.075688551012742
1.309248700188326
1.227702160854075
-1.170489347956450
-1.122864994975818
-0.927175631047379
-3.437823230190616
1.857410482221531
2.438569274660256
1.327655444364081
2.465182317563952
2.906962290265250
4.863757239530622
2.613026718973344
2.596595835726345
-0.114468431509841
-0.664041472090423
-2.541742693850322
-0.708323835722852
-0.157871801927163
1.426861908235009
1.451365714727049
2.604061239176832
3.303764793199886
1.504468472687384
2.225192668970985
0.016379105230967
2.806459964521806
0.551070170616166
-0.685897455773793
2.135092826701782
0.068302442475332
0.219534573508530
-0.558785295585453
1.158424266078947
0.194851335845955
1.416805236550172
0.685376537036125
-0.229689560005818
-1.454980463034387
-1.674090550987434
-0.744621712988493
-0.046888732554051
0.739071949978324
0.485666079041731
0.563007489727893
0.624336291674539
2.352494298380248
1.736896427988433
-0.545550154754651
-1.750255722153909
-1.687751516220611
-1.138526310682173
-2.952537471565682
-0.712979551713175
-0.561888665624099
2.293300253052339
1.141220173261187
2.053663246552788
0.924272998584608
-0.782349610576659
-0.594751752085395
-1.274769776209364
-2.294088775931515
-1.784936977867457
-1.831669527546253
1.284762873847620
-0.219249266519989
-0.400576401934011
1.451123843727733
0.717807640344785
1.836859262274630
0.418968514986385
-0.344445742648907
-0.913419773868408
-1.068091814935219
-1.863761667020087
-1.125054502264852
-0.955990234623551
0.739319422866778
1.657611504103668
2.526457684504493
2.104441383995955
1.617770826953032
-0.078826246011160
-0.137456337612383
-1.638442610866050
-0.619291302365575
-0.488752320966148
2.242254429870610
-0.004510570116462
0.521301366640416
1.314227029837601
1.286413877332107
2.812611841720111
-0.122614315841563
-0.191337610772588
-1.403009855057595
1.275065110993771
0.966490258129127
0.938364380207698
-0.176806904250339
0.726357571989735
0.994312681223201
2.977445561868337
2.071612580104829
0.754102812263936
-0.592840391040520
-1.332332454299407
-0.745030352702892
-0.357004597593046
-0.188570537859985
0.010207890451641
0.737267913250695
1.988577034448833
2.137361057009818
2.916119173483063
1.496174900473130
-1.179447246090541
-2.584709218017292
-1.844700869421066
-2.271397833879718
-1.321860730564715
-0.900853104036030
0.141251929130099
-0.171969528193830
0.251443942604092
1.666382980682727
0.596995313000698
-0.344322186162925
-1.785285036458957
-1.608296458191008
-2.838950700252264
-2.555392400145700
-2.986204783553001
-1.077262591812876
-1.485832884576198
0.872599711353127
-0.409093685936428
1.069405772009584
1.271651112361108
-0.340222060630180
-1.754611737611253
-1.018361922534133
0.125430344782513
0.507239489476680
1.693622911354994
0.694295151698352
0.079907275054701
0.761320741369436
1.279242456996579
2.316405230008166
0.342209588594186
-1.007696844122536
-3.086999466824110
-1.258747874609381
-0.069993853107323
-0.013674291180501
0.284358674440130
-1.625457649214191
1.409608120033071
0.215707927495375
-0.437318233528736
0.460472190933759
-0.867609803930692
-0.970023891236216
-2.614801113398429
-2.793609824257238
-0.537446974470429
-1.454860502590055
0.911918400461284
0.105649598520322
0.261492736602765
1.263433778981573
0.571212438707518
0.102559206040876
-0.954977938450346
-0.084826872632922
-1.131437925131247
-0.632337681178411
-0.209758818584046
-0.395597495871480
0.931386319617647
1.472685857071464
2.878371369640766
2.846852982059799
1.314015970284852
0.030203494435453
-0.704160640317843
-2.977748983451550
-2.952618756016648
-0.996229060642931
0.186159822982566
-0.566612123648513
3.149562776198357
1.121394763656692
3.161184544489376
0.383416841766758
-1.772850601917205
-1.739683135262898
-3.067072541636931
0.648176836149877
1.031595496918293
0.749967770359144
0.423376616913479
0.162803788182905
0.700697988440923
0.654063943693446
0.549139922305427
-1.417920289212688
-1.725913061380352
-2.751846501746922
-1.083506561097062
-1.484410541696233
-1.059482638462612
-1.235016740318782
0.450263364489634
0.391166650637677
0.230700841026923
1.396917529734350
-0.288111041144087
-0.137257443126071
-1.706210244056848
-1.412867220273978
-0.782150693620356
-0.919581377276018
-2.878530290424850
-0.890665894420292
-2.485581815978760
-2.388077505221973
0.248759179368553
-1.208644869589025
-0.841007583689823
-1.499969691180242
-2.041474880847269
0.838178907119452
-1.507558345453701
0.870489863348850
-0.179120190960911
-1.361893170077701
0.777825538974407
-0.449150113323130
-0.053474934303472
-1.165918646113018
-1.479445790594106
-1.015551139673842
-2.894910195968177
-0.794615260573726
0.272604258228249
0.770293430705380
-1.360191918649383
-1.211001336223858
0.633176343130990
-0.620115850614259
-0.807093090126495
0.039788760603478
-1.266407540539094
-2.673450871391630
-2.354641514621611
-0.123456734438433
-0.844218703106437
-2.777935555298559
-0.041459185817886
1.923200340665983
0.996020366375995
0.401677679834120
-0.353023072723860
-0.001223689994969
-2.418253338050181
0.786543899413604
0.201519365882473
-0.077370623419902
-1.350568369081790
-0.153236661509520
0.262095675575081
-0.243789116337975
0.635287910857063
1.340123207382832
0.336430478728202
-0.483203953929157
-1.139480627914425
-0.358057251475233
-0.512152449300079
0.887701528519334
-0.177570166711938
0.722789415749767
0.628009681927762
1.718259953797979
1.988900561926002
0.381683498255198
-1.037119247772696
-1.501455749574889
1.457577894898278
-0.422191678267693
1.270122878539291
-0.353928617014635
0.945842398213037
-0.378603561864405
1.834216233680724
1.377144189683743
-0.847173373856997
1.031162082988901
-0.201307028162010
0.438983728528491
1.946151720063302
1.860002252965678
1.602896819297921
2.007000728961274
1.715298267513402
1.734822028430804
3.125332352016949
1.899796628276575
-0.141311506164859
-1.387456413717508
-0.164492462547590
0.391589512449543
0.218353295059735
1.151105208838792
0.850446740748535
-1.685671975393595
0.038319291828131
1.036850915009139
-2.103503646730284
-1.505980719595692
-0.960395841330220
0.530979236941350
0.348036768282243
-0.225076241709692
0.510796316954771
0.924484796446089
-1.190764288114900
-0.388689028368349
-1.295060270135252
0.328364701595939
-0.440699812634415
-0.752019309317635
0.174496082602082
-0.466800149352713
0.427446752218939
-0.340572117049035
2.319095396224222
0.534317055398434
-0.678010858412244
2.067600093016300
1.011054982348658
2.108121700647522
-0.055850344765257
0.367393211754422
0.793315657939025
0.662745618508081
2.590388214724577
0.949048232573257
2.918081337507991
0.763431159430078
1.437370268250782
1.058202776012203
2.425328794382518
0.945588267220316
1.768465202906017
1.693487081890648
-0.602321181368148
0.766255209015613
3.256588373380521
0.792619476284008
0.791939379719540
0.165696860582329
1.333043485705442
1.568084008205604
0.248010298859214
2.022721948730712
0.999676204766437
0.722334537102757
2.942773804705783
-1.248582974845862
-0.164115495154404
-0.202772127962696
-1.503973202741520
-2.532252702474065
-1.878531337032512
-2.148884377506305
0.345220258719933
-0.870117070937594
1.579467769929454
0.648508617713506
0.321513704674763
-0.102231427597916
0.119439276293755
-1.356763090575592
-2.990182300664489
-1.914693793472482
-2.032191303928570
0.631824637919071
-0.553916891553667
0.131676533631707
-0.369625232436087
-0.683012121957369
0.238856345186159
-3.699097946406899
-2.165654545051612
-3.025166751938672
-2.460862230464797
-2.874641471114180
-0.774233884019712
-0.975956585603403
0.066426237748555
1.615238109589989
0.273787344403480
1.892701928936019
1.087428373588656
-0.017796488246843
-0.368622192192666
-1.523152195919105
-2.719843535748565
-0.728888846828150
0.785249246424377
0.587743491542542
0.997101428564431
0.683570481363583
1.242285880242800
0.055256314113734
1.231718125163461
0.833792137319652
-3.311568884787342
-0.964800852790591
-1.597292231000733
0.912298215501778
0.952594747946356
0.385041465002778
0.309300549880223
1.762778781678634
1.291262021581817
-0.103051689481175
1.732857460535666
-0.281175787415405
0.101384284871893
1.590035603823247
0.641868477754667
1.447743693346105
2.984994064505810
2.324661525272400
2.922870902990850
1.509615575820187
1.127696562876218
-0.689867450930382
-1.327136811204184
-2.340329526623711
-2.356598499760000
1.115804288404703
0.786702149902149
2.316009004946860
0.630793330026174
4.309173958040860
2.545698190382279
0.818475541532908
-0.212682495050697
-0.275307534462770
-0.808915619843984
-3.074352963539217
-2.485870500003453
-1.323548616189245
-1.498309735123038
0.737649644113763
-0.886184418558842
-0.347308175073113
-0.763090016079105
-2.906731492802035
-2.884460481578052
-2.567995589548544
-3.247881760736348
-2.221659246945915
-2.441289063798687
-0.612762243416297
0.209331395135141
0.022338718775043
-0.845961244367606
-0.708651572140466
-0.928694681835458
-0.458050169957685
-3.057038638439049
-2.180219521979670
-4.023802428276983
-1.113516842694397
0.265220115475116
-1.523947846799677
-0.140570516245919
-0.064121724704656
-0.508025622775158
-0.600525612906341
0.459412570348023
-1.068046222984654
-0.623652220193303
0.357897484999108
-1.234681719212733
-1.125894989187983
-0.464072084237728
-0.431175802974852
-1.003728241274256
-0.971062320293808
0.034297190479768
1.330075202341219
-0.807052491980046
-1.880327421461340
-2.264925815734618
0.314508294771475
1.428577122996736
0.984140569414483
0.927880223442136
-0.320284950872951
-0.110412030230323
2.671480148142565
1.008108479415156
-0.946348119425908
-1.546933241957196
-2.476395594111759
-2.221704273817396
-2.644405531431956
-0.408311011594875
0.160094609177952
-1.197030500181462
0.403091083564163
0.659034907761790
0.546671068974350
2.112411696589561
0.134776183522792
1.501031296101834
-1.912902885694359
-1.069696318434278
-0.928373256316578
-0.274081294669296
-0.718143721465076
-1.471915350519520
-0.163859489607408
-0.145987064989676
1.558518926468389
-0.393142243402707
-0.338252230291893
-0.474063695558336
-0.897295106816522
-0.477724883596430
-0.902716654178430
-1.936591815665679
-0.003186833768579
0.041565489191957
0.382493815108134
1.881655295315790
0.587892702044541
-1.784510668536163
-0.014754346528831
-2.346192627255333
-1.267058212277337
0.071191156016904
-0.818170035258022
-1.894732627443097
-0.811602372739167
1.259172736757094
0.964795886525494
0.357355499259818
-0.004730657005412
0.215719088028243
-0.414860005114142
-0.761184858114334
2.261708231893202
0.713804054570777
-0.366159579028196
-0.655260641760734
-0.910863304030762
1.402337371377200
-0.465728487601361
-1.882654010595942
-1.259633974228363
-0.915597363848250
0.146645467139647
-0.091147241604501
1.270914007060307
-0.375378171784802
0.796124022709300
1.825475365229472
2.662105265212482
0.296777728145377
1.045192427319935
1.208468765174505
-0.679118277907199
-0.036229931255822
-0.858434542891157
0.676801450259756
1.147272926661326
1.374786874429830
1.329538587191661
1.232153335594609
-1.530533156590455
0.252438499427016
0.056531308429919
-0.507153631780309
-2.345123414455699
0.470995132222155
1.926577202603133
1.609782834500210
-0.819650137187386
1.257770354373000
0.520625231369604
0.798173056335387
0.436110204034396
-0.002191658756750
-1.657643264207800
0.870003095653235
-1.459124755749987
0.189389908088869
0.642837792561912
0.009642257431889
-0.753190638313942
0.464711905131569
0.444280517458615
-0.079636586779579
0.997770092337655
1.855520718591925
-0.995077359555414
1.011937712392349
-0.033547762648403
-1.389178055756871
0.576599201199040
-0.296409377374299
0.081289893524597
-0.398845565326598
-0.598245173070425
0.441324442272766
-1.314863560398157
-1.462787238515874
-1.927321391501024
-3.042675509569388
-1.865826127700664
0.482700305909026
-0.350463561719808
-1.121698406278233
0.353880290561943
1.474158454675541
0.999906173903581
1.498505721776668
-1.247063438380886
-0.152425282596345
1.888985074636187
-0.902401880320605
0.056308214009370
-0.503632378682993
-1.166312478196069
0.523512419346373
-0.478687416291784
0.513477387115365
0.906254575562936
3.300440577789610
0.331151021362022
-0.484884588175202
0.679077071116904
-0.122476224258043
0.309296191282108
-0.924016883673358
-0.810806864392896
1.014774183002378
-0.789926278789711
1.333755279043774
-1.615360325008364
-1.294864419386586
-1.000544767776905
-1.826739198924120
-1.562080110842818
-0.411113523734130
-0.691185739234676
0.335665020319771
0.835074729870600
0.759748503988884
-0.259922326072059
1.060875102456716
-1.700746336235097
-1.288337603148690
-0.828897989670748
1.193447640620219
0.871368797792987
0.940589934077141
0.806981927951825
-0.060566859066774
0.813636057389559
1.677525654903827
0.507076458618912
0.822496295865163
-1.004876296955609
0.016539060212307
-2.048677920167127
0.195231315398433
-1.195533466663416
0.601440013402208
-0.493565916275073
0.283709488335560
0.964912045794823
-0.140336114057236
0.194779912328886
-0.811029043759829
0.394625890377105
-0.098993736334710
-1.080002349959770
0.751035553161099
1.178630040860481
1.722487362946188
1.236944718846118
-0.174202227221000
0.937893387232143
3.126878448267545
1.986721365075162
0.631414244972089
1.038806331118811
0.179181375510700
0.419783574757295
2.438882553952445
1.428765403057500
0.106587221726273
-0.175883324301936
1.604075190498500
1.537860903846830
0.382228610502888
-0.033580064222989
-1.423597786788428
-1.579599735753086
0.853060908514908
1.604568538655365
2.494186113820889
1.321555582808885
-0.854031386324296
0.234202974465405
0.730162039182048
0.424836659348934
-1.213453419698099
-1.003160005170411
-0.760768172386534
1.791713300173859
-0.464005324339127
0.817991734642109
0.219162262888109
-0.755066736103348
0.244139575917466
0.281817082604848
1.672196060641529
0.316458358432097
0.692080756786058
-1.685592292761412
-1.043379214393216
0.882427902490442
1.172807034631332
1.260309700726739
0.076801994007947
-0.578649458502704
0.464755921514386
1.296629949776701
1.169560781636976
-1.453722541437805
-0.987913915292875
0.816553233281861
0.650228304228721
1.562534243438135
-0.302368358635716
-3.632396379276030
-3.822330742961860
-2.694317815564956
-3.426601395022469
-2.734861047033071
-1.395738165707715
-1.638130402490183
-0.581695442756957
0.472413541207287
0.442526713291931
-1.988245322698885
-1.556062048074775
0.782028818806410
-3.854267989660826
0.097227149822181
-1.338607741773311
-0.589789683834975
-0.256753007302442
0.229175206041116
-0.478886085957173
0.354259806197988
0.747195870492860
-0.628305955992729
-1.237584767814922
0.485253964086516
-2.238599788133425
1.123641222785468
0.402293558612602
-0.246022362183871
1.984833659175826
0.589862420127288
0.967748438809447
1.330677829124637
2.171903857387440
0.370614692593149
-1.957430659991675
-0.609320717183344
-0.872293375707752
-1.618958994039653
1.174055376715487
0.488996461633408
1.247210011890317
1.386690901227917
2.033899332867897
2.787783007712302
0.315208604035518
0.081937980465557
-0.819032974849196
-2.344516308035979
-0.231488063971789
-1.186584696763195
2.063259931408790
1.324006477665532
-0.078388436877744
1.920763726991214
1.569363969806746
0.598296546364079
0.952399221713772
1.313117459734874
-2.160490205848961
0.304342883743169
0.563850836199749
0.080171853970346
2.292419576787581
1.274045372238737
0.787889295672330
-0.065264816340439
1.592551969577813
-0.401161279738104
-1.480939861429216
-0.933236173872097
-1.790837000210230
-2.604471933092024
-1.309301645525266
-0.959895381149339
0.373258066656068
1.294608263609494
-0.287774617655349
1.452410470097572
1.945352240900602
-0.983837365343361
-1.834683975841912
-1.506336685635772
-1.694972446707250
-0.004764761401067
-0.832788478690045
-1.515629129537020
-0.116722424818976
1.349846137531034
1.001818470061050
0.751336946069596
-0.737368027744268
-0.990103056110730
-1.581541133717887
-1.831640330907268
-1.739373122604114
-0.649887560008197
-0.021988625667432
-0.373396031457846
-0.161049981131561
0.864395343313407
0.161033677672997
0.377012112215130
-0.636934036873146
-3.758543783879900
-1.818360253185424
-1.192692449955197
-0.535405075002683
0.806447242710517
0.844514244927263
-0.135960620714868
3.149507024676669
2.309354796104050
-1.343775978852099
1.932998143134695
-0.682621892659943
-1.814664556067299
-0.644464124712182
-1.158406706887425
-0.347302138665740
2.824412577049965
2.374460341139177
2.112852606867540
2.081140790567623
3.504025384814461
-0.419363815281678
-0.394180993903444
1.054601130846483
-1.916008741403071
-1.319535155346623
0.210818587758778
1.221587968128400
1.018365281712582
1.695507786970167
1.502655977931821
0.966827488738541
0.369688985480212
0.432655662529721
-1.243290175792427
-2.143394145869934
0.086914490039326
-1.254565543985464
0.413329111551777
-0.396163792603999
0.775539408588690
0.937926485145700
1.473962210543480
0.191713374304790
0.111565108134290
-3.449115169093015
-1.668023672735217
-1.453357362412506
-1.338639816459647
0.541030338892474
-1.208928451119403
-1.271464619739685
1.357320806599625
0.793661347978257
2.086349286944007
0.683516316898109
-1.666744094438175
-1.919606865651490
-1.439344183540281
-0.820624367920128
-1.239948981262656
-0.561999629485484
0.379941036512030
-0.512729143407962
1.583849691814231
0.511736684097688
2.326328597264649
-0.290271603719482
-0.010797546731518
-2.517454375568619
-0.630782414401084
-2.972219038434326
-0.227414619424082
-0.376433420825797
-0.959119983993875
0.586780224396310
0.403434517952284
2.293649353985720
0.995124063751208
-0.851726221764961
-3.066820208467738
-0.938900971579776
-1.620452884160416
-1.489551113174149
-0.913985130374149
-0.293989192287644
1.026168101672987
3.502192663935174
3.203524641299374
1.534491393204192
1.457275521157916
-0.002587917665021
-0.114265965691198
-1.557834377005781
0.375778978746565
0.804026170578912
0.530731956739894
-0.388895356833505
0.493537825534965
2.416404195428071
2.810895977734212
1.494047882399669
0.467911408293589
-1.642240476847655
-1.418901547231615
-0.815499844035940
-1.006601743852493
-0.073511107125589
0.239056033946753
0.992854455951768
1.550084574125712
3.293564586646456
2.966673264288747
1.599978090935499
-0.354543475960286
-0.260852457561889
-0.888193971246618
-1.019268892014723
2.165376312266114
0.874540213197533
1.321568703768662
2.075377122797328
1.132690052759934
1.227055823255883
1.044413313887692
0.692380295153925
-1.068960277258892
-0.919136050923324
-1.383608501175141
-0.970968458764562
-0.814749809626855
-0.831274134901985
1.119381416377929
0.533494849374087
1.157646091851139
1.127580973250141
-0.707293993441209
-0.242802146601744
-0.475913674569949
-0.714905939321376
-1.744896877494558
0.031595210651010
-0.068701421104820
-0.547427867100387
1.669158250539711
2.114684233875264
1.752940204408231
1.299110569606002
0.086775775103029
-0.727865332917908
0.582632020824562
0.200170504676439
-0.680914191575880
-1.395004467291401
-0.660816133015495
-1.016579141992461
0.030570112791855
-0.334793425850798
0.658014219389281
0.097773559458551
-1.968328498406587
-1.733397790895629
-2.164584393608137
0.771234752858226
0.732883836471260
0.038387831690716
-0.341573781839641
0.084676649765834
0.680336554128882
0.797267256685654
-0.739854088901640
-0.475281846021263
-2.429739160115064
-2.821652322116888
-3.228501029702775
-2.504806181820763
-0.795728069404269
-1.696308843011388
-0.433216146592114
2.137665575566347
3.081597681957369
-0.312897301564643
-0.059539950411574
-1.692031275567371
-0.030494070203193
0.433255152727514
0.430699594119637
0.252457913485067
-0.568475386699196
0.950370385152181
0.959772453190503
2.517788709512314
1.494653159186315
0.273202106421181
-1.244911402376265
0.424486106836263
-2.191310916257193
-2.209703810624730
-2.137569377288222
-1.870981076156459
-1.397877047156602
-0.153738574765486
0.531427605945014
1.625087782544768
-0.193155531748238
-1.495515936313145
-0.521143666048409
-0.513460929026085
-0.216013851331758
-0.512324533451291
0.278983296046240
-0.247903924306149
-0.200440146960963
0.212449831747933
0.170317018720981
1.686784233777872
1.494362418128853
1.395669818394150
1.659465124968494
-0.031124557280083
1.541277798821385
1.062398301342050
-1.236814993274425
1.213573725191410
1.902830393964171
1.556928963453560
2.601797108164632
1.382631940998412
-0.865947092714222
0.368188013975645
-1.015540293907847
-1.088353129164736
-0.575138417760780
-1.965008577484880
-0.269795102278237
-0.783560061131401
-0.644250262847414
1.279650529762685
-1.350476113600889
-1.896424344484439
-1.945632167677332
-1.619996870470739
-1.177454618411283
-0.699723108252923
-1.243116539132650
-1.050268091438900
1.675230859846613
-0.262125594725078
-0.548561222454214
1.240593217898600
0.176029875849056
-0.900028250980177
-1.904690582496306
-0.221581212395264
0.954511762496422
-0.426417493229868
1.112708064092087
0.580671088253914
0.602015796982987
1.983228141459147
1.460389092386026
0.020573398652917
2.225688429711700
-2.226277537162507
-0.518500663617692
0.768131232087099
-1.032688033667047
-0.494841294854775
-0.692352121139360
0.552352346890917
0.101107193623807
-0.364987629904521
-0.033142313312433
-1.445726273742906
-0.679414490190758
-1.207450809452998
0.134089293392961
0.488189166920459
0.176283889378981
1.610520372631811
0.142671526204724
0.080776508796937
-0.074196161672210
2.191757234545543
0.314429545333062
-0.799018517322286
-0.656728155133269
0.104322188197418
0.881409443865284
2.420360221367240
-0.646062423395793
-1.348204165639775
-0.046867143169013
0.350841895499458
1.537213074895775
-1.057106271124634
-0.973252839607389
0.691251504674220
2.169169673172422
-0.130446830567884
2.194856792641032
-0.909614656362180
-0.893764904304915
-1.934293043125947
-2.791510543660692
-1.841367508554417
-1.431283231577659
-1.494716109208706
-0.303782487227817
-1.742370387929010
-0.504699461899093
1.048453719430510
1.200455598964434
0.326155424221322
-0.366391467064157
-0.949492161205227
-2.464754705596804
-0.409092652815671
-1.325968937919658
0.627213709481563
-0.334065234915699
0.391232942314430
0.928667997349236
-1.059991996197149
0.852262859327703
0.944726226295009
-0.672530083357998
-2.046332009230410
0.399473073190545
-0.025941874124842
-0.804119889578673
0.229963937946023
-0.258821605890814
1.095544887596869
2.320176319439655
-0.486755007601830
-1.344362737394897
-1.376238135386982
-1.069764388817526
-1.883613192343662
0.521606578150694
0.800305201103765
1.457493389174918
1.640800530370798
2.454409404526023
0.172574556779715
-0.147614798868092
-1.597065428842152
-1.117708838166767
-0.487129637138463
-1.996404235692607
-1.720853494301648
0.694485862520286
0.793275605763950
2.440661251622722
2.506914158020935
1.855419601814559
0.310274170732033
0.399953568147196
0.617457374177545
-1.744858752972336
-0.234298652499548
-0.933245811365358
0.705851069902029
0.322989254522944
0.913222011370105
-0.373778536523100
1.971557882389985
0.240070803443167
0.157462630512415
-0.676624328360985
-1.143083537284917
-1.773364167488866
-0.172336474493371
-0.395888447738702
1.805605436427534
1.895981241471413
1.549878520868493
2.253011300812934
0.316618419732468
-0.651516045096128
-0.221130262193888
-2.261921447438838
-2.660705238095784
-1.809614486635863
0.120668273712255
-0.411048850845574
0.811450784212523
2.810060050349151
0.164310573186477
3.159461985418998
1.783127421914644
2.845097004298172
0.608393672506393
-1.950960509602319
-0.183681682083949
-0.328093263035562
-0.000989805386520
1.067524911101227
1.579806410835155
0.865094146288356
2.514175360921022
1.427711799899652
-0.782828303239692
-0.995035947442690
-2.191250679112630
-0.586484415408987
-1.932080742752052
-1.106162464760428
0.418970336408418
-0.573227381933146
0.516918135928306
0.435578678060356
1.316528323452534
0.136525758437144
-0.239794572246878
-0.422484658808504
-0.072686406639419
-2.126446489693413
-1.664785236609717
0.058221952318991
1.616503555578382
-0.242083669763513
-0.406217141309032
0.683750573385029
0.587845756577801
-0.315652254462268
-0.463766718378047
-0.253697673002891
-1.621587757437276
-0.386133592451396
-2.678217082915001
0.240347010493834
1.529923601106159
1.816113138739212
1.240682425448374
0.962815887192853
1.775368113908912
0.945085059575734
-0.973783159975949
-2.465429293496445
-1.768904407146121
-0.674424730701115
-1.362484856731510
1.629275714286559
0.675618242392946
2.348667648724595
1.324654018327732
1.892368958095102
0.745884794016182
0.472383091770835
-1.202778731877136
-0.031821633527897
-1.415297843606156
1.709015683136923
0.166702857931169
1.032101966480795
1.745049036121259
0.376493071043173
-0.295378811097384
1.412325332241380
-1.306631003607031
0.822411437286423
-0.913459514377077
-0.407315592962383
-1.824117490357470
-0.999164083205705
0.019854442234667
0.306602880669312
2.440225370870142
-0.654181462557760
1.327194013127773
1.018682186375894
-0.155663365095618
0.181138262490974
0.200206785114773
-1.057139218196653
-0.523420392656587
0.025963124916266
-0.662103568830848
0.035143357079847
1.227876488380743
0.344981084460047
-1.614745628919184
-1.025752404344855
0.942913180736673
-0.422746536154618
1.246515506373971
0.724668325311974
-0.229703236198120
0.971128428074620
0.222625726667318
-0.221425709414617
1.727969397697957
-0.994162499933835
0.508982339900928
-1.519757048698415
-2.863034536986578
-2.383481957353612
-0.873982999913657
0.399782219193267
-1.324045298593840
0.531479558592604
0.959034262162241
-0.322600241742152
0.770574490356073
1.603514510432760
0.512312799150529
-1.419014484464698
-1.648410301530930
-3.068799965001585
-0.713915035054846
-1.340910403542134
1.077790531094259
-1.116104746730171
0.037802322196407
-0.015642530551484
0.056944973126046
2.162508314889529
0.432686470144738
-0.788558506299561
0.384204049001335
1.602315751322805
1.712076525736105
0.796341512942162
0.652127013086998
1.858398708585157
0.507710321398521
1.409241931558257
0.817950303135805
-0.111468121772567
-0.749343646965382
-0.143936530743954
0.103629682374610
1.105485047386658
-0.469309958103270
-0.967834466435733
1.145668458104945
1.596541192264611
2.890065833802163
-0.100346253564554
-0.555156762234249
0.622214290958630
-0.801872334082491
-1.098081589381771
0.391258689300073
0.409269241922613
0.842501057827433
-0.799369361330793
1.373265335746589
1.229419999523063
1.214852179730249
0.999719145953659
-0.220876749593441
0.212562965145830
0.207590675412294
0.888226245081462
3.587496342415803
1.676805430306851
1.390108118048730
0.071514090755514
0.832679103960957
1.294549012632063
2.137926951807475
0.543118959041203
-1.164269279467832
-1.752539640578073
-1.260184550944033
0.401841693316884
0.518293038571350
-0.828782455794266
-1.610514511376019
-0.590852460682215
-1.482850814008553
0.224879485991001
-1.192163442844275
-2.731726526589569
-1.619437031312648
-1.376867653131887
-3.001441154724382
-2.151533441356262
-1.216821791092167
-1.207131527102327
-1.254586229163031
0.070182896346054
0.831226697916723
-1.290989912906650
-1.474148614942417
-1.275462472579630
-2.241457006861871
-2.201572467210663
-1.476203150761699
-1.166793014546279
1.486784502987708
-0.885161579372896
-1.190394387235482
0.749519174438300
-1.320468779067519
-0.999214647091642
-3.040808800959195
-2.766947867139916
-3.535130675581940
-3.830206602751552
-3.103060326916200
-3.209299210715460
-2.538750108095550
-2.298163455829053
-1.827328314894114
-2.752742541612040
0.126798324985234
-1.582371362572228
-0.693260814660767
-1.654236529529702
-2.189901000581841
-0.775975769205649
-1.103311433280074
0.244625791949576
1.123768071020179
0.630112134274458
-0.631891455950757
-1.192495516221509
0.373074158359561
-1.806803609518139
0.031851216365177
-0.730325822508934
-0.055406757803753
-1.609422039580050
-0.712277330193462
-1.100164207750510
0.113931646314413
1.417755201110073
1.078366463536983
0.293855398163135
-0.410126324839459
0.130975040270318
-2.852451284225974
0.865218109220438
0.631472698537689
1.250472456928955
1.634720437168353
-0.401609260561554
0.008617034388641
1.829822542262545
-0.039966884383683
1.082086115148276
0.399368111734337
-0.527717589774095
0.068938255316069
0.870556165906704
2.520172153078358
0.972828925323730
1.063314534863085
1.403942840950948
1.792428372155978
3.203154342757301
0.930490370432597
0.929517453486337
1.647402048128883
-0.068245992755717
1.555079890426259
0.874289780778695
2.038725742770498
0.555983522446163
1.152805669394509
1.542387270092665
1.603626948617328
0.955659309245445
1.545485079403640
0.427268631161457
1.025607600058967
1.195975049839251
-1.514838712612304
0.119098865597206
-0.233431442840275
1.195992155972652
-1.300336650339071
1.231597334287424
-0.214345872054300
-0.988320917034055
0.127975546839668
-0.896231919604553
0.026969135693837
-0.535064093066832
0.516156423220643
0.762466249854100
2.046347287694657
0.166574765407261
0.884131592929767
0.828188008119194
-0.235475310360156
1.879353935948460
1.627139045369804
0.097724636037272
2.119895891194540
1.124718993196078
1.287975996912161
0.064255498294844
-1.038793874371859
-0.554617751128470
-1.778293398342812
-0.226251284513799
-0.098356492332166
-1.487250737306543
0.431350485165827
-2.029282958151939
-1.156020968431284
0.273728660009399
-0.660492745497426
-0.995636484273708
-0.283325769799158
-1.559224000660170
0.511026290470760
-0.887079162401609
-0.674058512364412
-0.193837894466044
1.403556514806640
-0.687126491124914
-0.739750662405940
-2.290344483618078
-1.316442215170798
-2.437549505687603
-2.954634247681556
-2.420978897168229
-0.843045226881060
-0.720824863724710
1.405682211501897
1.927691629138878
0.287461781616730
1.466209590279888
0.319653727787632
-0.084860095829632
-1.699457939396422
0.011640006398085
-0.611067070317676
-0.017249446820247
-0.523060416067417
0.224376451689710
0.020689774717989
1.237838700549822
2.248975819502265
0.550755878207758
-0.978599900801009
-1.411842923677893
-1.852991321091521
-1.038510882782804
1.251796255572659
1.814407612183337
2.376514910725650
0.858755266621385
2.257029058682080
1.722392330927508
-1.100804356591737
1.067928048750140
-0.412512194326996
-2.514100608930200
-1.174520526598489
0.362827046900972
-0.049152632205036
0.971001610644598
0.953917678747858
3.377430860890947
1.824042400704457
1.746528302302833
0.286553310703480
1.024860937886808
-1.448892020621098
-0.600763697601514
0.002304745810651
0.474638139210837
1.928163323527860
1.707604749568175
2.314360736961469
3.675486539717882
3.208420946328738
1.577653742767048
-0.849552150852652
-0.815375818380532
0.058498151523654
-1.154303119197913
0.294525041434100
0.050493501091305
-0.085595639050951
2.399858783828551
1.916423321454012
1.446270863022234
1.307833362747444
0.745200176815796
-2.030327270968999
-2.683354156337913
-2.510628981450389
-1.403656055259902
-1.832339511204307
-0.172496537654503
2.224597080576171
0.737447311673501
0.811784997369295
1.265832079706470
0.920632712189085
-1.313632731591793
-2.325978054123191
-2.780631321640384
-1.970551378646565
-1.132203871359395
-1.195783494382574
-0.723922593117632
0.891160383552018
0.732114966462517
0.994279116595048
0.865548777971739
0.000159335453924
-2.135293308306322
-1.792301444785001
-1.723647817199320
-0.124624641118212
-1.276133038388440
0.000905497336518
1.229392251737935
0.877446362641538
2.638704929117628
2.777258235957685
1.270267756187102
-0.860512268127471
-3.067956216575499
-3.010815250029815
-1.786222397197175
0.124741671840774
-0.658832233342149
-1.062266862659969
0.797350083320795
1.630157241210074
-0.913534057429137
2.438594827107774
0.059701849573652
-1.030303380322930
-1.782049493533067
-1.067009882141067
-0.832931935904222
1.160251109675968
0.464264549599037
0.319611144423059
1.595540361054251
1.175895404031095
2.691013501883927
1.613259423288066
-0.113750865965861
-2.980749198568246
-1.395629309121442
-0.841128867715572
-0.825338836480633
0.260803191723058
-0.682251229389920
-0.663819041964990
0.102513793953337
1.534811381642429
2.313544745661516
-0.994561697201547
-1.699642436095041
0.317063646947455
-2.177689334864840
-1.510881408549051
-0.187308395913559
-0.443183372397874
1.453955873292175
0.995494170978298
-0.257274641594915
-1.431460603354513
0.301081503419469
-0.932915405564388
-1.197339065005522
-2.969576942266681
-1.571377675450353
-0.395504247111341
-0.633090842983061
-0.531177625998849
0.448893240989881
0.894395443075583
1.721433392839541
1.015157839347363
1.711193872952038
0.475110853345818
-2.194245453156753
-1.574696315661750
-0.303441535357010
-1.644833423853520
0.505394541651277
-1.617647505301254
1.823484509218000
1.878988894819567
2.280252408852462
1.892188548087755
1.808452094928586
1.446703372400933
-0.984870609298331
-2.224723938509169
-0.714940960355237
-1.667568586484176
-0.846492488476366
1.268001555693117
-1.033593672760261
-0.375806000714889
0.238346093429921
-1.016701940183982
1.163675001757241
-0.612649896683947
-0.797650417006378
-2.036832415446765
-0.548485041391255
-1.348616375525523
-0.880801962618323
-1.832907449056608
0.185372102421248
1.937582101488470
1.537929241978099
-0.355600417834097
-1.239584820719825
0.490174050866594
-1.086523804102686
0.471771872655407
-0.191353221753962
0.182067512653283
0.437687985552451
0.936658924937030
1.288196779550830
0.361669209013136
-1.296175439107948
0.212972935320832
-1.236835068861972
1.013592395695692
0.014020378948931
0.166426204422999
1.050369493441101
0.797444175228712
3.058603002198029
1.802666500828430
1.249107501128644
-0.308141111226896
-0.737997110390695
-1.122659774965734
-2.022047015957963
-0.542246991995645
-1.527520745085799
-2.651015103831588
-1.831937966609523
0.345122323743212
0.105405144818722
-0.167845159628246
1.034703875463049
-0.911912585423652
-1.322383140351958
0.071070882472066
-0.608877487939800
-2.164107180114670
-0.787463727876059
-0.086168454250614
-0.954062464801633
-0.406712738178077
0.660808092189596
-1.551862033410287
1.677156912220837
0.284940080911836
-1.746310171448306
0.693010792514163
0.659094631926505
0.134690784078554
0.794828639719663
0.634619752665273
0.200037856038631
0.004886624058049
0.607662622319154
0.313130811439717
-0.069350352172937
-1.248386553126283
-1.311235716977224
-2.310384496372554
-1.403718237213972
-0.962607601959115
0.070880786031960
1.287859889269417
1.186991204280787
1.862028272729745
0.654836166697288
0.522002133814130
0.625611092900286
0.069040804087521
-1.565272448396280
0.597506176893865
-0.754783955888612
0.620985839040626
-1.556947932309823
0.777532942352988
2.678060734927736
1.206287268811216
1.876409288262628
1.466515614279841
-1.587371117500173
-0.240909843425893
0.414007139112831
-1.559434575789915
0.077896417264232
-1.506997090788089
-2.017041941092340
0.786103882996774
1.074505444634831
-1.192377415976086
-0.627053283291810
2.308080051612533
0.428016611866759
-1.495541363836971
-0.385919705354953
1.231813455178823
0.658999161039197
1.582068726462824
0.457309173949765
2.280778030905508
2.074409551302565
-1.278978728333267
0.629189673720763
-0.178594602391621
-1.270427585817286
-1.603049984789342
-1.070194185298406
-1.785666416975354
-0.546524441866321
-2.201627482393787
0.203062293376601
0.650068497517033
-1.271201006731438
-0.982403103083184
-1.574100926101479
0.859739564974323
-0.050449718038133
0.882381371050347
-0.562615780438285
-0.906974216361937
-0.848214266555244
2.418466001020470
2.574709625898907
-0.331205123807876
0.298025800602259
-1.158475182321020
0.097544268551109
0.671817265360435
0.292808277440995
-0.050227855634834
-0.032763329874919
0.614600866341133
0.720037894338781
1.686111330988442
0.696777636312475
1.417817032414867
0.871960652722299
-0.538817179025736
0.052954220717675
1.478472094975803
-0.157384754273334
0.602854392899054
0.102330831623324
1.280967114630644
-0.414984568900691
0.746636516266616
-0.202779709648889
-0.947563459492350
0.482422932272296
1.013438396554040
1.273724622682784
1.572826190604858
-0.162105200264858
-1.178293847629569
0.395181510780511
0.279474971944268
-0.444429120008323
-1.707676951257968
0.125388734329902
0.474115624836837
0.452416965317902
0.861733261930329
0.409446473797442
1.056202972703377
-0.279040103722849
0.779312036136055
-1.263772990184023
-0.909198789351521
0.662690658484851
-0.379408459304239
0.830097707805685
-0.540469459647686
-1.613697213309039
0.212596916291594
2.193190245830066
0.177064108012596
0.778475074646319
-1.125963357430148
-0.179871651806325
-0.588076937961457
2.469684453315404
0.318148628952459
-0.528042028004118
-1.195400701858267
0.434424961190497
-0.332939710195880
-0.960220317346125
-2.261602070331576
-1.292437913533514
-0.902913428850644
-1.531836137651173
-0.168616065750280
-0.515601641032414
0.167898402032071
1.825495779910968
1.582823349223729
3.456135461287705
2.118365774205835
0.457670208673744
0.713417307621724
-2.519166949510941
-1.332876726294607
-0.896471215019393
-1.957750557747235
0.552675706207520
1.015716159833310
-0.276095623601827
0.337327566010307
-0.265089546785943
0.752323480252170
-0.598349544399746
-1.057910485615213
-0.608063605462393
-0.745740831129503
0.633847918404400
1.133594436476718
1.274149378279405
-0.559568493578041
0.061353360435210
-0.425575161908475
-1.356261462322016
-3.116936558557787
-2.489029550764227
-2.180585498216999
-1.999169029643021
1.640114058845092
0.032750007871546
0.662447864333433
0.513727070773353
1.639887515422431
1.619613468480067
0.506939008479148
-2.387146328945777
-3.671422567476874
-2.174473293969209
-0.798416237879185
-2.837530515961720
-1.343432537963952
0.984506944695170
1.667845587917515
0.890407838616697
2.494972203887410
0.886201004918830
1.104410647189947
-0.091040539254196
-3.472922438897079
-1.318754818735811
0.877447439370374
-0.601622425749605
-0.623481590046808
1.100482935264784
0.963166725220245
-0.620714202199310
2.570584789043642
0.503312293491346
0.778537290133692
0.775632760356412
-2.003945731409591
-1.654058277246655
-1.950171831603695
1.520374938631832
1.358319390008097
1.324658097391431
0.207357147354121
1.558125022427562
1.142230262281867
0.719434355980935
-1.778329381908482
-4.470443474354271
-3.826544159450816
-1.308390095857564
-0.361552182092874
0.278529291012642
0.396294962925052
2.439514290682432
2.756976134189410
2.541623095215769
1.380999829955374
-0.393798139630730
-1.764431611002598
-2.842120153218600
-1.737729844616761
-1.327319764659366
0.384485157170885
2.084650726291833
1.390751685457917
1.940106510593254
1.999395684512127
0.701272287521428
1.083492329930779
-0.170405136093226
-1.567289969470882
-1.468938368376494
-1.714398519999239
-0.261845698938967
1.282882392577634
-0.977179388524608
1.961414314133969
3.149596940959690
2.255042074622683
2.727426054160294
-1.423970336726454
-0.906536304170592
0.084095856170371
-0.717442160703556
-0.672868648808754
0.086562379969253
-0.644316297409266
0.841062515325939
1.389591443963009
2.620816811428439
1.942421135873977
-0.756492834978502
0.334215098130608
-2.099389707593209
-1.737711688975470
-0.379557185061001
-0.048817361992754
-0.457050738912202
1.092294505445470
1.004182786204826
0.834897875688810
1.655297740284482
1.042276288648306
-1.522942944435547
-1.579035687652637
-2.830340404760118
-1.410264179849571
0.590019297668609
0.694911950719763
0.568024257730273
2.275855715318260
2.261453266973529
1.503992238031968
0.830535434178530
-0.046379270374648
-1.841557440953150
-2.090653005292886
-0.046953090606103
-1.046013520070066
-2.362492488608821
-0.370566174788802
0.592774910749455
0.681265274693111
2.033320251142834
1.212509454213461
1.551696827740100
-0.252730163252220
-0.496543332822942
-1.421325959231860
1.628880715591349
0.313383653950164
0.335417570441734
-1.300467134162998
0.599553317101628
1.637142812313131
-0.447144881258208
0.195057976366252
0.193176725284490
-1.916524168808256
-0.248442129896376
-1.567716762557784
-0.424884323161692
1.069715835207156
-0.515040766086561
0.460679462864639
0.804403766386465
0.775989391507236
0.418905099682277
-0.614862356336616
-0.058197236282966
-1.038987677477248
-0.466111075119613
-0.560610763446139
-1.097374008013076
1.812766242610373
-0.153260683763747
-0.528419586677033
1.226062197647595
1.418629148859058
1.544071080277853
-0.392702699141539
-0.042336872284926
-2.099865624411001
-1.624504411995464
-2.405359024106229
0.409150348904763
-1.160656499402369
1.682991764607106
-0.087348698488011
0.656291658928697
2.162849727011778
1.362892297190507
0.252940271755148
-0.529888589872922
-0.621476214616352
-0.273116958817100
0.003384928096390
-1.032343210865776
-0.664126392779134
0.283673324834226
0.032041984446592
1.935388478458669
1.051973628192455
0.598782643344142
-0.576665297810354
1.067334588671735
-0.084858062747067
0.821573699011005
0.515688822636629
-0.098279744187240
0.255704321689606
1.263560705253209
0.791798075497318
1.553367049467770
-0.113034227919858
1.712187882481330
0.503249490549882
0.444528787382537
-0.099585487387850
0.182614939110955
-2.135529676788496
-2.229112569046731
-2.113235322742792
1.584067611758204
0.763160730490080
0.776309658559713
-0.682755935698847
-0.259237453070255
-1.337375042675974
-1.682553144403524
0.703244737831588
-0.883446278800676
0.276407128785976
1.124646657344466
1.472619547310371
0.705761313228684
1.707312628833916
-0.521169421930751
-1.071311931661967
-1.271844843967262
-0.705586972437184
0.464701211406264
-0.294471694315283
0.026081848460041
0.591715319840023
1.176680217563392
0.327234697837832
3.181191714792666
1.740019573973805
0.874179631351743
-0.858843062005675
-0.307210021210378
-1.921823970481290
-1.225488447016586
0.700605319681046
-1.455425872996394
1.821549620746720
-0.234138766173913
1.279409015804356
1.095148457344644
-0.813997262352728
-3.114526642676660
-2.778130072363801
-1.655088355990717
-1.339624014387478
-0.878335170799983
-0.025159700511022
-0.202310894110685
1.583559518727482
2.536081134979066
1.205748101118173
-1.889452494524182
-1.722145113262036
-1.211782266110322
-0.969093464623000
-0.845990356353860
-0.227653011757607
-0.149777421746899
0.518073302885123
-0.460216191182920
-0.798644344926554
-0.567675301327854
0.602804042388298
-2.458608696130473
-2.497408789787874
-2.473812774296184
-0.906347228174395
-3.265313154479272
-0.488564407624940
-0.707202828073165
0.546052859334363
-0.664622162812865
0.137237319902094
0.631093780036640
1.558944052048088
-1.305756484888540
-1.569524237742861
-2.336584127598628
-0.566197311821699
-1.003666989802541
-0.887233399328710
-2.603693399110091
1.293873859517839
0.980279241652669
1.705648060964321
0.034423651693442
1.110205461784629
-0.083389886592233
-2.364885125909139
