1.194811368005369
1.324895606544043
0.620462918279066
0.142129654291678
-0.356595028585495
0.711505956918495
0.252516522242864
-0.848402674531767
-1.299438346509992
0.326434833651555
0.788487673068378
1.364181433278600
2.414150058847433
0.630645039982681
1.156815807618707
-2.528033200241606
0.003566947220856
1.196426957562353
-0.862488153466615
-0.340810798727880
-0.055137211874248
2.043033483884646
-0.731547465547818
1.278445835489427
0.376588327930304
0.674549377550851
-0.617977510825319
0.851620148790519
0.438297423117679
-1.171694128937860
-0.469758569057841
-1.174949135939708
-0.691628563464197
1.922278659200563
-1.206355991386993
-1.214207087895310
-0.794880084367958
-0.592314272278160
0.221440808858036
-0.246107552164390
-0.608680453229773
-1.546731811121730
0.507349649444620
-2.496810005612114
-0.489457797242990
0.279938474247526
0.309229518025030
-0.638974220493812
1.325967280654122
-0.703883597582098
0.064656174097011
-1.061344614084813
0.149071583289201
-1.378849419731696
-0.771827826975780
-0.019917977000604
-0.575693228965857
-1.539496109075173
0.537430586317716
-0.822693658840988
-1.588791891441904
-2.073229337595236
0.688712716301147
0.106167829623325
-0.199863202071104
1.144925469069465
0.256894329658813
0.919763529899148
1.717443288240555
0.534950435633032
0.690418998717108
-0.547389203471935
-2.341389954822544
-1.227411683471185
-2.386551642714860
-1.455238125049556
-1.725398718610782
-0.350778561459080
1.282759720788381
0.710439455700955
0.319727498614268
-1.124765126050253
2.037836575306993
0.780204120483880
-1.729584521151230
-0.775161167009388
-0.619326684288600
-2.299954504834853
-0.924352237025342
-0.761153713684144
0.044203373396182
1.282403752882502
0.522015760296070
1.239120678807543
0.604506625526601
-0.151782542888082
0.147285234448195
1.087284011199376
0.886988371017328
0.246629427983031
-0.236395268649021
0.519542538974561
1.515468534872424
2.512801268128571
-1.022914975481666
-0.671923977547118
0.495886183806700
-2.146618287367274
-0.784662909446308
-1.058049880129346
-1.513553588025268
-1.705794050331390
-0.413940297506430
-0.103181209104242
-0.377851088842225
0.120501854091430
0.398553295380970
-0.635210835460196
-0.492553240901417
1.796716277347267
1.021261065804475
-0.837708726266126
1.170707519208551
0.969230850428987
-0.073401498900072
1.416258195906040
2.929072908660624
0.825969160220685
3.403640320207130
0.183249022489325
-1.903803647381507
-3.207879121657078
-2.314270163618232
-2.612492706533698
-2.086769689624765
-1.813838516127428
-1.456631425229709
0.589223611590377
0.803808518886943
0.571416861906658
0.534950029069792
1.208907143560558
-0.202894511317609
-0.180395962332153
-0.477653183466098
-1.648055200945145
-0.571361523739898
0.569009313278886
1.016274846866723
-0.198514857098733
-0.124706842860418
-1.300122653417399
-1.237385495102829
-0.485263072624191
-1.375064033662092
-1.743875302410244
0.126919296780726
1.338224827263594
-0.720547946484709
2.566756804757463
1.474020610693705
-0.262862379064540
-0.323080694839836
-0.131946901921154
-1.877100200120768
-2.258675548180539
-1.911075387095750
-3.316090092857267
-0.691061379492530
-3.286273011043601
-1.675825841798149
-1.762700871807617
0.038567084916855
1.601677581506779
3.163841415357404
2.046426420435280
4.644452084836301
1.914991934134209
3.114646269165772
1.572351118614453
1.909554547245849
1.193252298111955
-0.379047888489713
0.194506278226840
-2.956538131603006
-2.400284515523965
-0.593117675718224
0.676689275160990
-0.339556733052210
0.344637019953301
0.237412823364827
-0.552905027806649
0.274965193445041
0.665685455119730
0.078177813467022
0.227205924540541
1.511926553452967
1.699279250498488
1.057964213411377
0.744693558724456
1.054438955308961
-1.306231160830078
0.191855147620701
-1.918797551511981
-3.040998692559061
-3.071757518196988
-2.917196438843894
-1.529927407645351
-0.195850500290329
0.943136730327298
1.733638666802553
1.889867362118632
0.205547553052622
1.282912316147210
1.034901082701346
1.585615332024329
1.326000851565338
0.158992386245912
-0.657180786530715
-2.661714351536382
0.434329700800866
-2.239867622956907
-2.733356208388698
-3.391870199842195
-4.125727543683242
-3.572509595450923
-0.234233153466382
-1.666544125439099
0.989600278442277
1.689816445695256
0.117490233272390
1.568193982097841
2.439381780594484
-0.990628788022016
0.170714867687575
-1.621475748109197
0.454824708549914
-2.264263498681883
-2.390723142012186
-1.713032896496775
-0.973705511305026
-1.025812902246179
0.947610068978835
-0.563534472279402
0.495926152330699
1.604965730883864
2.390476330937595
-0.060318367067527
-1.096170282544024
0.628789760850762
-0.977019199597880
0.918409212502606
-0.361593678393353
0.913465653917260
-0.957138799422328
0.509753896703096
-1.177559470235722
0.422823658288312
0.512444808857448
0.275551491281042
-1.631949072571182
-0.610061819363107
0.923615355015055
0.732932468721902
0.292796628488535
0.922146517689227
1.550670612712371
0.328194078234743
2.455184762987586
1.009638083542258
1.451339929219068
0.531434216401205
0.706277048323542
-0.987938439008442
2.364242964949955
3.091201968356912
1.264007676122265
-1.390993083815385
0.544214858871665
0.154800228718528
-0.029266420664728
-2.740507684486165
-0.785933542709259
-1.222655318565183
1.110244129367636
-0.478086219124493
-1.114064543040139
-1.611402933771062
-2.419622460413508
0.137926412992570
-0.099492077925348
0.269068732838119
0.678696245392281
-0.198740879439954
0.531687954375996
0.118941828820283
-0.609933379080583
1.051759190900587
-0.868106806585832
-1.990353829354791
0.503940661820508
-0.529691848024484
-0.040425427852769
1.114314883266675
0.871120830486897
-0.549590640728848
-0.228381464255820
-0.997675650709610
-0.352809689695583
0.426619426124416
0.161560014096076
-0.904214813793985
-1.196489171494263
-0.227166194058978
0.234552534793981
1.249134480428323
-0.208524272440172
0.158777959105583
0.215237233746879
1.156887400033223
-0.899095484386766
0.127298505515956
-0.778825443150259
-0.229044048607407
-0.559589627499458
1.659503233826995
0.065868414561098
1.421700196250516
-0.337880380271541
-1.705062549648734
-1.533712992577968
0.149507733971404
-0.242079107552939
-1.749494659059676
0.428066707187749
0.905963002125199
1.239240843819956
-0.218982286847917
0.092712839503876
0.311213342674382
0.279208826202773
-2.014246174281141
-2.600571840889951
-1.779708066468394
0.266686813786427
0.803108985072938
0.956603785562898
1.891670676680857
1.010550522205500
1.581271097850701
3.564929999743052
0.954307081893034
0.191122157510475
-0.155740441726587
0.122783627120661
-1.475534782595007
-2.228044091695977
-1.234407844742651
-0.909174930224731
-0.250117038380575
1.104849129121498
1.384790067600583
1.379599785799116
0.984949473314195
-0.523220807874622
0.127890645354389
-0.341362597785430
1.606377217137327
0.943792905420585
1.289662862570830
0.374794218646657
1.193500282181493
-0.652806425587533
0.866271997694438
0.103351434057322
0.990693780295452
-1.057572843693289
-0.868463755923448
-0.523522764170849
-0.815334412893892
-1.046969179184071
-0.363648512334987
-0.240743375857841
0.551660539600919
1.912981946096935
1.331906742744610
-0.504974616254714
-0.725170561233220
0.973802464824347
-0.585121444714037
0.171114747848187
0.719727552287874
-0.186258743395902
1.169404646767564
0.773696315913015
2.108837655222670
-1.105337669781153
-0.202171043224179
-0.185426146975528
-1.299457690146757
-0.768350934049438
-0.451238914295970
-0.813066431142388
-1.440730183667753
-0.609391346845257
0.101018080099766
0.151782684304650
-0.273156481202685
-0.267607439673597
0.129773909281021
-0.456597163359394
0.625819240320384
-0.355902219691004
0.700057172570297
0.346104466306996
0.416403528821752
1.432227875381778
0.638996119204945
1.043253372761646
1.113559856984905
0.511216064023831
0.121489125783078
0.392618284603409
-0.205085090796236
-0.188097604151492
0.160129987812427
-1.945436104331863
-0.325672351066129
0.607569168833130
0.219387837272945
1.452714704908378
4.662009083434237
1.318034623078761
2.205534354891563
0.640627483769792
1.218628037758359
1.736362647017496
1.698560294416590
-0.334996574437797
-0.182926446143989
-0.579129745237592
1.576180768259744
0.270501736814337
-0.315869049022043
-1.339121644223461
-0.093366850505540
-0.138597261898936
-1.009861537506640
-0.494579093773750
0.135816583279021
-0.092688888984362
-0.058139273433987
1.272024538764854
2.334288111883071
1.494613355699328
1.554114740578351
-1.158694959772065
-0.402420149664635
-1.207866763556571
-3.523159562054098
-2.820934711415781
-1.157590182613719
-2.049289502911375
-1.740845422627636
-0.865269607348912
-0.222360149111074
2.726725035002826
1.915847515362384
0.277735098773375
0.875740880796367
1.019538488715808
1.868855631888731
2.345420485120425
-0.324224814171472
0.331935132656255
-0.465923401321156
0.008234723315530
0.472607192432477
0.113212470012750
-0.102664204785854
-1.004450934494154
0.831147692305363
-1.022694057644541
-0.913162589812604
0.751059687510394
-1.183484919763469
0.104820485133812
-0.342161422261456
0.695099004277745
-0.754182620391013
-0.764859816268654
1.083867208749491
-1.099798612196742
0.423905520827415
-1.409953638677939
-0.678020544207320
0.223229783240521
0.752418274805363
-1.325459515946545
0.263128102632924
-0.291014301356900
-0.708146277946604
0.445382169881804
-1.613138436127010
0.130402290877099
0.111625120614271
1.463158927245104
2.986230967845043
1.522166898327316
1.172695284264098
1.362685644271117
1.852452226722707
-0.289172131724371
-0.403475563891665
0.437089173728838
2.279614405486897
0.005197647831719
0.578413871636314
-0.279297750346024
-0.687072131585112
0.147947846862784
-0.512797717761975
0.656192155542214
-0.249633885643979
0.801619095578408
-1.117394349151980
-0.982355609100063
-0.365709053035669
-0.014213805212537
-0.616247843514133
-1.277445731338083
0.670238311354712
0.072357961377654
-0.862804088863485
-0.817081123922632
1.722760623266567
-0.728737764852589
0.415895620919358
1.005614818584464
0.588354180555142
0.950659228695233
-0.088880441385745
0.492996719586600
-0.979132788439294
-0.553299692796971
1.291267077142378
-0.439277463921358
0.542527971379423
0.911500038801719
-0.881481351269406
0.135042032610634
1.398268886144494
0.525886212898413
0.192558482935943
-0.726538956418777
0.581293666087094
0.079423306125370
-1.503828592511210
0.910136303020221
-1.045834796859056
0.860228527270027
0.230666705614747
-1.049132349828299
0.423949071029863
-1.149359443978283
1.156447064227012
1.082180168160068
0.920854603074908
1.824978368442581
1.531467094401312
0.450106669915681
2.376173658279156
0.295668137209679
0.883484972146138
0.290257935667088
0.278168003970151
-1.838613147470934
0.471954375463840
-1.060736294683549
0.039119544600089
0.639940708599366
-1.372209452861112
0.201137549797063
-0.446975350205322
-0.596681660309354
-0.406346033749482
0.272692770472478
-1.361397892259150
0.012187261595859
0.703155458659838
0.599850741133862
1.022045180803035
-0.133971024667470
-1.146594920706965
-1.996782765416315
0.802942694296470
0.759274062433790
0.995112026617014
-0.293261299531535
-0.507110302556099
0.941315092438869
-0.077106720444930
1.016270203784239
0.599481009221033
-0.648731221850655
-0.971052736713273
-0.459117299203796
1.021438261426464
0.291776759477363
1.720461067782915
1.729741203576845
0.126031718402639
1.828991416896400
-1.398903434147119
0.598526070712979
-0.505361086696514
-1.243523662787177
-2.794473143248359
-1.741866585112313
-1.070269759815146
0.063952524900062
0.136148320497451
-1.755787777872325
1.391399928878868
-0.001260414148291
-1.183623508799306
-0.405917613465537
-1.899937368831548
1.574328793779149
-1.058850626737853
1.847676647035080
0.308859284672168
-2.622514173121871
0.585565049933853
1.208769420836445
-0.095395265872899
-0.712388333223613
1.569126878500035
0.599788865228508
0.558081157657180
2.521315061776654
2.161705781085128
-0.094253296420385
-1.142360036035696
0.073871741345115
1.558156930284502
0.016449776562032
0.792294642517890
0.398863344210199
-0.657899956510685
1.048166988994142
-0.159914788895864
-1.372736024451338
-0.096052068597999
-0.364694436274974
-1.949177088179977
-0.557251058047891
0.079202820676364
0.438398114772659
-0.413762219470043
-0.150893132130855
0.131788323904687
0.285566562503639
-0.439057601001776
0.278745284243997
-1.598263574444352
-0.385806139333219
-0.614403766598827
-1.053864370219302
1.001825700948195
1.931178018075856
-0.535303414764363
0.982825097497942
-0.248767066401840
0.469534180176476
-0.818336518146188
0.117654612892909
-1.028135845913559
-0.859644218637812
-0.507082852458852
0.938800831393084
0.553011952267230
0.046399878635948
1.530970464823099
0.862186538681052
3.369183762368670
1.067041596172649
1.349170800970763
-1.531940825316079
-1.732106202091976
-0.252852377055311
-0.598064961862816
-1.582702081675572
-0.966744420903657
-1.929350309292620
0.528183827031143
-0.226435424193860
0.885193530176110
-0.214096736248589
0.650474768267126
-0.392798864711763
-0.878818887301337
0.484768224870328
0.213482102720077
-0.352108491079683
-0.363371827120160
2.400672960351680
-0.355956617149760
0.446016946658204
1.245666248411679
1.570081576958097
-1.036398625823244
1.146178858883986
-1.329921658849054
-3.534801880621032
-2.500928246063884
-2.136369879055182
-0.362475646273688
-0.814997279599858
-0.990145970389496
-2.665632477705829
-0.652089596752639
-0.994077864498214
1.722087800003388
1.967663436150025
2.742511691807089
4.415039333843799
4.499158833468701
3.236540197825835
3.959041944687365
1.718509131408938
2.703712579788896
1.744997059635519
0.436129527282725
-0.178279115374516
-0.389193191178410
-2.193038435326062
-1.818911463213549
-3.384889330874961
-2.597369679772358
-4.748379944027748
-2.553463619100874
-1.867302247412870
-2.272083400220973
-0.406418382477908
0.827720178732434
1.303714917578660
1.733763191442475
1.217287579366320
1.256308181152266
-0.668742478924631
0.501244363553029
-2.074490951687565
-0.815484608920332
-1.374549609484450
-3.920717330771256
-3.433273426106929
-4.004416094153832
-2.748434796375730
-0.368917884801491
0.504895907970270
0.414329711037533
2.242259379403147
4.562212096905175
5.191458128195832
4.100686086574441
4.446916189195383
0.527704053993003
-0.440550044736016
-0.108184488039014
-2.640497344675011
-3.164237290548599
-3.612160043689596
-2.817315929284135
-3.510721629453880
-0.974140950320834
-0.614184389443137
1.309052913337404
0.981331468112210
2.100996387941298
1.107953739059312
0.422571595994836
0.480674647679783
-1.107461438719905
-0.518489496405359
-0.899604688843594
-1.683043628917586
0.170316252402402
-0.701007885420648
1.259131093885951
-0.969783317862483
-1.428085154366063
-0.321873665814110
-1.159731042383193
-0.641117441803898
-0.205389354031513
-0.024530163418250
0.914824598685570
0.888039488781502
4.047996395609565
3.041909867602290
2.296772754915775
0.352235030512848
2.085605098688915
3.063603174894345
0.171830339568318
1.598766813895796
-0.219261338059928
-1.381354652799759
-0.768096582340043
-1.251651140238221
-0.306020329362822
-0.278833288543307
1.227758474091694
-0.190206022931981
-0.859879451998766
0.728339442700387
-1.233577798135002
1.677230431419345
0.867305072094142
0.304552419009516
0.525851382949200
-0.902256765534405
-1.411697509245107
-1.397858134167301
-1.788078565137594
-2.078382938766447
-2.465361028875938
-1.532846350082683
0.245179930677418
-0.176950780016492
1.206999963619845
1.850869282472648
0.645039471154963
1.420840343711045
0.546627392929898
-0.006130437294655
-1.132118342676258
-0.206615335769562
-1.264386513585628
-0.694611210175908
-2.938643960415957
-1.099944411031681
-0.644128914318754
0.768054605559578
-0.316052370320858
0.472621593434088
1.507185537437718
1.422578505609029
0.242799385782767
0.196380550924746
-0.818174928125119
0.336335234505951
1.433469938577145
0.503125237186593
-2.821039298832349
-0.091731398739446
-0.837288058518846
0.318277324619162
-1.164819143053224
-0.846434078781184
-0.225926800080623
0.436886944387180
1.256639415286997
-1.448029594522634
-0.708132515667827
-0.931408386890282
-0.532345568119321
-0.556792253339754
-0.165032126386752
1.321696389824615
-1.074262621063192
0.153669157115856
-1.848593592118615
2.104241488730114
0.137126376984156
0.669808912643247
1.076586336117159
-0.930944835232508
-0.719279891702062
1.332620468669809
2.297114904683424
-1.858786378471029
1.282693411040227
-0.259270433194622
-0.329258689178553
-1.294092783075629
-0.956876206540599
-2.118268667445652
-0.608472322158172
-0.814180256482918
-0.567661586193868
-0.227354399089375
0.576365088106341
1.421811263035310
0.875674878604474
0.562426907275102
2.484140135933544
1.919308931875802
0.357944093194989
0.550324391989158
-0.067135451522356
-0.342060933755411
0.456237404992865
-0.829585148721840
0.276491324684842
-1.199167911279171
-0.216644981909819
-1.212065099443607
-0.350683940620352
0.515425426191432
-0.180756529362726
-0.038022105914344
0.230681243350692
-0.111872525592607
-1.055774642637465
2.128177526368161
0.343922640420755
-1.259789353371193
-0.478227255799182
-2.292743333912922
-0.521757380723402
-1.093736128378003
-1.609184015404737
0.944155856904630
0.521704303663651
0.946523544382960
-0.184101620414794
0.842928715401202
-0.124497677997647
-0.431542166353466
0.025180786832439
0.265757351601135
-0.420096579995307
0.300593914523237
0.380456708185424
1.351063767418805
1.297148971028566
1.081400548979850
-0.001149889804740
-0.783098342170259
0.158188718355419
-0.794527163257064
-2.285281150655798
-1.227751539845865
-2.049983007261957
-2.085113756546481
-1.005258722687464
0.884806042651673
0.176957849869400
0.251251280660850
0.184570054982882
-0.350020500082503
-0.838244312937306
-1.900948694021672
1.035921807550164
-0.274106769021654
-0.988558955672591
-0.963446731635871
-1.240195424943763
0.133199047865877
-0.285608073493210
0.879973712795427
-0.688319401966527
0.488365062353344
0.636437607398066
0.020588658956599
1.334362869295543
-0.979408663295305
1.423836306071772
-0.695723202565554
0.911515865524458
-0.162873142141287
-0.245090337028524
-0.184144567720961
-0.450192040002912
-0.570528163607861
0.700322494083028
0.382452524826976
1.470064878898969
0.241741395070424
0.806763042780397
0.507821722573866
0.117103749249703
0.039943847896938
-0.851017460169161
-1.123141796318649
-0.908141946093904
-2.009768149294575
-2.790836923059010
-2.883179494957948
-1.647638173807766
-0.383967769707884
-1.190202556902270
0.572004550025855
1.981501457078611
0.594290888541154
0.805258801852206
0.502483868314669
1.598077209150453
0.642918203483588
0.580043481309148
1.298253113253404
1.005642685753459
1.836982220226584
1.238574341596063
-1.948931120756849
-0.208748150504814
-0.123619646383972
0.159773665657846
-1.511554663169015
-0.755773540242959
1.595539557322337
-0.922571988903246
-0.883988430473458
-1.706242106662651
-0.201203834007229
0.478937165425580
0.287266478309487
-0.035306831734398
0.360368408572653
2.190057879798027
2.368538911159047
1.856241520516419
1.983038345315607
0.339225568483836
-2.506526695751621
0.082042780310093
1.391882663020191
0.096305057749954
-0.787610984171901
-1.250357554564739
-0.037354565165582
1.067096805326181
1.362281379468156
0.646195015217552
-0.565489442568659
-1.466049128344075
-2.821101030119611
-2.192813486641856
-1.103254126339706
-0.512650053521481
-1.900703251572144
-0.288170447779315
0.950605985269151
3.407007151998373
1.572305862002805
3.840024971245475
1.911157441668157
-0.672655602331880
0.013017920347502
-1.324552785100628
-1.332729125619485
-0.981592676651734
-3.563934235416499
-1.503014487074761
0.379427156897092
-0.393483973586806
2.758430494701850
1.658843710433309
1.338265712337757
1.864369496989480
2.029446547466194
-0.639454490969952
0.049593906322150
-3.076674011200582
-2.960646976523676
-0.531075990686490
-0.514539503981207
-0.367057892208935
-1.872743275884936
0.003346889868609
-0.677298700319665
0.103430190453435
0.000344538885442
1.027130521795324
-0.308614040843441
0.367745847087734
-1.116106183447598
-2.225915148317089
-0.088672759005319
1.355308950696574
2.170263756260791
1.256744320535114
-0.747948755866743
0.230643933033026
-0.039827647301940
-0.379377608270430
-1.962944789264711
-1.771635819205816
-2.534444207206585
-1.407595120685788
-2.096565108664582
-0.366319254401333
1.209201925844012
-0.321362803981129
2.266702668048653
-0.802086825297194
1.915031375808267
0.281054298020682
-0.607323904399716
-0.697007598448253
-0.507963864518309
0.831050745603717
0.198533569682639
-1.363862514757607
0.343864109516606
-0.139849087161124
-0.953782641733733
-0.075996577285406
0.553001265738920
2.986646469770013
0.474637828283335
1.410829419154001
3.304986420311923
1.379039812489426
1.962785238471173
2.741764463641099
0.531669100943845
-0.801334070528333
-0.988179730868839
-0.848203115940781
-1.469759181353336
-1.217345426543953
0.529314775753550
0.487641455528720
1.272085881339530
2.638650624503788
0.237592018197340
1.032242248029732
-0.502461632707599
-0.939049854167843
-2.034567679414735
1.894370527835340
-1.278177724616954
-0.560225198225675
0.382918892471511
1.063966950716918
-1.054186125899466
0.063868586268582
0.350102739618646
-0.139577941795204
-0.132219534452565
-0.547326350750667
-0.688842596320630
1.060961486846344
0.055961032815502
0.042469506628413
1.380535670600332
0.263693271744776
0.881833235479329
1.768848785015241
1.236222894426662
-0.748497623232836
-0.602756008404628
0.945128498827542
-0.238511499487079
-0.254316871057499
-0.662922059300580
-1.322256775783358
-0.259818271966853
-1.517177891627635
-2.996685834291092
-1.894881054833401
-2.244617231872134
-2.406660065129729
-0.410196653988278
-0.368272695789895
-0.596570042777526
-0.201128839026719
0.698592080586276
3.206628196545060
1.319382379364328
1.450975736308449
0.592645147534809
0.032090640018890
0.911146985960792
-0.882677505674042
-0.374428806536234
1.557770191069094
0.153331906940726
0.120237990610269
0.855149226181205
-1.104537020195973
-0.270617099283592
-0.099522500850598
0.775365030147232
-1.103360195997342
1.371002475176657
-1.728884507812937
-1.405775622078107
-0.253640954234126
0.103169688991640
1.938850841303701
-0.468563009252538
1.666478741488894
-0.067794746309040
0.167548895638031
0.273142790893663
0.844310342373189
0.645681263705696
0.184677544292616
-0.826574330449065
-1.137101344181009
1.054291928762891
0.215452857346128
0.817734121527369
0.604868807941399
-0.018047202829008
-0.207790067468050
-0.130951858274966
1.609841012462200
0.321285355253020
-0.244767653014215
-0.600956428113344
-0.039298092778415
1.273068215808207
0.402277948744830
-1.893613854626486
0.060191238649342
-0.783177378049938
0.039161424084756
0.462821119962360
-0.597539206435886
-0.615931542936908
-0.841910212872665
-0.141384943658063
0.588113882694516
0.035733735282339
-1.045049481473866
0.528734801152055
-0.131180820355171
0.414833312590430
0.370790275487044
-0.271353615898889
1.169968500426036
-0.839217752579514
-1.904871017984525
-2.914842712478292
-1.398464301545826
-1.029196854473613
-0.022916272286026
0.661015439225165
-0.364441614743147
-2.042117275428813
1.005595907288921
-0.004197270327594
-1.419370484060800
1.109713363041052
-0.171264421880323
0.669285934117380
1.175077066151943
0.924519264776698
2.110102650671720
-0.093601900219528
0.367454977569726
-0.201260280483257
-0.435692682020365
-0.434553378742877
-2.395646244208772
-0.934800261453768
-1.664801444513352
-0.969323229091426
0.622136602487240
1.094528558543024
0.736960130028076
1.537888324756381
0.765029797808288
-1.126737892649270
0.778839742028367
-0.838640594914892
-0.825941560195360
0.586199190318344
-0.834088100409514
0.637283799276057
1.624245475231402
-0.612497804627173
-0.241735993091564
0.094267382604853
-0.918986079033250
1.460834109748547
0.971206188651764
1.696728029466989
0.855509498726970
0.007577902561693
1.053454363472394
-0.990925096363405
-1.537799896645315
-2.262958561566097
-0.484500812107226
-0.910872993111160
-0.733957914250580
-1.272145556960496
-1.897840914767313
-0.737719759593464
-1.408877787963874
2.668116109870218
0.067649793388022
1.665001936356544
1.609322573510648
-0.248459020326930
1.183286704983241
-0.181099713487102
0.280177130059625
-0.080723306959466
-0.374523886288285
-0.305878452522016
-0.182903072798067
1.389441378426620
0.455479070757712
0.795465292145479
-1.275355770534309
-0.709188395307476
2.621693332054331
1.804928959302891
2.324665546238215
2.738688106288663
1.507358981355492
1.260642949700334
-0.599599209761779
-3.062811552159505
-3.218547860759049
-3.596411000675766
-3.570318418756015
-1.900243713405108
-2.415512077930528
-2.686745376335155
-2.084138621475077
-0.888759210951649
-1.817857311916733
0.012881203400860
0.720538424241672
-0.141297452923806
0.554909628160630
2.048293072879424
2.587348169964283
2.047064998847801
1.705845871325486
2.074211840169403
0.027805353454756
0.778615771096820
0.192211904791178
0.448798329557604
-0.557267806187203
0.399112366575104
-0.920245376533645
0.232333079072741
0.963692568554180
0.019090646853000
0.824751973169043
0.572994221539294
1.431967030627311
2.197035120638650
3.568020999430296
1.346260212971107
-1.448619396447591
0.322388282291910
-2.542778385382705
-3.756443400260923
-3.260363811557548
-1.899849810743402
-2.146842449814518
-0.965713129225944
1.417955612646178
0.963550190772322
3.880407907721647
2.733491839086069
2.094348222787092
1.524707339857335
0.723755545554417
0.188465436640696
1.774707799528775
0.130119047007753
-0.822395720451911
-0.253618447425499
1.113795316928307
-0.052753250647693
0.486367302590268
0.973251495926832
0.873711473738838
0.172559444379041
0.768794100871364
0.597993815273842
0.321273517664211
0.589235550359664
-0.543016610795627
0.028984744199595
-0.883793968886539
0.340117664845070
1.246073881108759
0.448431213084618
-0.534335016958838
-1.500962379444713
-2.579032889892036
-1.611620834618650
-2.161762062668876
-1.867764873972990
-3.586892783691194
-0.330585017714770
0.036741673755562
-0.886093820361031
-0.438415479242964
-0.287573847072887
-0.050870880202238
-0.233697452508560
-0.822974853148836
-0.636586953700886
0.701194731540692
-1.113361402154845
0.578269719464898
-0.442880058489231
0.947315649339357
1.529952362924836
-0.755242755241116
-0.269819799420616
-1.221935598838821
-0.345711543432456
-0.863666998771780
-2.604838880157372
1.508160800178902
2.228395266318810
1.761336750384195
0.845255697101007
-0.243488935932878
0.506803321925909
-1.226268791900069
1.270609991269080
0.267356879297972
-0.897811016658367
-1.058421461564389
-0.021267696211574
0.234689296139756
1.054338031479582
1.240359870058293
0.031952302776265
-1.915350651566829
1.311180918407599
-0.707753041255416
-0.696369098040583
1.874682256070421
1.111614794052717
1.035907113094663
-0.042148389248049
0.317999064038434
0.521875587415095
0.736543707225063
0.578181352176100
1.020755608815963
2.093836490524929
1.570217157761299
2.328124849180360
0.592771152260005
0.585423101035407
1.152294668467903
0.100977273667100
-0.130792210721504
0.231986137933593
0.903568399797693
0.141598161707414
0.131307789082598
1.213634074474104
-1.525019234630745
0.244715957735000
-0.749592948863247
-0.454247607714782
1.154935036057386
1.074052069093140
0.779587754570230
0.665420834236648
-0.767468218920988
-0.479944129978324
-1.449129871840044
-0.397356975363920
-0.552898760746447
0.270906244306194
-0.446501913177342
-1.532011578185833
-0.200400959141124
-2.513158541949987
-0.052911689941159
-0.169848231019293
-0.195142896779618
0.638853862410522
0.234050054859900
1.332994690547817
1.271785504822309
0.726997965160598
0.738520177806344
0.460747898293538
-1.608081103835406
0.018534439773793
0.255891407710827
0.398663782176024
0.938323201752164
-1.000581056370268
-0.120006046771847
0.078761537347288
0.051634759489420
-0.981287803233237
0.106631636109357
-0.727578623406256
0.028788359892615
-0.107596844541677
0.523039935801541
0.424283866892949
0.956775985675878
0.246473327758434
0.412605124104131
-0.177072272892611
0.946604949879206
-0.655586307262970
-1.146327535386537
2.660004764172158
0.062279474214465
-0.124374937531981
0.958185700673497
-0.145298450859747
0.995219493677298
0.354836072893677
0.274171459898816
1.243546953591299
-0.340753010947405
0.642969268003854
-0.312345792107612
-1.950990347860171
-0.769834341711211
-0.638700750970792
0.264315918029833
-0.418189374627976
-0.191313326093658
0.376485454607626
-0.355521648560791
-0.012777083243983
-0.676479351214381
1.510460661191652
-0.457472891478403
-0.846154316234294
-0.346442692175075
-0.673474902680415
-0.324922231689374
0.962907056492777
0.339308395163631
0.243634461343092
1.164812119317995
-0.362430798770913
-0.136663434128917
-0.074157847049166
-0.151239977231740
0.341640002459963
-0.633297429128080
0.066767937498489
0.608771442148985
-0.467293124970344
2.447014441254163
-0.429992840611265
0.075903498343597
-0.008904409701937
1.175121652886415
-1.477031771722746
-1.951021449617331
-2.237947154925840
-0.647959859849605
-1.801287164611569
0.339220030628466
0.707893453085762
1.074268683938009
1.302687084369634
0.946111488126213
1.208596462334688
0.923275873081042
-0.679920186796812
-0.662226454576825
-0.984133643566809
0.178053976282543
-0.351428768413826
-1.203429161235827
0.069565563318882
0.752201925320068
0.002116701626473
0.414453411537947
0.278133800243498
0.161069481121381
0.431344048900216
-0.736705026800409
0.676792639728667
-0.311416961424194
1.782732919409080
1.192733998586701
-0.120056960343605
0.982063258059881
-0.574217967490717
0.331150499175952
-1.320387771663915
0.141795113139718
-1.286449499701705
-1.551900650906546
-0.367702057159920
-1.547804039884177
1.097790579990008
1.359648606950128
1.063126068778559
0.188973904335875
0.783090248808354
0.152069116434671
1.820541273280037
-0.866760468664817
-0.784672287661486
-0.484811918007314
1.058598174306389
-0.320064930778522
0.218486565682853
2.597202105468369
2.885972918782192
3.661106515991844
1.631891770423240
-0.290386943188578
-0.691502616500669
-0.613014575233726
-3.709831268462458
-4.440294833485781
-4.559190440634956
-2.105910252089336
-2.623700128299902
-1.325703224719556
-1.409256015019031
0.231234832957076
-0.251605635327343
0.180706340180304
0.815917753012473
0.578469626234628
0.188382308983001
0.209397807048880
0.342886234687458
2.596828441394156
0.861617318127906
0.405069414200580
0.332609155877396
-0.244757674764779
-1.142171226811258
0.205902250509718
-1.203472632611691
-0.853339504521486
-0.773147925643259
-0.480978392101416
1.747787370865022
1.705086043245867
2.075527819251098
1.250571241612913
1.782251292106183
0.265342043055340
1.676074806633866
-1.647108612647562
-3.311293643732081
-2.701203161562666
-4.346285217726924
-3.491408227673408
-2.931236506308600
-2.356722887161030
-2.546389913355097
0.777447830538976
1.582736448599885
2.860819684548821
3.223418737238701
4.664936152724259
3.783597924439746
2.414108270565764
3.103161959446456
2.182374208041489
0.768679757097155
-0.214509605374462
-1.415090074110767
-0.898528121088888
-1.344899839321662
-1.575278300024708
-0.464752352398530
-1.303379145669366
-0.322666926138172
-0.210104968072584
1.308002743918589
-0.305144472993492
0.868214905385842
1.049650003718188
0.120855702102462
-0.370342432976650
0.013901712733240
2.310430112256342
2.629473560156384
1.452969989517914
-0.508513535025467
-0.990181232163785
-2.254978294166304
-4.438352849102202
-3.458661071431237
-4.607984314415904
-3.097924442720566
-1.874252141223773
1.868444167219950
1.365240783720708
2.080018194704900
2.456690282822379
2.235172443353664
1.550877040617514
2.167709307933272
2.079488030662081
1.177130834601606
-0.042115687110301
-1.135026136909394
-1.075636583831419
0.011657014755543
-1.716931542059246
-2.981724361145810
-1.713049633993677
-0.701266731583244
-0.388093842918942
2.560658337866524
-0.280895497171456
2.065528560565936
0.763230906050439
2.032466724003357
1.843976812211453
-0.006257161726073
-1.347129600051590
-1.111936677417898
-0.361556807942234
-1.750842594473633
-1.920811807681536
-0.353243621502911
-2.167150862717905
-1.235259081399789
1.503642381648820
0.779384634927202
-0.003978934346533
0.914691183759594
-0.922022168757535
-0.590158248398153
1.754488215371778
3.465504037570784
1.132256356186689
0.746656754141721
1.519454505371335
-0.814044596976022
0.584809647092588
0.268267218379017
-0.602267894024136
-1.040330243004564
0.303043083116744
-0.003940997446097
0.662444477674627
0.633395524483982
0.332741518892915
0.203068634222130
0.082584032338270
-0.944466175317861
0.740698210277278
0.511177496119085
-0.215735160985599
-0.469118779361408
1.619417138407758
0.546680043535439
0.876406285035151
0.912581835445884
0.790892109444793
-0.512051083846030
0.306263289780707
-0.397393207291237
-0.215927871000811
-1.433447264981502
-1.314811776454549
-0.447153084805626
-0.413851035090277
-0.730992373219552
-0.063276631403616
0.195657575930441
-0.089064766805505
0.753088344377791
-0.707114781840701
0.266074188548354
1.018543969366284
0.655347487088406
-1.520232941827179
0.874644229933474
2.423208722790567
2.389539031748362
1.432885718166865
0.086544714554725
0.168943779730144
-0.261078841906143
-2.158705641413109
-1.627959133247772
-1.343185572472398
-2.640167274369358
-2.063562282008842
-2.194527152858483
0.330634547901929
1.951201595823336
-0.416271914118114
1.399666049720641
-0.167142181096867
1.433974393333094
-0.556633457477457
-0.293585334937694
0.985592999861901
0.817584249235187
-0.412202353332473
-1.376176623737824
1.404155050643094
1.668668933591233
-0.549230998988681
-1.634525118056360
-0.210967197046614
-1.526893962664949
-2.015769723949104
-0.488329891784989
0.609148351699778
0.261007316541473
1.224119206088843
1.486530933667463
0.449806685022939
-0.889950049987405
1.117538344358326
1.036147695501747
0.290840883172626
-2.009347093279312
0.405474892076254
-1.958677005365801
-1.390696390960328
-0.897577597102585
0.822944574041290
-0.927099435478309
0.456225060259115
1.729469199349956
0.410027852132891
1.375337946773756
1.231038501262820
0.228301486010740
1.901857335549101
1.239422370709191
1.006053956884986
0.224075112740298
0.445547411798401
1.774983575078226
-0.559350327509091
-0.186348004576461
0.173051828902151
-0.692829624570541
-0.317511661402632
1.046587794702268
1.031988569628481
0.066022358539781
-0.884580197233080
0.298233091154887
2.368825726481977
0.587707002197644
2.814367482254704
2.228963887469780
1.506159481481576
2.243577093477323
0.407048814197108
0.331765337206113
-0.611080187575010
-1.568593320238516
-1.878118863935175
-1.093023832433109
-0.961899870867908
-0.182304470448048
-0.687640733627510
-0.922821605573504
-0.013983154868893
0.526662372269650
-0.594144149775634
0.816094794047028
-1.123423682245474
-0.053098758023645
0.948736356628866
-0.218483751067755
-0.209840111241814
1.788928761097667
2.376452330860578
0.038114137305036
1.078414788643631
1.241616982531843
-1.169978464384165
0.333167957903707
-1.516224930751994
0.739692695294097
-2.098918823882339
0.928995845473326
0.347295191138784
-0.340641635189300
-0.855268732372295
-0.922690747961457
0.799274068661896
-0.570897190350741
-1.827264056315618
-1.045712380275446
-1.963417184877627
-0.806897560376411
0.056664145306301
-1.613688558326424
-1.076785108598851
0.613492467136628
0.103687575542958
-1.118158466437890
0.552068281780456
-0.062364924136692
0.961532815248488
1.145526426282987
1.328675163925551
0.370493982500912
-0.893312307727884
0.151280930423497
1.326454589031331
0.706433713530935
1.660142343346105
1.196017088422096
1.395680247840792
0.499773546408848
0.009722166356394
1.244482936740926
-0.661637440779612
-0.794714338214202
-0.060231446067512
0.260427461455773
1.376018948125143
0.001166727135677
0.270072576733838
0.870921416389290
0.780270135471957
-0.126322815822115
0.678093087634940
-1.208454907306835
-1.213073791332998
-1.266937029888687
-2.367269489128682
-0.701192375161575
-0.140569540455984
0.473326411088822
1.434990129170200
0.531091135522680
-0.604650934047735
0.378615142911900
1.460378281266660
-2.449583549619832
-0.912646665354066
-2.633249401185288
-0.935047253572513
0.593022855106776
-2.340120828148735
0.286290480733720
0.826523172117525
-1.251074988046911
-1.212601510466716
-1.195842696650394
-2.321532125880063
-0.428776113905480
0.817213777143507
-0.913129133864745
1.113271372702574
2.392689968457707
1.915231389445785
1.103326036316016
1.616193698857003
1.950796152337210
0.736017106345756
-0.905299077707403
-0.662258478100073
-0.083405312878194
-1.018469054271281
-1.122020264305974
-0.150982288423151
1.554420163699556
0.614600159890921
0.384605059846226
0.871071091361715
-1.337578712714629
-0.724014905107156
0.933820236485985
1.773765033474807
0.809248467190309
0.831352113891322
0.766398583187970
0.971954087456915
0.354676561298839
-0.938003220891756
0.245709643286457
0.455568124410032
-1.158725226751963
-2.005210653828995
-0.324855015721072
-1.114124702019591
0.581997888681519
0.170661917647871
-1.064642519208491
1.102468263793435
1.517691087197400
1.321428212017010
-0.415252088652854
1.907890979819786
1.928260495356601
1.142497934005777
1.708678354025942
1.815641606990319
-0.362995453325002
0.342839588998712
0.221115416819382
1.008618237147852
-0.496916590026086
-0.607046441542882
-1.832707405826993
-2.284899615032658
-1.883293549080252
-1.457885699019270
-0.629477064515747
-0.745808046727113
1.173585166829366
0.388748497451261
0.763817393502723
0.153126311110712
0.413519804762676
0.968058631052256
-0.246076894416198
-0.292797267292272
0.541164591113286
-0.194089114470022
1.065787706614378
-0.177616524410619
0.774431198969183
1.400250106789866
-0.570800543939362
0.042956439647210
-1.867464717209719
-1.525613193217416
-0.961952430930751
-1.627687349397973
-0.807825137551531
1.787055349597312
-0.142607731082919
-1.426301018212841
0.513852988329299
0.985444435441427
-0.795941187435794
1.947278665750304
-0.636021113252518
-0.719948298901634
-0.864353254167322
-2.534676829878314
-2.330417424117657
-0.628976393300080
-1.527944811864334
-0.879865287408110
-1.423599943443013
1.310285944876402
0.739987440589342
3.427054845298160
0.218270423343762
0.680372992693539
2.449783483287769
0.755110075542745
0.423979460214911
0.683195232217382
0.949323108307657
-0.205705615498382
-0.249147998526054
0.340357359767109
-0.290305020645306
-0.684988286882542
-0.139752917025107
-1.626763751763481
-1.062129713561474
-0.889836860653754
0.043027497400676
0.227205641036458
-0.263953164786796
0.310104268551957
0.861424859171130
2.763290296068061
2.105974150585682
-0.201018136427287
-1.649844798587640
-0.405760182077397
1.459432412019763
-1.446807282437395
-0.249485541408345
-0.838939533217395
-0.243945325767867
0.348701293791379
-0.162367087987032
-0.075822155212638
0.122262577019536
-1.872326526166086
0.133194533576661
0.025868513247988
-0.396498494502080
-0.621190770612796
0.531015044255414
1.555452196797328
1.284856731224044
1.208024970582898
0.186886029888243
0.013007742942545
0.789433058380010
-1.488812187440718
-0.900813230748776
-1.373230828009517
-2.562257483618772
-1.520776025301763
-1.249716956006254
-0.436849431410673
-1.367353209802515
0.948063351242633
-0.190265472142304
-0.123190893143241
1.018773430758110
-0.590498351465507
-0.822896377823549
0.732334050133074
-2.136859613142010
-0.060504559393173
-0.243029283039144
-0.068976650892949
-0.136583456003942
-0.686208649318628
0.193753428947267
-0.649233103866729
-0.034143856834184
0.720860757432389
-0.068767147284908
0.966353252683677
1.019848095595363
1.625649563880468
0.975906520199839
1.452437941464931
0.279571599812001
-0.569941808917661
-1.057691172953655
0.693316322689003
0.871413821796912
-0.270076115989456
0.183223581047504
1.322240015944065
1.700121379694499
0.084248697833438
0.245449604967706
0.202938411318169
0.204956875802702
-1.704875935363820
0.593505530581549
-1.482710550409069
-0.516382586172049
0.861506452500079
0.236001907493241
0.850470396874536
-0.537235237759900
1.326554871274869
1.327354131757205
0.650563798616353
1.707348407638712
0.352420483035887
-0.907128447249275
-0.417889910570783
-1.840767580311468
-0.651807131749766
-1.174663647633989
-1.925937043471722
-1.432277605152393
0.270357665549029
0.541260408764663
0.265439796907096
0.960816045355892
0.337168448990978
-0.107252022820449
0.914799714418863
1.625211669757593
1.353053895957586
-0.822391985659005
-1.191485126871495
-0.179615147912252
0.055214680720691
-0.600562015724328
-1.512752564848130
0.497444142505344
0.125081360581453
-0.494776545306650
-0.349970495170597
-1.662504672384385
-1.616256921356741
-1.047557988168877
-0.712202509975731
-1.550993337602474
0.501123623886710
-0.275455701424357
1.684253821924880
-0.615238594384304
-0.504678160915347
-1.497950733104750
0.678737113282631
-0.983777693477196
-0.897776327827774
0.138781592103791
0.994611330675867
1.780172974238967
-0.918980963997908
1.350521453279439
0.489636211682972
-1.526433474167726
-1.468338984459123
-0.386170247805849
-1.264800804118558
-0.181066555987104
-1.049704202720312
-0.412724983231994
-0.662364673782668
1.737382233516326
2.536145065273864
4.273277790453974
5.789138862991972
4.143796269943051
4.422264219381137
2.573162640778129
3.428031888335358
0.928580581715312
0.493181209602901
-0.886439303802816
1.128695724581775
0.383378517178472
-1.579313917725929
0.001717846157584
-1.376343834801524
-1.855965731116771
-2.084837452515856
-1.829893871757674
-3.925416330148333
-2.679463030130024
-2.147464632848628
-0.556463369128081
0.802129483610987
2.422250249481339
0.897036108913940
-0.017776012694186
1.266874668688789
-0.363519969870547
-0.385350041221587
-1.502149950039651
-2.472949606397993
-3.624373209800587
-3.102483984877632
-3.887854047816179
-1.490905342554206
-0.186862698386921
2.426861961077974
2.119276640580789
-0.359626327647643
5.347094615863677
3.578136985722591
3.399709633664312
1.458982082971697
0.996033369681228
-1.781413348310398
-0.666180076222567
-2.263975335127984
-2.415745683638198
-2.552003438041909
-2.997911585821097
-0.791456897782548
-2.340242198297042
0.771044724420568
0.237727855102114
0.695749761816487
2.364674876991368
0.365617234237998
-1.534634683176308
-0.417956020583204
0.229879106895703
0.072764698853956
2.646515798098712
2.133531341134970
0.984024585551020
1.144965569859088
-0.785673131181466
-1.880110680876683
-2.459345943405997
-0.232371350094733
-1.069247270873767
-0.714131198569051
0.018484955395430
-0.572277307254166
1.485318420235378
4.381274029006341
1.182600314119870
1.751306640255082
-0.097885860966104
1.735668051553469
0.930438111126380
0.719257701858579
-0.160303711139003
0.475377240723163
0.083704126848422
-0.504089687069372
-0.047366497484319
0.395388837903095
1.519674067619158
2.338690764278147
0.118452476224856
-2.225357579995490
-0.964288789432656
0.972016585458461
-0.679816592688310
1.285972464470200
0.311877715217889
0.991577503201870
1.858252094070409
0.465319241761613
0.761360487541678
0.175236040336345
-1.878172018846739
-0.161803765596314
-2.731986359832907
-0.322470237876815
0.360047057538270
0.475548851385341
1.126114372458151
-0.294400074795028
1.396741977985590
-0.252642750595299
-0.194820338038230
-1.431698834150660
-0.642494981433408
-2.018437210330770
-0.716659217308926
-1.073735717170570
0.304511363845540
-0.343912292618484
-0.329602760672945
0.146916512654222
1.390069144153468
1.181748889995039
0.566914835280781
0.116451551967469
-0.626818400185583
-2.045109490639183
0.434248668547011
0.117160658514217
-1.730460711853358
-0.181291891291718
-0.061711532490575
-1.310297303186875
-2.069151393653924
-2.133293424015726
-2.018787668284155
0.957920418339881
0.445459305457422
-0.281869822151695
-0.266271620446296
-0.447418368875146
0.129417921994611
0.769975106754466
0.694313040094551
-0.201050958955632
-0.170658461799359
-0.717766849457620
0.118326392045819
-0.968566243932159
-0.787695186938491
-1.034870201690037
-0.812178328468657
0.849911913265690
0.130751340177946
0.553997462920722
-0.360113419249980
0.553607907733738
-0.182968568311988
0.066288546890267
0.591316864176674
-0.628143935114237
2.005303429764182
0.042053113546916
0.106933222817258
-0.102531719837927
0.342508105672968
-0.401301020406782
1.081251495586476
-0.522800721004395
0.325443022462943
1.541178578252945
-0.198384714939208
2.000424906707053
1.314449581499480
0.655041899946893
0.511860778646248
1.312143417975002
0.643263971035875
-0.388257756082441
-1.769338282176996
-0.770982008669194
-0.059552885427070
1.706771003713978
-0.711841207478867
-0.363481948156524
-0.495685479625212
0.151735874284278
-1.040101986952493
-0.134505572917234
-1.325107045258487
-1.790616559146061
-0.636060967697221
-1.364194266962851
-0.574556055707357
-0.403175282801994
-2.413688489469529
1.635112621497464
0.844942048429455
0.857652471570121
0.214613785415207
0.624701334248730
0.705673497452959
0.469028390927586
-1.215963227005186
-1.645764415783304
-0.553477620916301
-2.428703003133830
-1.478817303479107
0.377189184031389
-0.486246483913573
0.026635360451651
-0.019039111936139
-0.006696331687151
-0.315113466529327
-0.830158967099488
0.426806753981187
-0.078218783441538
-1.013511325449918
-0.577234294917961
-0.731570834309516
-0.602526778990941
-0.372432180720576
1.620933463630125
2.070162549479964
0.586811810830749
-0.010029086299840
-0.583061603474132
-0.445413376415466
-0.586305523176470
0.110732999592968
-0.693649772646898
-0.170882097521587
-1.633103554694874
-1.182855512293811
0.072697434312210
-1.375282717383870
-0.664751081635688
1.392195347973199
-0.190773558853095
0.452788913430130
1.021230638473734
0.301341962585278
-1.172809735290789
0.597354247301096
-1.297024987298585
0.772771485878993
-1.539499622950645
-0.733026078564249
0.069113753436602
0.796079044375690
-0.264812943582681
0.568825793780058
2.582815545382359
0.727843880500260
1.126178249496877
1.168127910654382
1.012008002593863
0.614195087298417
0.247566588877225
1.617397699478142
-0.403199285759317
-0.435858955906820
-2.100768096375575
-0.945832311268339
-1.503370794588010
-0.042010132928249
0.415578480601004
-0.164073586341824
-1.292275284966635
0.872615360741282
-0.589377673019598
-0.338984964237602
-0.494808977727229
-0.694501755319750
0.689359210607950
1.423687094803716
1.339863892429146
2.727509106285811
-0.504962259907788
0.807588596917585
-0.532888282100675
0.237181173138916
-3.045692881203180
-0.739137992973119
-1.617903847987874
-0.767045448895255
-0.580687818362107
0.789343894464216
-0.895516163417713
-1.741522147607297
-1.780496521688927
-1.398775238644894
-0.311205155906360
0.441020175341665
1.775930222714552
2.679534978443164
2.704957372173498
2.279027322839120
2.661013410517297
1.332371523201987
2.978451301319190
0.966873143950954
1.474505735957705
0.935528030895687
-0.979115954662539
0.805945795257662
-0.007626627698014
0.244047514086931
-1.271841411846173
-0.700468078924917
-0.043780095994494
-0.972879785038980
-1.081416717486570
-3.062310988166583
-0.163816651282259
-1.983982911745264
-0.767888293614970
0.296597446608762
2.160900542848111
1.207509853749199
1.737303271715259
2.919361919673865
3.871128028267316
0.526823521798875
1.215195509654189
-3.410424203519417
-0.935305127375975
-3.780462045564945
-4.710972656033259
-1.299633153810659
-0.738393988136110
0.633889409222572
3.198346496496083
3.358579001601409
5.032958587798731
4.935775504204564
3.211954404809197
0.645794815923169
-0.158493696716062
-3.712300847266003
-3.998974208999493
-2.977219047663079
-1.386317599141224
-1.255813640017935
0.353939271062426
-1.056652708821214
1.039819560615367
1.579293591057749
-0.328873702297495
-1.613172368848078
0.857243651683819
-2.186549650841588
-1.500676017793999
-2.152673900687041
-2.833732991951800
-0.890956191657674
0.543585740412086
1.738061545251012
1.614846393748882
0.396775159344452
-2.112238091478955
0.388797798442009
0.233400006483948
-1.339987378514893
0.417449717162548
0.312430258593699
-1.568841109765277
-1.824728373996193
0.417009470521072
1.527621587927011
0.338547652160708
-0.452925628129747
0.607377457623292
-0.442661824517190
-0.886407654513584
-0.920510658083143
-0.077659188170512
-0.868245176282422
-1.707209778570519
-1.626437518731665
0.813937174039728
-0.422604152154603
-0.719309330339207
-0.498090004249669
1.676845920134025
0.107023376808506
0.738489293990831
0.605854724007336
1.312640989147667
-0.328668575690928
1.941252389321970
1.699889506976105
2.003190956874345
-0.822196578035409
0.133004564489019
1.350046697721872
-1.322830668735361
-1.741035256073531
-1.502951053864587
1.058602660843559
0.214117214198499
2.171219724512612
1.198293124294432
2.149027496543112
-0.813119077618014
1.381236094189935
0.578382315299346
1.711436230399684
0.249241638319939
-1.297190010148155
-0.052386643036884
-1.238004479582564
-1.682492696318932
-2.259857815354721
-0.115503052210821
1.013539295190968
0.588909072215068
0.330954554448144
1.731153666254041
-0.839408450198401
0.191527750186926
1.754591788042651
0.874804918908735
-1.006858914106456
0.684609177199676
-0.405447798943121
-0.826335502837322
-0.858378554660220
0.586692882618272
-1.993941593607465
-0.606330309347003
-0.295860996328776
-1.197235798807062
-0.501506973777116
-1.289896719465661
-2.363367041715655
0.134840266909966
-1.993767558287754
0.133103430782628
-0.195508485243766
-0.457781559716534
-1.009180910759000
-0.864732357035545
0.700913522010588
-0.056665908675779
-1.807059483819480
-0.108581640259250
0.054144217739177
-1.011792470052999
-0.132956970739278
1.554169874869704
0.887390282561628
1.180489217812708
1.736777616531355
-0.577086915398475
-0.401476298640921
-2.885738574715846
-1.055681383504559
-0.881216872860012
-0.852951429227740
-0.859008898954245
0.470024332607540
1.578047001543596
-0.969968360703773
0.103990531130442
-0.915820017633350
0.702253661972023
2.802069844591096
0.475715032607057
1.167712522952384
-0.818194314178383
-0.903364086975389
1.101876409830072
1.858450157009800
-0.390172221167136
-1.091839941041389
0.773673493575930
-1.151236751813837
0.315903163111412
-0.351075966421478
2.014877476126840
1.265740241867252
0.908765662215731
1.948304618768397
0.901562380841662
0.425707038560940
0.885747743857814
-0.312048815976764
-2.372172127016922
-0.846255469170435
2.177751933902146
1.027687521986188
-0.558027079801119
1.251845647531320
0.150545614143434
1.249826365383398
0.925940040019157
0.357111357470209
-0.215162104169751
-1.606909606018513
-0.305082882673066
-0.137846167880960
-0.631147340290842
0.939014745950030
-0.220901619786589
0.983163534821368
1.180078460931735
0.232062481725521
-1.861479495307500
-0.267235207323655
-0.922536840596973
-1.877504566718262
-1.008376918707142
0.286008892036900
-0.893869555186434
-1.528051457937464
-1.488245565694657
-0.738118617220655
-0.059282523713183
-0.826475524530744
1.088880403310787
0.176600281713737
0.063387248727343
0.348976119666319
2.136182092659387
1.785006268525233
2.593422257846055
-0.508049109413440
0.000839073796752
-0.867329852691385
-0.121362973080159
0.056840079769064
-0.765301405840002
0.696674528567562
-0.639771944533323
0.876506142159196
-1.406209436653892
0.092655405548176
-0.560586250593145
-0.410705793917646
-1.593752956091993
-0.946603452486928
-1.664725514597725
0.444568669900300
0.262235499002689
0.424583543821485
0.634383936447528
0.967636962860492
2.562056518197088
-0.132685367523649
1.646993135350471
-0.491306123453876
-0.192887513160444
-1.323373742482558
-0.235345359695942
-0.799681137108528
0.053667763497763
0.784013324797430
0.019153020400398
-0.157542057794087
0.194308806598375
-1.059492887872092
0.395880148131629
-0.193611937282952
-0.112951995287245
-0.809267394968564
0.436922066727624
0.098946038914300
2.032501444899100
2.130318657571032
2.693168175411454
2.168839452898646
0.422828143725493
0.203109141615438
-2.085052438058518
-1.611471440759779
-0.670418800583180
1.460399473131060
-0.034904700672623
0.521240255794874
0.541297202606744
1.530278045065788
1.789729705102447
0.331682242098705
0.773628665221751
-0.446124989827289
-0.255380240418794
0.207907382568094
-0.075325933339396
-1.713536950028319
-1.622010449747318
-0.283767064190169
0.170657438671027
-0.317815324895234
-0.298883644450994
0.380018412604766
-1.168469025722162
0.356739700187068
-1.915299508171024
-1.991354052425558
-1.787866404640228
-1.455116822048776
-0.561183028000527
1.795647466804740
1.337147826753193
1.117838302298690
1.631947430966927
1.587355415060345
-1.129445120358523
0.061574775669146
1.024344738618921
1.299343173720576
-2.738090286894852
1.283542765801915
-1.153983466842746
-0.010608551158460
-0.459033813705872
1.293324817655795
0.448531078145492
-0.584020935879394
1.313183039257625
1.165339272966956
2.650710486719038
0.917318932839891
2.444295317400245
1.332091821525762
1.107744545480115
0.336118814414734
0.591851916142553
-0.701225065013209
-2.058456454598035
-1.478823515114489
-2.533364294002831
0.537249728749699
-0.731092832582068
-0.821581935521049
1.225988641160795
1.961460803798482
2.105690796609035
1.598404426252665
2.546994002506492
1.180172015107346
0.434466630972688
0.656582855413349
-0.329862988368495
-0.871069185485217
-2.261068888914917
0.800894340629539
-0.511953796519853
-0.028792553712910
-0.040173804581802
0.595153339220287
-1.257667911425440
0.314759660989199
-0.103338751007609
-1.026933235025897
-2.552483473720984
0.615057280047141
0.846158787192933
-0.437547049183503
0.497898422773577
0.472645235324236
-1.152893546396969
-0.861302780504477
-1.225313703808303
-0.037095035679896
-1.534427408348550
-0.495729790070609
-1.512137651679708
-1.746052304944568
-2.151831836836157
-2.445965048383842
-0.865184204885684
-0.200492774082881
1.758916165677413
0.718826585271372
-0.543425294838795
-0.273411385782777
-0.890372198018178
0.602913624493532
-0.815216661362181
0.488816109392773
0.983014201225752
0.989460393351850
0.873051362554301
1.085831571224499
-0.753413343050919
-1.221057635028213
-0.145440122469077
-0.812633698181745
-1.583708053265807
0.304518491031725
-1.770107024569112
-0.708847918743856
-0.621361896749652
-0.208286675747009
0.214923528080129
1.642864527107839
1.340121843448759
1.798836769224128
0.148587893429937
0.331730579453643
0.410449821195795
-0.119836706910706
0.189086360673742
1.593249157921280
-1.030751135569089
1.160458064373985
1.215362136413495
-1.112774680771701
-0.546993547717098
0.669802412113882
-1.620557756205938
-0.355501124846526
0.475919461039069
0.853303992064231
0.783081746592467
2.919886101359932
3.650037631554945
1.474630480269569
2.380681215332683
2.067683943661058
-0.239607314385398
1.648453247563935
1.049051471477144
0.464204649196764
-0.389373515260485
0.918446586202239
-0.487019814265809
-1.380883696933365
-2.513690062999423
-0.888228316213792
-1.430870792555894
-1.014110449411822
-0.324168001017908
2.090595091814324
-0.493353761445921
-1.356311790917419
0.628777729000629
-0.395385078572591
0.657454579082980
-1.437762172891191
1.780457006679759
-1.654768120419672
0.670962401827995
-1.962411221797104
0.265185923750993
1.125750104738093
-0.539063809075528
0.554990474794654
-2.201820059346633
-0.480761012144935
0.708484923029347
-1.672634598015662
0.370579580632240
1.853210824417910
-0.525463857053595
-0.509245935275804
0.817364402183276
-0.396950542451298
-0.932441043960976
-0.784532423094962
0.505751317876285
0.178200692392404
-1.032632205753151
-0.324409416366358
-0.033363290274214
-0.305405027543287
-0.492978610120377
0.023569648836128
0.977455327698478
0.510273785831895
-0.912358786160213
-0.613822540822780
1.940009182127101
-0.052175530476772
-1.310209771073185
0.988572407995828
2.887102081484671
1.354206140219751
-1.111081762010813
-0.425465274093563
-0.742601838700660
0.796507482136483
-0.428598893608079
1.113528686387752
0.084741395730608
0.725101608642387
1.639317924744226
1.129571675166633
0.137936426042279
0.680731062869142
-0.034070961276393
0.696739089507878
0.657846279987751
0.405475389113412
-1.628388699653430
-1.395576344002416
0.959634685677736
-0.250301546307099
-0.125619183062267
1.540121258450158
1.104552605190064
1.356375356557154
-0.326735670761619
0.191064872435499
-0.339782627700226
-0.096291468401227
1.891798815873073
-0.097864045430403
0.654785182335115
1.240370052037727
0.007087188098817
0.766839273866290
-0.624047225965123
-0.955709267363903
-0.837536140183712
-1.137116066406771
0.021591655523305
0.419310977297954
0.617255411415800
-0.974132761404919
2.243633424396426
-0.561072770622460
-0.335937623011660
-0.077213511835726
-1.224293704633839
-0.219018043798414
0.221957183509835
-1.133318420486265
-1.182339666317727
-1.360298111563621
0.238323379356920
-1.093138326302906
0.643554603014417
1.781563073640960
-1.052748754086213
0.189673098296938
0.476556264699511
0.665556247120265
-2.001111666136264
0.744110505363374
-0.702699625445762
-0.951834041288025
-0.461410332780827
-0.638100666991074
0.109558377587045
0.328781711393887
1.011935070041417
1.067170051867690
1.637370730456815
2.077746546142083
1.364993860514258
0.550498208820744
0.097742322842969
0.770586116217023
0.183212594862737
-0.211785004900699
-1.674363124713740
-0.800926281651247
0.085055178591504
1.334084663576434
2.080345346568662
1.361016623801792
0.593061183152560
1.303655390093279
-0.083820365318547
-0.408814504306624
-0.798152790323782
-0.081780875577865
1.196332365580946
0.687012755855605
0.570119025202398
-1.088424097520091
-0.280724522916843
0.024620788010482
1.381344347804012
-1.452044641880062
-1.590749548801138
1.941530254219703
-1.112333754435370
0.143580509890195
0.993057332289895
2.059031787019949
3.743415921340795
2.071325747224147
0.894335866613632
0.160832078802818
-3.365427176761540
-2.626939457157021
-3.982419190983979
-5.430727257925268
-4.942301752903390
-1.505631043712815
-1.196786501742916
-0.132410619497361
-0.912771342156205
0.289095537384693
-0.942069914538280
-0.785454446815660
-1.989641382877326
-1.294811834632452
-1.228714729972144
0.651309252565216
2.644366671750536
2.922903534295638
2.817939243770487
2.921694573672067
1.687776752154663
0.051048924879906
-0.934895120029926
-1.649092123368244
-1.351187980837312
-2.038909544048731
-2.421210484433760
-1.541770962460443
1.333640560166203
-0.132578734250367
0.809947508759353
4.010341256728603
3.242230747916291
1.325501329166599
-0.116125813485199
-0.067144374993998
-0.734154897395004
-4.399088157932622
-2.331790537636781
-4.489034254347057
-2.454515368399500
-3.001683126757109
-1.284236747388577
3.083665322531187
2.241610499867051
4.627634163973979
1.321298041466998
2.314211834673399
0.670963547161657
-1.396888797285099
0.661837192848199
0.393971010017232
0.191978750857471
0.285073046301431
0.414166846891821
-0.320436969366772
0.823268316156395
1.640326313127461
0.829623961063806
-0.820635958115516
-0.775788230075338
-0.714067664880121
0.039954616982820
1.830653892679269
0.234979118306553
0.713973271751734
0.437347870153521
0.724014003204609
0.351043772010126
-0.061462730445773
-1.046129496883454
-4.567574226494141
-2.542322215396190
-1.845170750857966
-2.294448236380143
-0.906025692540341
-3.290134313723458
-1.155370350712167
-1.342690140019519
-0.667905679598815
0.181692321940913
1.661053663093430
-0.464645816639749
1.699294250048672
1.334941433137610
0.083105724616228
0.910400396219825
0.549193750710559
-0.216704672398906
-0.478715906571029
1.187094170082164
0.106075296532541
0.298492213562395
-1.264529500299554
0.052813554517901
-1.498989339615616
-0.429035665496675
1.118632447506975
0.754672455758396
0.299598879097808
1.221571655239425
0.772996096031627
-0.402070079441265
-0.611943453468941
-2.305130214493814
-1.076567000860281
-1.593313571243923
-0.562078828889156
-0.375385396901745
-0.339092184593436
0.673242789934250
0.907223517586022
0.717855374116177
-0.756659973458385
0.720628221193878
0.029676646527111
0.774121643972781
0.705578950385142
0.424872652958836
0.431342255213942
1.537332604606135
1.173368859565185
1.528872998874117
-0.347825442868605
0.062951757647186
-0.529547715878375
-0.474014535157258
0.434835701145456
-0.131254405604801
-0.081803413049007
1.027421261985465
1.429567092185972
1.725421663923883
2.448453186757138
2.584648535600802
1.654253164268033
1.029334366977654
-0.163529919038450
-2.227933211919344
-0.390392875362919
-1.933897373027135
-0.733533298656231
-0.162440397044565
0.606877704593466
-0.023046849758530
-0.731475169188065
-1.320461847654827
-0.193925401567191
-0.180634613990768
-0.686788706634748
-1.996835445825863
-0.691577239989336
-0.254144936298649
-1.390291055747311
0.136404462039282
-0.471021939951625
-1.820358535467716
-1.968521184495953
-1.038128560865880
-0.669685215440044
-0.615654640998426
-1.452639782420224
0.221286180974577
0.127727923000110
0.234499547545982
0.536550789213172
-0.531896776701828
-0.140212217777406
1.053894989029326
-0.350467648525515
-0.258297688062528
-3.531716954815273
-1.697071141882770
0.299567398828528
-0.768744836353969
1.294521611336416
0.345479474387680
3.188615905967357
1.267710474043367
1.225900299543633
0.655740721049340
1.826447579830942
0.094988869297309
0.300356820138929
-0.081271191748257
1.092014224524905
0.199663780198799
0.305700878283734
1.742924319974381
-0.354730379189568
-1.200800981058076
0.958845897510760
0.763701806222955
-0.497704447681396
-0.216638038013568
1.788145008587424
-0.538274603988458
-1.015752927475217
-0.107826963811802
-1.511114750155379
-0.354079223612961
0.491040444654261
1.255155811422709
0.927261311302182
-0.992927126260889
0.472290478346914
-1.129582668289989
-0.141343881068022
-2.417945445895971
-1.875372679425943
0.386410132989924
-1.903004904010346
1.586836415435529
0.467628937513497
0.957087763728830
2.609258209376873
0.226427342464341
-0.674060908201752
-0.255663998383846
-0.187062524348936
-1.683366572988772
-0.726691259555873
0.035923544353278
-0.151672041520436
-0.074095784420640
0.459688963911065
0.695582543200500
-1.448911748063666
0.525623787407121
0.445819102011633
0.896191772609588
0.296245815070054
-0.049805464981948
-0.996656800785336
1.635812723724998
1.156999741825266
-0.369201087226962
-0.070492876329971
-1.288100095241459
-0.445950292089583
-1.867149514681202
-2.185513531212149
-2.906833143712072
-0.970011790510184
-3.194623264030683
-0.498729009985453
0.718919801953741
1.217591322645447
1.972016588789714
0.910269875804705
2.209141049909674
-0.596861204827881
-0.245336936665697
-0.251337071437053
0.215100328457234
-1.371878504987899
-0.391016303589352
-0.326887438020092
2.243423358976472
1.456574475789355
-0.341403614939054
-0.355542792567230
0.670104897435910
1.392557916738097
0.229812724281490
0.396017168124257
0.802422153022478
1.807117321642713
-0.471139281787931
1.450892509516036
1.308645247823647
1.449940252758236
-0.467596778140172
0.090461536302600
-0.988223698736478
0.321757704706709
-0.876622467489892
0.645379923676470
-1.927865355858970
-0.746341013432104
-0.421589308304080
1.714536023884675
-0.421930253590409
2.798230269135460
-0.191292715428854
0.823930269299082
0.972253539502185
0.089636944674642
-0.484032574310369
0.483665044276133
1.115605846003570
2.627576082989796
0.731916392885922
0.883548018041997
1.335385249134875
0.368940942627109
0.294418170623734
-1.910703060071994
-0.826314954026768
-1.372458072211860
0.081076589969284
-2.495995670833999
-0.999613072326715
-0.395289864343973
2.139831283480971
1.263044688245483
1.460566061310838
-0.501757159967569
0.604456828693591
0.332997093053506
1.094811997063255
-0.170045766090175
-0.285257163257653
-0.069177264763246
0.411312965169180
1.093158948411549
1.079934238111663
-0.963464630294842
-0.884894649067376
1.606688571353615
-0.157496835601654
-0.849797310196592
-0.120324785701358
0.535897531110730
1.161447770910996
-1.235045894034094
-0.221977811062559
1.348843692536418
0.380045174467894
-0.736140775828805
-2.186922238884526
-1.588181176652815
-1.649701201826758
-3.697495833804022
-2.857552427428831
-2.328092708092885
-1.815854953967200
-0.704252284021631
0.101545369368868
1.173149110227772
1.566542447394524
2.435772226546311
2.340250145378435
1.148507401780090
0.620419017467990
2.014545532855355
-0.063175413228665
2.722852674338365
-0.931247182924705
-1.715639450764740
-1.558981419538919
0.848470124424548
0.275162310578558
-0.204534431778972
1.557696361795586
0.136191769774767
1.673704933833851
-1.226253408586022
0.557552066404641
0.284999993454616
-0.108268192230610
0.369399777968515
-0.391780495862496
0.776491229128616
2.581659009859709
1.166841029141798
0.186534191583420
-0.779890822953641
0.064217658565153
-0.028249384830600
-2.887719541121428
-1.687906382813409
-1.488731542899299
-2.225881700987695
-0.424580773967272
1.665802772289286
1.769564270736058
1.311543294763467
3.761531530860552
3.360642187373858
2.229403099285959
2.327457828534489
0.257996184911016
2.149415895123490
-1.277926753614177
-0.144101348460108
-2.025957254324405
-1.956548580940066
-1.083452438914385
-2.577289375409628
-2.928099365979625
-0.541135387282101
-0.958690360440583
-2.644565209503669
-1.586053655211609
-0.565468970191097
1.323508509502878
-0.014966874357392
-0.252063075431741
1.395936772786382
-0.031310394613619
0.182103287373741
-1.080375467413841
-0.980879193889706
-1.225134501761415
-1.893382523712206
-0.132232824042173
-2.177620561417025
1.405096326474634
-0.574036818483682
0.077771614566279
-1.803330131184589
1.683240434926837
0.705702753187112
0.039026899374997
1.663366775677581
0.044102928371728
-0.651846780504124
0.156878634341630
-0.280557990087922
0.047003636668889
0.078460115753747
1.043622673029655
0.721763829770255
1.459977806701748
-0.340726674719408
-0.404690609282074
-0.766478508063981
-2.513195742321007
-0.262788139657179
-0.360759931273315
0.119336594857243
0.634259634618678
0.850567633326587
0.537643821132904
1.607813288486643
1.572585125316593
-0.190076378099655
1.978581371856032
0.167850279707123
1.426016763972944
0.558186346701768
-0.725228620614633
-0.380904470085916
-0.244336972111648
-0.718970053732775
0.415027380681376
0.469237070563507
-0.538931154482920
-0.115417738314351
0.547490813632325
-0.633399738010613
-0.583327488895432
0.663214603672871
0.026093177035984
-0.886122394764814
-0.050656127352962
1.601376249685672
1.417160934910684
0.861459079104668
1.369390540767613
-1.146484056023501
-0.298208025614289
-1.583174876212645
-2.408520834424055
-0.281665603638397
-1.616126321623380
-0.084855730752685
0.221670699054192
-0.068377248770084
-1.137527205412280
-0.298282475031822
-0.028694234524702
-1.194841475432109
-1.556845541288875
-2.168473198845238
-1.485694128950343
-2.113107408116789
-0.320804467486375
-0.409233995888950
-0.037463635164123
0.272535850167889
-0.404356735466271
0.401249447229296
0.406086713287852
-1.879303339111239
-0.890533688693838
-1.205230906261524
-1.880958428655093
-0.239482140731266
-0.309731955394427
-0.252305549428358
1.308964634956467
0.729213805419353
1.973198332886881
-0.370097270448990
-0.938095568848699
-1.522205816536919
-1.798663713862719
-0.974831302887345
0.822097705446276
-1.403349449806522
-1.177148773447610
-0.026473349346008
2.206093181298935
0.357664254085384
-2.292897446575360
-1.005357836434832
-1.070048466063249
0.080233187724773
-1.953278182034350
-0.623748765543227
1.164355644509061
1.040045961564641
1.180520552403209
0.766476934143258
-0.638848449759887
0.466648485103812
-0.358120452671064
-0.779468025302976
-1.037030574049127
-1.771498761134481
0.434453772215426
0.675560016208526
1.462973535782587
0.786574475811008
0.015038308681639
-0.520249904228555
-0.676890947241446
0.289652442892280
-0.764627272086717
0.065071705311459
-0.297406686316808
-0.552994541163967
1.039735703541391
0.421791379917686
-1.254485463318445
0.910466238462553
-0.016485136190686
-0.904377252935570
0.311550971732573
0.608811558917013
-0.164122706940043
0.328535135921281
-2.302742089231409
-0.997389041518526
-2.034765006123942
-1.073987423213307
0.111763648731660
2.219512625685626
0.431733704415862
-0.370953414599739
1.496930828126958
0.303392037453612
0.181868854693626
-0.750388602457789
-0.727770869211374
-1.755462387069552
-0.111011511842734
-0.974866024630338
1.071746595801645
-0.481106019969711
0.045219126477550
1.579488520545317
0.290856023943397
0.348869412945008
-0.640465575785584
0.380002241884723
0.623591894790850
-0.918680152474809
0.659272878886742
0.667920883256119
0.216029997319447
1.932684893071857
0.165033623538713
0.020399117855969
-0.551123208814462
-0.400300389107869
1.180922773813473
0.523067562047369
-0.322808138627813
-0.192809388380352
1.526424010430551
2.011209671317124
-0.552970324958857
-0.890229524906018
0.217201930817551
-0.251293749304117
-2.467637797198233
0.737630354442613
-0.366756217729434
-0.106937260120197
-1.712084847203036
4.030451269940542
3.054492762453894
3.452040045622181
1.911325965225720
2.093342061453097
3.273074143217198
2.475302279923666
0.780608462431109
0.742549020015627
-1.595240477997458
0.686634870464393
-0.507754435017729
-0.669348591131587
0.312182661573854
-0.291405642649705
-0.894778623932417
-1.611569244951463
-1.214772248951596
-2.095786873808290
-2.941347446561066
-0.938847889173053
-0.702843614651694
-1.445287088608736
0.131808884174377
2.016210100036123
1.994323947509941
1.236459787229361
1.119619383885863
-0.347928557307638
-0.227423404439926
-2.839408237641544
-3.908002973833518
-5.100500285342596
-4.116231518460972
-2.994529536149457
0.720281241960895
1.685710592812542
2.618298159092757
1.935348289095465
2.152487153124895
1.087058605959309
2.201042531548578
1.355395166393966
0.549706645550537
0.215797635605758
0.140533025652209
-0.208168699029306
-0.423520026206722
-0.427095742672869
-2.519166430471256
-1.336552844463349
-1.257982775502926
-0.924221470191854
0.314264871398594
-1.213866625379972
-0.378352505926621
0.324924686702219
-1.359620420094111
0.123387727007648
0.615379678984118
0.779451880809114
0.835691521731724
2.289335353766877
0.179747132429759
0.267076394229257
-1.372154410738779
-0.000095971465522
-0.260063363309520
-0.779780752129138
-0.518120200066073
-0.174867520480912
0.694195767209726
-0.294568879355449
1.134132988337540
0.889138187321160
-0.553993786376287
1.498294521966353
2.007086774315304
0.700437580664055
1.704006761501969
2.331828678435734
0.995648699224839
2.381726601468677
2.750353846206776
1.194186827014219
0.172284786734638
0.863152701717283
1.535658684085778
0.709723297598368
0.233535502029335
-0.269572494830806
-0.717836687732488
0.154404305746764
-0.761971996123145
0.346460292171906
-2.004665518214274
-0.902020518143999
-0.062721551724673
0.475909812873438
0.399464080372395
-0.911880927347072
0.693098886414589
-1.349022250829872
0.102410606922763
-0.754531654399865
-0.323194937500402
-0.774536474685616
-0.090749032983479
0.734522086649222
-0.573222194269773
-0.268700399768510
-0.454806453846476
-1.153479593291687
-0.517424751770874
0.312858551441526
-0.859494668805419
-0.846596654582237
0.555392529764302
-0.382858002829621
-0.479723009764126
-0.156616630403171
1.733763910522850
-0.094253705020679
1.176545704040693
0.052071373943185
-1.145741790724207
-1.712126895770765
0.026476358280737
-2.388146281934794
-0.373322823872150
-0.053401989955474
-1.816563780429276
-2.033878590298222
-0.833746085163130
-1.367621112468963
-0.622517055611327
-0.516213626586321
0.606738694854797
-0.257151576264213
-0.080259539730012
0.298611133032449
-0.086303362504802
1.236693501737339
1.794419877795989
1.134285246875770
-0.950825515090915
-0.983521880025723
0.157008164991841
-0.320637597514651
-0.851505799147969
0.638054753031338
-1.695124569611428
-0.781133648037036
-0.291431785188751
-0.303538465054756
-0.048789031017964
1.028913744823004
0.191762533067549
1.549451143515120
0.817468575306178
0.247694228518461
-1.049151227436631
0.070937510969709
-0.079162890920655
0.419897750497511
0.034894976134971
0.473967467381522
-0.551004256176145
1.731017599354067
0.757340347590747
1.274817106864721
-0.203307221770484
1.231824883721681
0.249287178598706
0.800417023433894
1.212408506149408
0.220121997501068
0.764669528474777
1.450684485272477
0.219710632512952
0.959493785765401
-0.361579113575489
-0.109403207534459
0.024619483982071
0.230091967026547
-0.693694007477341
-1.952024467570246
-0.772852562835482
-0.095821486883860
-1.203973180605903
1.219217216604804
0.481852739418237
0.451092513868910
-1.145455163579935
-0.244196914145501
-2.041829108486418
0.232181687376529
0.850533572465752
-1.726677654051009
-1.025875350730543
0.934124334482934
1.077996915648544
-0.802259761570592
-0.336485719925379
1.079851610650282
-0.926084394718738
0.488777336973389
0.369898615113779
-0.199711643316329
0.234998847741090
-0.314253425167230
0.711347362256564
0.304017783900197
1.677650629358992
-0.706186125154531
1.857865244190589
0.222969999105129
-0.182667865183116
-1.129865933388845
1.215537553851224
0.926480125895016
0.330683366884518
-1.403365030202927
-0.095604831309260
-1.447362168639198
0.048598868137886
0.585114347014897
0.885751799778437
-0.936752382671793
-0.846663385903140
-2.315095455449281
-1.593038219168526
-0.181770551137181
0.262929049970483
0.101304955751505
-0.468201857502001
-0.936273110560494
1.809166637299415
1.269313399860460
0.076433703299996
0.252488566428188
1.194434961092248
-0.353813701654957
-0.032911285789463
-1.414154934370012
-0.454000159450090
0.643628891047729
1.027564091334013
0.301852333331154
1.032897065908903
-1.030614481779385
-0.158850975850654
0.042656587855355
1.163734007129910
-0.065529300357234
-0.105635963629034
0.347044771971487
0.271316021549675
1.747555664105759
1.337778021540209
-0.069029278950520
2.253209115897719
-0.184586059508336
-1.408479748523201
-0.927732466774627
-0.965359225994982
-0.218198390932872
-1.896816294383070
-0.818980257299608
1.371262851458310
-0.246630181197200
0.192322497961364
1.902392323258292
2.536455763969596
0.729561656790853
0.429097330071102
0.512803949996243
1.576262550751316
0.070681128220102
1.425722280115380
1.590744371280191
1.291491915035230
1.950017993640925
1.226126603228531
-0.106265783915636
-0.543165535674403
-1.721618918960811
-0.567098778527995
-1.905387488103374
-1.552319724797148
-0.845739894166362
-1.992057756125515
-2.427713526047294
-1.125780406285277
0.552585518050672
1.627181388170227
0.181128006805720
4.498051832364053
4.137101961508884
3.816692163725818
3.157671481721014
2.984632873750299
2.277354738403852
2.792063386453097
1.075286747833767
1.346389957213324
-0.166577799753886
1.019787118033570
0.749203639661490
-0.564284394346777
-0.647401334736080
-3.387514856872190
-3.580919923792293
-4.231397509851970
-3.127060550922081
-1.325347525695004
-1.804416205211321
-2.736098311609794
1.918384692075661
1.450355799426592
1.702115520886554
1.276948138648026
1.112273692021508
0.293093508097249
0.449732766543474
-0.655614646874308
-1.958014201340963
-3.239329070596419
-4.358855297400989
-1.639315056820454
-2.116942958800690
-1.868544494664892
-1.124151706378387
1.492978521630367
2.400539655821813
4.250029685387070
5.651011407481751
6.276171367112667
4.631475953638232
3.595886250393251
2.116893470492667
-0.223186447388658
-2.752697033854578
-1.760727427695989
-4.369822744705893
-4.244246559428336
-3.095402245706528
-1.767749718698389
0.849861087724241
0.980980605723835
1.179170317435450
0.795046762744971
0.795577332866657
-0.355389749865070
1.572694068291458
-0.153441698662517
-0.583044769400952
0.868531466007224
-1.316183859965345
0.493115592868660
0.868959141576396
-0.912119957328100
-2.321153266448749
1.492033778990707
-1.937071258383846
-1.585486372095666
-0.906183347524108
-2.334507149535849
-0.905476104844311
-1.126850958574321
1.089788015140042
3.218508896210167
3.561377337085021
3.396117907551317
3.632214362556311
2.220956818448405
1.389528690537147
1.381355782652384
-1.332191203308570
0.893076546348444
-2.098650864030373
-0.436039793182430
-1.241057729100484
-1.531851285692261
0.421573012410268
-1.113524583445342
-0.693944249738519
1.408009542031481
-0.360741793240678
1.945380969305403
1.399917518422683
1.362481737880359
0.698173698850130
2.003460937447375
-0.329693082785458
-0.305910568843729
-0.217736459031026
-0.858056703784689
-0.554604031804727
-0.158812072084293
-2.377080092098978
-0.233650369797914
