-1.101475010721877
0.261179892365238
-2.461187417262935
0.429021563762188
-0.279194334833503
2.056572894427368
-0.112704611218885
0.059482333108342
0.390857364173084
-0.283173455492450
-0.152626408024466
1.748921320674283
-0.151217468853325
-0.831101973199840
-1.128750771111229
0.722304880274181
0.587511267943691
0.193131542366548
0.555430521331840
0.974596986893497
0.539801210812504
0.325302717103096
0.662785600317658
0.400482631733227
0.907610062597545
-0.196892523329146
-0.101549288924548
0.884895224244064
0.308257766907782
-0.928283871804416
-1.360602852300356
-0.336558294113327
-0.242567673672593
0.240235940404252
-0.098157690227726
-1.213263130319492
-0.942122438223708
-1.278477236635983
-1.491825513556221
-1.633520761294268
-1.356310313170431
-0.449507318432288
-0.608876640730294
-2.203689072681747
-0.554380378259380
-0.715277417770985
-0.525216904588534
0.918118980888185
0.133947670536980
-0.184401692292428
-0.501509384628625
-0.216711028427791
-1.682219337469494
-0.230306950603462
0.287082635944172
0.864069815444568
-1.234797145372122
-0.531617102726982
0.073999263138870
-0.133780241723657
0.798587011353115
0.865709466627279
-0.524119719934009
0.101840551559903
0.617466226274828
0.271506745941746
-2.285543779636951
0.016710451623644
-0.908260037855904
0.343017684518512
0.652202785634739
0.183737271871086
2.632591291537584
0.256835705656312
1.848592316136619
1.227623111362865
0.344220814035765
0.207027590617655
0.750171864941772
0.937264212505026
0.158350910292124
0.780292385532627
-0.315139183416069
-0.171727453533571
-1.210115402383968
1.194034535842501
0.245503470170646
0.473352100465308
-0.776330601820247
1.853654483513019
-0.565667369598560
0.594786304771390
-0.763939711709563
-0.750513604679711
2.521607323906440
0.567948867215646
0.275259995572330
0.458666016319103
0.269189085057224
-1.807722619736376
-0.764975989626972
-0.020312306215426
0.317503626390892
2.565205844758854
1.117485706434401
0.307457014788288
-0.117964534500839
-1.248055908790567
1.182744834813220
-0.568049297737657
0.361239347613527
-1.647515351405961
1.507664303142953
-1.059688347697060
0.019699976438622
0.281704981088230
-0.656340397621999
-0.122610866078902
1.596564279845015
-0.051695997619673
0.224606648344479
0.476903840712234
1.153081856900981
-0.072796685278729
-0.581176747856798
-0.386524886146095
0.249663186875446
1.504170025224993
-0.444342404967471
-0.915465582845762
-0.399995012598115
-0.436943335446822
-0.101431393453539
-0.689240049871840
0.726747801110487
0.791900218555805
0.299681205206809
0.469018383714580
0.746775756981870
-0.167499109320234
-0.255817822039014
0.661131232532702
-2.431133937837764
1.007968197788248
-0.397674527247756
-1.393585423440956
0.736556846753741
0.483501027380149
-1.660225152323098
-1.659951753989138
0.201992748495807
-0.601999213175281
0.211177309166497
0.806341102876543
0.175358557278513
0.552482657235236
0.939820987432923
0.682463351725848
0.011332960698419
0.955024593628939
0.570417565277144
-0.187238768395804
-0.437854321050915
0.464306037491675
-0.856842455323914
-0.848743276965450
0.172341347774721
-0.779083243572374
0.329674931649021
-1.312778233938972
-1.934271497851742
-0.538934272591185
-1.222714359668291
-0.077839179275368
-0.563663158375774
0.341939752779646
2.636289122370703
2.650119988317593
4.386424977619916
2.603332299590161
2.610675166060722
2.506117871176120
-0.162606641738293
-0.831206964768809
-1.340005872545142
-2.333307286446398
-4.349738835961077
-5.227190015051185
-4.487967027630048
-3.824072651572811
-1.560256335397813
1.645267887143919
0.561889906115664
3.450575315734939
5.291194001076197
6.732575750819199
6.128085182319777
5.236002884132015
2.687197304705981
1.224092130246715
-0.458210208116068
-2.166741253844369
-4.482674007485480
-5.812037423257943
-7.129337839910758
-8.144891050064210
-4.164477721925192
-2.033352584430083
-0.311790653291838
2.209942450985757
2.562896066662424
4.192577495439089
5.226365805287892
5.633484681755161
5.900648053867997
4.297158914951387
1.508243700300622
0.335480889906374
1.092780000105239
-0.980925265794825
-2.303865244313863
-2.189469270652533
-2.955793277202947
-2.029485869509362
-3.233293559689417
-2.255986494197400
-3.027237405252382
-1.938439590188304
-1.496050044375117
-0.820153962335664
0.936858422685180
2.004805498160202
3.926869838926053
2.417707908524463
4.288087879342425
3.065732603340757
2.135611675066891
2.614317140292492
-0.155649198737679
-1.336378952426896
-3.206465669700157
-6.064687626854630
-6.050749941494319
-6.466993791795316
-5.571313540097190
-3.630805813871137
-1.092903794564106
-0.847453228637663
1.709807191639508
4.477885259380066
4.859020969807949
7.598110598975595
7.185562563760355
4.486991002408928
1.854858452908876
0.535615406089227
0.159637769752883
-3.557745484987126
-5.748058310442588
-5.234167658164496
-5.809280143351859
-5.418964380803181
-2.849542466339106
-3.491114170813985
-0.470445965763104
2.319652517734469
3.399903862879708
3.013623771682254
4.552705753278977
4.196652048448275
4.289734872491197
2.461283258522507
1.211353277552229
-0.651456001118271
-1.481999551948072
-1.346328207151497
-4.002388595110080
-4.213798830166314
-2.981176436686719
-2.648097804655582
-3.690254837956035
-3.415863023258910
-1.767199781450346
-1.140761242878894
-0.347318176089793
-1.369372732465873
-0.156396321279834
1.177272708618464
2.219064996393576
2.205752786151437
1.549568129773605
-0.960450474282579
0.556269712498546
0.489470373015715
-1.492612842358083
-0.076484355225222
-0.054768680619926
-1.579254285028335
-0.865100527966503
-0.354341489630351
-2.161963936654271
-0.615988579233306
-0.464170298218199
-1.761152504259716
0.005076534479852
0.311622701830691
1.510533548294442
2.467674863293111
1.669615583762108
3.756709652292344
3.251298493558827
1.842619762692707
0.769891159000880
-0.226606975872338
-0.186523580368242
-0.850396729059694
-2.139101589682275
-1.581625635014568
-3.947496119040516
-2.038930480783280
-0.021194418370400
-0.085928448681663
2.133653015875735
3.938862581673120
4.438978102582689
2.302605505168009
2.657444225695933
0.869096229737120
0.867909633581956
-0.127256354471678
-1.921294725326291
-1.628852233126675
-1.285331460814530
-2.097178872764236
-0.274128916130403
-0.833425461262525
0.273296019992208
2.018635600497184
0.584377952314788
1.714192905958991
2.203622365028389
1.431146519174622
3.170842189008556
2.971835964334827
0.964557239351496
0.253685265812479
0.358305698040953
-1.024656056335449
-0.531696639377837
-1.514061811166109
-1.332899118595073
-1.426955156791034
-1.132595043371000
0.647298515712649
0.677587373626557
-0.697139959034651
0.118701779376642
-0.341549832098762
-0.995105084217961
-0.269047016890564
-1.037915050490527
-0.418848331159931
-0.820874571793231
-0.915939559944999
-0.871231424003628
1.648345902687790
0.225585100711764
-0.315572946087043
0.804735423966828
-0.315509667456037
-1.422675839204197
0.845541535404505
-1.959542846576072
-2.059320225005558
-1.504672574611961
-0.440676507063013
-1.311932759006296
-0.871380682387134
-0.529310002136649
0.418041633066917
-0.451686852764566
0.050668658917096
0.795992527756748
3.049720885791545
1.031784710782182
1.441738403191342
1.377372910893953
-1.102394877444680
-0.620137551303660
0.346967597292207
-1.670410275611009
-0.422898316511256
-1.464793144766196
-0.854403134747912
-0.255512981231856
-3.080090718012746
1.042677945065279
0.203318924219296
0.812177933965628
1.127627502884168
2.210182640058590
0.713748987942106
-0.078869633388314
0.745595162151245
2.093258234430426
0.036578162590824
1.178356024815172
0.000722070171210
-0.473157625332182
-0.966546448912334
-0.229240750164887
1.191499627791668
0.572888944315009
-1.354955476702816
-0.537448154199194
1.042669041142046
0.512971877709016
-1.499563066728331
0.969845186133443
0.703950681210325
-0.681074124972028
1.211831231704827
-0.637675140877887
0.776328425306269
-0.015660901872142
2.090685921578544
-0.213978540777971
0.662547830006307
0.767489877673695
0.415578449410705
-0.416622937411111
1.633486927780757
-1.178946371569176
-0.570458643031699
-2.161965938579300
-0.274109057944475
0.161421640133444
-0.721602307105610
-0.505071704724048
0.666615135287529
0.376508940396435
0.694552799010128
1.660136813177352
-0.198898065297167
1.783052929715720
0.945001163698588
-0.058396412023729
-0.648362616419378
0.104487043314461
-1.527476630763975
-0.047823527246285
-2.683753339729385
-0.542062898752013
-1.275435250159902
-1.699672503848310
1.247821555266478
1.023937490661956
-1.174085230279646
-0.232017290114651
0.220096614300119
0.963873143051725
0.916509123386987
-0.019566673897669
-0.806217604055930
-1.382232973201286
-0.905185113902556
-0.092789475513098
0.023040205338027
-0.285482314222683
-0.948620429459455
-0.044370167809917
-0.819066798289256
-0.543480113284102
-0.221864370408607
0.436233583366823
-2.643297699451381
0.978008798558004
-0.787341560671676
-0.880491725206783
0.035642461872490
0.082739792274582
2.025321395345050
-0.162689939979281
-1.173541126745328
1.043395221135343
2.322402784925696
-0.217376107303713
1.766409634114912
0.488469792180848
-0.146941780220221
-0.498860466774619
-0.100134903338236
0.455923960970979
0.282805033011793
0.158160015318794
-0.252443674892043
-0.644633997083945
0.671952872702466
-1.415480746302107
-0.998963696550039
1.181086591381321
0.443036386404636
0.661767813190730
1.620500182985862
0.479575845170495
2.030629181184236
2.849887962953865
-0.670683719694275
1.589087449278674
2.205269462626500
-0.423325830607180
-0.867748465195656
1.279497570652372
-1.103728221741872
-0.117298909199453
-1.835863350081477
0.220035714794444
-1.939614748592284
0.307957031348771
0.894911413186264
-0.560564656049107
-1.028511799454625
0.914207418233916
-0.065063399404730
0.494223377978197
0.981873150904201
0.633359607044077
0.602026793111831
-0.077535884248803
0.112295879814780
1.116983486851461
-0.635722155529871
-0.568584689727982
0.897244670927488
-1.376933552923248
0.358594703506795
-0.436846954314694
-1.773422119052745
0.465774555919337
0.413864698228691
-1.265487420947530
-0.812756851346855
0.683296697145552
-0.042161240557397
0.572294989618174
0.741225831001830
1.120681667069043
-2.124169030189722
-0.408406407726790
0.237968371396662
1.104606649451865
-1.601067816821824
-0.461933565938664
-0.796998039143654
0.637163392365972
-1.728734110767868
1.054245804087996
-0.008067388952342
0.362049521190439
0.448856616008209
0.100457374951541
-0.774151793887314
1.304884811336919
-0.229617380602968
0.985807847037081
0.517593821482006
-0.242606005581852
0.442900092150686
0.384416571658587
-0.089165927649414
-0.560577512698427
-0.585482211513051
0.066043441239132
-1.275378766570278
1.754618510908770
-1.955413468474817
1.368669847628577
1.328670100258331
-1.444881980098602
-0.383662221532447
-0.388694271590225
1.599084349744917
-0.733676220634212
0.713480246264659
0.115182140299951
0.332210713109777
2.400386757837590
0.219504970802715
0.920388140530975
-0.411951302197811
1.324333457082137
-0.898928031015013
0.241194397338731
-0.395654651060356
-0.071298258380216
-0.220228430008034
-0.243733730366379
-0.274995502306239
-0.378346484423174
0.096056712505188
-0.107787760550814
0.169100778326940
0.280136885928379
0.476907774164785
1.359675623831317
1.349394409249924
3.085368522304253
1.243559878222241
1.764726942646632
-0.193152716226348
-1.193210134264941
-1.535779751105180
0.621712899968228
-0.734150675223721
-1.396643971832276
-1.927436839691599
0.296453355491611
0.388272728761057
-0.858462964682045
0.205354507364767
0.889286938978027
0.645707953569702
0.843752787486734
1.042821183595853
0.100637346972155
0.344675889355746
-0.292765042416505
0.775466967419686
-0.275841052911250
-1.240648520341974
0.123135105018963
-2.106499797952640
0.655551985383979
-1.370423330570701
0.506455819430338
-0.522058183336549
0.671325340500080
0.867054332117512
1.400468999474906
1.946247371872036
0.398892708137779
1.354164931745318
0.087955450838672
-0.619819533629414
0.695277480613751
-0.348254754644593
-0.182395763962910
-0.440080442121797
0.911931194673991
-0.480629873420649
-0.285368232195957
-0.999692130824798
0.707540159261348
1.401965470123178
1.850113452061022
2.614384352561354
2.534302601410674
0.987860002859196
-0.033118652061626
0.485461303844056
0.112283139765914
0.746422659154271
0.272977623824500
-1.873006384086790
-1.488523145249894
0.205435360865900
0.442872095988392
0.378745609429586
-0.545693686995700
-0.277601468720824
-0.881673374726974
0.447773984517022
-0.194092965081806
2.415854380693984
1.215044887036145
1.517828600182915
0.327076021276204
0.025999001858521
1.329084893320062
-0.198148005346268
-0.988336407707436
-1.146711193689901
0.215373157712204
-0.911523528286213
0.138812645991208
0.285755979106405
0.018874639166625
-1.123115778335326
-0.793489440668256
-0.108321797610193
0.031885411137480
0.875415579222985
-0.814956989423395
1.584080011486360
1.488889304312932
1.703219099096313
0.631241344323073
1.128601744439280
0.164216749333769
-1.070398275914413
-0.731316676641987
-1.416739689188258
0.441252985068076
-0.302665005635026
-0.394556876688417
-0.920767115578600
0.184259073167723
-0.255989766291029
-0.965272904499005
-1.518752594340735
0.417060200511855
2.115014694627899
0.711229097004160
1.911635618773045
0.872624395933741
0.214131022962187
1.571316559647906
0.839864207175031
0.242897976964710
-2.607734504912030
-0.290393861040855
-1.439998613038613
-0.909132010042808
-0.983317238580950
-1.839133447900301
-0.983919839634007
-0.000072964417777
1.311372967629723
-0.069555021700026
1.548568520979466
0.169196886104026
0.664662945546886
-0.296673524780762
0.384179207356607
-0.357474121377645
0.884730219579028
-0.405264607658708
-0.640657073309149
-0.958720648302768
-0.203684013517546
-0.849132779796731
-1.882443954587821
0.000982799100591
-0.493223444901105
-0.070691863381361
0.975922640302761
-0.341386793368149
3.373739368111590
-1.887706458281788
1.069567698937647
0.048065850846307
1.202383482041255
1.738282939833110
-0.754737390981930
-0.444512678290929
1.092890791328292
-1.283123913421140
-0.653392329393498
-0.207450668861004
-0.558918062587304
-0.698746564078761
0.909676998585805
0.087207955746427
1.639687162919041
-0.270341590776330
1.407792974868467
-0.019522948521642
-0.356989128254565
0.535500248794202
0.003803387692932
-1.062808683547184
-0.584231005281721
-0.206798272899392
0.970263074446358
0.532451067619064
0.708517907635776
-0.132027557050321
-0.032413010225976
-1.229051469909813
0.615634607848711
-0.803601132097273
1.197085592204583
1.248213691488306
0.002997118340662
0.784263293680563
0.052594483220498
-0.346239871158744
0.770885596866996
-0.797988674753324
-0.861874029115588
0.175552957722540
-0.340347912636844
-1.848910365459687
-0.630054555752714
-1.413795543250365
0.983296695384747
-0.563992132245224
-1.892663110067729
-0.634196384288572
0.163455503227788
0.279947956354854
0.379754511256532
-0.048355981132183
0.013609727454987
-0.354721960529517
0.391291367502211
0.402212622772044
0.143480985481188
1.358953727315111
0.173294027745756
-0.132965447884871
-0.089446555749193
-0.744933643288498
0.732915446908504
-1.095247156802256
0.167066798353628
0.785265663628831
0.781792028566231
1.223982966042130
2.304374705269952
0.160591854719109
-0.170491704921417
-0.166347633473120
0.374720304907319
1.043103058955008
-0.276774252942727
0.683750903490765
-0.487332988002957
0.375214875529590
0.570209499311863
-0.121080021507484
0.634867516974031
0.217803594845705
-0.056979648145397
-0.184929096699040
-0.780202534488352
-0.165150767693384
1.066938264902438
0.769679187443213
-0.957992208449284
-1.153797301408261
-0.914187609684807
-1.206760354247332
-1.609515662235980
-1.039754655784606
-1.316569439823163
-1.446671251326604
0.679673622915935
-0.082020908249024
1.956333189383573
0.512484539937603
3.650971717177699
3.323499272262271
3.918737445176462
2.269775651353847
2.420146291147885
0.539957679403264
-0.546543693769758
-2.777302265491044
-3.764721636316068
-2.752747395252385
-4.593080461238769
-3.140390878451762
-2.712016909797309
-1.489145222453345
1.331578785727463
2.680807049270148
3.897649234340241
4.417267400223889
2.614454078010757
3.422644084815153
1.747721243845195
0.741238317428591
-0.668824785670288
-2.616359522847224
-1.798297493056899
-2.254960932730264
-4.756870208254115
-3.403851059568725
-3.262357227402071
-2.728237239326421
-0.376546940633794
0.992812269851056
2.460856625719043
3.378223564358278
0.940757926455454
1.139343012828894
1.654197294800861
1.032858925494202
0.274172010239307
-0.479237865027627
-0.330333443339865
0.123909837159486
-0.635160392366092
-0.680971368157835
-1.088264246733911
-1.331668580149746
-0.555390311399689
0.006029275358599
0.713119448589847
1.741854856448412
0.114727267373942
1.223943669408786
0.759553160293696
-0.089599933547726
-0.177549434792899
0.628972369405806
2.751047673220691
2.103889632998252
0.130085738678880
2.320784414463124
0.834431561645884
0.720535255760357
0.643747285689389
-0.463601650355732
-1.899732883862273
0.793575166411678
-0.088389287379714
-0.263274644247870
-2.172285593716304
-1.772961171134379
-2.417885182819385
1.122433587498317
-0.283576346556857
1.534891330459416
0.190125914104553
2.367279460938586
3.015743006176565
-0.084602871497840
2.227825531810190
0.792188716062556
-0.492201392604140
1.070346745338299
-0.932009599534871
-0.206890862814323
0.557760446123190
-2.079304942042184
-0.934297635704211
-0.789994529786038
-1.804896974889726
-0.497212157776867
-0.046384836712536
0.022920775849279
0.288362609425847
1.560061516170504
-0.070892224100981
0.733321249831080
2.333948928773733
1.101068090538697
1.656479707578350
-1.387939848225003
-0.242805249521021
-1.010735328469784
-0.240102350023213
-0.448554167333008
-1.198616645235312
-0.738955522213380
-1.082190483710088
-0.825295783478525
-1.732683449280527
-0.799833591223797
-0.219229959644727
0.486289898605563
-0.332743074808551
1.425025734191566
-0.239721567314296
0.263371392305770
-0.510687743808030
0.253027921910875
0.183422452967049
-0.060781048427275
-0.741519951451148
-0.259363982118122
-2.698284192862311
-1.470459148690836
0.453040163195961
-0.956722720234886
-1.749398483787216
-0.279564271602595
-2.611969706993590
0.171312781742704
0.124128970947937
0.860030872675221
0.304562308815830
0.676590905497214
0.644127024478233
1.584514907379005
1.457154481913246
-1.593623283836060
-0.945566209537880
1.233324271183305
-1.663013219529809
-0.429950583249666
0.387756863636886
-0.758452962634539
0.808750216117284
0.948060752910422
1.190618661421238
-0.060280135403408
2.139266800750322
1.615624085198490
1.846313850524618
0.154572116255101
0.386861733718734
0.425168253922332
0.066017803583774
-1.209247080801565
-0.452836187884881
-1.823049251144344
-2.380601074590359
-0.742293633885748
-0.951756627881345
-1.620483248115538
2.015518737822750
0.172107702009689
0.440851534764963
0.756071785623615
0.712226315131273
1.394522514365335
1.739210597466963
2.214667706924037
-0.375039795269608
-0.694120283719682
1.081244310269518
0.086885983870072
0.137784910859128
-0.720265157113617
0.085468786254750
-0.751570223213636
-1.365809065255184
-2.181649330917194
-1.519821585526243
-1.489879497382970
1.694780215987268
-0.515464929391968
1.292564150349098
0.987032796218144
1.722429390474639
2.334262131534871
-0.206159571428452
-0.127087386091579
-0.612212474204255
-0.629977270607636
0.454564534217860
-1.780189557803028
-0.168931348119240
0.653434391058478
0.350941506070789
-0.149900770963944
0.868729245809208
-0.606289740558529
-1.089022868480787
-0.141872437319414
-0.267293392276789
-1.123779341484546
-0.084313109918623
0.603448106070146
0.292010927842908
-0.512090962015272
-1.437940005880316
-0.694869726229275
0.903255532276292
2.460929346954334
-1.699201455490246
-0.061076197036159
-0.338628575127900
-0.231513661846418
-0.480342628629672
-0.147165946947121
-1.310822239395468
-0.549534018791921
0.342600099102263
-0.678599984913188
-0.212270585153293
0.484590645930288
0.374202646509288
-0.203125585024764
-0.414379303589127
-1.105453552753591
-0.773987648389720
-0.874595356989611
0.159469395073640
1.367779890630773
0.127672020387287
1.499376715415803
-0.289729186033063
1.964249688789381
-0.219789199490734
1.250595008256580
1.020243170591174
0.524859560303588
0.930896871982245
1.457168548359419
0.108417538752016
0.575407258404817
-0.115619216301890
-0.891105809094014
1.258384220079219
-0.219522423067002
-0.683535666972501
-0.278543010134778
-2.045568953891479
-0.220120976226172
0.040861651704727
0.423934588827428
1.009893784269446
-0.238357986103722
1.365720668801543
-0.976579019547719
0.294251693676324
-1.118501515629631
-1.712867386227795
0.537362594094771
-0.173080700714462
-0.648538740723931
0.815990622996816
-0.379780399499035
0.157940178949262
-0.896973679355153
-0.543875260404779
-0.142997678539802
1.173598445816804
-0.251827169630313
-0.224581215341229
-0.987541133697146
-0.109004658288854
0.015701140011285
-0.147161989665205
-0.972827079575668
0.180845612360353
-0.548272484398844
0.214590235526360
0.804131430616310
0.643008608668879
2.041534127794595
-1.738540372797497
1.546729983718634
-0.278345557968830
0.324995947267251
0.246366767084797
-0.284462800918095
-1.076210414187172
0.178717063994781
0.987916863649397
1.367304518710571
-1.212715499787091
0.204206783973848
-1.320371638480687
-0.235222414117914
-0.119441050867966
-0.534642561334520
0.785338318981737
1.791294374699283
0.808432870047935
1.315156372530495
0.248421082114918
-2.224399055582566
1.928023414444210
1.424579094176357
0.582464909462239
-0.128393762091401
-0.247668793826176
0.293871439834906
-0.818571864464013
-0.465787344827989
0.016204782769791
0.627015533194835
0.765010413447543
-0.038862183519219
0.253845504338924
-0.449529459929209
0.818597454039724
-1.046133910809725
-0.960724680889900
0.074980607587561
1.107295106427899
-0.073207116441829
-0.334072343622996
0.607299640361135
1.304710168343103
-0.700452366638010
-1.182792379988077
0.913827204570126
0.159025225317609
1.218130217396950
0.348666149987168
0.621936567827330
1.879031056252725
1.186976055708727
0.923841969532319
-0.764846154098578
0.139509080016509
0.677395222293660
-0.317325564075634
-0.275857325922288
0.906384383426095
-1.362704701095793
-1.822079396557499
0.190916675930578
-2.130036189888144
0.193806267813639
-1.237128671679431
-0.410202459340397
-0.073184528759470
1.417279178013277
0.461727736952642
0.703128337604182
0.294416352018339
-1.107494025419006
-0.585855432932080
0.641105461857064
0.228078574753766
-0.196316613157791
-1.987900124754121
-0.949684400658931
-1.858927484197865
-0.858822766554878
0.312481819543132
-0.340896429490605
-1.266451302445826
-2.184670405416876
0.125436208432274
-0.256014809569567
-0.329217290973150
-0.034852417852353
-1.072430242625019
0.386162093707898
-0.264652371009977
-1.762983260016697
0.263846996979396
-0.991731250130620
-0.279714339148171
-1.525646694189450
-1.021782895135289
-0.666638551846048
2.016885977492359
-0.616464603288188
-1.029590272271895
0.479444023813983
-0.141991611471267
0.701785828843627
-0.419327250754687
-0.837842011417114
1.404784896520002
-0.837649575506552
0.188819987791223
-0.935851207478618
1.174712296892855
-0.103681448132267
0.938986770972415
-1.688070160282191
-0.932808455824916
-1.217360483101736
-1.600088776283128
1.100685297510016
0.248908757044730
0.967859511418697
0.440082588798396
0.206776902376409
-0.384145758157818
0.911261760077398
-0.447064513489332
1.361513587941493
0.697048547744337
-0.649691090504514
0.070110123328609
-0.693469194170716
-0.377284850877922
-0.587847819969978
0.515511757540207
-1.471468288594878
-0.454296108948446
-0.565946653375421
0.975925262714878
1.515618246548805
-0.471826518913731
0.542684099799751
2.274170266864813
1.068521500335496
0.419579243666777
-0.306235222741248
0.125163669560172
-0.376523787433680
-2.092921589131947
-2.268200629830363
-1.111247568231260
-1.829203085526390
-1.555479539393597
-1.544072165281999
0.308615824643982
-0.803600852842379
0.320357316063811
1.890863476513250
1.446695897033447
-0.391242117768779
0.754445539638125
0.838197264965350
1.023864977278975
-0.227046962484283
-0.663076715971419
-1.341776327664404
-0.906074227477018
-2.206164537470815
-2.722107516935097
-0.528476436498557
-0.974653685687899
0.686809317771411
1.119526943296212
1.080743415651991
1.780284605242860
2.800625903231341
1.163400245199517
3.601022542572232
-0.037489451460427
0.226969440092595
0.732770809753209
0.950953251957486
0.059260436379391
-1.615780650650786
-2.005871132302069
-1.920119122799136
-1.212399345024923
-2.205974206562262
0.307837588502523
-0.545765061786961
0.647850219845533
-0.495112799832966
0.401311544073018
1.204120213284083
0.263136779586124
0.856910603064669
1.117093711136375
1.529152018418002
1.183465354936809
-0.534116878475240
-1.135390378389486
0.808050802168100
-0.118619087128858
-1.290269973756462
1.198739174425745
0.925009237599770
-0.764219845367035
-0.868693723750399
-1.720049244475460
0.682491912936557
-1.023936466543511
0.533677831425002
0.789530436690390
1.417920767557115
1.621731812572980
1.614382094195771
0.821306480671509
0.255506771049826
-0.596635757840744
-1.893632586473084
-0.474094149992242
-1.450099167033741
-0.602395777512151
-1.480868614927253
-2.446784726752744
-1.116686302620691
0.325632900436317
-1.327216103353991
0.635142597764218
-1.446877040228557
1.332039083559815
1.226804476800383
0.023645194524342
-0.101988246273036
-0.116269613698513
1.448027889236007
1.584774971854188
-0.478445016727011
-0.930810733540693
-0.084106918347621
0.719417184327530
-0.067888519847833
-1.070816066114897
-0.473672529857739
-0.125984366620921
-2.996741771769579
-0.038865818221855
0.969932003838474
0.574371635069191
1.294420834176514
1.491135716945754
-0.934280243939338
-1.264260358885797
1.462356708525945
-0.436075642482164
-0.273538878567350
0.254631385901900
-0.174216615171802
-0.726239037915923
0.415441288789822
-2.577477395828064
1.233284079812654
-1.404434725092573
0.075155926398718
0.615769269280433
0.163658267121808
0.431194518477745
0.056607613458599
0.976215519463762
2.239299433468739
1.080134889282879
2.120871798521852
1.373701282000744
1.540690284374957
0.903199741064713
-0.121899471601127
1.377654919527213
1.775322238354933
-0.082837799774597
1.485607473660944
0.387273809020718
0.792952664524550
0.920069361588569
-0.747276479089296
0.639166828523783
0.811908050335057
0.669103035069712
0.173183143148053
0.984265282315496
1.770811537141826
0.820177102307054
0.165732470202517
0.600293053112307
-0.297395793115443
-0.327549421170522
-1.026748041510740
-1.143237195958926
-1.358523888033206
0.050359132148629
-1.063531120722168
-1.373659958136909
-0.865933359808471
-0.449602044001355
-0.258497172041134
2.003319897261047
0.152619018875061
0.765353372797317
1.536881125813231
0.001178811973158
-1.748938176776119
0.450282162270030
0.290719272760076
-0.357634105764022
0.636908726888932
-0.448927141339714
-2.334073460839030
-1.305556639647482
-1.830498811420155
-2.326256551741444
-1.012169510510676
-1.462559443464134
-0.957593322452787
0.262917536024095
-0.570721100691067
0.516983204772795
0.729925156383529
1.032539295139784
-0.391513403732746
-2.187438893986392
-2.474260109838048
-0.072095960545622
-0.178707006651004
-1.605143931116724
-1.379609118822082
0.009435898488280
0.559055392011679
0.065932398413533
0.605098446483216
1.273962665600413
0.984312825732059
2.291760076128118
1.261215917748067
2.010569433088808
0.954597653933608
-0.380420907165988
0.679292016572467
-0.601677341652242
-0.558638734765560
-2.252146958959615
-1.542420918510899
1.547365159547672
0.485282340927821
0.190772370385763
-1.114741866328697
-0.651164951779051
1.788354145372253
1.165485724285097
-0.779370155403821
-0.156391105683496
0.827153349332756
-1.178089359016732
-0.116254992536852
-0.858512519002235
0.596110736053906
-0.173839090164457
-0.356084459428074
1.938554033077987
0.327486643161255
-1.535374305667269
1.236663159384134
1.065698938087800
1.418449408954217
0.704982531399050
-0.252687203636172
0.720172575846886
1.268237131823311
0.877446219600424
-0.819252514304959
-1.552358380474826
-2.199464810299367
-1.238187844075128
-2.449848894158848
-3.304695296890738
-1.963454312023828
-2.005033674472533
0.122690569908992
-0.321227651395103
0.997064472086667
0.100185400179936
1.851991873302263
1.186321789207864
0.803202979584866
0.401096035380132
-0.017745708564795
-0.711099174175288
0.279717519427706
-3.240102112433010
-2.434585417492922
-2.360741722300940
-2.902847879610431
-2.918994716115352
-0.985047907557799
-0.628951307112594
-0.954271664571783
2.092105723127441
2.373747021960612
2.756469101982062
2.493024322750469
2.723662515898235
1.449681438644301
1.353306405231879
-1.961345464726439
-1.527672106402964
-2.501393887811675
-2.395518299731707
-0.875975951280758
-2.716550666990546
-1.550762279027423
0.958495251404885
-1.076440197684384
2.131845519691753
2.257098844719305
1.424585134929305
1.966902314430795
1.156903191803467
-1.009468294000893
-0.510174890019568
-2.315916887688279
-1.782926910690605
-1.889170400571550
-0.405597929178136
-1.399261481047989
0.540615595928018
-0.605410312523924
0.869849926212169
2.198290775205112
3.128528923457253
0.444576602687037
0.923312240534929
1.632917436183893
0.202404927360319
-0.696229559882783
-3.407638431852269
-3.824271165434268
-3.724659338283344
-2.949772400937520
-1.194978505147294
-2.282466362788655
1.842940762023588
1.959858948708514
2.943591720920061
4.498842901402610
2.446464148684625
4.105752381646623
2.276394333282570
-0.902185928607715
-0.254669943684151
-1.217281010571707
-1.891240970448610
-4.650335085356833
-3.336334409661837
-3.860335601935481
-2.055394082425155
-0.916356426289108
-0.816464025249297
0.953886495568056
2.547728191135984
2.474873624991751
1.659100845359290
3.430666063663023
3.699104532494299
2.191747290928462
1.078175660512609
1.592185639530399
-1.694399169830295
-0.986690181711514
-1.837347255163447
-2.234579534523619
-2.554085529148788
-3.566244348791281
-1.856396081929667
-1.169758204958445
0.737620513358373
0.686352679289643
2.034878899579306
0.771588725819248
0.910415440933227
1.285005083439644
0.183729611272045
1.253680298422912
-0.078806786324249
-0.735988694033789
-0.486901380656121
-0.588323974688446
-2.063728492444501
-0.966674609100171
-1.654523196617670
-1.108500464690273
-0.893573706082626
-0.637775580826361
0.753353904431971
1.631457802175357
-0.951405444053613
0.514056162646154
1.958800210712928
-0.170324411141871
-0.497922849343266
0.217289832020091
0.929531035829403
0.343507894865237
0.832851083963891
0.495864646206484
0.156126997907678
0.497072474797940
-0.276364430571864
-0.220578464925556
-1.502566916489720
-1.186329772333973
-0.635497629179832
-0.236045624657624
0.841600154051148
0.721482008537695
1.464474883355103
0.893147950742617
0.507385451837790
1.524517202446092
-0.085269048414902
1.857190113804631
1.245932160979236
2.105702689334048
-2.156664852520946
-1.261322277986609
-1.331762567901823
-0.062903308794967
-0.667354158578336
-1.928634853594354
-0.308685982989538
-1.602632263502722
0.700941449841273
1.323435338979311
2.967315424309812
2.785396210401875
-0.080784990833012
1.025198251388715
-0.977576838609937
0.994511237447627
-0.664763051375382
-1.604648912116334
-0.902260400359393
-1.221014689586957
-0.326176949510660
-0.484810244374584
-1.409817490091727
2.927270447495521
-0.268113912427812
0.748899631648425
2.750746655121594
2.864144466991634
0.370978724457511
-1.570458933524425
-0.648262617174967
-2.048434162948936
-1.154302533325370
-0.959234097343202
-2.513257066297968
-0.758140711961304
0.705561467418740
0.522839878750570
1.235819691974867
1.109811321748552
1.895590216849968
0.259486271856174
0.864571397130999
-0.085176024220022
-0.209695462943041
-0.677274347376637
-0.574837189971905
-0.941269477448061
-0.643053505571781
-1.444861666384832
0.379714753082647
-1.043597494149574
1.890985841558817
1.568403470955698
3.464725682796522
1.723323552985477
0.763580700409942
2.419140422097001
-0.323534288159707
0.631764847055309
0.646409874591902
-0.946059567646701
-1.565758655107897
-2.627194454706115
-2.293188638524230
-2.596560224517527
-0.853512635819073
-0.201459371255733
-0.339748434910080
0.321152858257067
1.456104400059998
1.625149308557070
1.667883439052682
1.235313430504725
3.440683830950832
-1.451354035343514
0.053859825691405
0.947950094667777
0.716477320289791
0.707903795502376
0.001717851497853
-0.926851668674457
-0.225560161834708
-1.600340703814724
-0.786829727680091
-0.677131799995798
-0.134257901044499
0.048147548787343
1.121353033731779
1.025944542322176
0.650113602476285
2.176496032823872
0.749673859053922
2.509736135577590
2.513644049636389
0.063178035026604
0.983828336460638
2.435943551800137
0.644393332649534
0.973609059088816
0.820399788857092
-0.854489764551364
-0.718341656066781
-1.469739734518617
0.517570774683489
-1.897878033193656
-0.901811904047536
-3.974148598862252
0.714804616990556
-0.585168273378581
0.677519636978403
1.529830956738353
2.200460771307587
2.102990341719356
0.144016045941231
1.922340781748110
0.018748380779154
-1.406911318510552
-0.643273851483014
-1.636302563765392
-1.007751380042501
-2.032493472716557
-2.472042146706465
-2.819907780270506
-2.270948693923607
-0.155349762576566
0.674541591583033
2.155589705540839
3.262106657188019
1.234307840304919
1.457799319237880
3.055426480540244
1.059704485325816
0.973246090907386
-1.652089927667309
-1.190492495771978
-2.964582556355292
-1.951453418465422
-3.283419269144593
-2.283883500238502
-0.116029285395906
0.274031770776547
0.834341972094688
0.708832311200835
0.973262255009561
2.601313115787328
1.839656151590651
0.232452913890365
1.119962792224162
0.411684483048619
-2.910611084580724
-0.252346121225949
-2.279520426497021
0.223617194677962
-0.947727982613533
-0.277588126983741
0.207412912726730
1.851930420575971
0.330796524705882
1.333282933312541
-0.155145968801577
0.227312012298403
0.313562769868990
0.420889754202417
-0.012050614771454
0.824020753922831
-2.311105394802326
-1.192678746840196
-0.994922725993083
0.233091989611586
0.374593495069307
0.291125426002431
0.959614545905405
2.618852846599043
0.267274111390575
1.310704065110223
0.383345850195974
0.346179537043696
-0.493203210149747
-0.700322165204309
0.016292553288736
-0.715465058706286
-1.918411512109847
-1.503163210820816
-1.432517259419486
-0.653507869261870
-0.436177648957281
0.999181762346057
1.353651042635674
0.874348576923341
0.775791098021248
1.340039115462385
1.439100768277139
-0.800002329347799
1.453709323249696
-1.033004004418988
0.311491136829215
-0.997777533845994
-0.830269609619998
-1.334900763081494
-0.383734882254044
-0.967258075349553
-1.674492735181980
-0.695915702515504
2.699114325813214
0.383688468975279
-1.687938675488636
1.812809914912346
2.148750365441749
-0.385271749918339
0.986208544504124
0.773941185163802
-0.986731088257223
0.703645114445162
1.402855663018166
-2.317641753132693
0.349009301892786
1.828368538852038
-1.433013915575666
-1.651350184311547
-0.009876537069834
-3.300805433937643
-2.345532053509155
-1.443693116811354
-1.024828927524305
-0.368635943014280
-2.143937248798783
-1.106059060667530
0.659382462485007
1.578350336594212
-0.768818730831789
0.398839622435497
1.707594199589185
1.637036110110497
-0.338041409155277
0.200046875369317
-2.671450457239577
-1.458355720081399
-1.695326832453555
-1.586296221422424
-3.260534676785143
-2.004833794182724
0.340828291609382
0.786901504728468
-0.682158165183278
-0.530584322295407
2.010746392705046
-0.482750473135246
1.001264095372852
-0.372262667559577
0.027365758430791
-0.365816554339949
-0.671026562600744
-0.686726459584905
-2.040014325389487
-2.152449020420655
-0.803383244965159
-1.143011791219254
-0.133670795356516
0.788288804464936
0.046933902775282
1.080836583402883
1.149470659141614
0.129577962607005
1.123231090752966
0.180626994294937
1.517189147199176
1.218117146627116
0.930997744666946
-0.834424798888783
-2.115993699834477
-1.022849895865440
0.209145495097831
0.295361658676467
0.306945080394883
0.851398857256850
-0.676813508449072
-0.852298624995771
0.974441288606858
0.240052711149352
0.354037516318577
-0.355534679969208
-0.752806994804500
-0.647455628198835
-0.134401335924174
0.879820321741976
-0.533205887268701
1.172647353017561
1.961245766565741
1.177806319970299
0.708288615411244
-0.510215879277085
-0.918192728968572
-0.441237857100435
-0.562045218146228
-3.129512711067429
0.221380466857268
-1.935228088126420
-1.367855146959269
-0.159869371874612
-0.209421090481044
-0.550021731383225
-0.575516693730546
1.034285948003454
-1.530211759849496
0.371389313144931
1.405072458583831
2.166403362131214
-0.864539317041070
0.429088086035201
-0.583461399470613
-0.409690824780738
-2.329833023507971
-1.130118748355736
-1.375745947861718
-0.606592404466352
0.664550302977255
-0.645469382580515
0.647355232482950
0.266887280003831
1.079069365154696
1.752252408217286
0.668760145171958
-1.087729544767005
0.080810642492669
-0.229488160992873
-0.631590253623428
0.515672990566027
-0.479883759563437
-1.368471940867433
-0.029606506374494
-0.671627768296672
-1.373346000181898
-0.666202251198954
-0.222719616522075
0.017340067357892
0.811004894536246
-0.965653994014541
2.050027007246296
-0.621093463488413
0.173052680330202
-0.179859461946955
-0.599900881496604
0.297334880103219
1.268119310307068
-1.239567978926331
-0.120640717498843
0.447249832023936
0.180390140183366
0.789539871627990
-0.649323629868595
0.909383319627383
0.167496449582263
-0.787935977904041
-0.531388180834887
-0.259746109606632
-0.200703238116148
1.309386444075601
-0.476036762199879
-0.059657262693981
-0.381947902664970
-1.146103270734221
2.044764777606329
1.849933748787261
0.266946783937414
0.000468625732394
0.539740154429858
2.014386837562687
0.436165000071010
-0.520668873787768
-1.242516407001019
-1.543451003696563
-0.046423823302856
-0.632170330956385
-0.708200009498488
2.173506864104700
-0.176023363221140
-0.464726607899498
0.736720590976646
0.688037790686202
1.662472801466146
-1.109854705217585
-0.740279314252132
-0.982605552514670
-0.122121062466746
0.024993137444410
-1.376156907019355
-0.396040988254435
0.106055780372259
-1.584921890311228
-1.833320605990343
0.430410217508515
-0.112123643930559
-0.340278601450337
0.696345858546477
0.280870144202723
0.688164780692078
0.949314374342382
0.058629392867546
2.273221130778786
0.846578539363085
0.581198546361750
1.362584974091060
0.260716486065640
-0.736328941313443
1.900629083653364
-0.690518005205755
-0.806249263117438
-0.440730002146618
0.721619442047233
1.738314511082889
1.074697992484605
-0.075512610999495
-0.356030193627500
0.273076284796821
-0.215197609947262
0.621359146401679
0.048383244156311
-0.317983138723852
-0.315649484182843
0.926910455325555
-0.203958839832174
0.879023922962002
-0.773574537033492
-0.142975991507901
0.221647370097141
-1.463483861257827
-0.279016698488716
1.307700098371309
1.092474372173310
1.027657772731136
-0.305240723950628
1.329567692460956
-0.066060773041875
0.196990580586876
-0.265507662285412
-0.775057638933642
-0.946242135597804
0.847648446607359
-0.588042190608262
-1.482071719630906
1.173197977744213
0.938753877173245
0.851821160641993
-0.051791933832835
0.006225914964831
-0.272603656352165
-0.229422979829214
-1.218044783390587
-0.910739801757687
-0.194266030635609
-0.285413412755304
-1.279930181996016
-0.796732512195889
0.578970676127696
-0.026542642744552
0.415483535241027
0.693107635585248
0.856603621684637
0.686735473697719
1.656182783143732
0.725879961696693
0.795356926757273
1.645176788968086
0.052059908693778
0.723839942007069
-0.000750665920661
-0.850025757631711
-2.490375674449385
-2.588264669535836
-1.407218847173938
-1.130943350491647
1.727863567739686
0.515109105458167
0.494086222572755
0.978687780228282
-1.606743206251374
0.765533953240183
0.910165571939632
-1.026472393662936
-0.233660089425246
-1.250428474727597
0.762507083989431
0.261293263313710
-1.466501981528754
0.582643664951280
-0.163368974953488
-1.735156438705325
-1.432455523915763
-0.047813713702014
-0.782279850274767
-0.803792391310005
-0.561077589943527
-0.864305261205868
1.226423251607194
0.176620864213798
1.455465935993956
1.031298834419841
0.727334323232812
-0.752099165832626
0.320011240459880
-1.657946268750950
-1.652133539798760
-1.275894940250815
-0.423570784213294
-0.560459589394038
-2.689156670854120
0.388478570195825
1.287894436265346
0.338384719922209
2.228739258000795
0.942818430135337
2.144979529932702
-0.232306214522888
-0.279646276758336
0.318222515613878
-0.132407822909207
-2.081550416657275
-0.154163031788522
-0.885513584349939
-1.899718096019467
-1.382896083953027
-0.476179787012337
0.099423193926632
0.405042206917104
0.992545453908847
-0.332956233364504
2.932176330137897
3.164035013756984
2.647190688493529
1.803800626555808
2.345166364790599
1.324242136314089
0.632016271234311
-0.618426736401561
-1.345797442599553
-1.172332758330007
-0.261266304685225
0.063767277632075
-0.691146005138268
0.934988447265714
1.526430756702911
1.547117363775983
1.579726469211590
1.149807573301631
1.495628805043098
0.402701524609753
0.048210616903047
-0.034337040924809
-0.469745130353165
-1.644247031403651
-1.224891388457378
-0.388030294161109
-2.319644678771825
0.315433902920140
-1.242855297066923
-2.498237929137385
-0.750082892817354
-1.538772163727607
0.565452871143622
0.324337018584545
0.361589529344056
-0.398704586422047
1.781721327626545
0.411758457628451
-0.604605711909110
-0.340028374242912
-0.792746541201180
-2.389905513094654
-1.490913034751063
-2.609980007858942
-0.090123866636133
-1.251277618784747
-0.141855075100465
-3.196049553416580
-0.651921252930041
-0.753710053724304
-0.861772328038777
0.703018571345864
0.220722258400816
0.557879087311641
0.941793307339463
0.663339915133146
-0.262619690973193
-1.587651875270532
-0.666223104062708
-0.854522815449496
-0.384843333254668
-2.240660451081777
-2.001526395967042
0.106664148087208
-0.476735786617079
0.076021800943362
1.313518639225151
1.201994072457051
0.126096314824773
1.267253985867706
1.234863343030738
1.720375508090732
0.754498001032302
-0.205037630712257
0.985926159423229
0.050431264275299
-0.108289339710503
-0.990097085717542
-0.113712783374508
0.423818645686992
-0.074081052154407
-0.857311102315670
0.721881530625015
0.426846134537665
1.576458879013844
1.155607802079724
-0.127819751751360
-0.691879749903557
0.205811107980749
0.907165220594701
0.422010067009335
0.065613993086521
-0.614724099985217
0.151044390162172
-1.276288377830526
-0.989737306200762
-0.817942881839240
-1.519750490576980
-0.794624150957387
0.449587361303065
-1.071146450119080
1.127076191925550
-0.699277961661241
1.853141414832474
-0.655607984245707
0.386878383489970
0.797138647025646
0.690818457604382
-1.230247831999246
-0.943725658441118
-0.102393485761883
-0.489098370822368
0.122648875555232
1.295291832583657
2.245737662643804
-0.333492783862351
1.536346062017052
-0.502638912501646
0.538400352067650
-0.426015776623012
-1.608505121232336
-1.063404163832449
-0.518371849541900
-1.743682594952753
-0.643675581064865
0.472929907872850
-0.966912431952170
-0.078452440772617
0.167863232805902
-1.214445386528843
-1.246912030860889
-1.613105834653326
0.989535433759945
2.481821854259024
0.394956535275201
-0.157159846831671
-0.172863785367786
-0.077240068056808
-0.024746232475677
-0.037274946645163
0.115333677373186
-0.051003353793065
-0.274939900885251
-0.803665676037377
-1.126744247689690
-0.055342891279640
0.601503252471923
0.696848022651213
0.333977414517821
0.101504988174632
0.361441638902745
-0.233103215800266
1.620344962488673
0.133249121044070
-2.095796545796621
-1.007828209366328
-0.259080886361097
0.699752414296846
-0.388418649543474
-0.464894625950788
-0.364265825295405
1.637534078277322
-0.589327108223100
1.804933436342295
-0.250515202502404
-0.887773406969090
0.289223288344217
0.231661485554167
0.881747441102261
-0.167180725844533
1.162983661904915
-1.056873661015412
-0.768546789613262
1.161584518326235
1.373864578383269
-0.486667930168632
-0.998380913764991
1.048535397732480
0.953668759875141
1.828438055790270
0.017065706634457
-0.252121027337773
1.268845699886245
-1.372557089277602
0.868482251933262
0.955894781858320
0.378533516292693
-1.507611019841588
0.888799096121851
-0.477209389536243
0.158143835232438
-0.728994126796024
-1.419798121769237
-0.097068139360407
0.322658451007493
0.680181194853452
-0.889236071192911
0.804385567196122
0.272523000313349
0.405145651613684
-0.139142123772869
0.096268816038438
-0.657186834796311
-1.200913759669406
-0.036663357328567
0.998388278247891
1.062837452309429
0.041829016820610
-0.728518657291284
-1.310210576530957
-0.517231329652705
0.202228854491341
-0.388910842277485
-0.496533428699400
1.884107669372880
0.061951016042170
0.990465352552349
0.100075948050410
-0.141656168069600
1.024313720598143
1.596506059243736
-0.363947994023852
-0.753316508186416
-0.598118191574448
-2.254995250872091
-1.631346964607003
-3.124800997096909
0.194937084918956
-0.809444068290914
-0.657806835405332
1.423141947950486
2.792115336620253
1.314978149421949
0.426262914321163
1.045907425190308
2.045816629611916
0.940938319304180
0.273900032612630
0.261955705945682
-1.094490492915635
-1.608706031785029
0.135976000464334
-0.355029666873923
-1.845272852255667
-0.832568281251114
-0.389093681504340
-0.674573634744711
-0.905535501960062
-0.111767397466741
2.348640042685943
0.451499129417899
1.724476446590928
0.899941255070988
1.419703177807116
-0.176231962242120
-0.028535167749057
-0.531252064517209
0.528455762438936
0.287798539206380
-1.108265409492923
-0.724220642113955
-1.029933965958368
-0.976036758908936
-0.811041016342497
-0.375927363319430
-1.006534338333179
-0.918889948824777
-0.141070598187030
1.125165913958080
1.609945155609007
0.334952216152727
0.062033557841043
-0.028287219024337
1.563591840788894
-0.710427872638853
-1.432961106742674
0.616636482702075
-0.118891541476333
-1.303866768608449
0.592750522869874
-0.744429194938064
-0.383528532386540
-0.111942953884406
1.197439998389420
-0.580460385511384
0.879059189916568
0.982641734691040
-0.479154803229155
0.818985661956649
0.171772529245782
-0.322733011753608
-1.089928203313472
-0.066783850503469
-0.406742799942892
-0.859690184337381
-0.041388864182775
-1.812998687983894
0.582154528621641
0.769822318942580
1.493593300343931
0.009599863117358
1.681790594851357
0.507717022872111
-0.493544406374059
-1.449989903785119
-0.649585677058744
-0.942160528289450
-0.963190453436127
-0.509946553787768
0.463609055382331
0.533036252592366
0.100639804470487
-0.226723760234467
-0.579443965831710
-0.135388126005294
0.079570290000439
-0.146916395825112
2.175566689800688
0.832552071537316
-1.070668164433981
-0.339228324068092
1.578297547802516
-1.006748186222349
-1.590179824139180
-0.304261680093189
-0.243275350868409
-0.968215974526646
0.254507723956665
-1.393725763800638
1.768324779006235
0.959344572560305
0.973972503962476
0.227196377556756
1.524412827758568
1.034300828454275
1.175087415045011
-0.815396706592147
0.129276645265462
-1.915617029368389
0.084822241575686
-1.051949644730878
-0.066869551424086
-1.166469937319514
0.449132430297551
0.902840012265838
0.295197567324337
-0.352792447098525
1.385821540971726
-0.834779162217677
-0.371214289361268
0.249333993786550
0.866551001039761
0.018282977192495
-0.059789965522784
0.703504276040354
-0.284972386044436
-1.789563297405790
-1.050240400171904
-0.900155819206050
-2.186095351361213
-1.181350077480339
-0.289272599392540
-0.267034916577596
-0.542043243000897
0.261776537611455
0.522023992831046
1.044082762636197
-0.186079269805129
0.911820273077505
-0.760273604401521
-0.254071783613705
0.524368973786124
-1.949331216903430
-1.312085636570056
-1.826346537304703
-2.447066598228561
-1.910102422488953
-1.789559007861234
0.118873342398384
0.207585282978546
0.374565318734449
0.968548703612128
1.128850805300124
0.965124189556730
0.628147027237136
0.260435207938525
-0.251731557818457
-1.172566424437439
0.244049589900336
-0.668623038695106
-1.889985231160869
-2.299945619883640
-0.492318002962382
-0.980930969580688
-0.987267171918481
0.006102836268424
-0.902439318418907
1.107047257901198
1.247065893395850
2.364109674737084
3.020592324708447
-0.221239822040445
-0.010714469273526
1.359109205043326
0.444001868147176
0.248931555784723
-0.171360902026638
-0.128487705109868
-2.365646716088909
-1.456283361597315
-0.304439965329813
-1.771700052905137
-1.521055262175081
-1.536124294390286
-0.329406684587466
-1.365072766265715
-0.604914965543143
0.995887526517587
-1.145511525609876
0.290106995076868
1.571108154836409
-0.730472423430056
-0.596781691823438
-0.663610083239844
-1.393365213321504
-1.423635709150020
-1.574477441923082
-2.420478973610118
-1.335365938740847
-0.339672891234926
0.327557505135846
-0.581268210073828
1.597865598229232
-0.209778320904432
0.905363359890329
1.277683198587505
-0.050869077540378
-1.207553405975130
-1.185130158757861
-1.823524608597359
-0.101086758116583
-0.134381051208759
-0.582522946019954
0.319971628061158
-0.420514588298065
-0.406574891288248
0.600190693084703
0.153191662349713
0.809446822366285
1.563713216306925
0.074598614622497
-0.003365513326186
-0.386380395836754
1.606235301256123
-1.548804588206337
0.275966991429019
-1.862288406886323
-1.260686336495478
-0.472804576673240
-1.001321427333860
0.193329987404624
-0.547693557447460
-0.726802419527322
-0.918454021119745
0.945532658101151
-0.732377685529223
0.918259261125656
-0.144838829645960
-0.016915874557878
-0.192781411077815
-0.244500317095563
-0.811915461981550
1.886299600164761
0.724748933858371
0.602419208131766
-0.196034555747398
-0.886961483487218
-1.364578648495637
1.565591092235373
0.379321286216347
-0.839062981688612
2.561450637571608
1.615416165998766
-0.406956049594396
-1.057586148203933
-0.342640284789043
-0.183058036643499
-1.991839280430425
-1.619546984795714
-0.542412316493234
0.689663959460460
-0.395899325075312
-0.751255404147827
-0.536592805854141
1.005241779739373
-0.910114592841670
0.002319505799424
-0.996497580583038
0.305278360060905
1.116299886951628
2.223166355107280
-0.057386903834825
1.399062571645294
0.535821269859878
0.574555688666416
0.028932138675057
-0.278801767134289
-0.335663281599594
-1.227974286925237
0.669608150098314
-1.238897841337656
1.215766636566689
0.364472300075185
0.338190959640538
1.212543846146660
1.434852823596573
1.105298706930745
0.628311096571168
0.158565047505055
1.883006379367545
0.923999246794326
0.876579606458027
0.669606586300310
-0.280916019965847
-0.560869367806734
-0.491032143814805
-0.521603508515775
-0.435969070310327
-0.162988106374077
0.396127766153277
0.518526431968203
1.840260323344367
0.320365041017709
0.913709334683476
0.933274873288191
1.535112939267891
0.551211449346281
1.608295038397531
0.959639483208495
1.284008553137989
0.822582016354644
-0.448549647648189
-0.588283468390864
-0.050076980142750
-0.409616411643636
-0.058653883899859
-1.248812719277544
-0.251358576944256
-0.479596797796897
-0.115526406640765
-0.271009419684338
1.531713057531649
2.190810505719677
-0.536105579928851
0.731231852187452
0.544840138134953
2.246033133187040
0.261551686942391
-0.262475206385437
1.406038437962523
-0.584644373107148
-0.571311835611987
-0.339611538757503
-1.155254921667847
-2.398872710419424
-0.105518702397497
1.358526906529418
0.886723015437538
0.036944922183987
0.104890312686705
0.215953443153473
0.465963113745234
1.320844485324737
0.583099595327055
0.691490107377187
0.716484936988746
-0.420725527358004
0.045758732656665
0.745100763227320
0.185176004603755
-0.359192842574412
-0.598438768763725
0.249362089947499
-0.706957698870588
0.807640906309678
-0.455252716039532
0.441757251203333
0.357333471152769
1.038782390071790
1.386427612520577
0.414539461826888
1.057903057783473
0.777821341124945
1.115751784573212
-0.198263708165158
-0.268980896503799
-0.811952849355951
-2.241541509753448
-0.426140190799934
-1.451249706431398
-0.706590423226377
-0.860410860034081
0.870555833560648
-1.497953970681822
-0.753605675402354
-0.753360053289449
-1.737477326535602
-0.310731096374916
1.512217014719780
2.731904383848794
0.677256215630044
1.288363285397564
-1.703887578844706
2.519464433603023
-0.712978003792821
0.345636689532345
-0.292282871600795
-1.085930514697325
-0.756136648514826
-1.319615887256712
-1.815705243380867
-0.806062250891625
-1.200118111782814
0.428558492866363
-1.494465130884150
0.380359126180745
0.746773900086282
-0.491915787937160
-0.215425823529444
-0.616485533938119
0.116878909496465
-0.910954443864229
-0.184438091849185
0.382170541181859
1.244023650745978
-0.095793330482157
-0.094871614704787
-0.905135377547844
0.877402478464821
-0.863303767554140
-0.824955670549418
1.104652142563475
0.208484417262428
0.356713095777151
-0.422206246524725
1.721188768123512
1.851822567132755
-1.947492722803093
0.137866264109237
-2.106236820097086
-0.475980869719520
0.174769175877835
-0.269935050799897
0.067537081524182
0.119227506422760
0.474732076219783
0.114295621031212
1.302951577629187
0.295521103618922
1.982153892999773
1.223594560014772
-1.491394785597116
-0.434803882137426
-0.886993790863823
-1.327024435784302
0.091247055943366
-0.358700623789576
0.361291125775080
-0.054749432725103
0.832846827880845
0.324088414840973
1.066823818449510
-0.545032351351191
-0.683146774030309
0.135757503062433
0.236702622205714
0.690260851850319
0.400608735498983
0.302531543588264
0.410095057435868
2.261235888124146
0.431262766268702
0.307568075223435
0.839171957110454
1.447252051113811
1.170800043051937
0.207662969835622
0.424097616334991
1.111519303810394
0.284173247038420
1.281081608891866
-0.022937811822982
-0.562134490644082
-0.506886917764196
-1.490922487124889
0.897419823405465
-1.791141009684091
0.569354220643040
0.179697877007321
0.634564674568241
-0.132375357213322
0.354678261300950
-0.582964764924496
0.103266857477695
0.259589188996434
-0.084564249536236
0.632268600831223
1.830229814905011
1.803872874799340
0.633760505450858
-0.695009166660388
0.679968961401374
-0.296954225953099
-2.227280755575851
-2.149320425945855
-1.560426133676876
-0.550635390176085
-2.159102040802595
-3.252067511658674
-0.077844382133323
-0.342155614938777
-1.644830161943013
0.442784826340016
-1.274815748943451
1.241192521806644
0.297163283394274
1.617614418019209
0.817680564242558
1.454835120502168
0.058535659172978
-0.997267578925932
-1.436376624240982
0.122777632510298
-1.743100818744430
-1.031752911275993
-1.554298833069574
-2.254681133625949
-0.001278075669730
-0.666408432515516
-0.513742770787358
0.845233178164092
1.219235781343538
2.082102211769252
-0.265788582826709
1.843536713871072
1.748061284321569
-0.718985944148367
-0.299813124501214
0.672762089616101
-0.037762684483013
1.063921971473714
-0.700699681995634
0.432184870529800
-0.796153916671072
-1.317919868718274
-1.088132689294888
-1.206942485926105
-0.511916903718057
2.355095163336632
1.403351857660021
2.786430139858452
1.602103673612274
-0.063803093645000
1.243284315603634
1.753925636108534
-0.111432679516613
-1.128360018603575
-2.006779734430701
-1.769159646347581
-2.001137693282351
-1.024525399144136
-1.707733140104411
-0.766536809908295
-1.429501212210682
-0.734356630709668
-1.027639850473026
-0.579290189573457
-1.341686475603457
-0.131989055332441
0.660309731036465
0.292311171476772
0.789653967835830
0.874068189314151
1.136304585980908
-0.982173447661092
-2.264497778506577
-1.207595421734744
-0.094448803501916
-1.363789941360574
-2.656751840858434
-0.891603597759194
-0.281754820100477
-0.794669412073948
-0.006917386136599
1.768677906783662
0.311752504719044
1.127279570950009
1.883543814118876
2.168923075502295
2.643134090252748
2.401192646975515
-1.511821742708475
-0.931760211063845
-2.037552446956858
-1.009005749995960
-1.180045500440009
-1.107824265276850
-0.868957179797289
-1.377285420725176
-0.729640097303992
-0.369905917566580
-0.854743697062385
2.805710537271942
-0.040547608239771
1.666087494435665
1.041240160319664
-0.915155747700370
1.148873762553808
-0.276724578378224
-0.599745560457945
0.239764870759970
0.255868067616699
0.126359807812209
-1.059118471931648
-0.910960009899305
0.003626956858478
-0.127981261407894
0.346460141593154
0.759693457064442
-0.031716792453848
-0.811582331161358
0.536317271588094
-1.231121791444032
1.040368853627377
0.170540903741541
-1.248023760549858
0.450604062449207
-0.172474768831780
1.133072835917337
-0.499311326645235
-0.237532772842996
-1.778418055262311
0.428498122516178
-2.046397265909411
-1.999486768227732
-1.644445393687166
-0.423853290239230
-1.567767081568650
-0.348635244999544
0.241217313125520
0.109026002964417
-0.878207322520611
-1.223624187617576
-0.475709908909505
0.082144910081892
-0.039436503557499
0.179974338231738
-0.242922594868400
-0.244565462481848
-1.085461581380199
-0.094267807526830
-1.937662178360665
-1.270951142493717
-0.924400008326362
-0.756993449211869
-0.087962113945395
-1.159141690383548
-0.152158300426246
0.260838021941898
0.074335248054258
0.866368713020898
0.085593780051256
0.529934535270801
2.270551654241662
0.028048977815196
1.087814910671713
1.413920499504044
0.965073643486762
0.018007055934013
-0.642904657095661
1.048948343311438
0.549829105981592
1.167856595244590
-0.904662142722902
-0.933720483075555
1.823218364174190
0.420206514506013
1.124995202022629
-0.254804520937382
0.493713706438422
0.130884455071867
-0.447050503155393
0.264640829953262
1.175327738450510
0.111377121322099
-0.416420404986882
0.488800540905689
1.828494709340378
0.372960810778238
0.212963805911703
-0.853953817795795
0.188888291860703
-0.169421470913618
-0.410037705485573
-1.596516367854244
1.327537120611175
1.408011442469807
1.122447148148760
0.879953672067427
0.837916288573262
-0.341258366329562
0.350617772265784
1.193697430539897
0.375094715877154
-0.417668962523631
0.483257584850653
-0.230746510903036
-1.051242642039337
0.564262900066736
1.638279169656228
0.909637227259706
-1.901390534261188
-1.009207885946865
0.576752497269163
1.011676144877050
-0.128150913897374
1.925569975851832
-0.418661479415923
1.876248988073276
1.930761633356829
1.913513227738172
0.382822283453612
0.204430188587635
0.387416948654356
-0.148716223062916
0.175791548102606
-0.224416973619956
-0.758378664503624
0.569525629189026
-2.205391252154560
-0.047781531406050
0.968290226302349
-1.383035733030114
0.527657693002816
0.606178944956827
-0.916155416893624
0.757577593290031
1.093905391389391
0.831940992985491
0.700755217268921
1.125943788534382
-0.063888304013986
-0.596805848535234
0.615866370950794
0.612934225498547
0.938493045183042
-0.276027736117250
-1.907958019671559
-0.353941838564327
-1.267083960955531
-0.032077651187844
-0.168900967366071
0.364364422779579
0.635376425484875
0.873707247787651
1.477463339917832
-0.307925754638406
0.547325851798188
-0.806665433638078
-2.662646624203055
2.030327117754261
-0.803712025557015
2.140306239931416
0.127880659731491
1.849793537877431
-0.016552862740682
0.213035509973257
0.010353701664643
0.789516103749530
-0.185582207814502
-0.132447471003388
2.606664433922468
1.479749377014605
1.389688038325677
-1.196301900972488
0.444196895029550
-1.063906737977344
-0.778734210297473
-0.023131837494844
-0.671192436767997
-1.123905275470387
0.321554251278177
-0.218453406909207
-1.261704167560552
0.239275525233967
2.035482742121497
0.416877101137436
-0.008687949046457
-0.157238488701166
0.780231093726598
-0.845032555093248
-0.945811814512408
-0.649963845716322
0.424378693315330
-1.417353583265528
-1.760506806748932
-1.030510891973992
-1.247800570593887
-0.533491156210522
-0.640399758229796
-0.368817363578785
1.784312312222740
1.498934325762673
0.940972338818822
0.618755190866807
1.558025644115748
-0.365748741245722
0.426185312446256
-0.048163782515170
-1.558141323832925
0.114313465274323
-1.493297152312016
-1.222168977274810
-1.672402703245140
-1.033523517418645
0.612876973587262
2.083500156177069
0.577575698171167
1.182511864796093
3.866499214834031
1.439231894226491
1.691797411923213
0.381155964105003
-0.374553739943013
-1.272533889966504
-1.343423026057444
-2.077029324900534
-1.422811038479804
0.545992251232959
0.214060142926943
0.123314237658683
1.535118051644477
2.726311726478738
2.777438398235932
3.173235845695362
-0.482562245543231
-0.434830831650649
-0.896537389346092
-3.057473027426273
-2.265139478324996
0.079225052163166
-2.079993337039948
-1.772910767750709
1.191190406433683
1.380419972020363
0.815683606842994
1.663126119405354
2.383192545861961
0.442204808279616
1.718766110062916
-1.017551322884229
-0.707486796578950
-0.859584604262153
-1.778953906327650
-1.009543189358631
-1.487397499592579
-2.131986684075782
-0.978304703008118
-0.626807287525127
-2.373345398934382
-0.023684784906583
0.068292979236196
-0.532336728675171
0.662500728637447
-0.587579851496999
0.273014950247078
1.752184172078453
-1.425424810009646
-0.129239085720691
-1.048714325830591
0.740741545254390
-2.072011775454537
-0.717921666392750
-0.298410869647655
-0.396395125993291
-0.060040601797474
-0.710568376566802
0.962798683044246
-0.168591980303963
0.238679842093114
-0.572676462495861
-1.191651280494619
-0.327495626296561
-0.825543648146259
-0.931661220585137
-2.240189027997753
-0.198839865442083
0.322504648508839
0.835281763751088
-0.422657957537411
0.112623688691536
0.295480295687909
0.800785927203302
0.054378660945285
-0.470252323402516
-0.579328249717841
-0.297000216241656
-1.816790377810594
-1.149586188769142
-0.874213726003635
-0.024147075266568
-0.015413208196356
-1.040021782985598
0.674296836348739
0.891544201079162
-0.220007160534980
0.620133190506831
0.096279223027362
0.010867589080253
1.391162256679418
0.970448199750400
0.125771321008848
-1.776345268439975
-0.430437892654180
-1.195801492352780
-1.454093696095708
-0.423663886311522
0.274041588784917
-0.033564567293176
0.637886797514357
0.148960064654166
0.341480281480750
1.694122243487533
0.925028128896934
0.124930649223517
0.593276823013092
-0.201236114566128
-0.277561519105546
-0.742070830553399
-0.545716512580545
-1.516504866024077
-0.579016201596840
0.682080486706860
-1.590696138402990
-0.040164846684500
-0.621266428130963
-0.373604205059953
0.643757696473328
-0.020339176555021
1.629849288104388
0.065562905164064
0.544920579628755
-1.378270401975142
0.606830977707703
0.364927666569121
-1.704892553050834
-0.170787587616789
-0.849749893667534
-0.253164955274364
1.770628193788367
1.242994277728523
-0.507583463334957
0.646867734344282
-0.424900662455253
-1.499384489430550
-0.457786755566327
0.183096379336860
-1.057985417320712
-1.426132105782650
-0.667425893743762
-0.354433101904681
0.912276150633086
0.293865977099650
0.976965065552042
1.106917872333453
1.294128967241978
1.315757157519708
0.214853473193593
-2.154994942732082
-1.569765550975696
-1.655287534284937
-0.752992626833852
-0.608077668045164
-1.386081951337352
-1.211990927420285
-0.317582054908892
1.493392472729352
1.279123776194667
1.808744619600914
1.974683261709850
0.836995749391104
0.198425907450098
-0.036584325870632
-0.738410332406829
-1.341228466575955
-1.309850391069979
-1.334341375770524
-1.715243337780259
0.299151664797302
-0.616312026974075
-0.449119734735113
-1.148913575655149
-0.295558332108129
-0.328623896798434
-0.411507323375294
0.948547912968140
0.971426086736879
0.035789866073161
0.178633871782223
-0.277334405918321
-0.939574257671008
0.097115840874656
0.026894763820790
-1.299790274121084
-1.195819888943358
-0.065506204076137
-1.117354279283316
-0.243075070401382
0.170621526079684
1.315739127469482
0.802590365009525
-0.867197148919264
0.761769612338464
0.485741838140259
1.107907700829370
1.359738235341391
-0.423701936679368
0.269824400339738
-0.436612492197274
-0.474816682666836
-0.666879481725813
0.268633561645408
-1.125945111550996
0.655114124607992
-0.817002509681056
-0.806488813525892
1.033794720597741
0.083689108596486
-1.145172295614659
0.009749626180267
1.580708498436658
-0.110295985367277
0.849637459873693
0.651929822608345
1.687135399739467
1.598860312612827
1.172727236741042
2.418158332980160
1.540020983064035
0.461627922557380
0.523684411772529
0.951920832139988
1.507432006233454
-0.020264121324215
1.006616586913436
-0.741269040031149
0.178051259994021
0.856057547733236
-0.569101838090684
-1.059181342989140
-0.432147063018226
2.100300578506105
0.175439056866596
1.836786084133068
-0.159524124546419
-0.414037262007589
1.555153725851074
3.827704721873061
1.351336910122439
0.873231256584212
-0.424614844613716
1.183264183617555
-1.740167604839048
0.209062470062107
0.401537186942227
-1.512008148008831
-0.595486464440028
0.291885182512763
-0.479176251376341
0.909285420577235
-0.542913754799025
-0.830238918774415
-0.431805452150428
2.340063672510558
0.683774535290265
-1.229618437078074
0.534449956579871
0.705806032772244
-0.306631324214080
0.526540773378977
-1.194020549877963
-1.116205366890320
0.252691349055899
0.223331123361768
1.609513466235716
0.321418722798761
-0.065306184466720
-0.496730286340767
0.245752819987028
0.622716109831503
-0.671476607350836
0.351920132912921
-0.669506956168817
0.138859634199840
0.857871923467219
-3.215381158187906
-0.116814005339107
-0.666604278357698
-0.555397122379088
-0.925404068665809
1.164106703580072
0.494045423062149
0.042460173002897
-0.970451316449373
0.154754035984712
-1.827816753919370
-0.722250066015337
-0.450693771280149
0.693474860805279
-0.136780148920187
-0.232104711025754
-1.207299629024536
1.149638253421086
-0.205526038771241
0.321263055137607
0.263943626467004
-1.758802601350155
0.196266630755467
-0.797465565414478
-0.968901353676667
-0.205131523177104
0.953907935821850
1.062079876912302
1.638306614893913
0.641214075211036
-0.728168146750178
-1.182480350997739
-0.127860083550020
-0.429353083205548
-1.125705454723065
-1.183858005523765
-0.410011282918973
0.595792440763038
-1.499309594719522
-1.023238486210359
-0.907052364749733
1.121754643718484
-0.032850169631190
0.594587904264050
-0.300866924523427
-0.505502949016525
1.134444419039030
-0.019734054845173
1.260532048754740
2.521120648473789
1.312635083992706
0.884022748422408
1.484988380773064
0.883905090096263
-0.006742922944774
-0.681338379170403
0.864373864782267
-1.172597554852095
-1.546403164805465
0.154203745396969
-0.153111929727070
-1.009781184053056
-0.301398232103042
-0.141626485385182
0.471847442599919
0.764934161272692
0.076086113680595
1.470994912912690
1.344647048453653
2.011631284439276
0.374101105792894
0.692857759375063
0.375260575496256
0.417867580372741
-1.127293516916275
-0.616004861265275
-0.323652132060590
-1.785192900866168
-0.094161902512859
0.040912215167974
-0.176127807414913
-0.957491760046649
-1.406025277882248
-0.558677640419023
-0.148943877945586
0.119277478415811
-0.098008886653874
-0.284613898786112
0.775247650914205
-0.529939128278966
-0.520110933522972
1.597429325313360
-2.843125477984923
1.007476305465450
-1.712632409008583
-0.964768776078331
0.673616654794177
-2.001821343180957
-0.835653980917999
-2.483476261684963
-0.926657222253013
-0.084599194807690
-0.352065037018230
-0.538025016470373
-0.797356712210404
1.937980494935942
0.833580563294923
0.484288577347667
0.831675970892355
-0.928999219110426
-0.803643051838078
-1.545289647593200
-0.556136861169470
-2.605515569234750
-0.285259461451217
-0.799623643300711
0.232821993405132
0.853431781212864
-0.974558776859734
0.803588089402753
0.571966536133202
3.068451181576385
0.779023724019002
1.551120314567719
0.452916509480647
-0.619213671806231
-0.077928376810004
0.859526712992082
0.003615320513253
-1.807848406119654
-1.686523339823010
-1.960341820920429
-1.404908825157468
-0.611594205461167
1.381184106330672
-0.046845982242133
0.857775812691425
1.950962162895159
1.384653731053675
1.113153945557507
0.936075980077557
1.227880210044001
-0.059519007138920
-1.153699123956189
-0.084890354400149
-3.016005107779955
-0.302326057391477
-1.679722351908655
-1.124121571177879
-0.903553511440024
0.224979685779321
-0.042647911614817
0.448610755440961
-0.570019737368070
2.474662750327453
0.092832331758260
1.192571487547261
1.142761295873219
0.566040773195854
0.672176053943242
0.132150290585403
-0.523177162434424
-1.075256251482440
-2.102750092905217
-0.486237215151728
-1.478384863425072
-1.090269455334120
-0.256828716864727
-1.014750107566743
0.264187501634303
1.754549236547310
0.991867839998172
2.215760188129956
1.143485117983978
0.668691714109351
-0.059650291687198
1.319929030193683
0.415059623560887
-0.940006462974175
-0.714233266864417
-0.754254038595491
1.058100824211656
-2.153628449761948
-0.873170412667578
0.181410416071920
-0.112388790684569
0.168046484756879
-0.273380300975745
0.399709981708928
0.278151136372465
0.932638347807454
2.072859077608378
0.038305505220001
-0.776772677282050
0.719003312318390
0.504444817181688
0.347602911512688
1.018791393399384
0.343005783693418
0.503412889358636
-0.754480225382130
0.242500926915136
-0.065099633403446
-0.495245237479169
-1.291760876253506
-0.149541612004273
0.611498820137323
2.310544513077369
1.281427330794410
0.034419514895827
-2.871541815883834
0.922365584805006
0.605174141203003
-0.452191645405327
0.108082982140313
-2.185681020110108
-0.763259682773392
-1.144055754256390
-2.207374373250659
0.062900286233772
-1.512947322912412
0.389190578844730
-0.572393592843570
0.145435626761774
1.627864913995944
0.551477070104070
-0.014720179102607
0.685048759707082
0.669307300606111
-0.544510492489966
-0.768291260545230
-0.071208210136338
-0.945786951883185
-0.680072481969462
-1.160092296601962
-0.145061967738301
-1.826886871359130
-3.015601453017788
0.452915642525201
1.160682448340899
2.640566263395331
-0.643464375329334
0.179915224069460
0.620968973810257
1.597836463907086
1.220709149181598
1.796818184756730
1.195100174262308
-0.883495442567378
-0.757165727142314
0.263456269853845
-1.874323332712356
0.161532793175606
-0.666922615525404
0.423763630573951
0.136721091851157
-0.010456366386656
-0.254931196394155
-0.016627753380337
0.901093170156739
1.420912181797833
1.602671378468386
1.935835644981535
0.945172765196579
1.390368038379656
-0.595480624058209
1.447695919887069
0.494822812602053
-1.956605443834262
0.291147281770137
-0.414081006513693
0.695116845778685
0.452274806867046
-0.745019891691353
0.321062426664690
-1.056901893068202
-0.085685541630951
0.858849759120713
0.480950393653385
1.782106350200994
1.123880530268513
1.973699550504187
0.838557490402969
0.476546340824926
-0.355800475850826
1.079844679787205
-0.383902002161876
-0.666549029496117
-0.821220728315368
-0.471451606721590
-1.800566374865485
0.812248919918323
-1.860675632262993
0.561972884979841
-0.476758623663586
-1.029419317417698
1.354856200742500
-0.108550474182757
1.373455411725418
-0.801680998441020
1.090769606445091
0.761414165255104
0.383732693302017
0.441701955203828
-0.597727722924846
-0.578332289298695
-1.099317345013083
-0.632753849574423
-0.593585012583024
-0.105273263466996
-0.939028805263355
-1.183414956565693
0.592313033205431
-0.141714026176098
0.125227575511329
1.115807134847874
0.690529471307703
2.122149910387577
-0.687681633546183
-0.112403237554517
-0.287146835503544
-1.623778939633708
-1.117299008535557
0.974084724885515
-0.262408101863982
0.165160832346205
-0.253099761008254
-1.286480002477688
-0.430805774806709
0.853236210506304
0.224509394440240
-0.836277150483701
0.339679329556563
-0.023863497311676
-0.477410538900512
0.679577360435014
0.789256212960185
-0.470354505147100
0.004907809493930
0.338082447755166
1.670321678868078
-1.776981789396414
0.073347039662934
-0.886972559169509
-0.217348523896417
-0.501676394075946
2.147470313091322
0.114787262417591
0.666368549798964
0.096783725460240
0.443507136497102
-0.468006018671187
-0.595541419543523
-0.260390084920585
-1.226769682656518
0.352195779245727
1.354127436430745
1.255966433856802
1.270494241197682
1.175659383722639
4.792452013114151
3.080320356720765
3.885156210144165
4.281348061377853
1.391429585064128
-0.935239789898118
-2.528579974641154
-2.579022404333807
-5.307583644647977
-6.225218255630048
-3.015643930280796
-3.817045845652670
-2.887334133423348
-1.558631692757082
1.780571078603014
3.165241899072921
5.341507012308757
8.252460887221957
6.250602437176993
4.956592868050337
3.781388720728887
2.303011874982135
-0.743229743149865
-1.939751391140416
-4.136328134406125
-6.277434644676195
-7.621365272342566
-6.931056034572050
-4.000666235943110
-3.575896614887534
-0.391416700325924
3.100398359204915
5.359251949086892
5.652946876811446
5.371334083947460
6.031344311893375
4.560581672808444
2.304539822658530
2.063067850819027
0.561652092047618
-0.738156375370046
-4.453526842395672
-4.880342843937414
-4.869197571460408
-5.266123688017530
-4.173254544647711
-2.943279527971127
-2.327328832656179
-3.519283957698421
0.230434166162706
0.620541825266340
0.539229647141207
2.474570184040066
2.186212214755494
3.683354672792926
4.139020873564449
3.558561178591887
1.807003736703303
1.558096301749373
0.640022936893754
-1.074744443381207
-3.613685918539056
-4.222312769773218
-6.857755987885016
-6.080751010792386
-6.518470825165640
-4.530479661521894
-4.507070685501019
-1.424028892595973
0.647292629316677
2.775030655144791
3.860482891038125
5.142394846562809
7.361241189022932
6.436320260256191
5.733682321271876
4.633599965946768
1.415302630245905
-1.212662414030695
-3.589147270857965
-5.248052184431616
-6.571233601734074
-6.653148343037810
-5.837877426844477
-4.090405624241976
-2.155105961281503
1.036537052103602
3.751177956979383
4.576455881177528
5.587549684394160
7.891995807205050
7.979569911900009
6.585132704341030
2.397585640764828
1.486827112911650
-0.888235721999081
-1.846099683007151
-3.960834686498362
-4.679901200101297
-4.949413797411564
-5.825399991389382
-4.006752976423234
-1.224047492281063
0.219785678668644
0.557295977466384
4.122749175250678
2.538728051734306
2.371998471418512
3.597126007094636
3.156424635302289
2.834904997601314
0.298207095061437
0.776685287231924
-1.192694914625817
-2.833690409607240
-2.284550761410538
-1.366685105438909
-2.982167017650881
-1.879981516876531
-2.124749865565419
-0.700374939252990
-0.805169645326295
-0.938748172618131
-1.533351493555838
-0.674925105102068
-0.346518053974193
-0.238736399387479
-0.453623375031554
-0.963026866129850
0.888193027217170
-0.526875890755398
0.571081673146280
-0.647624072640846
-0.074176526823748
1.642552310108136
-0.997503947388566
-0.196016920568022
-1.077211670318709
-1.820635683384501
-2.664634123932666
-1.295353089970154
-2.718659113507841
-0.005435108391922
-0.428174365315495
0.571618447214598
2.676528656531310
1.917441900268167
2.191931536084791
1.463045470200568
2.189712439003328
0.422620050199831
-0.107767805789139
-1.464188626663350
-0.219498553512506
-2.262957393157187
-2.035907900609608
-0.047666672606377
0.437828273401942
-0.311148789380793
-2.571355845980055
0.483302778807534
0.804794465240632
1.581365998745428
1.841289435424169
2.298713454819621
3.811034087295594
2.204142104472609
2.121505007576711
2.208626569418697
0.547021831957068
-0.241765307909375
0.247013874215254
-2.707366644862655
-0.272836010047592
0.269193179655533
-0.358528035368125
-1.494274827868759
-0.820183057945439
0.813357984979249
0.743348421517337
1.254612438472266
1.531055930435207
2.161073198714209
-0.254318462696584
0.920703874132849
0.332635373703673
1.796338043761667
0.859697507002250
0.494667220146596
0.375912692225483
-0.363610070813690
-0.797321576609283
0.144725429880431
-1.144376883340776
-2.482984802825203
-1.453420103351449
-3.131155422314127
-1.023971222747053
-1.803304941658221
-1.531407004304602
-1.936087773786989
-1.151725719545794
0.947641033133026
1.286489014996051
3.378282702988835
1.354098699192362
0.943472267220236
0.964282956658508
1.196039728359238
-0.676183222731484
-0.652118601047351
-3.529586989617151
-2.815171110219551
-1.684213923210858
-2.908033572652002
-1.710110862934835
-0.528013148994301
0.518624484646646
1.361469210233306
0.426090601693339
1.976603666249609
1.326165482306425
1.831025055836963
3.172888160227900
0.370154309267483
-0.411507274943211
-1.675980573262727
-1.237249045762794
-0.894098929835744
-1.760801942458206
-1.189325368377593
-1.717490308473184
-1.780473446042843
0.492104863201589
-0.319807051935050
1.452538084468054
2.100460916149169
1.810939890947888
2.138505983621871
