1.523132513448379
0.815689554008417
0.275955590480502
2.209254263504054
0.105182545450930
-0.450136831347910
1.180129324064257
-0.583990393404814
0.372229989390186
-0.495455569125217
-0.366165319991887
-0.284731274798465
0.404837344123313
-1.905954220365377
0.326893698202458
2.814537097733693
-0.049185592461420
0.820895055938691
2.286484678491420
0.074229049678149
1.037973191137750
3.121166690604691
-0.242709950750203
-0.332088876202908
-0.132814579252048
0.582936849122609
-0.121151152538393
1.724577153426897
0.530265825588817
1.403144928148556
1.744871816301765
1.509478042267635
0.792672339518754
-1.759220617674155
-1.040103631099826
0.272931317509180
-1.303236248433034
0.236637263572032
-0.649271539638214
0.774491437100672
1.674218060764000
-0.435872174358685
0.050794308026362
-0.550527239201673
-0.022512459245545
-2.529639562479479
-0.664057261217262
-1.891356729206633
-2.571214575119265
-2.978665365529814
0.297453398388034
-0.220524294948592
0.180099528919858
0.993665438863591
0.481531923603360
-0.301190912000238
-0.528220805020720
0.104474412459521
2.176084598663047
0.401402626037754
-0.962662397196976
-0.081591278487870
-1.206857038192117
-1.014281703862953
1.876044619015413
0.415318988785770
1.539793000081648
-0.411938304051657
-0.024404354701356
2.337469326192826
0.846511894077545
-0.354357272588724
-0.469729130488374
-0.925571483639660
-1.355147442852982
0.124818879753162
0.203579926634258
0.977391439855215
-0.263008524066421
0.891097860499317
1.343261295941614
-1.070862647418903
-0.105572453446085
-0.978334910593941
-0.833238212358204
-1.860331516207846
-1.431704204752807
-0.784179412666882
-2.028340735405009
-1.342430113926644
-0.521347071781692
-1.249095083733951
-2.232686336816776
-0.500083965573083
-1.357563174191646
-4.097566534903082
-2.491071046324543
-0.658731876419636
-2.001105683062205
-0.991614031651413
0.133095982080366
-1.731612716890593
0.221693391208278
-0.406147247414675
0.869486100875791
-0.895492935829471
-1.472095897819358
0.735906244520299
-1.971470762105723
0.686454231787627
0.230174918339743
-0.745727654171836
0.551854286687151
1.502658567287692
1.372281429938383
1.441384403621091
-0.857857029121868
0.200944606380231
0.436479078094859
-0.906614020082838
1.586170635554923
2.114720257015594
3.226997736098298
1.912519896625106
2.431450012004708
3.364601848755079
1.333125161826809
1.195280157058564
0.376919567559563
-0.613668179509988
-2.113022073364120
-1.619334194592753
-0.130844983197096
2.778411630248123
1.219168203304661
0.516750059824744
1.583225563304643
2.332527367161356
1.502909083941156
-0.021129162146076
-1.435184451229029
-1.037581690012757
-2.625992121246080
-1.755111598486838
-1.636824157696837
1.890847745089127
0.505586869499263
1.831886986118406
1.362378651133796
2.782949910521586
0.213705663548007
-0.880331003822521
-2.102193286979189
-1.474528586849571
-1.252382074213509
-0.206944567962971
-0.279204697689783
1.426248155082912
0.932354889978598
1.607964705758009
0.176339862888242
0.132755388810385
-0.283756776515294
-1.675660311557153
-2.216334501844091
-0.792383088954247
-1.557487956339783
-0.983354580995984
1.224277734483367
0.578195761034317
1.921710461871759
3.500420597748631
0.063416652278400
0.713670273076136
-1.019266473937666
-1.676412659081943
-2.263598741581289
-3.105147237501824
-1.717759543081509
-0.800561217508010
-0.322097518546990
0.735006306877157
0.951606736492520
1.943909090363769
-0.456554901963744
0.011496257951839
-2.372704432689010
-2.520779790977334
-3.664208404481781
-2.721982496022531
-0.767445604587291
1.016509415666460
0.556217905030238
-0.130760351023486
0.790162291665894
1.569053960700360
1.472614085556576
-0.831970787774580
-2.554149083046529
-1.087285381764620
-2.739211086699546
-1.366371866060091
0.288883126566217
1.765500977523691
0.996556394212312
1.014270084555777
2.717544322060147
1.883019859601748
0.626438599099925
-0.867446524881985
-2.442348251266580
-1.536035671359128
-1.749678611123320
0.628081201137324
1.661651468732204
1.629319509639753
0.561023397961407
1.350753376811061
-0.068186043968057
-0.486195671740290
-1.787060977873094
-1.144219130990681
-1.910457950749826
-0.986834335272902
1.591867168589665
1.059511606257598
1.577803091515298
2.717246398249443
3.449865287584373
1.113631810132444
1.605346240755359
0.736987848307030
-1.793985515600537
-1.726296133212883
-0.926339134957057
-2.062142445586778
-2.252257487632909
-1.641211829185907
-0.365239243995028
1.857222927040389
1.274863945668543
0.610851488315785
0.922624812771960
-0.030386998424573
-2.165351938568826
-1.925815992843039
-0.260878086148703
-1.107683951839987
-1.704934852906964
-1.146744974340555
1.002714969649999
1.106739807408190
-0.550482432679402
-0.306136103867969
-1.378946772120265
-0.013761107595895
-1.419749824367174
-1.774438757313472
-0.681154363586496
-0.231120663112031
0.866941074716906
1.003531475446267
2.220292413969443
2.920541728788482
0.075792975299320
0.386455817916603
-0.194293788686532
-0.945720020057693
0.093935813596965
-0.315241315541232
1.006243382603967
2.894368351359835
0.843134807742570
0.108811600422080
1.953819054154050
1.769597898233748
1.774214371975270
-0.259718881368956
-1.461645120964225
-0.236492674914464
-1.803033581045435
0.030236533979141
-1.189748607553418
0.876070543947459
-0.503478733071926
1.978625207805733
0.891071486949883
-0.099313724601212
-1.186291291613082
-2.636573986075149
-2.890027865766603
-0.418396760968338
0.390089314017979
-0.072696889715059
0.606793727067657
-0.207292357110897
1.371668594862748
1.619987893114913
3.100338266194208
1.999387198511809
-0.491143217069280
-1.792176582521639
0.378924345731837
-1.707027211431027
-0.140802808599875
0.986054486762872
0.539983892572319
-0.971632515455158
1.167989098254788
0.362882182181835
-1.243414696429541
1.138369748892148
-1.397936883848589
-1.186079064945931
-1.324876994003376
-0.505605424035976
0.517236261603644
1.748763313283125
-0.309653350760479
0.853264833929120
0.282903811145721
2.560975505296316
0.397769672038575
-1.996141917028160
-0.875897429526976
-3.236761957619948
-0.635802080701064
-0.538691829921255
2.007483852232530
-0.257453738727168
0.673188255494189
0.997886080755834
0.671205273445312
1.647643937683263
0.687372765704075
0.036518592662173
-0.638014809232308
-1.607172866220208
-1.384809405945029
-1.218881644020869
-0.544835892289850
-0.623586702460336
-0.208857061666651
0.216866015727722
2.095417165428869
0.437712965425707
-1.841341996940373
-2.231980427832018
-1.494688803332997
-1.431138391497853
-1.021180230642363
-0.696196174414611
-1.041119290413568
0.008754788634788
1.397027769487986
1.942798063491405
1.955628517972227
1.245188563539904
-1.264233855672804
-0.706067793771327
-0.680129983522022
-1.249544066916635
0.693773258763827
0.539974926197174
0.515834384577685
-0.009782741618272
0.343012950039387
0.056006146827351
0.989260014749100
-0.468112543446896
-1.460213852109619
-1.198150118602314
-0.356112163000347
0.882754956800921
0.194926613797794
-0.038303862041575
1.730147224203660
2.714570220610327
2.655021073805286
1.077072448977007
-1.072134830786262
-1.492106575973262
-0.840822355575227
-0.530686119215039
-0.443498507597474
-1.007682227314037
0.374280679052435
1.283902594826698
0.526887149479665
2.685139958959440
0.383288954074799
-1.121761195702415
0.505459957200144
0.505874216948735
-0.838093279144747
0.575486440914911
1.430558938356172
-1.329544484249802
1.408967405791336
0.096342985406772
1.272046676878986
-0.308913201605254
0.381680439127062
-0.695142915156054
-0.384747594036181
-2.502420579243103
0.102725621534363
-0.226487932259043
0.370637994548616
0.100430226429907
1.757001609690678
0.023650996522875
1.174925253538853
-0.415677865516934
-0.804667025398473
-1.858403361087650
-0.351829596348368
-1.623952568653784
-0.234258566571254
0.965630958751221
-0.150903546354064
0.115247061596634
1.298526330467824
0.956641272273363
0.142545035824154
-1.283421678363311
-0.933782073767618
-1.555960620021834
-2.674455669215746
-0.891193088856547
-0.090561606836938
-0.983981140733152
0.216361409142106
0.392972696747266
0.264822891138272
-0.463219208331929
0.103638366468766
-1.657875792744160
-0.734097117061730
-0.447803156396724
1.006617713155954
0.324890996312415
0.772479798059774
-1.460379382551912
0.891558702125555
0.648390406207144
0.148659134983400
0.665243657647638
0.278203589079180
0.427426092349594
-0.005896342118295
0.732456227727695
-2.089156637243576
0.134740591824697
-1.146224403730092
0.488553214114425
-0.076622452441739
-0.582323243115658
2.676051652573366
1.676801562847564
0.558191438918608
0.126657866158994
-0.874671357667481
0.300883424023109
0.090598833543767
1.055205268284662
-0.120488180789273
2.005233154887349
1.032691899499508
-0.088010199691743
1.077500694275070
2.363750751354427
2.067054661144854
-0.726197942047576
0.880064192602867
1.830562969487433
-0.005184088811901
-0.306333073997934
0.507623398777031
-1.426198682816749
-0.443990519779494
0.265435418754917
-1.249696802889888
1.419163024526600
-1.858928722445192
-0.192641124161680
0.589587585170099
0.334302190294752
0.381896845104881
0.197106675309080
-1.926995135791860
-0.276564016625552
-1.158529961479537
0.641500053787616
-0.333070056796411
1.305139781035914
1.329014665962518
-0.246501288480202
1.623469170049085
-0.081170682079659
-1.006380563066912
-1.328300761325723
-2.378502725590367
-1.456981911438770
-1.382098884204880
-0.880171968930610
0.155239940602517
-0.209151042493195
-0.460028678491216
0.069634051953602
1.219201926457402
-0.999976021056906
-3.227246342725671
-3.487682451285099
-2.540577489748507
-2.294281994541891
-0.398042556034864
-1.723920401396398
-0.947582444699119
-0.125282407210786
-0.013811917542309
0.046521923608068
-0.468514838376069
-1.404276231927895
-2.129732685448227
-1.038128300075289
-1.782591334515207
-0.089634407915455
0.420487667011057
1.327455058994031
1.411133247178642
0.887645035280174
0.109310882457835
-1.299637167662615
-0.026190771123270
-0.440926386336882
-1.766559948632871
0.249391647569404
-2.212729591637411
-0.403604189619612
1.362654014356199
0.976217753540609
1.938533974543128
1.918094218783275
-0.252545592037659
0.098830131794069
-1.588695104011128
-0.330684611011075
-1.690434896006612
-0.720660343792404
-0.199334556847691
2.555563965430801
1.802220326408717
3.150711322205050
2.228709200677098
0.034219399344984
0.084914969081315
-1.285203637822240
-2.295188769063908
-0.729995981506511
-1.199513038500033
-0.144454449724447
0.321778476677776
2.724494689761153
2.560310812744246
3.559462962851876
3.756256132322679
1.642254575510074
-0.168653793218667
-0.724092696471423
0.525404309842495
-1.537519637613468
-0.836943538397964
0.642015406424891
0.405509708344388
1.204324801062104
-0.244366497682932
0.552018015371471
0.164955013986175
0.344036718599468
-0.008835410637569
-1.956537022978784
-0.901018607374257
-1.937356932424515
-1.201063088692794
-2.077183632018726
-1.127573038383228
-0.449727052386229
-0.752941744140595
0.652183796491567
0.438644454766842
-1.685952836830391
-1.953846553875959
-1.937520853480339
-1.441999951121618
-0.385744861831774
-0.162562573045314
1.249533017843866
0.680690121159711
-0.110724175973946
1.590577031780170
-0.207893385649851
-1.796864930346441
-3.412049452539121
-2.453896800226024
-2.351213700698068
0.380899620645618
-1.191807551788519
-0.241910759855999
2.598281446825003
2.388367365571901
0.653754656570991
-0.036216322723082
-1.260340640018688
-1.040449870227274
-2.676195001972267
-1.700538197143306
-1.559909871634221
1.695381847463089
1.187239377366566
0.275575864216013
1.953505969967002
1.870128865783686
2.289114996765613
-1.449346957125085
-0.659784045088430
-1.212152742276308
-1.686336226634092
0.135483580291846
-0.034019820643653
0.501048953687570
0.175888602857932
-0.168509581135841
2.480234550402278
2.983578783138437
0.730855587094633
0.647801242160875
-3.217962660324201
-1.458042833117964
-0.532310931559367
-0.035477306994638
1.069176972029583
-0.508360233233039
0.483064920579592
0.339152715865668
0.802600115584236
1.709523674583720
-0.248579802572438
-0.698043618166097
-2.236970708425577
-0.489664569981544
0.083315750314506
-1.946654004101988
2.063398094124475
1.630904707754067
-0.147758613516769
2.118109915192737
2.083816778766593
1.469902452857117
0.120373785985798
-0.496913988556565
-1.272277980364287
-0.926330090662105
-0.466331839850024
1.481009402901723
0.311699553931077
1.372935908848338
-0.235393559729994
-0.412918649712482
1.785827388058117
1.931576153471035
0.339560069347759
-1.629195314422122
-0.785283148488018
1.941468340128882
0.392567391048556
-1.544687231497813
-0.302994101190806
-1.663477907261020
0.925027578696380
2.476862026784053
0.903750443347629
-1.270247567223992
-0.870157101385219
-1.854888854423268
-2.447520113710324
-0.357024769424516
-1.760785712390716
-1.295609550451203
0.151475466661049
0.751068430060659
0.425989531004904
-0.019669149075777
-0.306451607360954
-1.247161396609729
-0.285061327114824
0.357011092532595
-0.992241742974060
0.003412527093934
1.418021561242172
-0.258732028843833
-0.212320258210076
1.788480326988296
2.069257574347342
0.359711795691109
-0.117173560753756
-0.768070689956834
0.828450859771100
0.209659075161047
-1.569713459958817
-0.834483924481678
-0.075092319047285
0.759749318348039
1.989465158489947
1.887412611821301
0.916774361408979
0.953459411728708
-0.364674984733673
-1.068385919387050
-1.575382419397717
-1.074623960740647
0.657999102248529
0.431516100852630
-0.451542103365670
1.412109451894906
0.902793481386739
1.192702555567362
2.543410395095561
-0.222517689715746
-0.519172667734063
-0.289175326713139
1.433726547582431
2.331550167853750
0.566307132329438
0.092702578139396
0.186214837712561
1.481787898218442
0.526276251029212
2.226389975264663
1.256813622992802
0.381083909834765
0.293060885447891
-1.655648829960529
0.107599934127276
1.823428987124996
-0.613240331999586
0.658635596862758
-0.154852200727298
-1.026703544785436
1.443555936163477
1.701524809204080
-1.038440872894512
1.345014851165876
-0.823425967068761
-0.596967592713335
-0.127973140464125
1.123749065800088
-2.129424042744059
-0.162346815243421
-0.269685146074369
0.268219726228169
-0.186708569892019
-0.541727380363014
-2.284402736535379
-1.001720181795732
-1.516572054669490
-1.852397254895495
-1.102727495192718
-1.279774498781024
-0.170219855848462
0.647290676416757
-0.021955465476543
0.937452408751757
-0.941767186174065
-1.982051803812282
-2.125870419506799
-1.389356269520323
-0.771334877121957
-1.816406959340152
-1.269822631806728
-1.835276870707006
-1.204338658798370
0.413183299919641
1.218093061123431
-1.178754982320714
-0.775746411981121
-1.974676701052360
-2.117340197372987
-1.072649301568677
-2.145013011745724
-1.548340516539868
-1.209379902615859
-1.362427993913815
0.312181641143696
0.291045917456369
1.249930762746428
0.469494532766638
-0.070054923021348
-1.347034119414206
-1.945122739437404
-1.569961758003168
-0.108696744773662
-0.246155974595214
0.636010842296199
0.061540085733364
0.479415420453684
0.466301305390991
1.518870857431508
0.362445412668514
0.225553280150594
0.911968510411222
-0.008212928852576
1.486041805544041
-0.946047393860541
-0.233705140702206
0.970743977700629
-0.295948600834103
0.832460743181216
-1.626437913076308
-0.016320891517787
-0.463549355518464
-0.179033815787489
1.971691464973856
2.531377803800250
-0.828354631569566
3.647784167132863
0.945526476575070
-0.265737525555570
3.052298633325562
2.713506700512599
1.022815522631769
1.052685816201719
-0.845796821110122
-0.580839139890341
-0.005380834190551
0.739794464494465
0.955373317004151
0.351579882736751
0.221474159893584
1.921637528352869
0.377677872693565
0.687303165028114
1.186481000658238
1.257385800302334
0.358344474960696
0.552779307149255
2.062330804297837
0.100475178462967
-0.424769138702352
-0.218156384767444
1.899610067677187
1.410194934567066
0.036815937699474
0.209536799439968
-0.136476968331996
-1.130786020836454
-0.423499115524444
0.763292143858621
0.965616548706615
-0.006238880066447
-0.033054808987962
0.444083925230196
0.420039381145804
-0.987477025816340
-0.316543287412632
-2.073043157264051
0.385734243621835
0.030183682337791
0.844617514036672
-0.910501779058231
-0.954057005908956
0.920882015691561
-1.750181901513405
-1.538169878854261
-1.974249858720211
0.232994528787423
-0.194159555422559
-0.487301420379262
0.523925803734563
1.792368097159465
-0.194112050807275
-1.184673403301089
-1.047118366966179
-1.686942200762825
-0.879468082632296
-1.178027863905108
-0.701880152268188
-0.578913256462077
-1.176971282153915
-0.548144716537157
-0.539440893402386
-0.896433337909569
0.410998528955180
-1.542776874912743
0.120801435799426
-2.233833609302808
0.439854719019610
0.036051557033972
-1.800840872242915
-0.745397955129734
1.852727156139345
1.904133145158145
1.102042703974675
-2.812374589919462
-0.334078807596418
-1.925462450487819
-1.833405050029814
-3.250246745571225
-2.359435098855517
-0.603652301694240
-1.010768118282082
-0.180398788873169
-0.302880706073432
1.020989236979940
-0.453016599962657
0.385748269011157
0.732814974535085
-1.105371695720141
-0.783265821513031
-0.650379831718781
-0.925644651042578
0.135113185540136
0.532551585933795
0.634097928274567
1.687901355008424
1.712322348661274
-0.123077446501494
0.137134184369250
-0.426428461699068
-1.465138633404050
-0.869049006524712
0.768175097387538
0.376344680244289
1.073946400129531
2.456148105110432
2.143376968736563
3.425887005188858
3.987415573583163
1.132944420341158
1.100134676049697
-2.193930996319582
-2.486105541572934
-2.634032197913965
-1.075101986564643
-0.755520985781470
2.185145566820345
2.688994991806370
0.865275264712354
3.949359890490679
3.818202419533540
0.382027471495909
0.133061009885705
-0.487912563817989
-0.428312297898601
-0.524176823503743
1.101498499413525
0.904069666051935
0.833666310915244
3.241140051352971
2.255720953238261
1.995704571609242
0.960678483546221
-1.457119333513772
-1.635211299436497
-1.648432801778333
0.186557408282252
0.976968099940737
2.066692291268740
1.614555446255633
1.806588887825502
0.640589402311385
2.688758577588334
1.202368324877478
-1.680216892444945
-3.286531893820910
-4.450882015270275
-1.639689162597660
-0.093488550195283
-0.140079752768562
-0.520816766202668
0.522830669819686
0.114987886120631
-0.879415909373137
1.416766406401071
-0.448468860067385
-1.825640784954637
-2.861157740683578
-3.904446814008797
-1.787793528549584
-1.644998594138108
0.949650393452219
-1.016628567417799
-0.915309412216115
0.848398237921416
0.329796694019075
-1.872107064022543
0.046488586498741
-0.736846517491241
-2.108016468462077
0.371099112232821
-0.585421882100148
1.869443459453804
2.792837244355977
3.247222413566702
2.940152734667747
1.825210671614458
1.124225823058497
0.538027444939969
-3.083756137485711
-2.103675797401220
-0.131784282056576
-1.458606528856625
1.177081506512019
0.796055922329362
2.005338410058157
1.799893908031165
2.304583257963130
1.198061989561946
1.132776555785976
-1.297678442215652
-0.691397874365700
-2.131263438265815
-0.882241814869854
-1.866846524134521
1.326364673215114
1.238697368177548
1.311515042157661
1.691757721186592
1.554554555375688
-0.100649057267179
1.179017097253964
-1.080704249362367
0.030373054986068
-0.441710620310228
1.142342978622811
-1.517338737283505
0.700245130819511
0.386163805284448
-0.462370875735030
0.949500050269530
1.151346588579738
-0.422725222858596
-1.438702355008891
-1.090346278348501
-1.783990460371206
-1.274657740533126
-0.908951762775031
-0.575697136589009
-1.998346019181535
0.939909129688369
3.050898593304420
1.703868796864345
2.292637502033736
1.245563899069010
-1.459264794708397
-2.277000555747624
-0.865800167807564
-1.673345300575976
-3.145692427360631
-0.927830326684042
0.008141592280874
1.775348409531373
1.904036562760135
2.152977886574138
0.844601185470667
1.243956632733716
1.152404494855819
-0.574956193106032
-0.795599728081114
-0.090015518739009
-0.961213892544128
-0.588460212813062
1.348370942778983
1.710248008864241
0.562149339519552
-1.134069966861512
-1.078691288889354
-0.264513275227618
-2.803292816090831
-0.422683112704991
-0.606275962521676
-1.648823834228356
-1.177609057351450
0.261302539036896
0.332178822508874
1.050503364357775
1.649654542290314
1.708185413822708
-0.782123143144886
-0.690439217935309
0.163795946130552
-0.472583467957345
-0.849001044295971
-1.465101594632360
0.078677388345909
1.933062024364073
3.780021038813883
1.732565706611129
1.105069847456968
-0.673490681408006
-1.558058531250146
-0.155041812714684
0.052760681943331
-0.538126768338845
-0.343559940736938
0.201502777215438
2.045176837134418
1.282784531465412
2.029231701222305
1.901861837311113
0.204759178393377
-1.966883436286344
-0.374489689872506
-1.178039102293221
-1.505905079321110
-1.223443030951267
-1.747813824677879
-2.317286119624142
0.135138768887130
1.965302964972008
2.153359261639932
0.758417435025720
1.010746634459915
-1.102495560081843
0.345221007868617
-0.864599114059829
-1.824404923236691
0.734927492285196
-1.659818583251932
-1.017307980781129
-0.453040401010123
0.059696107793269
-0.129679646507075
0.177660439079605
-1.807975894629903
-3.214055273726101
-2.310984252693484
-1.012241902149033
-2.022175477709490
-0.709051341041250
-0.935420102171708
-1.048394344251034
1.353549640232948
1.290144796566216
-1.023992172590326
-1.776906219070178
-4.305291231017085
-1.517579909292050
-1.829897434333886
-0.901296195600737
-0.273169919215945
-0.085382044329859
0.608991985052978
0.447584717481934
1.774537307815474
-0.016556703136950
-1.081341119606283
-0.911788100952410
-1.216515583946469
-1.117171105908007
0.103829668271570
-0.710095620082516
-1.716610819832974
0.326611350527750
2.603199422041379
2.120539708613023
1.321961955494494
-0.318169141360974
-0.722919391902892
-1.342469351010579
-0.885466887045694
2.080624664612178
1.371400019362951
0.334035154817268
0.586956509505151
1.846112430719973
1.107225782361734
1.414055522205591
0.974705131542808
-0.149314552427199
-0.473121567492626
-0.967403545596478
1.012163958952226
0.911301464750236
0.353913340249397
0.339603965694878
1.609074366696513
1.362175567605255
2.564301800663661
0.737254633329792
0.080885590835361
0.675224707146879
-1.788901912548189
0.909023406948410
-0.231081339917884
1.337413709817464
-1.070454456421790
1.355086604735262
0.039720105445195
1.112098401379519
0.583247592752493
-0.163581771044128
1.385655976155264
-1.040731444435580
-1.606099692419294
-0.432595386766883
0.529886617171930
2.194821774505425
-1.507858055853248
0.356972526222998
-0.243666740802365
0.105800689970402
-1.849594657766595
-2.327865105568450
-0.527620703145213
-0.019774535742967
-0.087014140251411
0.236427694382862
-0.181482738493768
-1.335196094500504
0.657551575922176
1.193129282690584
0.234819174401979
1.731498191661428
-0.558911601508175
-0.438399364365355
-1.808404461293904
-0.978240133744423
-0.083859156577570
0.453399134238359
0.029483671966532
2.479109153812410
1.983548746838603
2.394973903984762
0.884467417087827
0.126535983896478
-0.893378383250482
0.744263478784519
-0.195925076663350
-0.203515671847923
1.410718036003756
1.439319804566852
-0.121856366014405
0.025513648412872
1.042985891463452
0.657148189219484
0.812724366482184
1.478430210793693
-0.607041719880218
1.281578830557671
1.173353478182812
-0.389939908384890
-0.131810976417547
0.660177230804236
-0.417214750547616
-0.977922724472713
-1.048856175740063
-1.514127844944799
0.017581338517424
-0.578488912650661
0.377235048303734
0.803831214249741
0.091604131924915
-0.457440921345231
-1.132651580600183
-0.043340650814913
-0.456136844319757
0.156256245054255
0.757265922851673
0.206531116854195
0.267327698393022
-0.195390793169617
-0.004311740038323
1.332432676607614
3.013965185856533
-0.625250111973807
0.167358708338392
-0.301485015574479
-0.291353301607552
-1.791963378551857
0.386298698331205
0.569171031549518
0.941540017140763
0.364058214916733
0.888566192602767
0.093121012032062
0.822095411412465
0.229834187670503
1.539200205130488
2.068138147650812
1.869362146944175
2.498878544411438
0.673928224183586
0.480963547679714
-1.008460926689261
1.166289447666054
3.221650998672683
-1.318185274846647
-0.652430205985574
-0.559037449843815
-2.402629278058942
-0.240392594659356
-0.058971800860476
-0.396484522263124
0.683104608603404
0.556087109076022
1.382601931986629
0.410144897022032
0.269341291890032
-0.388719605418301
0.690975455664764
-1.644455028434619
-1.006053452597517
-1.236131045766858
-2.143562412752575
-0.086115476446295
-1.133832829638305
-0.476497970302518
0.248067423141216
2.010100921258902
1.732919629452943
0.532788598890969
-1.047375494013606
-2.471329532462992
-2.340935487148708
0.016325556748152
0.245118588445929
0.798980212817326
1.278158487450272
2.360297880528426
1.319017409238535
0.892180739844676
-0.681589033303852
-2.685554632552961
-2.083862695586197
-1.444281156479808
-1.842115047030525
-0.173798526493481
-0.438316536058945
1.065359671616712
0.476483179423745
1.838610968515016
0.542501869513028
1.054665270327996
-0.445877623247561
-0.845120111760459
-1.858803589539335
-0.410704396056724
-1.667944932389876
-0.419093415779915
-0.445797679294964
0.305944982055187
0.050558799346975
2.701350392047403
0.851989110602840
-1.756395647572254
-0.494171095746593
-1.756526900011021
-2.039670551128363
-3.241676284265037
0.824288165243290
-0.616357689431390
1.603642063584592
2.049056690731900
1.770437431357476
1.565422175425162
0.002546171907592
-3.381794519609599
-0.120940178985746
-2.161872667297538
-0.365682632425852
1.387253525093897
2.135258660768934
-0.004371463456281
1.620475745727818
0.056125138889888
0.009935981671647
0.737824959401378
-1.843072354637713
-0.327266721370503
-3.762218087571988
-1.098072126005110
-1.383552381275328
-1.017051957669059
1.479786319082963
-0.852033474602389
0.747726216523846
0.604486131440819
0.248574795173754
-1.996151535540956
-1.597084774259939
-1.747819759528989
-4.107568262222173
-2.331393796786351
-1.376516370655268
-0.993380675190012
0.231239682471744
0.059832918356583
0.924220598553527
1.202470431507816
1.359139992378627
-1.154575028015249
-2.883298594492009
-2.689235527156752
-3.242023210703435
-1.063676634187173
-0.199734363149402
0.509151463339825
-0.284650263250494
0.927117057873936
1.264308212042860
1.298261401462704
0.550772698024600
-1.324338204385365
-1.557825634151148
-2.894455337840279
-1.178130338272171
-0.690439606893996
-0.404753477416496
-2.393666380281782
-1.159791639144582
-0.534748550634818
-0.781635840294134
0.086391742951357
-0.497278982510803
-1.380209436700687
-2.522045830633712
-0.085234312834219
0.951674970211711
1.708928997946937
0.097532055363892
-0.029219882437497
0.897668327111511
1.061119289007826
0.003930907660068
1.019649644978122
-0.639265814444241
0.170290993104975
-1.960704700976906
0.075945375191760
0.782064836285447
-0.195208969573777
0.567129708879051
0.404758214378461
2.335583441794529
1.870725230603737
-1.416871730567025
0.191819684327909
-1.009031625840841
-0.911539808171202
0.294513267445526
-0.229100167128794
1.093107082961080
-1.029967439873929
1.335082596184897
1.230749761775071
0.601526792049183
1.831275579721994
1.179636833211003
0.185859188385606
-0.718724614033756
1.227605473753835
-0.678864032964388
0.074756270203018
1.659588296271643
0.295555220260827
2.534003129807726
-0.138540076208089
0.027079828422187
0.651231001548071
-0.720041511462891
0.388850253835216
0.761993152794926
-1.332947192700721
-0.845153041892571
0.573026106764110
2.064172436064759
0.654006387892662
2.158263698984839
-0.440794496607451
1.323496135861075
0.260873089873816
-2.952487562986647
-1.172813015939030
-0.448644909407692
-0.191380118269016
-0.059612243166716
1.085886144907149
0.589383994890036
0.318405142150787
1.423060250292435
0.803953668773090
1.601728161308076
-0.554579070557611
-1.330003925899545
-0.802160083089614
-0.669670138127289
0.673037579013682
2.195755742379467
2.378181224941598
1.756167324835753
1.493700900536086
1.773488317540338
1.876267307263181
1.380376154765751
-0.244529734415358
-1.548764352034640
-0.140398103377905
-0.377801704104237
0.691954181040758
-0.130032118457902
2.843701581424750
0.408524575855266
1.014810030268948
1.400559533221194
1.129212142382498
-0.639601361107730
-0.717973650520956
0.944993226817256
-0.887280857506888
-0.989984186436957
0.090667636424259
-1.060248973585411
-0.494321335901532
0.218862498005018
1.098720645950362
0.835729506056011
-0.236551971349348
-2.553635287655474
-0.582396336189187
-2.366954542878803
-2.394907877630793
-0.019436175103306
1.543996625499137
1.500721907604068
0.708665251529199
1.576766177926268
0.354159844397990
0.254173616782704
-0.944594788484122
-1.315832522767758
0.138236174173291
-1.419095969979913
0.035916982371279
-0.978537230902191
-0.973156865443349
0.923889349327999
2.094199755449336
-0.590965843762911
0.710454996628340
-1.475912346862120
1.052271831645112
-1.131206481745226
-0.977971549088144
-0.580942855500357
-0.374721901499862
-0.556096801709926
-0.669626222654236
-0.210044912596217
-0.399355694524083
-0.584100839047592
-0.311375032472894
-0.819797761782028
-1.693539325415265
-1.749626028369760
0.872773638950490
1.510887426363159
0.545538257578813
-1.597713106750194
0.847784089282860
1.816923699399705
0.084902717235661
0.350844855500152
-0.028376288840420
-1.851666647564333
-0.136790363192715
-0.938035880834849
0.308014754827628
-0.390874130910658
-0.453421359865480
-0.224679797083359
0.934488958837979
-1.577324509795711
0.389728862863151
1.231006850814963
-1.416948633655720
-1.096757812541330
-1.503109288876383
0.850644720881459
0.090045660273480
-0.294568684232316
1.069942622034640
2.253469971941755
2.560435968224099
1.818990716105890
0.161379895195226
-0.572037809379246
-2.062696197763373
-2.117954983872644
-0.882226688198995
-1.496771527384530
0.050718225016857
0.986475677939366
-0.641728504246438
0.496455723836673
3.485531235298684
-0.325497475395513
-0.166443370826618
-1.581313774839493
-1.408200350719520
-0.562757789122663
0.740245019979823
-0.622610769325596
-0.923324098143198
0.504739805313276
1.552572137088856
0.619149258374058
1.516950132709856
-0.730480264556897
-1.462744207999836
-0.800123878693286
-1.954600845507080
-0.115627175581999
0.287924180216823
-0.632375365697621
0.624723527100411
1.464191260314302
1.645831336274379
-0.413344990760025
1.366988788489794
-1.046068730700382
-1.597445324658434
-0.930073587735991
-0.695780507923041
0.683146452559839
0.245771818871198
-1.513315774787967
0.187591404270763
0.665966634219799
1.502302292173485
-0.579993199755053
-0.092340806544849
0.058128660084133
-1.299233049084534
1.311987650369207
1.162105448227157
-0.643942454765032
1.056895681222838
-2.704440630185683
0.855802150063498
0.660431880455559
0.595051282338689
-0.457965953228237
-1.270666147131688
-2.237554666163380
-0.732848624263155
-0.257227100819466
1.463819488479884
0.387686858549520
-1.020471316264719
0.132921500604828
-1.469034839221567
-0.607939212873769
-0.986506292866683
-1.195929692137087
-1.884962652762353
-0.267252468853854
0.417943206339980
1.178965676120959
0.331722789962746
0.756216199561391
-0.980950069541811
-1.069713580829511
-0.392869183415279
-0.065369760497937
-1.098414049062464
0.912436047502754
-1.488323981354791
-0.193269278441573
-0.925366190564285
-0.010584435704656
-0.498509748007862
-1.737240333563930
-2.276433019854765
-2.550609644618981
-1.185134052804294
-1.846925886344943
-2.275432311260456
-1.453080665301294
-1.274524990853697
-0.939484714776149
-0.916568305123617
-1.920447862861403
-1.576629388889150
-2.965315320924339
-2.218584179206302
-1.375875866322872
-1.008293719561209
-0.626640963222208
-0.501476662115618
1.015734281696720
1.611358365525359
-0.071948071035083
0.138728293472411
-0.262354858059145
-2.603648283159350
-2.437955038323302
-0.548023576689847
0.360734640213161
0.436626250707556
0.364145318752885
1.766841590890706
1.188730486363583
1.812164763513856
0.913722929648939
1.392377164576212
-1.192874708431750
-0.117332640989211
-3.349170404554382
0.087148923463823
1.347907204021113
0.202225118277221
-0.483581133663573
1.254477171237670
0.556961739336032
0.257211858180193
0.883947339630081
0.144424716901821
0.798151504076356
0.680622715318338
-0.348206627904031
0.251262897672132
2.732208595915087
0.977256774508218
0.763588379777818
2.574700598083270
2.076355035979192
2.344204782523460
-2.056829272612607
-2.554535265377651
-1.339171279642415
-2.165263231259917
-0.558214739905185
0.372820514154371
1.500299654724187
1.275056163685636
2.384114775128615
1.989466357744018
-0.306012126326892
0.200864477982864
-0.327391774913828
-1.004842485117148
-2.119995990519402
-1.641551993879960
-1.262172051669194
-0.014686081547668
0.184332352190729
0.301200589129056
2.307426294648030
0.382904579286207
-0.690003277260828
-0.400676805633885
-2.080302490409502
-2.029977067314537
-3.032154068545995
1.175883190611773
1.420161080113935
1.647675429285503
1.214982878207656
1.786486668224849
0.917870654017325
0.035664451397818
0.436144145294295
-1.343985596609558
-1.741185166789311
-1.208142706710960
-3.053903073198883
-0.889932078146719
1.097920119777875
0.197720228578809
0.758828681493031
1.765683881841342
-0.067347554234210
-0.417204457206685
-1.013875534254853
-2.118384122205399
-1.862151880850685
-1.770534869728589
-1.034165177797308
-0.759757510216859
-0.552719130719701
1.818029406495976
-1.760532094210453
1.884921208263049
0.673016561183044
-0.425411970513539
-2.365895583492105
-2.461491994026978
-1.507918311422339
-0.325979059449010
0.764881104885808
2.867457211185297
1.516958969154736
1.159626950388092
2.135054232725979
3.972388120719278
1.327250564687985
-0.558088220315980
-1.486272788664608
-1.213716557934794
-0.981468418833133
0.310405616568614
-0.623466092709749
1.451019069150526
1.156113703168453
1.367126489003935
0.944303863233290
0.204566428582549
0.676889382091430
-0.874492158630075
-2.033647650274028
-1.860518917307938
-0.238025314785770
-1.671119608494403
0.023118411498899
0.078926625204548
0.230071724768774
1.316592866962346
-0.355821935050026
-0.136541027006490
-2.133842752368486
-1.777650876952583
-0.883309008783900
-0.865504405020167
-0.369016624666231
-0.262390715903685
0.168578529744872
0.837860050691130
1.273861110912827
1.067839332649108
0.638593450911333
-1.422467806796413
-0.865173386835890
-1.217586995162800
-1.798613058278583
-0.903703277125561
0.690177192601708
1.049688814040593
1.258411195923306
1.815814154610512
1.104234562787803
2.145174367872375
1.248921926672305
-0.425399418421522
-1.081066394189238
-0.465170294133829
-0.651094005219726
0.616674788601373
1.159500382437786
-0.539647133503434
1.754642363793313
1.158446977977162
0.279568333501788
0.563334555904285
2.284419628275002
-0.182644488060750
-1.367780882810134
-0.896881438194661
0.818654523746634
1.302172446561595
-0.075120148747252
1.577788902108007
3.152004733876782
1.807514430933364
0.174457817156253
0.678162061556941
-1.226283498145972
1.445955434294908
0.393607667608716
0.751301967447054
-0.365434822296081
1.536875126804846
-0.058732269166824
1.216671561874747
1.427817652278891
-0.502430399907172
-1.949888938483244
0.259210166491695
-0.391157699780898
-1.623851035213734
-1.730967699348939
-0.452707448072539
-1.706136952187601
-0.635668085106310
-1.259149945645964
0.631674343613472
-0.331217915733982
1.744126960167354
0.534574334028324
-1.306921457732040
0.148583544831138
0.082414097455705
0.720868812146281
-0.405528520904573
0.689976756279486
1.021143798326762
1.164317936153778
1.906019620991859
0.711722890667641
1.193630623474665
0.002826989021285
-3.241840073286265
-1.191414932682912
-2.096227464855989
-1.566304553631446
-0.886643108526869
-0.438944882812696
0.418146196089651
0.282712107591919
-0.025640983512985
0.313647522820475
-0.768163359087688
-1.098790177602971
-1.420915034901936
-1.588227419179099
-1.884881414214602
-0.564868505035129
-0.406420034942012
-0.041126652838084
-0.163185300779682
0.960449316688577
0.308425757731657
-0.431546335396743
-0.884392156822087
-0.252067069256975
0.000388495895695
-0.848935566240397
0.239885460529615
-0.565431031649700
1.742122206102471
-0.444120473941900
0.347487117692014
0.951553553719865
-0.375195398019468
-0.413426426370982
-1.264484621739262
-3.514820740602584
0.955324566608059
0.447888665106928
-0.003652477184454
-0.330012768271077
-0.394663204153919
-0.364554498458178
-0.699037654498288
0.471352698882397
-0.495945354629060
-2.455290377573105
-2.277209385704066
1.625662231358580
-1.254386155868946
-1.205684619503573
-1.643071495799793
-0.498702159202280
-0.187546581711259
-0.763583290853695
-0.842634803733993
-1.722731942727548
-0.750031770238427
-2.387342240707790
-1.223971875463316
-1.431566595069695
0.280603029718711
-0.274847782470124
-0.417198214231419
-0.411042142802679
1.396551719330008
0.880412767660333
0.369941614964760
0.335365887471032
-1.226403081496036
-2.260733421979604
-2.319355189305055
-0.096418711188641
-2.450802704008730
-1.213402080616215
-2.075300197651028
-1.955639502722819
-0.819654602917999
1.708469569151790
0.004513148943289
-0.056556114136320
-0.398035718575857
1.646854519419696
1.391784167931353
-0.817413041962167
0.643576927236932
0.759267469880726
0.446519880233259
1.892603574803986
2.113878152949282
2.134285946551465
0.539706397868496
-0.246064096508290
-2.069136115798015
-0.932196565757967
0.516581974457029
0.070057530225925
1.446833874981407
0.952847302741046
0.848988154867337
2.519099394593121
1.299244607493833
0.610374647579615
0.043245188434121
-2.200017547073757
-0.750454320773307
0.801758298888134
-1.040631236627891
-2.297594742949521
-0.247946628953325
-1.353539986829790
-0.195943396015175
-1.458732424299861
-1.057199073041709
-0.643003917008002
-0.544765401205796
-1.685490756659235
-0.661856425430084
0.501644951711090
1.666324364696276
0.572764989344827
-1.545327848542611
0.805687990983361
0.194587334084308
2.522100039242113
0.214119109960744
0.774671720186265
0.800341711829344
0.017391404009611
0.293656362120631
-1.562707978793886
-1.600904496768993
-3.364811552144149
0.532787045741184
-0.245430200300474
0.315011050289372
0.329717212673506
-2.277324357411424
-0.265312522815884
-0.489688940113797
-0.492302844854953
0.137076829380125
-1.586986285415608
0.481283853348662
-0.155377293282815
-1.742243367432106
-1.201522178926826
-0.806747790531154
0.332106458464556
-1.630899964060823
-1.123285159332211
-0.370058763287127
0.408090126032876
-1.046358925765636
0.264845295598268
-0.830836761841052
-0.128900191675584
-0.898459873924022
-0.330176724789921
-0.187849316754881
-0.006264804414336
2.312485339204215
1.850168587704484
-0.425763270862668
-0.429793121608807
-1.543205451124605
-0.798017733696708
-1.203876047496446
-0.762353587056661
0.650414854953843
-0.470526812161024
1.823682262228389
-0.981546623938314
0.453486124635689
-0.531227684967684
1.536465364941880
0.582371877679438
0.076003912113588
-0.880805652659067
-1.075230397217773
1.911942198888032
-0.224422327772588
0.768384259466675
0.149594444490448
0.095296558450747
-0.288570445881731
1.463779629944871
-0.334330531004411
0.354923498035798
-1.760274195809193
-1.756812908707647
-0.433434631932954
1.190919889797007
0.915665715152163
0.592747195892476
-0.567516646214751
1.540453770243156
0.827314696715343
0.488553571200846
-2.680673456228110
-1.397218800143327
-3.779332975991948
-0.977180076190174
-2.274278574554640
-0.088633381930571
-1.000122375686303
1.348265265019963
1.194225860573490
-0.493591994230345
1.453678614282774
-1.843938123661631
-0.609497877440705
-1.475605270106044
-3.193851973691340
-2.219803002953976
-1.769842358661018
0.400506345825772
1.076499594272745
1.738127506441255
2.424760422810535
1.576671494868809
0.331253586713888
-0.663515966658743
-1.091082918046413
0.043412164561796
-2.834180434076739
0.073870490527719
1.296004449006862
0.412850675439696
2.803756189816037
4.052727813725881
4.048577518910697
-0.042709928129509
1.208172424286052
-1.679261908376487
0.297740119932540
-1.116166346777187
-0.877844066353337
-0.195479895711064
0.778172112787289
0.996653228257205
2.543967286769705
3.906638959943673
3.865444921886050
0.111681805575484
1.052319719770183
-0.360803332306414
0.377540314897528
-0.666149464100014
1.557814078405156
0.716881330706916
0.321623813492306
0.178968459149891
3.236282994319271
2.857026746513264
1.866853563558169
0.771298309405214
-0.108205595748425
0.387875100001698
0.215129500425891
1.351822320213673
2.435508968516767
1.427910095992286
1.147753603137818
1.392375335946361
0.153689249508784
3.531556830290536
2.459991979506497
-0.871073926223195
-1.320532756831353
-2.945445104705254
-2.924811054483030
-1.402880444206970
-0.143883033686313
2.256483320929607
0.817804426965360
0.687287497064301
2.015669132537339
-0.102406092446146
-1.305517756990617
-2.500109831023121
-2.298960384597681
-4.201906365095271
-2.153432235398736
-1.429557069123152
-1.107341512322477
0.933673323227094
1.439445464079597
1.356535637089557
0.660345594431821
-0.994378538961629
-2.361128671961631
-3.039172435391669
-2.305272114572266
-0.787345415482053
-1.565196005721829
1.034277401536428
0.404465805684114
2.897572426969762
1.341149142715089
1.418892465617998
0.112829182880172
-1.267193155018640
-2.626140467560432
-2.412586657108328
-0.736665992162374
-1.536471787311411
-0.650691142637079
0.524847197394297
0.557097588104834
0.777076568124032
2.508090765183646
0.396083662908479
-0.010523737397818
-0.335849378376002
-2.729037160637663
-0.923081811317189
-1.419869055853052
-0.329436794856887
0.151571247860703
-0.247759523146692
2.963536234063779
2.626114330643297
2.369295472787046
0.473290348007661
3.404055205063606
0.812121793383533
-0.812740511025677
0.046142835862942
0.742291988801181
1.669325682105193
0.904181250656424
0.725978646639289
-0.131402929722074
2.699097632986796
2.414505687273426
0.961708987952115
-0.670577249223150
-0.570334700431131
0.009245762140032
0.499977381332623
-1.880542090455141
-0.497132671786230
0.154474964342821
1.650860649684756
2.575997334031943
0.564823658285172
1.270710994254564
0.495243217622383
-0.651205203866540
-1.917370295962306
-1.124323481825115
-2.143041806200127
-0.100844576841546
0.985909992480277
-0.266709953940909
1.527088459913244
1.826937096946449
1.418268574852902
0.550805752169377
0.352824280945060
0.034735750798144
0.086937590914045
-2.018579238264198
-1.515794721489200
-1.858297864839792
0.200153145688189
0.920553302447038
1.905044877832966
-0.135949138068865
-0.895112485272635
-1.117375051011993
-2.284721736106938
-1.411999611874122
-1.013614264933492
-0.975304001879694
0.711455374668844
-1.422364228526563
-0.053617871668358
-0.056886935431589
0.299276936755833
0.395472781311448
1.005120852906649
-0.138972876397325
-1.609004140077321
-0.607645872940734
0.092484740351251
-0.264962081004694
0.544677746698813
1.908425459038633
1.316259862630801
0.071252976672320
0.653436206753123
0.652218580389439
1.014421396876780
-0.820222366210885
0.129665076112161
0.970386582826562
-1.080216876827147
1.960433057496768
1.428798220451319
0.971764390334778
1.511402199233841
0.526087105461185
-0.011899653733877
0.401974259566870
-1.300075579777363
-1.702479364284228
-0.402209756260871
0.703317248377352
1.670944913474589
-1.001327087744502
0.281404365978446
0.561477551510667
1.177564303251649
-0.397082505637882
-0.022833773983492
0.432171275048619
-1.143505507889592
-0.186608121149943
1.153827347083034
-0.996236080366257
-0.505260559013619
1.484729534942586
1.949852961540204
0.934494273583246
2.335281930491850
1.225268448695175
-1.327052927622004
-0.836371809871999
0.600092658498311
-0.814172647490704
0.727314071906403
-0.774442648183578
-1.398250105346057
-0.604611236747930
1.483164985001831
1.490515179226823
0.428581625188556
-0.181364121339980
-1.258745239307251
-1.233085462853407
0.009698062233340
-0.811248890674750
-2.647659655648440
-0.835410433173785
-0.573138519721539
-0.143874207494755
1.159733742062389
-0.211072437355471
-0.822306504933437
-0.416211990807998
-1.345492424242686
0.842569180426914
-1.031115812770166
0.096526701093625
-1.134380029757922
-1.437340360464537
0.108394746773189
1.187135623415334
0.283927051869585
0.322284178077691
-1.734886446565369
-2.738948081105832
-2.467175653545413
-2.190592494925915
-0.487033976321296
-0.518375569847178
0.947833552010147
0.518254328472438
0.829332110649344
1.779413407492572
3.223393393625705
-0.039440528830598
-2.164842704429468
-1.189926403254555
-1.321688673621639
-1.111451959319382
-1.121103170887618
-2.289521768821113
-1.235823386326316
0.817552788417248
2.884573366017831
-0.759213181376782
0.662547014943733
-0.262644942372139
0.937254368348624
-1.346033981976450
-0.491451952472440
-0.102637851236256
0.516334089304422
0.516650996928923
1.221444880657684
2.047766830327561
1.008248615471327
0.013038787855215
-0.359023026899631
0.879767465899809
-1.655647897531484
-0.514389810245859
-0.441660952726021
0.036181068456191
-0.382266458974909
0.869589226371740
-0.067500659091454
0.919247884855391
1.596477677673368
1.234858026724150
0.507740342303457
-0.414022556383985
-0.202852166323885
1.232730527639210
0.956937842173154
-0.245333285696884
0.724546642216686
-0.335374006624820
1.103826145688946
1.471307822667638
-0.256053861563816
0.179934864570351
-1.573634661147172
1.048795808534485
-0.939580942106989
0.986631641297073
1.955319705345951
1.735681423245923
2.162562263522391
3.909671738996364
1.962264446124792
3.388232378991087
0.135604026369394
1.210722686630210
0.647093357584559
-0.386563185511978
0.739711858025116
0.802372167142969
1.036278593750347
1.536731101016369
1.345535855093384
1.552451256127919
2.792199782368474
2.324936460147453
0.623735709331159
1.299014585748218
0.642212977803572
0.427351697123981
0.942652843696037
0.842574714493351
1.242385004562937
0.376986189967328
-0.227426463017452
-1.061156546993322
-0.186137107367723
-0.224273394123960
-0.217084271207083
0.221598412668880
-0.368675270827112
-1.235692613065277
-0.095326768002988
0.236691500046501
-0.514538218945890
-0.157195380929770
0.147515969422829
-0.430337620038899
-0.193981842687309
-0.271007710711489
0.847865540337761
-0.515958903867501
0.148337282851414
0.977249987722439
-1.547005517757162
-1.065585870828692
-0.560709741872770
1.785031029112147
0.391414550414465
-0.455382786204370
0.110460731360272
0.755374385672533
1.156559099312481
-0.789455665830594
-0.604303760509439
0.167605514346753
-2.395904008298438
-0.511724538098104
-1.842566423981568
-1.472125658575181
-0.111408573366090
-0.547471858290824
0.915529659393789
1.553142988950341
2.374433502275874
2.996403423445045
3.176943707306481
-0.856577785938919
-0.308465805927247
-1.156416558965284
-0.335721421318704
1.294601796701636
0.790725240969094
1.235722939298797
1.649638426649215
-0.009770473843795
0.970850481830906
1.487813289079109
0.311848940794192
-0.759805612222772
-1.850072410581993
-1.910209000981816
-0.390375476609037
-0.681497005929143
1.078395553021641
-0.245445788065597
-1.011669919801306
3.310692622704694
0.790351393240783
-0.241195950360603
0.526511772334754
-1.445775404125914
-2.496109853595888
-0.058666736702128
-0.513775364746396
1.280967407075427
3.077766690749929
2.745209393649556
2.191809482968432
2.670135707300136
3.278027046135702
1.658263202236646
0.412706655282280
0.921848280338610
0.634526838434955
0.601135533393256
-0.705730800581278
2.526353897103808
4.084252932033923
0.881706184010649
1.619366139134525
2.719826741101928
1.741034318989733
-1.014570648986022
-0.358078040995833
-0.883898641519712
-1.656366793328510
-0.145252338203515
1.266335279076179
1.473050480997834
0.938275513536205
2.036381689304869
2.346606547136703
0.581093926017075
-1.789915038235742
-1.201929861854729
-1.979348964853852
-1.995801701085599
-2.449884309665574
-0.971296611915074
-2.049348541217045
0.005995865453065
-0.488919985373968
-0.030804828774737
3.204809233369180
-1.460742661663453
0.569821229889493
-0.630458385501172
-1.436681155972886
-1.668000582567260
-0.651591999100283
-0.798704861655497
-0.335098960097287
-0.899573854495750
0.845059247897920
0.219386543770813
-0.193237674011111
-1.683748165139954
-2.099903969051638
-1.726789433627381
-2.103240553255099
-1.004845889135909
-1.107716666430493
-0.496575153287188
1.768205229545698
-0.474996352461791
0.807562703151117
0.244382299904074
-0.038899100767132
-3.377767791023185
-3.548194574218026
-3.662547951333046
-2.820965544861290
1.310176330372315
0.071099975619049
1.226284343821372
2.297057531295505
1.280487028919732
1.974300918479848
0.853177799558781
-1.067029122463600
-0.709196218360672
-1.364263769971245
-1.092473465850909
-0.720449671067669
-0.023910206061419
1.900490663704926
-0.549643955512266
0.555304831269858
1.438718051304394
0.387223601864775
-0.149531794814976
-1.233589819328210
-1.923176308818738
-0.987379506751566
-2.183901375477750
-0.614420611917416
-0.125491671144548
1.626100956929952
1.895959074779644
1.173813328469289
2.120667972839898
1.482497866895171
-0.359283134060176
-1.357991901223194
-0.758743608501494
-0.790573872704851
-0.268685045655032
-0.649308569376906
-0.722772925082576
0.742118797527080
0.703109460454110
2.321964198834034
0.648571200745148
0.655944783818476
-3.337962107060595
-4.681405363716186
-2.276475838119821
-1.688061105300643
-1.887323174872719
-0.901144133880065
0.912493861073987
-0.270529747273395
1.237958163493106
-0.512003949073255
-0.650797969489873
-1.877235699015895
-1.331888286695094
-2.735913368802836
-0.239762069516078
-0.365360976673542
-3.057299701016692
-0.043968267167861
-1.676272601923055
0.041916151186744
1.136796669067275
-0.262559934302125
-0.904177059654900
-1.224246361930471
-1.725259002462905
0.269432361137842
1.190210179924410
-0.040788276840084
0.067195574717455
1.266666051224103
0.845347304273188
0.980634609040964
-0.324043578495007
0.582021547253039
-2.128945674044858
-0.824158042259343
-0.131165075151879
0.308188463222553
0.816562903067951
-0.521842481310018
1.220430070777893
2.361644494785360
2.733770349975041
3.839353466460663
1.417084385103096
0.371667491872291
-1.167687240928897
-1.487223113608550
-1.587655565826848
-1.031886917226814
0.362094224073751
-0.031535567224309
1.182803353826514
1.760561041410968
2.377591434893328
1.785433869594280
1.475421636946229
0.394287849529517
-0.554362128469193
0.656872039320429
-0.102253342786703
-0.317552988588143
0.895748918084549
-0.698154217213280
1.476396519535391
1.130907545642446
-0.234453556757416
-1.649911065270714
-0.880469354722113
-2.460236482007711
-2.423749603865831
0.476974903921648
-0.171273296965102
-0.756411697972948
0.610084089508889
0.527930374584895
0.886610229478435
0.816462182748102
-0.511415841110215
-1.627573391577813
-0.302053013215881
-2.076487774859947
-0.017900048299985
0.871317023163757
-0.249946339894367
-0.625359995310609
-0.652854930758808
0.901526795704034
0.274306657185551
0.549008614669121
2.030296894077687
-0.672774590944944
0.168688023128638
-1.061324399884831
-1.526828481432514
-1.255537540402671
-2.073031050187081
-1.086146474629195
-3.842101557678570
0.993639352599929
-0.520556531203058
-0.848017681841357
0.906275350870359
-0.205390251336618
-0.360499544150678
0.466121372854843
-0.051470552215697
-1.032840592087260
-0.334750120066472
0.466869198512682
0.505763412347690
1.096519417513771
2.173528494659428
0.480264264771398
-0.258555480091287
0.274359938027553
-0.375500488669732
2.554134945862298
1.354688340823421
1.046937842301205
0.005971788766382
0.356853346442235
0.682086526379354
0.842035330313572
1.384843942864555
-0.880406102177808
-2.872735326882593
-0.868615561815701
-0.199748673575142
0.830102480615506
1.394066130417497
2.257902113657106
0.940606178110772
1.358565067073430
2.013180233066976
2.345160679855634
0.934442293220821
-0.101137542409032
-0.691845017093662
-0.082512149660709
-0.257688894180092
-0.773188757623077
0.967798328543458
1.318961091384234
0.583336046326474
0.307777288848128
1.350737730553149
0.348580621695095
2.524916211709340
-0.668187030955050
-0.598825606823439
-0.915049500434336
-1.156250408697614
-0.832377930972078
1.089021570227117
-0.168460080653460
1.502676846293675
1.534603325032922
1.056526896334996
0.584894201586742
-0.244197224064294
-0.153349996722052
0.659638370251701
0.292168584880098
0.354224482795733
-0.588029542406245
0.720076465222510
1.551448363337402
1.598143631356130
0.700888331570269
-3.339270140719650
-1.020553632711791
0.294128432049727
0.094710439624514
0.465461703078126
-2.821880971309312
-0.384629227853068
-0.209944301968377
-0.406094237296628
0.155629210911350
-0.302418702017972
0.566513579865178
-1.439994602054431
-1.085137035464518
1.662066695219491
-0.237942134213791
1.038025665183207
-0.995923048641146
-1.273662610407493
0.344185903488959
-0.334863065660283
1.530303130822751
0.667960433661803
0.916750725012099
-0.527745105263133
1.220021832374622
0.298673258836667
0.262043533837693
0.827571969045548
1.042388280402302
0.318779453881676
-1.885727138055070
0.042539245223159
0.417911903403491
0.542683412704575
0.084516846817549
-1.929415894432749
0.510475379154814
1.178320195292346
0.135369156449344
2.017759636186370
0.163558931055441
-0.662255539657817
0.390941385904868
0.624534637629471
-0.712110705810894
-2.379291283954062
-3.143343304447133
-1.693458956377082
-0.007026171248609
-0.001389847988108
0.594331387219966
-2.078639408574950
-1.655101985712654
-1.646472288947295
-1.129433033739913
-1.222373954520009
-2.115609888899064
-0.211184597980654
-0.338868880872759
0.737284579737882
0.795558066226209
1.661656891523484
-0.033377238527292
0.461260185563966
-1.562088156201554
1.538771526785099
1.337761325801671
1.435158580081887
0.419030722277874
0.919998071503943
1.178504167228661
2.647887712390486
-0.017739771501489
0.332859598687111
-0.877521955843065
-0.407354725384259
-0.208674889324197
0.213513191284666
0.267823473415795
-0.330291577787707
2.929166234541735
2.345034584216258
0.477937610582314
0.696217726095417
2.294704157941907
1.576046307099567
0.825940575003216
1.769412520003214
-0.317681159178549
0.529560756327695
-2.689492719451624
-0.812679522891574
1.672857341270705
0.233356829556978
0.192257441460225
0.959951485039784
-0.513475295313765
-1.230163169932582
-0.949299698823001
-2.930797523982540
-0.839306508221908
0.066766684177693
-0.584795412798969
-0.473606847658233
-0.149338216719012
-0.700458213153586
1.048010719717124
-1.327501613323596
-1.410596268638244
-2.225403972112343
-2.280474423614980
-2.120894353516830
-1.434066519794052
0.552980457668406
-0.411871737645841
1.440930689671087
0.913622134967335
-0.442839875945939
-1.188740982295659
-3.102095179019075
-2.073364949700821
-2.099117286662822
-0.961324664589735
-0.608081014774853
-0.484017997956731
0.766473473718050
0.710010365636635
1.693206095666109
0.330744639606146
1.932367735457553
2.277416206412431
-3.233092393339281
-1.815635968941452
-1.807501221456962
-2.194678143570209
0.615388981394555
1.749748420010229
-0.066000895964973
0.903554384233872
-0.036999472820665
1.620939978399521
1.945357401043968
0.374697432460155
-1.633718869146645
-1.600920024807714
-1.032609733693610
-0.713692489912461
1.295950993983989
0.570191422503622
2.118994518365791
4.096063100483574
1.488428310682259
1.899091792457477
1.967631565531741
1.927950748686739
1.112829828206654
1.354694669340879
0.455398140974291
-0.219251344658297
1.147824616034686
1.870573346201083
2.150874581228376
3.607177567821050
1.848104182526440
0.540378005392906
-0.455348401855052
-0.223483809785197
0.392839430002881
-1.519436546778091
-0.655692660575409
-0.320073044576360
0.083962449415761
0.933691456584958
2.063817030467199
0.504772655384347
0.755219756962379
-1.498227012338311
-3.029631831495616
-2.801512167561963
-3.174877870994959
-0.564093607750427
-1.166238388256383
0.365612391421518
1.327534667598893
1.928025491792571
0.768543074054943
1.117118622843965
-0.883587358731830
-1.446763530739245
-3.433730041035712
-2.321132288973970
-3.863238766671346
-2.648452525031198
0.346131319135888
-1.618426432289111
1.159293842812729
0.771311518706521
1.168653358367358
0.261155820367691
-1.012929997828463
-1.320439124907240
-3.607766185307281
-3.819397040717608
0.113653693095496
0.896650474647509
-1.695215614934915
0.083103948317147
0.656993159070239
0.779726342072523
0.253568420814087
-0.711777404152862
-0.320092013706665
-2.278077906088609
-2.376878321896315
0.035078525734745
1.401885642787947
1.576123348847719
0.889929033938890
1.788145877661240
2.116674642427326
1.793194856837401
0.806838046209804
0.195404373599339
1.099584420329864
-0.002531932095796
-0.147053787323545
1.667532084393371
0.639823216693326
2.214433686893120
1.428235398251530
1.125400621721335
1.828947840100404
2.981661384750267
2.095646637394437
1.174319202900893
-1.033281393167058
-0.576788213525278
-0.162016303197166
1.228467504080477
0.401395489683595
1.018307631040543
0.720057207323960
0.642727061316802
0.508245001057739
0.906769093226703
0.728896910920718
0.288146560610238
-0.008675443345164
-1.561441993173437
-0.021189617630351
-1.969262922869213
-1.275425087117776
-0.540919041940306
0.528316722439990
0.466902618873211
2.342247119215445
-0.231447932499479
-0.892941625712630
-1.380127748802409
-0.513452052104806
-0.888715077429409
-2.204512370320793
-0.886137040702546
-0.641857043919612
0.610406836107372
0.843501716395756
-0.419681351325361
-2.130263208686969
-0.969881669331672
-3.450392390702420
-2.001646613281517
-3.039981589824093
-1.268382820206131
-2.994166045536490
-2.484669724291453
-0.602262647981034
-2.995680196187165
2.574156880681892
0.979938294313738
0.718403563016293
-0.771144457435079
-1.233311574165064
-0.786169674006250
0.089348007365775
-0.788772968075828
-0.101918834016809
-0.122826707761857
1.335941729362643
3.453290834334902
1.588531280744263
-0.849003579670059
0.493235691715166
0.370395022172194
-0.426689746755538
0.437096782858449
0.836052022655107
0.964994705232071
1.666910115692384
0.906102872408159
2.619982362888684
2.831333551563101
2.228282058849931
-0.520217480234829
1.110985327059629
-1.204021287326795
0.907576360421654
-0.362055553959856
-1.598467034669858
-0.248250993039823
2.587101668130384
2.648673385515528
0.327903881903945
0.497136290384602
0.382587775064434
0.694152791034530
-1.181796984727859
-0.404390180577400
-0.545821891466690
0.303548265632853
1.352548624419709
0.410221224935391
1.635076173613697
0.387082948233649
1.559509638777668
0.669170020683438
0.648218177653176
-2.016425254100273
0.038484860289121
0.622373601343422
-1.343363045670838
0.546508278493337
-0.114369909788421
-0.387968010939538
0.916579993854495
0.442423527437140
1.843410455083977
1.639143942130605
-0.298466164167508
-0.540589124232834
-2.778361239823303
-2.312574321033279
-2.470367747926914
0.020051032883273
-2.855075940687208
-0.728052317556122
-2.125656627458600
-0.365202106926085
-1.966973480108428
-2.505833892442671
-1.844386882335094
-2.562181179918321
-1.738667089110952
-3.540391624693399
-3.370721803655240
-1.333353795380369
-0.250664713787569
-0.867434485986338
-0.503845801259356
-0.424187984794777
-1.088194439095711
-0.384804984064918
-0.379270714276572
-1.053368489037068
0.083759124259488
-1.170904090064600
1.148091989757815
1.974171774274678
0.748593996143632
2.378077037592897
1.214489613285804
0.912249901926508
1.516955868336131
-0.590099796896966
-0.983308131171256
-1.634158687074486
0.417434382544907
-0.093609466886028
0.398746542834060
1.953353713695367
2.500331689145949
1.515108909791157
1.999829126060495
-0.118608337263365
-0.730189165500632
0.335375816625864
-0.241305439292782
-1.007374941947210
0.205865260179445
-0.904114782558651
1.255578007716748
0.807665203126080
2.210717771879619
1.102231255118390
0.942659653321109
0.669931238581495
-0.735439270070093
-0.759647666366036
2.644764444596455
-0.214840880526889
-0.032164575035828
2.087552919728298
-0.708283519630955
0.466300164588362
2.115040041999877
-1.943227851704965
0.778712087901594
-1.073162754707694
-2.225677026227568
-0.971129717724863
-0.992785053416788
-1.479188097421916
0.335109879461974
0.158017505696722
2.489999152675015
0.551401322259889
0.935085217827255
-0.094224406553198
-1.287492902072017
-1.360179288813922
0.307306919184304
-0.230946382032535
-0.400507533681391
-0.227132733876112
-1.024026138130890
1.448423179717175
1.790929583857380
2.108375650200819
0.570047562544059
-1.290115563923555
-0.496112917394176
-0.360873288489054
-2.561303066941184
0.243023731369027
0.073267900879232
-0.008004510322606
-0.677272042367800
0.853255700251741
0.863614253782467
-0.327849693119539
-0.677299134109273
-1.576197098344871
-1.480896962979610
-0.441440114871089
0.813307865345193
-1.752979902071583
-1.303940228089196
-0.480798240064716
0.133732358095330
0.272652007790040
-0.018930376134668
-0.464145986947309
-0.090352348280822
-0.008918058561717
0.905093094542474
-0.623397631190109
-0.170151121405763
-0.245685538484862
0.624715193942631
0.175939893321771
1.208380071601400
0.238478427336258
-0.096471652122149
0.594137563065515
0.091171477480539
0.700927903120830
-0.062091384830482
-0.686041743590464
1.641964467731090
1.959985742898638
0.034062784587080
-0.838140738578629
-0.715520042444770
0.630619848046787
0.681475768428983
-0.356795189816562
-0.291302431638382
0.345977630451321
-0.167040264941391
0.158547408155498
-1.835838436776657
-2.180344697432537
-0.543142363456176
0.317824630926330
-0.374007843910970
0.885546757631626
-1.112127766185442
-0.313144374934815
-1.057952687598184
-1.282098612294978
-0.679515568960919
0.050764754652987
-1.602509779631513
-1.760140036315264
-1.028268933566584
-0.006322724516793
1.233808667261026
0.446897778820983
-0.052113580053602
0.792551805624993
0.351043785532474
0.385511563249775
0.459082182993477
-0.873647630236485
-1.263679236259688
-1.225198919928313
1.287152866711448
1.128822003047852
2.690955980336080
1.142192779828121
0.481118780910128
1.495101335673418
1.107423818910241
3.785964327435033
-0.546600231787174
-2.229900145789815
-0.425780233508460
0.713332059339735
-1.425132922723808
2.059390458877124
3.910346843305202
2.422564785993731
4.711637652482930
3.228303301547766
3.610151382797637
-0.120629988742991
-0.178976099106662
-1.546801956838373
0.351774270081255
1.315967899006073
1.917553705749881
1.725406487591502
2.823899299186593
1.109288422114255
1.721841924109833
1.298187251690077
0.286624607264892
-1.417367547621877
-0.539707406865833
-2.549647082764718
-3.263928152854132
-1.115504444650608
-0.713616874414804
0.606289309665470
0.324606233083192
0.066007891526415
1.638488508384555
0.557548410079491
-0.055611277819133
-4.354243339510989
-2.899644261818170
-4.366206161062441
-3.058855822120780
-1.191754632893238
2.347214170635280
1.346114673511908
0.769699090949468
1.255608553056273
-0.240681791726729
-1.160209732741672
-1.480744463000623
-1.780791808435366
-1.190462451061678
-0.424174612079002
0.338677563797917
1.098458966455849
2.225564955975066
0.666763721750824
1.225234207932835
0.265984058607559
-0.270017766256769
-2.730793025268650
-2.079671519754269
-3.349309650425512
-2.449089104672932
-1.496002183858382
-1.564299981365739
-2.520514085556863
0.253466024875627
0.408055393784632
1.173971168685136
-0.104692585012153
-1.044516596004460
-1.629457319543071
-1.936354645008814
-1.673153924544065
-1.280588811661772
-0.558780162067013
-1.312485380636035
0.549844366729467
1.069744353273749
1.338556621275014
0.636619297886519
-0.841560393202031
-1.221590339898167
-0.489504653316490
-1.238214810431743
-1.193622118828357
0.056162460238323
0.635433724442155
1.431146564661215
2.515487419659721
1.769709524314412
2.268864999667642
0.938574955674714
1.164781495732121
-0.975359547394898
-1.132708431845967
-2.909280742488691
-1.263549809910642
-1.711760591950851
0.736230185725409
-0.659204501732519
-0.129273950191639
0.292219596456869
2.522301345658118
-1.487071863035619
-1.635808202323585
-0.858202708362568
-1.302106053375472
-2.458540058489330
-0.576097617734417
-0.092721366622984
0.732119899344878
1.471328900376332
0.893543991275526
0.876645452078913
1.505816747243037
0.199019031099302
-1.636600203410969
-1.646400275498339
-1.703697248828748
-1.452630647439008
2.160174116728194
1.905302824257409
2.397424477527208
1.453027980613437
1.981361562089341
2.393638766576929
-0.416525375697147
-2.261684111422648
-0.659062218508351
-2.529717213461601
-2.957525740084690
-1.076078058577393
-0.840755829488115
0.718319051875102
1.532858694499191
1.782686479790425
1.055757654887867
1.881614443269226
-0.090800593397750
-1.566782991407956
-0.754178277125956
-1.930905412348295
-1.100258392380630
0.196586761036455
0.252664304686111
1.179138950490501
1.083422501232596
1.441119357943151
1.836950524199957
1.127484642084613
-0.614456518618963
-2.303299522494791
-0.608111695005698
-0.871526303090448
0.608506482864447
1.981082941875065
0.816402065886895
2.008672176974727
2.112595770899452
1.897985267723202
1.032247762612333
-0.218065685376344
-1.786715501220122
-0.215140342697517
0.117465072146015
-1.480022569775910
-0.506219194617743
1.264564946423977
1.105872750610458
1.081421392845519
0.786988804346181
1.186583650063987
0.747797352108722
-2.801901773329875
-1.404242153638142
-0.108238025485346
0.457439343800832
0.926109354290007
0.893625341477545
0.455317983013868
0.433787560971143
0.826139518828796
1.591736645824795
0.454969821805126
-1.347327059879215
-2.781661590017679
-0.389913481447407
-0.711590859953032
-1.269665228442993
-0.075484481849647
-0.538643287057454
0.272010552305966
-0.473708075553679
0.550917948679884
1.574615695374026
-0.835762645387480
-1.319131502983191
-0.855301988081766
-0.374404090854519
0.689148146518649
-0.381858634176771
-1.749469356044130
1.528803669047103
-0.523626948220708
0.709470821246817
-1.081667623793961
0.019281511419253
-1.009910910245726
-2.179528856000412
-0.009497566987500
-1.571907097844720
-0.040681119450948
-0.725777257537481
-1.849030595307144
-2.155685335082210
2.128840380360559
-0.275141626746089
-0.295354922388236
-0.001115841102766
-2.235830015705916
-1.831178267028581
-0.495982362556005
-0.958452781351695
1.547842749570059
0.728630490426727
2.020593025053452
1.154710701745432
1.234830639465433
1.159214695900719
0.846430551731538
-0.835290491496507
-2.004083416217827
-1.616096434917874
-1.484983566226823
-0.076208442468481
-0.836410750946346
-0.586045455177581
-0.748715898931124
1.415200220225849
0.839938600542700
0.578684090689667
-1.154003894484725
-0.586571145222314
-1.177281328626344
-0.033137278907601
0.965594074006403
-0.873703954918158
-0.523005409943996
0.133030418798282
0.953665704935704
2.106019240356909
0.951738031953247
-0.248825419295866
-1.518609065123840
-2.097300234749854
0.811015792188767
-1.157450801665722
2.199643994281164
0.287290555383670
0.161725824235860
-0.435470313720434
1.032696146092136
1.675649675675458
-1.267394309692986
-1.170662707583068
-1.534561142137732
-1.122636646077809
-1.031817694662156
-0.038847574590547
2.117980983004204
-0.175390817226594
1.975182718395399
3.179723782991090
1.524025206460007
1.876883291604001
-0.011830752236308
-0.364880022374840
-1.766895866156167
-1.738825462286568
-0.207503040675371
-1.446747618119755
0.214121198503533
-1.316414384472981
0.083835689185743
2.229354572236710
4.298153475821545
0.688452858300042
-1.655603698340674
-0.699186245186393
-2.407714081038022
0.198056310181929
0.339482029514664
-0.460578689378725
2.016751819835436
1.267678733748691
2.924367016271033
2.815266824361138
0.131208235764835
-0.049730767886255
-0.539520909725111
0.510588114115413
-0.616173039171773
-0.757239770838801
0.004687498270861
-1.283467326296121
0.390982377824827
-0.598890112047397
0.712233669196889
0.563596100516865
-0.121030559862018
-0.278502699107446
-1.743383210389607
-1.185558367348615
0.160942137586236
1.523003950340068
1.982794686497289
1.619187824798659
1.048789280609427
0.855137102041542
-1.395020255426477
-0.667322442529373
-1.156017220303121
-1.392879492761463
-0.463241578337379
-2.271320893008587
0.389115518418342
-0.427608627295366
-0.242991975241375
-0.806120097915290
0.343469800148890
-0.417612282886301
-0.275974671225204
-0.105212855357915
-0.968026437300945
-0.288307892721949
-1.794093898064115
-0.813838773595372
-0.741886233037279
-1.234159205791387
0.244220196084467
-0.143848952340553
0.158086550508991
1.206808346966891
0.673876346728139
0.906951366733206
0.693118987598944
0.218379311924186
0.074477003338172
-0.440280567832815
0.396663344725418
1.554199431271079
1.764968491601446
0.990064334581167
0.776747775117911
-1.379993982915219
-0.289946721789504
-0.094768406433988
0.445723866128193
-0.145929901169367
0.661588868541684
-0.857067419498915
-0.589200011912979
-0.312200239368180
0.392105421253677
-0.478127883403001
1.800525372620051
-0.844782901723448
0.485597139577333
-0.227799608898671
2.098184491474460
0.621812080525689
1.404834481609416
0.025016039481740
0.217448329120226
-1.105893422876730
-0.430891352484078
-0.621831073623304
0.172654084656567
0.414305162761682
0.032034931107064
-0.695246517239527
0.127542571681610
-0.738756516339740
0.293086522330108
-1.294095992717695
-2.886822524034375
-2.067553015133797
-1.376445923006491
-1.224605336240474
-0.724112891057563
-1.249852763821647
0.945625636978939
0.131461388705519
0.199508218112349
-1.403428714802356
-2.548972168124176
-3.497635949390387
-1.344141725438561
-2.472398438233972
-0.697552356374437
-0.468135695852654
-0.534870431909291
0.938789095585053
-1.380908698650585
2.102393445738695
0.633661763329263
-0.181798143773322
-1.882211642509115
-1.092432346559487
-3.505899038052106
-1.759529245019757
-1.077153343028074
0.147645332475085
1.092733413933894
1.243290821757454
3.218873834087918
0.735415596363693
0.974618685108424
0.464022564690620
-0.133820850878792
-1.747546656218644
-0.977259056726567
0.519442810506783
-0.558007062272153
-0.289506302743847
1.957522248155619
2.338066783502722
2.023667994707532
0.236446301015414
-0.988881320339325
-1.739394928988566
-1.415922364557459
1.500303167904238
0.856380733632269
1.201558274974995
0.107959432523358
1.155643405166248
2.069438208403526
2.981699877522623
0.606561478693982
0.653384695327633
0.282143766201870
-0.774035718244303
0.361879541209036
-0.661221017490063
0.957062526410693
2.047232128225288
1.928217394369867
4.123751876925372
3.319615733147712
3.970526269103220
1.571282744320420
1.404532433926874
-1.360212540521391
-1.768888675500068
0.365913240398957
-1.392795437592248
0.007817336251476
1.289863269757699
0.390693497993469
1.889868305235610
1.218267579629359
1.838573526228764
0.619311857685133
-1.817793717164465
-2.503694909246736
-1.003856317177139
-1.505188447037987
0.782643502067304
0.176451391921930
0.161394305566264
-0.268075160557765
-0.476591499813725
-0.555911596885573
-1.478495245192038
-2.678227823959787
-3.000067557378025
-2.927478459865363
-2.835068996468169
-0.279887079937593
-1.299676849479658
-0.962044910262232
0.004523991726217
0.998793177682512
1.239644317064304
1.374583006666424
-0.295916896989875
-0.910606390016785
-3.382066584345369
-1.801622180777489
-1.051197041888762
-0.231027313484218
-0.620564773915465
-1.746575080370999
-0.089021190824129
-0.519445297206891
-1.068233126194897
-0.408495220538677
-1.426315812075466
-0.761727001851853
-2.350617744838292
-0.290193440188528
-0.388749231479970
0.351425992610680
2.610018257449469
2.506383881946306
2.495039038239199
2.560750516795724
-0.061959357211719
-0.461873043443572
0.105994836478580
-0.504258460544252
0.342431189636635
-0.735784586059292
1.472414330266082
1.575231205949360
1.723148343434519
1.425779989335636
3.307232180080244
3.134090463726992
0.345828928164812
0.778347984753539
-1.558228654409383
0.027224203723551
1.086525137989124
0.926588680190799
1.991441013443217
0.772182644479807
1.540504294052499
1.654778421105894
1.555273573573764
1.475292727541699
0.136108955718455
0.265542706861331
-0.976637470552162
-0.895256667272395
1.328424112763781
0.084729330384999
0.173895141476083
1.169099712458693
2.178003406640541
3.314350726720693
0.423224038108057
-0.442400555329404
-0.114600946416332
-2.109402291722403
1.076994267323378
-0.231850532499321
0.672311743447766
1.030281183692133
0.363794006491787
0.591196340187883
3.348485484857092
0.790076339437734
0.811016689529936
0.068660442472504
-0.558154242527312
-2.624868123356884
-1.296974167628053
-3.419696383853295
-1.374742006523545
-0.669131655128399
0.492219397582315
0.509064318206046
0.233994811502077
-0.155422576532351
-1.716243034514716
-1.040304381828525
-1.488385234195888
-2.836346635296078
-2.240974457571614
-0.878386959704618
0.594886772410877
-0.627765266677742
-1.325248126326716
-1.298836019917354
-1.012797515086530
0.170705710812146
-0.261098663736064
-1.798028637481372
0.634615920425279
0.092155804750451
-0.325243995231170
1.482617191840256
0.217647073858976
-0.443188878659189
1.390276192748647
3.089497300404282
2.509368361988759
0.960181599081453
0.078488618461090
-1.881735896894665
-0.224266766029582
-0.675931495443490
-0.649694369175444
-1.802053838880356
1.350648983894718
-1.452645571153295
-0.149011249175265
2.044648249257906
0.775514497085086
0.576155055288357
0.442566266155764
-1.749961014687275
0.836650559452545
0.202372536594478
0.100373270552405
-0.973689243853291
1.842824471178742
1.430192083322393
1.265940306166409
1.463488309423500
0.200340281003417
0.851879077676327
-1.022524967623722
2.446524774404950
-0.469190733337667
-0.509086630312084
2.025610298849667
1.307645319928930
1.043227826139944
2.962667141945957
0.916640411796936
-0.629259146350411
-0.006853895833722
-0.937560013567708
-0.051974806534422
-0.034596363750987
-0.190606938591957
-0.278887749473968
0.183873654433098
0.830624166183881
-0.166424362838898
0.453536673075893
-0.355674356630246
-1.846217745662098
-2.331153199094614
-1.575080710884716
-0.747318674387617
-0.838749109417316
-1.382990729068122
-0.655345602965903
-0.614893422006183
0.959124813579082
-0.506866734944048
1.069631179876587
-0.670867901834696
-0.328871653529811
-0.383557750544069
-1.091764214535796
-1.617968682500115
-0.165186576487041
-1.802254108395311
-0.135873980528784
-0.624935873718033
1.885696759953922
0.201521208517429
-0.865521919179733
-0.305441951104685
-0.939473968270413
-0.858768767423876
-0.641424176580452
-0.583176433264028
0.629888817768802
-1.235427103519258
-0.076418981482514
-0.255256640131650
-0.127343993572526
-1.875817301140692
-2.357083798408584
-2.798946337826126
-1.393765485035217
-1.610658786581847
-1.713178993243120
-0.772514480616898
-0.570934432742586
-1.114686919058877
0.789581812229515
2.385831994940154
1.587445366320728
0.526238362803058
0.788720234369933
0.472806463071842
0.496910054168487
0.731849555776081
-1.161365655666746
0.536519697519264
0.012437503271159
1.285388726877716
1.384298293833232
1.104862160200205
0.728631700417990
0.950642428101749
0.350235820883496
2.104817235352292
2.325018709472805
3.189614414642750
1.284828586254003
1.902133968684920
-0.528048679591589
-0.199786728688677
1.550783987088326
0.727468643549127
0.600017306300953
-0.965654519572093
1.319342995684420
-0.245069389228921
1.295759271515704
2.468051554045811
0.959087831683559
2.166981383759611
1.216946895480796
-0.804350657469954
2.571788337276949
0.067665286458351
-0.328496341577771
0.382510787502834
-0.943360419378310
-0.849899372552531
1.666923771134443
0.074412987019908
0.126550086242163
-1.103753665338064
0.589390297214284
0.674485424613758
1.351795457527837
0.352904488711690
0.500198309518088
-1.028693278141674
2.653718882945832
0.367839552314178
0.206005845602905
-0.638686615864814
-0.205702308056884
-1.105420803109045
-1.098935431507081
-2.783812880967230
-1.174204958292511
-0.609776343633541
-1.913334798476339
-1.536418633189040
-1.284247451544182
0.074596837786058
-1.387977202152128
-2.136166505743735
-0.669966366853628
-0.816303184115151
0.252206826218471
0.502172219480787
-1.884932332859356
-0.593705396729447
-0.385653462735872
2.425216086625232
0.412459505793792
-2.086290443239937
0.417218952075289
-0.167119683767920
-3.472166582769781
-3.330936970548358
0.259324197520624
-1.259291429056856
-1.148490999075241
-1.167987016853373
0.450798178706699
0.676698794901344
-1.033609419569276
0.380505671257111
-1.329047798802580
-0.680690261870624
0.034315762443843
0.516756700630573
0.560663005093737
