-1.142395357679637
-0.916147620861505
-0.830612403558921
0.220580521986080
-0.676213287009219
0.442411900692658
0.312997894722454
-0.758839321885667
0.707415463339620
2.528286658842883
0.417576943002958
1.247705698570890
-1.154572893062472
1.430937710546521
-1.904687496620872
1.007609682589701
-0.072935354575300
0.316683104714688
0.583766495901517
-0.822056405463792
0.947199248134606
-0.797775184811796
-0.160636854439659
1.637697915356146
0.326027124018524
-2.031904856166502
-1.200659334260860
-0.647700884490658
0.039565148095394
-0.165920828747983
0.204794676384727
-0.058744073607301
1.125009829545075
0.767142878754815
0.627981308635677
-0.669393059003429
0.325198301417435
-0.840492634486040
0.701991446025717
0.056309574317299
-1.171633054968905
-1.199195108432990
-1.260690235166445
0.586569544536990
-1.110206765039995
-0.418379225978777
-1.667898737134718
-1.974227264340646
-0.892100984342741
1.046268678729345
-0.048419121494403
-1.012516369764072
-0.581682765112191
-2.233043770522980
-0.407481136494642
-1.452453380255267
-1.376313745406623
0.579778873412325
-0.324636117042772
1.850057829436176
-0.271640060372909
2.178928802528362
0.352900040058814
0.884216394309256
-0.593327756194957
-0.921450059131981
-1.600212917806723
-2.649831861005024
1.155432451918888
1.810341538458137
1.054154319287462
1.184954470879612
1.264607071366000
0.702236587020456
0.421712721826345
0.274483097774081
-0.294493470520891
-1.611053301309982
-0.647736135400912
-0.274886544041060
-0.058658573800246
1.054158334480897
1.352492012013218
1.264139009784319
2.149348512031802
0.487111096886219
0.104350051894986
0.592235589014398
-1.076166680841631
0.721533208442073
-0.601108484387296
0.471426800136736
2.140340991657313
2.030707367736648
3.094688188321991
4.355392286696515
0.929533886145462
1.711900525304171
-0.172901458208238
-0.487629533943325
-0.395000388983762
0.117474750594814
1.185625848454793
1.336604386122844
1.394322752714341
0.461657163932030
2.241177414441774
2.509179877809332
0.999868481916409
-0.810849685458504
-1.093086399241749
-1.559159839285938
-3.238430669334664
1.475601634590123
0.939801898297519
2.427528644481150
1.851779646279146
0.971575640399912
2.878532008276973
0.014524840996102
-0.654755445691635
-2.676584374181826
-1.251306515747126
-2.088638540091900
-1.228361284048788
-0.649224736849679
-0.698178518162971
1.474561865779489
2.527865464256053
-0.106091693009728
0.980234346634344
-0.793434762147297
-0.951603533419384
-1.032073512847167
-3.571908637309336
-2.461729719579848
-1.171690756270244
0.167036582972425
-0.444910989105808
0.348085468369848
0.685763171654590
-0.272319815652383
-0.084358092112852
-0.823843653381005
-2.433797888752711
-0.633247370111641
-0.749119617626771
-2.054498795873871
-1.391156024429585
0.857266413352414
0.425898894704189
0.598939127307602
0.371474621285609
0.256444769055264
-0.849155901911128
-2.271936519428711
-1.245428992868279
-1.288187053913567
-0.280108811821257
0.600316359438509
0.730011479425786
1.195619114135503
1.533264890003530
-0.451452696251528
1.906362540447165
-0.113983904068952
-0.592722423541680
0.225142205217986
-1.207535960746940
-1.350853459857674
0.322025679683161
-1.188853895473918
-0.282085826249437
0.576023112371016
-0.329929783722486
0.643984306622188
0.209021415114070
-0.656418777696333
-1.594331721907597
-0.638768787692742
-0.865953894434748
-1.177947152287452
-1.254103468798370
-0.478961200603033
2.763070670194532
2.816067590854612
2.464473225136617
1.213877204130211
1.004848331853805
-1.026245716540449
0.639263128140794
0.033009936278471
0.113828743853804
-0.138836279625651
1.523108087278418
1.557686482697040
0.253401055887184
0.724773246004810
0.829107141772421
0.881491651973451
-0.946986466249790
-1.218102909975358
-1.678659007582701
-1.661642613908575
-0.599012215321421
-2.964601362207229
0.696336387852978
0.638111203025415
-0.955629525425921
0.685501889673339
1.007812310899024
-1.755089465244737
-2.164206279230398
-3.602018484444225
-1.777552379608462
-0.988843345764876
-1.994216312424083
-1.037805780001110
-0.235032527229789
0.482169356086989
1.996984479796643
-0.090918757397570
0.171698391074878
-1.294589185125476
0.349125872766056
-1.511757085726350
1.011939208313317
1.162396651954412
1.358969169800907
0.457471609194154
0.597370972495895
-1.349675986988323
1.132631496863058
1.797086162493073
-0.510862902069837
-0.806521116317893
-1.670833492799165
0.518319740792694
0.334830316509596
0.660392773050495
-0.951860461158623
-0.107181985802042
0.243502229298481
1.451202870621587
1.705095829802841
-0.253856174443331
-1.023860157183326
-0.813795856403125
-0.349039273005425
-0.565043864907929
1.391589807967111
-2.518515696651888
1.543892616327075
0.070224860229191
-1.137486982790636
0.139531853803062
1.249143565913705
-2.159399284597611
0.591444789777011
-1.237359537996244
-0.283930185570244
-0.718163757154102
1.579508409607173
-1.954743765238965
-0.032086842832093
0.373317708145961
1.985267564430433
0.622796507321886
1.331495055891868
-2.261927380937229
0.097233040464970
-0.446599251244597
-0.805154605040206
0.012054294854203
-0.326596073835118
-1.154327149609976
1.045861301176752
0.254741360913134
-0.675412307576474
-0.376206686981928
-0.993055252223833
-1.974555028054918
-0.194060445353008
-0.653792726265468
-0.436276583725701
0.465133627760176
-0.357347750158268
-1.500001785980702
-1.525227740409902
-0.085598869155819
-0.756492692848930
0.186481641961829
-1.226549682271425
-1.114586653074612
0.092722357812163
-0.445504580623290
-0.325467992803311
-0.232379873462221
0.074358602931144
-0.863193943931550
-0.067005792796140
-0.616430462733271
1.038005490943108
1.882977382699999
-0.938340014616066
-1.959575159183868
-1.211376596328219
-0.635968420461956
-1.439600980292249
0.333724006811297
0.151989118190800
2.266089594021111
0.939439163515110
1.954452266170030
1.209699121152081
0.412084948737031
-0.978118898870077
0.208786602823883
-0.512306224774011
-1.980969477037156
-1.192118604300483
-1.488235711766172
-0.267192060737968
0.645547077008002
3.821698051158769
1.183220763645328
1.118605660215476
1.353376042637696
2.528048477839441
0.427912833995172
0.488061413928019
-0.216566868124300
-0.708557622459983
1.354447556111424
0.462910719179319
1.405763709090998
0.011857541161015
2.142424308178470
2.407532822256876
0.637527818296214
1.951854332859287
0.404999994040524
0.789867252261255
0.078438350375794
-0.022971324223204
-1.101273789661972
-0.228854429749952
0.557199673593674
0.854129176681323
-0.968971011615522
-1.125314927702280
1.054089873417367
1.009621447242995
0.476377192563241
1.433656363445823
1.109018037627124
1.158294361560056
1.879462745845381
2.978611460746108
-1.235967121416561
-0.885110296035748
-0.696373458876246
-1.491259361656522
-1.600619579854521
-1.790393978846383
0.250941631826237
0.779824384032975
1.975235077061445
0.577830723330222
0.332013395059045
1.834275245869520
0.830988716379304
-0.863231256999331
0.613831827946740
-0.734898556864003
0.308711556509509
-0.423929562480362
-0.193216963732891
0.300892304251157
0.535874970892513
1.218652936529441
0.737170330965483
0.267766552680487
1.735776120946411
-0.501149540636836
0.507919994155696
-1.870381937189702
0.868503471517066
-0.885859474850321
-1.470848486556811
-2.114338780733222
-0.081030587916216
0.783753762374881
0.565569518193905
0.687599261764523
0.199916792883213
-1.546393501454455
0.661337372701723
-0.901709531524320
0.521306097577687
-0.003751895107221
-0.141997659016373
0.724185883850404
1.161455322151397
0.156944705811103
1.764331213742335
-0.547632392803010
-2.111641988954175
-0.578106025342962
-1.773473405518483
1.991271498545770
1.537088191096433
0.741395005964784
-1.967568795568262
0.075539010681407
0.740953001261906
-0.782561477064955
-1.078039909836004
0.620137221187740
-0.020199014940616
0.250597228505783
-0.098366415019673
0.893315984853753
0.131478996918304
-0.161566517860216
0.371824466567481
-0.864397957827784
0.661641686852809
-0.594406051415373
-0.349940181172594
0.318250489585095
-0.017644458302168
1.816122109889298
1.882130675539778
-0.859051106574676
-0.002494018296424
0.401049073172099
-0.561344215254686
-1.755156670771330
-1.427157251581100
-0.733007797942385
-1.136659915876711
-0.672473635895554
0.800901189356117
-0.172744172739241
1.266976869601026
-0.573273751058781
-1.276060846654112
0.086440114704482
-0.748583322028477
1.633907043505529
1.514698713308855
0.942431383513471
-0.373965114980600
3.021814067367864
2.008946030259901
1.164372016093079
-0.468224930386636
-1.762628440525423
-1.516360929365620
-0.605238319361457
1.130087109195077
0.286743224672155
-1.043126269518139
1.341790158604936
2.178507862772891
1.403000501183352
0.102209820803198
0.288522120528741
-1.040206555902754
-2.047281672048275
-1.541459680942098
-1.503892384761448
-1.170084014477307
0.270391978792568
1.163171988205501
1.294056482509274
0.082991171598124
0.361421649319357
0.978826925445510
-2.502943223830993
-1.608653229621327
-3.888201368133215
-1.744668821797624
0.961995015221339
0.025938584715679
0.029465203927995
-0.303748230910608
0.954351431778561
0.437626813626482
-1.510528603218129
-0.079137699842905
-0.881910219642862
-1.638025696208912
-1.347922244435319
-0.944163950442163
0.069030372996664
-0.287474888560960
-0.347702857329124
0.430667855126542
0.878622090973110
0.049634621981951
-0.325639508170193
-0.027497489510878
-1.668445553472272
-3.029723413149371
-1.783657587298799
0.078355865235874
-1.291156145741818
-0.535957719540857
0.253699009441155
1.484832197757404
2.233479904121650
1.282519674042696
-0.914453424767473
-1.211021809518743
-1.669136248669749
-1.665255875003722
-2.713159470884887
0.718061289430748
-0.410202931344808
1.403111807106892
1.733073409773422
1.870128195770552
0.907750669412201
1.154704116408682
-1.280774421145376
-1.193010312515826
0.090231218485841
-0.875205739548287
-0.221455601821364
0.782840150332086
2.517572426996085
1.565538858220494
0.179521046449643
1.113469751994280
0.739186617778280
-1.297834363486589
-0.332055672980267
-1.652373664796482
-1.480214479121375
-0.758540121001591
1.533759836391321
-0.183415020555482
2.443293920382915
0.988851825372627
0.652016576883812
1.140916303328041
0.317242076642961
-1.299615750706919
-1.031085205732328
-0.822858101558440
-3.120555821224611
0.729132819969413
-0.807762946850760
-0.318415254885989
0.723927130257277
1.479368014142323
1.027585349841531
-0.906434089389442
-2.911863539970257
-1.799451633792233
-3.293330814513497
-2.225203199664956
-0.313795809045989
0.989393435481229
0.340238494869945
0.746407259220508
0.966265858897075
0.006787709363475
-0.341079057300679
-2.066472710348834
-0.501945228256688
-2.297696888844902
-1.826945767921772
-2.552271015411434
-1.776025514663333
1.000601611899126
1.331649724839197
1.986614329183644
2.249853807277816
-0.080877028148022
0.506415129159606
0.133608033087051
-0.851661846956574
-1.247904447620740
-0.627458957190205
1.527936600440091
0.889996291770428
0.728336999356048
1.772595677293234
0.786952352759768
2.013716637844266
1.576753193263163
1.575142136132731
0.504213148051364
-1.361429541298030
0.668901881257911
2.381159063681090
2.174331753387508
1.978514056707221
4.251233660419471
0.184506105790395
2.356502969482217
3.409301789490760
0.820144129305561
-2.326131807098730
-0.851696259717618
-0.172679147059845
0.016676295784013
-0.851975311662687
0.269401162176804
3.095605517837752
-0.548937611249732
1.246178635844815
2.564148025794177
0.484888828823487
0.287358131014059
-1.012682265184254
0.704414659749355
-0.524162517422944
0.391853270665775
-0.803639508509555
-0.457851130740181
-0.042364700793743
1.598973096871231
0.781515991777311
-0.282619418500467
-0.321788776788368
-0.725831750140923
-2.575377768623480
-0.656111869570609
0.271657593216634
-1.377227608867287
-0.819713297112729
-1.083862080102701
0.295379675351618
1.116764226986967
0.799141373192717
-0.888086808785621
-2.619106854757780
-0.790982359822544
-0.108987503981346
-1.436898519113440
-0.803626477926623
-0.528466020410434
-2.262397112944909
-0.676745074059167
1.622228573477775
-0.722034138847417
-2.505100467668181
-0.147071762101249
-3.624122742791835
-2.066333824803080
-1.328475895061222
-1.827280721328933
-0.428759163989889
-0.402430853899991
0.487582769562229
1.353832000187428
2.202873871550788
1.897739116086257
0.902001144288348
-0.114304734511510
-1.034039764784417
-0.766666725822050
-0.298808378015230
2.071325955823738
0.929445542460020
1.010284748272313
0.668383645079453
0.948981268998788
4.027650351523588
0.777977989687990
-0.357203472192087
-0.741065289070547
1.436447626882454
-0.725694207662163
0.277023863383243
1.187164560128345
2.988771552189384
2.238168676816349
1.659895717858371
1.847346052839173
0.237098497230368
-0.105245873760927
0.083546559699049
-0.836587256851889
0.905912757311815
0.028140540113515
0.452646865054772
0.778364662731769
2.111611438935583
1.227475792461848
2.782746281955346
3.547290663666891
0.952789253140161
0.647113508018627
-1.460502009904600
-0.788273300771305
0.506141924948145
-0.138469324071768
-0.650592423324435
-1.214424951421427
-1.351087263147138
0.275563661814470
0.795151544636427
-0.218593862593981
0.504635168186557
-1.550119166740999
-0.800553534884918
-0.215602716199344
-0.527816520199194
-0.095189864417845
-2.381986109781863
-0.328152631896421
-1.175394950393915
0.405405844072823
-1.101687556754061
-0.124893600910002
-4.104215018175569
-1.796617315666242
-1.976321324642722
-0.656623402847813
-1.670309869424148
0.074879726835804
0.879035576080432
0.776577580966227
0.286709972435353
0.379840514805596
-0.315025168469893
0.883591910998646
-0.478588041554410
-1.751578115873676
-1.574966092936204
-0.309511632237722
1.015740350663872
1.040244608798276
-0.282090338222155
1.518067904997919
1.566270499174423
1.104972794136922
1.741987224052547
0.644232262115300
-1.431301903227043
1.188752763162398
-1.314845147123065
-1.788738066267218
0.322432588461340
1.374430643889497
0.278955176282317
1.986371791389059
1.693263970854849
1.756901416198987
1.080736191438207
0.263734090449028
-1.173526263010031
-0.524550593824326
0.425060505011900
-0.762190696607129
0.405631491914190
-0.253276658489759
2.146452815761422
2.536244059911660
1.824686310454694
2.103292158946330
-1.954520820030025
-0.155081717972791
-0.350905745612140
0.228036917264802
-1.427609044134555
-0.110280937267706
0.837339239621730
-0.580690555658834
1.969569612739293
-0.708416533814600
0.880435351289878
-0.130538738615665
-1.905463238939976
-1.687917535470146
-1.199901175056726
-0.868199483050238
-0.698894343232097
-0.346094691353312
-0.204410672489080
1.622984285946020
1.281610547956276
-0.552622491711980
-0.839314273508076
-1.349312889709191
-0.513939975806713
-0.586034822943683
-2.141582281503097
-0.231934506686850
-0.759422908463712
-1.001244165826633
-1.534251589787379
0.730985453595832
1.584316548743000
-0.651455477923648
-1.511304875288923
-1.551832931132535
0.041824048150820
-0.792983801686603
-1.325696921317107
-1.073283744904635
-0.311453009669444
-2.410567931234257
0.452952335724996
-0.182402587240449
1.349393114588387
-1.047201276415812
-0.651943874350635
-0.511428391661439
-1.566201260308134
-2.316434547452567
-0.375344041819701
-2.447113582697147
-1.817926653667889
0.118972255342009
-0.050232256516362
0.602609010790671
1.115976809555088
0.502319156943287
0.263544714773709
0.974863846082132
-0.881076275812778
-1.874058740395712
-0.031829717041146
1.246448761481475
-0.100167511326263
1.002536652818123
3.616351187761767
0.685654535626073
1.922887239406618
1.556384162401576
0.453452112777559
-0.570669560526620
-0.456206569996487
0.793373728859013
1.551177526005755
0.246412461436645
-0.636426434046010
1.172107723356494
0.649401763976556
-0.321565692689840
0.710649265785675
-1.437565361082910
-0.119789727722487
-1.402046403542731
0.070035099227224
-2.726675755506839
-0.305002359936835
-2.786070616773569
-2.635483943873496
1.541053610876987
-0.538239978293076
1.363355146557459
1.312200426763120
1.397008511587011
-0.309267717472574
0.260889471261576
1.111342338398482
-1.232494288737158
-2.372204761433601
-1.732268765725530
-0.037537055386224
-0.853608255494429
2.377293895356724
2.015661656051070
0.905265108715659
-0.537282015605251
0.437824296958263
-0.328473805277008
-1.075089493195841
-2.186334740975923
-0.348361025770099
0.302655837168471
0.433697914901572
1.119412381354699
1.949117013293979
1.787881727243539
0.970514120020198
3.993081033145365
1.176010151956320
1.105674857812059
-0.833723117787670
-0.878270994024415
-1.051311907417705
-0.498923569023983
0.145605306257126
2.618754592433105
1.016489036784943
3.868291751234681
1.538748780726234
3.068720981179546
0.883791166199304
-0.124903698638367
0.668180738956760
-0.151732578805472
1.237652847054384
2.448706822359155
1.862471145842363
2.140519450682722
1.006624704106316
2.916840710863143
1.704429975667022
-1.150768866483254
-0.861336886135259
-1.781141514725290
-1.305603409721599
-0.114400433792580
0.167473886237637
-0.045490825138423
2.312261339450461
2.395695702707661
-0.728938952243930
1.204147948448423
1.412468165959484
0.017416027447782
-2.357679335394391
-1.647078242396238
-3.855646769488267
-1.822784987155465
1.021732205986939
-0.172813270457286
-0.195865261517413
0.600714488117494
-0.395508322509276
1.282265888693580
-0.443928842323712
-1.617955662806411
-2.635676503513193
-1.174901399038637
-0.478715887396742
-0.347615265379124
1.472358693447150
0.524719413527631
1.315968758391232
0.742381649423904
0.762393962311011
0.378221659640620
-0.137771097067691
-3.007764950654276
-3.416304772731218
-2.720668757038029
-1.003863830158049
-0.783657310965719
1.756051724766785
1.714905332486203
2.251085272987522
1.519595685363582
1.318634758785918
0.706267816460532
-2.299402341029321
-2.633926776507652
-1.841600564512569
-2.651381285322451
1.787069284745505
-1.095095657472874
-0.422625880228952
0.848070643343154
1.533717503593472
1.850325488539268
1.649418273680146
0.105537669797786
-1.168079960323525
-0.384308921987231
-0.602030533927488
-0.767921802046752
0.453230866496158
0.764009881307925
1.125584556549159
1.497161752088197
1.738750432364982
0.685260444062533
0.288189513037149
-1.876216497575908
-1.618539244183725
-0.646053474801303
-1.707013576912902
0.569125810353560
0.941229798709376
2.185762654033841
1.493972560790222
2.570582011132282
1.014647351193754
0.438408356615510
-1.236102218649970
-3.091404885989179
-2.331521122156086
0.216344498162833
-1.528100553415111
0.165969789251883
0.255446743279659
1.924174913604411
2.713178973368838
0.449416051361335
2.945374191037905
1.458801927594102
-0.106038718038071
-1.601614764756056
0.326165079955730
-2.465729753271562
-0.603304665957911
0.775210874959763
0.601539351150780
0.928068666020346
2.407885403504137
0.308233455729236
0.693029878891048
-1.815303306790130
-1.326650888939730
-1.882874958295455
0.362285717801917
-0.449763504557644
-1.616159330267042
1.680928272502237
-0.268656298693344
0.649158844457491
0.844909918803264
0.186825802998368
-0.315491826003887
0.445661260617263
-0.396164130400495
-1.349676337035209
0.623000927468979
1.315960270792032
-0.412357225856624
1.380107945499757
3.105710748468201
1.713903488468342
1.145260104140235
2.121882912751781
0.952395359712669
-0.716301224109648
0.228579286614561
0.483869054157743
-1.441436547061197
-0.551001882370319
2.159227095950869
2.360321278114696
1.801849620104207
2.074528833610736
0.423776691635094
-1.634211328249005
-3.753337152918133
-1.153406437235101
-2.843080137360793
-2.925679997697818
-0.334207514251825
1.175880562779985
-1.013157191256557
0.767966000037716
0.077734639328314
0.677036677910624
0.166212444790597
-1.743371054522064
-1.204040526942613
-3.070683675144809
-1.108262613931511
-1.809743490362872
-1.103095449944138
1.736236234249452
0.794260874653041
1.359300967444477
0.932712622596634
1.132171285232565
0.621303557570826
0.005047229780922
-2.003637132004508
0.839322231116440
-1.201448578668607
0.261916026933459
-1.833378719700936
-0.240653135752190
1.243122448812117
0.192110463979021
-1.726092265956470
-0.328992148693396
-1.367702012720298
0.098322582063079
-0.990199742619448
-0.578792426707231
-0.791534181716515
-0.703012578318268
-1.820454706942475
1.092534981676660
0.367757012809826
1.817620091173334
1.241715517180527
0.128081773335686
-1.130618940959699
-1.458307931634514
0.709163562940608
0.044457613872979
-1.203914002031630
-0.999525640227552
1.509136800253419
2.121669535052824
1.839178369734197
0.460476431181522
1.838752217245745
-0.498118314156369
-0.939315004921987
0.222737246249793
-0.259958092148894
-0.822562824483199
1.883078283385698
0.204752329540107
2.020261192823575
1.547699504833819
1.364207660952216
1.303012976918942
1.701953247291290
-0.782930922673662
-1.449375913853489
-1.656795738292157
1.385102534829209
-0.241593919159921
0.745390015994313
-0.501078445104176
-0.596611916124178
1.938607770315856
0.661395514837864
0.655085978009084
0.089962860609695
-0.123504946760255
-0.809249133645417
0.405281501351043
-1.889010035686051
-0.290382292101181
1.000302650315392
0.308454436711554
2.139955962514596
1.199171897137222
-1.241249930574638
0.158518799912096
-1.130902984977444
-0.528905138384301
-1.523868109922482
-0.833867022059454
-2.199524722380781
1.057243205185011
-0.867861193894944
0.434594296960934
0.747763273201643
0.278874279463480
0.947916490444915
-2.782439914106400
-1.072110176706099
-1.364613282900952
-1.731761876625987
-0.806655988477990
-1.373558346567949
-0.294550926234243
0.853313951472854
0.029199625196095
0.815305936411301
0.057379912387865
-1.460890774604526
-1.175396004973287
-1.056376565933670
0.150796277816797
1.458695833907046
-0.509219450714247
-1.313072777849888
0.189988414590590
1.225725270639704
0.386559463481963
1.320861522583806
0.390568250940813
0.049934630135086
-1.060895862948549
-0.805245631256471
1.529594467298766
0.706301056789960
1.211953981760500
0.548405486637327
1.144747492900539
2.734361029304003
0.510837473183580
1.644941736895121
-2.122369894219687
-1.779935687384871
-0.558221033788136
-0.109062563364167
1.006430472890445
0.719469179795948
1.505508711214615
1.127756938976380
1.670838639973779
0.982560248584788
-0.340569617254222
0.115449091065610
-0.343085002012936
0.141437744498848
-0.478681342657168
0.555099904943053
0.484972022135027
-0.469333662026459
0.350513621793043
-1.574557727559719
1.211283772670206
-0.848646619075881
0.708327541123984
-3.194246373727087
-1.835954907506453
-0.596680925919816
0.435353189992431
-0.079889882917443
-0.843362332345593
-0.206799176910108
0.325627081030971
0.841635037401653
-1.787342754541220
-0.049357184908356
0.477756520438406
-0.234246255035926
0.472683512636198
-1.913179118876112
-0.240086961409614
0.453340572194498
-0.022393396129039
-0.798053636690705
-0.511458923208856
3.144514908075445
0.403498769132406
-0.315402405939843
-1.824674061430323
-0.817708434538393
0.413901107365508
0.832708703591728
1.724008974390725
-1.240096219333553
-0.380972530893199
-0.274125197674930
-0.539620336784629
0.112611241525627
-0.518905810142851
-1.813273441077116
0.546336850930881
-0.000540646256862
1.341347922677318
0.354322124364163
0.068526697635435
0.094303186719486
0.569747992260506
-1.142841685249674
-0.547744391674523
0.361729741067698
-0.966681038109692
0.844570774333360
-0.393468771423846
1.422811598157627
1.826431930684690
0.456854684609020
0.293406595323795
1.515514664970149
-0.390296119862820
-0.072013000055308
-0.066473690296503
0.201390333744914
-1.057898509327579
0.557139966592185
-0.505345133351756
-0.231283191694606
-0.348070667517875
-0.429725560024673
-0.772623652448662
0.279002829083365
0.160728009421153
-0.113239727559913
0.431252656740980
1.939741939939762
1.266071813991192
2.032658637688839
1.729657426483596
0.094417795740470
-0.205098820197947
-1.496727984090628
-1.094695667311655
-0.937951034669980
-1.698532880131325
0.268198024123215
-0.232060522635813
1.017163728669983
1.628238858153452
1.395568615557043
1.653852319184389
0.220706319094517
-0.037635677108921
-3.522865991586626
0.623295992542454
-1.410209809640118
0.422075617476135
1.831898100068884
0.416257873824240
1.600184394630766
1.563675469270539
1.317332291066795
1.918785244674820
0.672623489948464
-2.404211622380894
-2.355185311673967
-0.788805755988837
-0.847531131084277
-0.109771479490286
-0.918416735209257
1.452584950519335
0.374686772113995
1.322927210785146
1.611378193290022
-2.049405481973350
-0.014652981898072
-2.690995770365205
-0.473392161550013
0.002414052176494
0.701690337661048
1.117177901993488
1.848682835712134
3.388948643789610
0.661849213060286
1.736437012557117
-0.374260735519037
-2.102187634223528
-1.612828763595620
-2.563480761725042
-0.274654221009282
-0.729297609710766
0.565764954078598
3.371435173495703
1.941080834307463
0.179722319542333
3.577755946361632
1.174145886433594
0.024570286265899
-1.118133426083737
-2.250829268885738
-0.892468057378694
-2.224960233838919
0.557890578237556
-0.720701789486434
0.720740177050449
1.548245585296969
1.576635038754075
0.744183726641064
-0.399958528066954
-1.272805717335161
-2.908599011103349
-2.072854424194677
-1.716737895262640
-0.702662831844475
-2.077537762024686
1.173958886285156
0.898516012829729
-1.133940797913092
-0.341045000058059
-1.147426569769626
-0.418632618496476
-1.807017196736173
-1.878056582469374
-1.849733345319550
-1.539609301941027
-0.773781782297977
0.664231521392465
-0.057745103915300
2.010507146085803
0.720626361290508
0.240029661117509
0.758008419848559
-0.536309298850262
-0.523246406654974
-1.670653671190959
0.840264736906858
0.090179178611544
1.765130763990512
-0.171260041663275
0.957874399289494
-0.440059493932606
0.352960627795409
-0.047865646133714
-1.155499329512980
-1.536078765669755
-2.491243605345990
-1.960257999604707
-1.799140007657568
-2.168321320347316
0.367087523719882
-0.813481976712551
1.841888773711483
2.909969087049037
1.164062782265352
0.430948745628072
-0.880458478473168
-0.823249805612852
-1.206981051065358
-1.280911176350991
-1.740157683871949
0.406778294915270
2.397551305434876
1.187989684358032
1.726766143298927
-0.132992127225177
1.770750277641107
0.714031689273602
0.043233907229192
-1.183561845010467
1.258820912643690
-0.666093728793152
0.762873908944742
1.592084608226737
1.417014277099361
-0.482181818839506
2.157406843792136
1.507148687541887
0.259504309787283
0.681838172698070
-0.468115569474443
-0.748829305138931
-0.553535147001131
1.208267850082442
0.553159743425389
1.458421577692857
0.453601963085776
0.025568376381210
1.067683051173905
1.338582839249216
0.481435280784959
-1.692717063943305
0.570671568108166
-0.145778575534005
1.586814806802713
0.773033627582794
0.531576650025819
1.829987667110087
2.202661412608589
0.392608506251990
1.958653342619804
1.681690776115126
-0.389290570533912
-1.679035267468536
-0.327117448059904
-2.087826864011643
-1.223264774464182
-1.691280139254506
0.664620156163681
0.360572472706078
1.341251101588419
1.018640266949092
-0.389922941806458
0.126462311384607
-2.375932091161801
-2.749438030905395
-2.496813616289660
-0.785985542868378
-0.519485423784666
0.734747092423475
-1.046560506080226
0.543061340379769
-1.076162713890446
0.372282338785635
1.118996965917148
1.359373106987943
-1.513278300004452
-0.990657058592331
-0.064641555398773
0.433262177392924
-0.829239569623523
0.688154514905786
0.487370081011824
1.866656405092215
3.240071039314810
-0.956719552949347
-0.008164620256591
1.639863053746778
-1.690882710754289
-0.035015311865851
-1.122188651053198
-1.924966027382127
-1.649576858849820
-0.011243536485286
1.463152511999772
2.183721765749348
0.027076365373729
-0.110300373593593
-1.171902177573439
-0.669358299452620
-1.684759009503660
0.428968480377912
-2.193435647330905
-1.193243352838543
-1.267757804694495
0.181601189127821
0.438542596689653
1.870302800298431
0.454323339825251
-0.101451557245298
-1.641880311288587
-1.113522620117107
-1.809296454248305
-0.196688194148340
-2.602171086112533
-0.825574010815915
-0.309817171642693
2.899419253381014
0.592120372169854
-0.395636927552514
0.418772452635189
-0.098643958687398
-1.330438901929860
-1.357984483029111
-0.490373524661216
-1.383751664853191
-1.815804981559217
0.595096482760417
0.422473397255303
1.179849014517847
1.422565172979066
-0.118190851719311
0.288560444318026
-0.504976146299348
0.951660754070585
-0.046708967623384
-0.934683317116986
0.753513431466190
0.198453438913090
-0.492866806447566
2.853237236795487
1.653472919085188
-0.227449698029328
0.450884635191225
-1.396446518085147
-1.158427363504899
-1.038983023009449
-1.064152948898877
-0.288655213392375
1.262642619704746
-1.218963273822215
0.342089311384953
0.767975551809403
-0.263534187779615
-1.440381683886156
0.001450323262683
-2.099828249977809
-0.495547437892960
-0.518929764708392
-1.686694792737200
-0.940144727926327
0.164906318640639
0.335556513219059
-0.281920643289642
-1.247839081881956
0.903870900489562
-2.202554098124055
-0.932337679919348
0.316330257129996
-1.612330368842682
0.539404643300324
-0.962304558335755
-0.951829835777765
-1.325918750085425
1.279390368279492
0.815743035371375
-1.248495969802067
-1.309808437394957
1.894227585241135
-0.019555803435394
-1.266595030781771
2.519276489106835
0.053401107026931
2.411241779613882
0.637709516974023
1.488725989330844
1.197229927774437
1.045640692335166
1.319539670083679
0.724038690984812
1.166716398602873
-0.075852515115556
2.005809680228125
2.065074609651710
1.465555297304536
1.781463122926323
0.714189118049168
1.827738204896824
2.177362651228774
0.975298071252822
1.796053604477529
-0.050527589634520
-0.666085099848468
0.976177004020018
-0.472086594717366
0.917646173151342
-1.615877793095931
0.764889266302192
1.292608001482967
0.539793688421082
2.106024756231058
-0.686846522886928
0.295099765813009
0.139221474303865
0.474026359539546
1.041452861763417
-0.590940261419925
-0.118330083103589
0.461800225162897
-0.215581596924901
2.241355874332651
2.359632577196282
-0.708797091102820
1.005482104920851
-0.035154484370676
-0.706400318882312
0.775701777348522
0.383811183174690
1.177490628139655
-0.084041448976666
-1.202258038058412
-2.133462306255846
-0.542446358608669
0.509057514367109
-0.295471334780277
-1.042710036725115
0.425290166037770
1.383770106181249
0.560524979450735
-0.046984741905638
0.638965182244015
-0.178733765725017
-0.984661253526589
-0.781490601389460
0.514509149760371
0.578468462971405
0.331452428641865
-0.506301282887030
1.060984277592757
0.130094193757176
-1.641586387927508
-0.467057707757545
-1.327169303797477
-1.485747006360111
-2.057532791065660
-2.016550948778000
0.538770635240782
-0.935740456296026
-0.380267998118420
-0.696140793491622
1.546504049704548
-0.317673508090287
-1.191437844652182
-0.764458860314396
-1.053596260993839
-1.219693225450359
-0.022466573475940
-1.338553491457875
0.312718361697222
-0.549146587917510
0.156613267119087
0.638770397394034
1.640821478421235
-2.368288851162573
-1.368325932073141
0.010477445243283
-1.010443086944280
-0.959062978126950
0.088667810626492
0.971317880360094
-0.994847489196302
1.529225031138743
1.274983180928781
2.765665967877602
-0.840774473197394
-1.077777369025120
0.062860430442129
0.058050347611926
0.058841111132181
0.139626816272931
-0.523817934998739
0.858718498288518
0.192946047433641
-0.469926732106662
1.420865821162836
1.109759129705456
-1.036979227183043
-1.169546328541752
-1.436262380093970
-2.234947487370253
0.667822034839185
-1.050799981305313
-0.134774444727392
1.017589341669623
0.965183771745308
1.272285925965987
1.315776085466003
-0.167633018109097
-1.417311469458515
-3.554075217052529
-1.976759756179815
0.289436496701292
0.388892794073509
-0.352385020820999
1.626903682793051
2.141807924443151
2.274405289915581
1.838454143559480
0.579772637303802
0.755948867154239
-0.464655743255950
-3.479937176395938
0.225818044250632
-0.974441037248839
0.942929112830670
0.936326402212814
0.251413750368982
2.066417458541495
2.412421605976619
1.520082920978771
1.242763401612426
-0.515218556872246
-2.000039041459282
-1.610682524900032
0.685412903712588
0.566666576308413
-0.484350617824702
1.781915637320205
2.449460625621284
1.341468564871352
0.569704086312499
0.611094836551898
-1.610542203894900
-3.072827415175431
-3.158515650408271
-0.672970540930403
-1.786437067443467
-0.097264795127493
1.125680367686040
0.883544084149166
2.493242884515125
0.728435243584566
-1.124694777300815
-0.347428914610369
-3.498724372309733
-2.442445336395029
-1.950175607965801
-0.462899725300843
0.265549494372263
1.462144336234493
-0.187283225367211
2.247177964127018
0.866940115469441
0.699750101174281
-3.679467708875872
-2.903865941129598
-3.695495286069530
-2.896046000963238
-3.511932835626651
-3.589251746921456
-0.201600453824805
-0.289112271224452
0.303760200826202
1.530740514058209
1.568743612064420
2.141286820395245
-1.107590099811266
-0.930479487856774
-0.700226744959725
-1.557588853879875
-1.570928951602182
-0.907516140575579
0.837140997806046
0.622706586489608
1.695871415796982
2.430520616508435
1.012019336764532
0.615206404172083
-0.680413225730287
-1.281509683353822
-1.603882751837345
0.989057290194985
0.472888841539669
0.536034712207778
-0.054853966811465
1.051073417492068
1.817451566833661
1.570926037543842
0.258468098218428
-0.891139745347254
-0.717316108047545
-2.409666037653888
-2.006366033683388
-0.926954462483243
0.433184374941677
-0.392310178200785
1.039783349380346
2.620140892702876
2.099485214884117
1.692034588451884
1.528547437395198
-0.634915101927715
0.209229348451266
-0.320916360803739
0.101687585653211
-0.457285282292600
2.000178238380719
-0.080132269634044
1.284089761808895
1.297897726798555
0.589382129292253
1.740828795572661
0.430040649736479
-0.528765326253070
-0.930752607214335
-2.700586685210016
0.317872914967652
-1.079780480403384
0.462615378231428
-1.349662583446964
0.974419278813655
-0.919396028494606
0.953984522290062
-0.157618250631302
-0.755918252810602
-2.575352825213169
-2.090680177954759
-0.726909494225288
-0.625992249749871
0.913114702559794
0.839088269473430
1.263766445437727
1.064490663998761
2.414501630655614
0.997336835239685
-0.364097605708627
0.606174984424205
0.504230178163881
0.624744554468781
-1.729437278325955
-1.634500574531688
1.154375709587589
-0.006685831085119
0.629727707968468
1.805639886946085
0.035021121443325
-1.102294812745564
-0.149041237743684
-1.026802230890684
-1.186031824409451
0.247910978569231
1.208008995986843
1.503188803403122
1.484455209151758
1.129869612186366
1.911024680981434
2.572188284386637
1.477336128264900
0.907225282603889
-1.495541115493976
-0.204981478599329
-1.183093089045921
1.905467939405895
0.889940131554623
-0.660553541551913
-0.825988992120484
1.321698097587887
0.810595388054235
2.110800193759242
1.770797492404601
-0.948903193008787
-0.987578863766860
-0.994223336309516
-1.461659738391722
-0.507428281549546
-0.596813425853534
0.997692545797701
2.395949681460706
1.617252298955563
0.025783405780985
-1.782598652491355
-0.594198881416749
-2.591603470402587
-2.070232340296417
-2.213661200710849
-2.004982567905969
0.352145432558651
-0.411662940853169
1.149332164825308
0.897019360396161
2.368230204198058
-0.830455134054986
-1.230642728754043
-2.794032681682578
-1.905240713844469
-1.232070937956146
-2.391637330014176
-0.628690779514564
-0.555740604939012
-1.065318401118061
0.453179984837047
0.547254027222451
0.990648647082484
-0.928691236086256
-1.197691234189086
-1.598049015813203
-0.541679550320210
-1.557527886360641
0.182980925027352
-2.032796899788841
-0.532486857656599
0.240997858304392
1.686275828728340
0.613800480282200
-0.455157557625139
0.080026183947109
-1.436960045141399
-1.976346086224818
-1.190492497814476
-1.721215043366379
0.028294656438528
0.350823685309710
1.225731809730857
1.203319965354965
1.710533430689608
2.555371456738722
0.858170949686061
-0.987078271800850
-1.969907326807708
0.116429491753622
-0.162976618448932
1.337758514637174
0.796395033215727
1.719898408488742
2.269682032542369
2.396713801927711
2.608330521178176
1.909708343696311
-0.642664309904847
-0.329248684292798
-0.816062365245579
-0.578474339396713
-1.445023825143240
-0.637560550961234
0.660491054425253
-0.357106559550755
0.057615268204668
0.863685839995624
0.663354520103445
0.469115599706504
-1.131199684887848
-0.175746766736035
-2.166208120751095
-1.538245001500789
0.201421910820868
-2.214160830319568
-0.117395443221306
1.865387476875751
0.504607725608903
-0.215557724444577
-1.023380913395177
-2.006568989769105
1.079689892474683
-2.467810213561900
-0.215833991726474
-0.195885287542353
0.823497180276460
0.299715031660687
0.669353918594018
0.669954802999441
-0.407893297853690
-0.222856990465892
-0.241319422164891
-1.648859482292680
-0.049740275927162
-1.415458002709752
-0.894411131589657
-0.871164896927226
0.521132736072286
1.026565197378135
-0.606286504846452
0.212999156518272
1.171995840750570
-0.377928259426209
-2.085788520794274
-1.726223789388686
-2.183839267674272
-1.859530259449891
-3.463253937844285
-0.882799969370940
-2.313079704371304
-0.786188797719857
-1.214737909972232
0.522778662237916
1.647347893779514
-0.116217340687293
0.405638580952212
-0.428719855521464
-0.556232714316232
-0.652419403811388
-2.249034812260105
-0.410816890574050
-0.283026091523435
1.548346307967759
-0.166625150055682
0.053893050791421
-0.616418131540785
-0.036551319311613
-0.522005047338480
0.104661724367623
0.060668718363874
1.305958543248623
0.528899486828881
-0.001002572494626
-0.397752807068226
-0.908980610749982
3.507586851252566
1.190708963392342
0.633901468584779
0.077186101141122
0.010468680790148
0.584284616738846
0.129551555184981
-2.127662021814749
-0.246740276007747
0.219583613163975
0.183612819259422
1.529211380052097
0.385301964690452
1.538702825154545
-1.884611006043232
-1.213713069951521
0.257739357049433
0.530107073749286
-0.178671802584466
-0.714702587634243
-0.335815505736408
-0.199420040479145
-0.539705968462598
-1.053874794046513
-1.273751038469816
-2.313115959634858
-0.930489147827633
0.614577309547570
-1.295074332256616
1.802598290556028
0.195561379821535
0.620660063367643
1.757594324240398
0.555325905980490
1.522505547794790
1.074646374790120
-0.315898107600436
-1.587122610932749
-1.517362398539208
-0.981144711790839
0.701477243931439
0.612856910374121
0.034179997028856
0.515952471614777
-1.246772642886369
0.554716082814013
1.794016991280991
-0.477899754494634
2.477778122410053
2.282165734493939
0.536824431270594
1.492919777430620
0.388315014651503
0.047530822727699
-0.992134233282803
-1.807973200414184
0.541352034063228
-0.218227380572211
-0.093419405356524
1.532613575386687
1.386627406418643
0.069224958512210
0.172799331147969
0.151693930212365
0.190010356689666
1.219565748303661
-0.254033863129846
-0.276563209478593
0.218468576331008
-1.646448289366549
-1.984313215022476
0.912356900000882
0.823142158429594
0.402307330307577
-0.171955844238871
-1.506227014543027
-2.829388563895062
-2.955514202495988
-0.600738116766057
-3.267246869097798
-0.816673868543142
1.512892626013266
1.423912407748477
1.544352655651688
1.779879750253313
1.414233591695194
0.776734124222619
-0.681104814599679
-3.118094172792891
-0.467370813085268
-1.533027620032451
2.414001209836520
1.230667627107361
2.791961862493320
2.623327060970015
2.489995352958443
3.712710915582401
1.952159797591514
1.350479503771982
-0.387461583017993
-0.272171459640183
-2.174477792756532
-0.324575455568751
-0.205259934596959
0.261016053498065
2.309324678406962
1.992667615962291
3.031802841660495
2.533704291214981
1.705568019556811
-2.059287249299836
-1.081957714652319
-0.612026771454970
-1.796096865183459
0.267819861868449
0.417791974304393
0.317197391462704
3.190908515733449
4.370991909341833
3.083268128147851
3.558975668784957
-0.735783684707341
-1.139755507002206
-1.055427378272078
0.533503428585656
-0.464729513422759
0.868175948439058
0.857831690636818
2.372740033153659
1.294719933611593
1.025648762059687
-1.220473625698676
-0.411304464584560
-3.977075929846627
-2.516582487273676
-1.401091388045534
-2.597946456711517
-0.950668847661811
-1.326942517681038
-1.460620350154197
1.016577230127619
-0.456803792448092
2.336006637320025
1.184508491548608
0.059393405027920
-0.713985282911209
-1.660353161910951
-1.323773469133039
-2.995497457923369
-0.685046942351330
-0.806856544493762
-0.823717372868501
1.244299108170052
0.539977519169538
-0.453148754380289
0.165748596300279
-1.358314842928058
-0.955858641525885
-2.421269894658327
-2.167345041664154
0.160229347539050
-0.387113920093167
0.677329777869046
1.785654478472154
1.066429349565184
0.157889798720339
0.606455787633283
-1.631951881051508
-2.626717012192850
-3.030748629454369
-3.377899909609963
-2.639255385977588
-0.071126470476256
2.205047093301524
2.356276951649160
0.396857949785236
2.045718740450222
0.215100470152400
-0.633942507036903
-1.523363369702688
-1.170195216271168
-1.181334833646021
0.472311682568140
0.529583010793391
1.616027408321403
3.410215101372271
2.398125697634839
2.025908014740458
1.992193922736492
1.195195027461768
0.752904719101085
1.621525404762003
2.433299290017507
1.656855007501135
-0.016377460193208
1.984082958542950
2.278608817761728
1.275182083127653
4.181535357524121
2.941561536522877
2.362679807649895
0.722325812589500
-1.470244379315404
-2.191301921971318
-1.755219712028845
-2.546326239328661
-1.427384430942797
-0.372326553816136
1.505474012672197
1.975023481678160
1.128650230393321
3.145796429796544
0.291818490160906
-0.669251089219685
0.343146839136323
-2.001379551151658
0.467523238335541
0.097079774873629
-2.010578737341729
-1.317103995934587
-0.243019768185798
0.598349805162890
-0.317411491011498
-2.913422823737839
-1.589946964411126
-1.204845225563337
-3.338889068180656
-2.879161611495007
-3.281931121398592
0.059234285132304
-1.899024076704821
-1.923973947995685
1.141513217602010
0.382878845448694
-0.725243510703321
-0.795863359631851
-3.163655690229080
-4.080913168738472
-1.690242814702134
-1.970625062683951
-1.747178158453980
-1.947497181565797
-1.877171530411595
0.397774568052763
1.962188748892414
0.620540671878649
0.303535443875315
0.125485426849460
-1.742793371561607
0.071649813688992
-1.589356948953630
-0.051690207565778
-0.145995796602561
0.719066024657075
2.163380017547431
-0.133907101063318
3.090142587931828
1.942214809295878
2.378097108518432
0.068695654107466
1.122214058819876
2.592614439809962
3.530403246319749
0.906657967977752
1.017531092540894
1.618833058053901
1.166992704452927
0.589165367971374
1.816660694553895
-0.717292646535891
0.338783030170626
-0.251919853930159
-1.217651858049666
-0.371174690665619
-0.659544892028952
1.537462100428094
1.050555952390859
0.263635416272359
-0.060686123794523
0.140904232544328
1.314483148230407
-1.607329514540033
-2.088028135816805
-0.961536235483312
-0.100246080951954
0.195562669057987
-0.365736311552976
-0.159748144281285
2.161143241350038
3.589899038479654
2.104825485458202
0.681801778214869
-1.512770600779999
-1.054837615421258
-0.355109096403384
-0.933145912084011
-1.757029715620459
0.919904756304856
-0.902271509290472
0.272552921920275
1.166225525239792
-0.192517230893226
-2.112308076328170
0.197364162051293
0.166857395966155
-2.034672891531133
-2.715504639401177
-1.597982799993968
-1.487298199712329
-2.832411993068210
-0.989868303483424
-0.850763588806141
-0.057589681106537
0.897321592951527
0.193188210406385
0.549685687745793
-2.368674092061148
-0.011864234278840
-1.381289205494688
-0.530586608423689
-0.202213044423714
-0.131391397067703
0.176651527235079
0.036233065415660
0.570818639660748
-0.920416790881285
-0.237470512077092
-1.705145793733112
-0.818173663362936
-1.221614658064454
-0.935614397501099
0.010243998779859
1.616196399808485
0.926399636548519
0.177519000518268
0.994851781071917
1.819637686085664
0.282788081784505
-0.002350640230256
-2.655469191367962
-0.574035304062304
1.934816602472710
-0.159333553675489
0.430061311284435
2.259082547197580
2.649248593648844
1.282340942739948
0.300059923100593
1.919949300608989
0.599135216504091
2.063543850007132
0.879355055361061
0.362378171537260
1.704671637818019
4.099217949949624
1.518679534398079
0.777726407075982
3.070650672437808
2.775010968062104
0.503630430226284
2.055878552331131
-0.118683199433286
0.260239159999117
-1.448702071779228
-0.012370204246289
-0.483388619454487
-0.254664108142350
0.587084812212897
-2.561610107289064
-1.305150958309909
-0.430856150166936
-1.317013350914986
0.111546543626294
-0.672208417162249
-2.033049359990971
0.333962627752184
0.143597430148801
0.090773454091520
1.686579840819028
-0.973248889199068
0.227117316104865
0.708361394471362
-1.107118330339190
-0.068085486858373
-0.455668915639682
0.373887843480899
-0.023748511727927
0.829238732041470
-1.744562989526790
1.066946412586690
-0.681694366231044
0.257676451628274
2.364592113994985
2.664971163711054
1.200474827954768
-0.631090462759297
-1.108978651317482
-2.049510325737686
0.733847421424104
-0.098800413442230
1.016379447005253
-0.075939359469190
1.102084644887106
-0.269478711092796
0.335576350584787
1.393678093625617
-0.280927183753146
-2.482817749804339
-2.128561041664064
-0.882410822878640
-0.625842688436466
0.126647608236195
0.732921172291937
-2.038590699246484
-0.291725557845332
0.834145840347314
-0.007041290059310
0.060733729730360
-0.082091789236311
-0.282458350655470
-0.013386109435694
0.501756125375087
0.336154502691589
0.474722784724488
0.888941814645125
-0.199155609493843
-0.121601665595005
1.496385073232365
-1.730208713584078
0.433057253784547
0.214966899902035
2.278683370964957
-0.014033549462874
0.239405725555455
1.070187195934457
1.348154429365619
0.324087825095871
-0.273917616603848
0.742194492969310
0.190528378118486
-0.396484155693064
-1.176285977151594
1.527919124694099
-0.463732434633643
0.452757922913383
1.438523280957172
-0.983999620776159
-0.568622453702954
1.166458877776796
1.060305747713731
0.775414759107658
1.032906226743639
0.317575385185982
1.427470700425148
1.333386931270891
0.927442405347494
0.764147042360489
0.802168980171888
-1.907107475611791
0.535807248770773
0.903991520774944
-0.629807389854826
0.270904963548043
0.640690135073350
1.682756999371445
2.318510312227888
2.744513350107394
-0.281824388802108
0.757097108908846
-0.977375041356390
-2.437558875695361
-3.453535619199251
-3.418509322579062
0.135113524243598
0.082946104846496
0.963709644973420
0.965482534102533
0.882723391802466
2.128801345343278
0.781264601413117
-0.803318414483181
-2.011097890903085
-0.946776432921065
-1.501750985422221
0.709888538350642
1.442488385243622
0.981067700100191
1.022139969485477
1.023177434376500
1.722589247748814
2.869379953153276
1.783916238570234
0.969901522936968
-0.920280028127963
-0.862901156158923
-1.709964305228888
-0.966395740821915
0.467434344937374
0.180213458023734
0.834754885758768
0.987210686541996
0.205557520330674
-0.097818376671358
-1.189957554274249
-3.599149563178317
-2.759225079257600
-2.435365288387068
-0.682236263015476
-0.209665293250364
0.405984293760703
0.147486611114382
0.546524628802022
1.403896044835626
-0.231285931326921
0.700998272048140
-2.062906137911691
-5.104036417488356
-1.717500839974195
-0.997876817864874
-0.823752286629068
0.756570593618476
0.807885576788122
2.849571637977596
1.305150175164194
1.490143945297901
0.648084604759646
-1.147610760123883
0.687658688925458
-1.711720020234210
-0.970179314497977
-1.508279265311346
1.415404350516617
0.200828235985818
-0.844756830355054
-0.225682856921625
0.779484842745749
0.995426425438222
1.808259823967175
-0.921865651275334
-1.596046526291073
-0.658776768715536
-1.031708522270703
-0.223420082485488
-0.959474614110487
1.628773979714145
-0.049159680482439
1.512689606090821
3.685625851554517
0.558201205028312
0.495443430289305
0.069731321509327
-3.610099020999856
-1.660169205792300
-0.128474401295808
0.701592743262470
0.384723539684287
1.184753354353945
1.703044087901921
3.380555519492460
2.990263925425495
-0.424250531927539
-1.435044382396662
-2.409097435679425
-2.726891464676297
-1.526573918749836
-1.963761004833199
0.315668833878028
-0.040420620417130
0.264108298038395
1.579398813673457
0.890179971012087
0.841857992687284
-0.145534562684511
-2.240738689517494
-2.561900025141608
-2.488347545613125
-2.808615610483300
-1.885302071777655
0.068616076422004
-1.201045046285205
-0.678001092131189
0.620387244672805
0.280016257107374
-0.162238168259459
-0.894447859841471
-2.395169467946452
-1.667159426169598
-1.776272929639788
-1.446672093593575
-0.655651259539605
1.525312987954206
0.836395067490738
2.102358446827942
1.956269924633494
0.359709816320788
-0.283066907411929
0.818444653352886
-0.127807249591067
-2.247219875729195
-1.727890365889275
-0.156257431640626
0.037811910726062
0.581429557719484
-0.157419505907106
1.998826636180475
1.165878716688893
-0.736522120086054
0.729830947093830
-1.075686701310891
-0.348636150739466
-1.250331810645828
1.330800005300695
0.216765402584014
0.802558099538196
1.207098660335912
0.548678778238936
1.732445677918604
0.956629167112322
-0.493421657262111
-0.804981582959248
-1.624379546175412
0.228584508571347
2.398227468134318
0.161503742582229
2.981274080608372
2.878342566198278
1.283541267822681
0.331253076987857
2.111477480533225
-0.367694983485063
-1.564342086477957
-2.082133285457575
-1.304079574204190
-0.138372934551966
-0.556334541025183
-0.575397526380655
-0.062017040923006
-0.112622211051289
1.101395722296398
2.686478928403518
0.512807023830483
-1.456402644124595
-0.785854023970493
-2.069795146821272
0.080357450523151
-1.543605860954953
-2.004014110549338
-0.467926053059674
-1.449334800730016
2.906317984729542
0.956658750843659
2.771145666935212
1.645072661058860
-1.666478237583014
-0.786187606955630
-1.511361229770506
-0.523333369046847
-1.248071327215395
-1.800087539447780
-0.948709018642822
0.719828509573573
1.370223431842998
-0.178404436994960
3.382901780654002
0.998086061930479
-0.677945903736842
-1.058075542068996
-1.031480347342809
-0.866699657418005
-0.425054062680193
-0.790549481231259
-1.612282604012542
0.560644382192602
0.815971494473664
1.647887944927426
0.360729901841844
-1.111292675559382
-1.148826611543964
-0.903795290717369
-0.833712828379400
-1.768016860498245
-0.834931243514408
-2.238739743633445
1.812740713166786
1.209888927524017
2.746045540757573
4.524206898923312
1.345256726511834
-0.722368459288991
1.311221749904679
-1.099200106581085
-0.292251590780558
-0.935432116054391
0.957239567338881
0.592578704396562
2.241926710999337
1.519205168660064
2.384951527603743
2.484443360186530
1.088633202549161
1.040775767239715
-1.258911813260492
-0.027044884648495
-0.645680795042342
0.387623581892055
0.577109645921446
0.744473817234905
1.877220647151054
1.536403969303350
0.794517066829221
-0.627202202848170
-1.709583470088892
-0.643872665208792
-0.872233812385954
-0.157686973011942
-1.050359663646327
-0.764778755170664
1.857852831392507
1.147804901451978
3.222110764815910
0.269085569777841
0.708310325593522
-0.543585438711078
-1.236869651168948
-1.791515702142711
0.596127049996414
-0.096184053624685
-0.302446771572946
0.106704213329838
2.927803176228331
2.723551720796731
1.046179756946628
-0.025264504490326
-1.232364468930994
-0.713704055399583
-0.792915848709511
-1.500905430022905
-0.322885012588381
-0.719486648832643
0.065424258463513
0.910065637228759
0.647793688229863
0.344112619590552
-0.767584429257869
-0.603601745626963
-0.824687521390580
-1.287788544697522
-1.066534804571761
0.024570367720201
-1.406172243072870
-1.869360596848856
1.213779442358971
-0.306732403053613
2.500671021740536
1.228853132435360
-0.073143701239566
-0.258543696859624
-0.697655078758532
-1.390203127311021
-1.482308337185365
0.087982954721056
-0.817720735402925
0.832650771515974
0.793879042536558
2.605788356135282
0.298320449460346
-1.174428481446500
1.337246207885764
-0.639041897129587
-0.072641352463880
0.033753126222275
0.640342317819398
-0.101493874786036
-1.328054825267903
-1.450398657982773
0.172545905320586
0.553653195971102
0.342682287737555
-0.287997985575146
-0.681438102845830
-0.107621469817930
-0.227285749182657
0.292363556209194
-0.533927201658153
0.163452647465016
-0.214025005579858
1.514240810443744
0.411729945039944
1.306511247025283
0.133378681202580
1.937995949670872
-0.510289024826915
0.328921153481563
-0.959736527339240
1.181921403861888
-1.682523180186043
-0.149992731913117
1.437605621610729
0.868823346277277
0.927990862494879
0.712130354875195
0.056287222424187
1.009070066405146
-0.947848882894281
-0.427900543767567
-0.385718163403512
-1.325929352629713
0.263666163170884
-0.145699885860016
0.383753147795539
1.269193175995160
0.136921293802164
-0.621854929431238
-2.448383290782292
0.141152838530403
-1.115787302923047
2.111863755664621
2.344289703635808
0.059002583242330
-0.771513431745723
-1.854000089278758
-1.213133593885595
0.526591441515565
1.279162054976111
0.835033794398057
0.932725273575449
0.480799843325141
1.415195621315058
1.382481482646355
0.242653657688032
-1.615439704275322
-0.565859430604207
-0.443267813698492
0.473933327824871
-1.028858010197313
-0.819024803217096
-0.005261408777853
0.004059672312783
-0.212299968315425
0.412265568012484
-0.066242047504576
-0.500693397731879
-1.087002703008999
-2.547381358259199
-1.161446777720922
0.548453947365292
2.403342706503032
0.320675823331801
0.538954959197536
0.982873045502721
1.040555396879946
-0.399119051030221
-0.815405272188354
-3.538673636437222
-3.974772104522200
-1.524042459040643
-2.932680205842309
-0.084692278418048
0.753975710557971
0.296918566742249
0.327910053051705
1.070748755339545
0.986879727839690
-0.846901837821806
-0.870768101014083
-1.070116140061546
-3.443797548271528
-2.536206207910273
-1.304891687029484
-3.652237424440327
0.818247053262890
-0.044697408506048
1.964158833151232
1.787189285770397
0.586668863357202
0.217266526011758
-0.918282550597281
-0.963202124362631
-2.587336848796175
-0.484467280823320
0.663301851518769
1.347718762774640
-0.024242012753836
2.860491861726330
3.423360645508605
1.452939092970970
0.292089575860651
-0.321960571569227
-2.258825213246081
0.506514100757438
-0.945974712593374
1.330868550787093
0.764596296707508
3.914245403847215
2.690119115619364
2.035044285313301
2.546629378273492
1.063575066315344
-2.456890742601306
-2.354954755104340
-0.708314964917746
-0.880726450968571
0.514679239583707
-0.137884193267383
1.979673208117227
2.141184033222390
1.408228984375829
1.396902311577276
0.157335321729689
-0.167638996992604
-0.008887926296948
-2.208032892904971
-1.261136805114560
-0.574000450521159
-1.061009515622945
-0.049851203763018
1.697370054606509
3.050780514829476
0.966361605781379
0.458059718490241
-0.087907016832247
-0.617147653936027
-2.186794512513161
-2.092246956755901
-3.067088886049981
-0.291104805862405
-0.552125892033339
0.315201930222835
1.007326171471802
0.533437018688947
1.917501201409883
-1.035032153555189
-1.954343016545965
-2.260014666748420
-2.429891114991421
-2.250782469415570
-2.237478076557791
0.223807080246517
-0.072396733987741
1.105575030878122
2.817291375984723
1.035653496248357
0.352366063567614
-1.738689603116159
-2.519436586545500
-2.180955456472341
-2.490158526782960
-1.261410173586007
0.545436398622963
-0.624583141953084
1.989755483819616
1.794130748812921
1.729635094897167
-0.903420828505599
-3.284373931943940
-3.107737052537014
-2.475513265610839
-2.520293899080530
0.319586874438881
-2.260387070331143
-1.949899034726803
0.883655820732876
0.904197233232942
2.869568249543327
2.609791245046439
0.896011799294293
0.730867203204779
-1.957093903863264
-3.848941329342639
-1.764073909495520
-1.562454562349591
-0.205477375428090
0.041710008630765
0.738644128645245
1.306911170479804
3.263414154244083
2.259289555251848
2.167977833341910
0.576201103762335
-1.336338346780923
-0.869637360571634
-1.169097234155786
0.489776851862407
2.184123300415546
2.070749967520178
3.322508397297286
1.656796209304785
3.132104992781600
1.945910171647443
0.325539540883534
1.717241392609403
1.212375057665659
-0.256325800894536
-0.668009795461071
0.961927877075589
0.062722147362065
2.063838469696034
2.628789504859911
1.591689139573157
1.437041954023378
-1.631486036146262
-1.156027105277732
-1.889356416483689
-1.872616827497462
-1.045519315777534
-2.768383988596555
-0.798363946675453
-0.831060995647333
0.756105951366514
1.497691476692169
-0.065714992468758
0.897187632090797
-2.593545598387681
-0.617605303673193
-2.209942128379510
-1.032049086249306
-0.622973185476314
-0.112273868518137
0.882870685023163
1.900122811616228
1.543076752266602
1.640561657669076
-0.299566821369274
-0.029045817391010
0.189462288495387
-1.114887519303184
-0.554331620977573
-0.658296411784319
1.228425663922922
-0.084883299498115
0.300724265392747
1.150736953615492
2.426216121114579
-0.483738225788426
0.165513366305530
0.346284486433774
-2.107979589367578
-1.863860539376761
0.405688073892881
-0.432367338904190
0.632284547641188
0.532212728165464
0.071665901080589
0.518163308560580
1.347329097430854
1.895137622568195
-0.108135485413817
0.105437621889163
1.375992290496341
-0.331068236240538
0.117772863864595
1.337339593870251
-0.490701809007447
1.909790125366456
3.041963000104269
1.267562115201248
2.860075328436779
1.667597611860635
-0.081284296258337
2.102582019737672
0.312548393241221
0.449495483247136
2.527839717958605
0.881719057605522
-0.514793509147124
1.947083791178811
1.921398188935641
0.368625779653028
-0.187914258285231
0.383393404198697
-1.446886406547583
-0.420843163159056
-0.612291332826599
-0.085336741166677
-0.313741748051104
0.033801282182226
0.749404099741250
1.464701850860874
0.713537735572351
-1.185422171170241
0.994140987763268
-1.711939093469483
-1.219683744750654
-2.960936930235434
-1.190898547769331
2.041999994511943
-1.297963933585659
0.604274574661620
-0.344448366239007
0.162610543729766
1.198150423307107
-0.892288234162175
-0.353737539635307
-1.069915574809992
-1.434866515949693
-1.943763855681981
-1.613048624621023
0.196814625009764
-1.099250282038695
0.915141020279944
1.610062774136407
-0.048525421561264
-1.669988102513502
-1.143930715587825
-1.721835391515164
-0.473101694573122
0.486257944474308
0.186209414492259
-0.286438712692467
-1.468795492156286
0.482318669383052
-2.490963647315728
-0.845918619580183
-0.334856736023862
-1.148749993849044
0.043682673738837
-2.448723902177662
-0.095514201505778
0.032511956337828
0.060770432287026
-0.439490866269365
-0.408778296959505
0.446981476174113
2.003714218671155
-0.111877020635525
1.409263040461640
-0.223957575008062
-0.339010289085385
-0.175957693643065
-1.515262426639953
-0.779689663233786
-1.227399912381560
-2.528555137624822
-0.376903474759562
0.844156111489547
2.570047863104320
3.868156014864639
-1.211197013546849
-0.735537596312497
-0.902647878726670
0.366993794475785
-0.594128557764033
-1.106534264886225
-1.169336438556731
0.828650238129890
0.859634805891169
0.888018609918216
-1.103809154250122
-0.990378485711922
-1.226217462479720
-0.255020154071965
-2.557566524556055
-0.192592766176051
1.673024880180351
-1.774092416005045
0.567503218132237
2.187113200262173
1.009772373475104
1.584409653325997
0.816397038874583
-0.302046329745489
0.466320866233994
-0.486860853182702
0.175755068369299
-2.385477182062063
-0.537585596087420
-1.164342533817111
0.152626371558692
0.703594094962166
0.335157229692879
2.420625277086809
-0.006783143499546
-0.708103963841677
-1.037531386976766
-2.366971622170707
-0.400455239673247
-1.070807957601779
-0.841960909969082
1.546466723298198
0.711505463330769
0.759131970034236
-0.024501517972100
0.203521471683138
-0.476391022355828
-0.756936949293712
0.382557816671176
-0.868852906275737
0.082279337883170
3.027957682503409
1.923543145990120
0.235048205681315
3.152250310124070
1.819607839606233
0.202904074184387
0.068903607882662
-0.892703909846922
-2.809566672822430
-1.205629323705238
-0.838071003491490
-0.246278080168706
1.845737571511623
0.489499458253438
0.318599797686397
0.168545525458416
-1.571879436208083
0.929083296770947
-1.215207806329187
-0.220413421507896
-0.052746530309255
0.212681451160876
1.787837618206534
-1.147697824526884
-0.040402827154930
0.581825658603762
-0.569625626157619
-1.425809028525903
-0.011733899052574
-0.323156456819856
-1.573448556587016
-0.535996971308442
-1.882351411445589
-0.078256460392200
-1.616975655044447
-0.063028497697563
-0.263055571049465
-2.494527463588549
0.545026742415955
0.578595193371761
-0.631598546946320
-1.086959471995856
-0.530559580528797
0.255505201014744
1.453599800986124
0.857532563367283
0.387954685361047
1.186107916240063
-0.770575922469672
-0.989098214787086
-0.052649691069297
-1.122087572928314
-1.404292118388499
-0.567409027896334
-1.450077906636648
1.334910387240565
0.299058162893222
0.346170875922682
-0.015768263628799
0.128640625802030
-1.601435240156746
-0.334794429554808
0.954607606793660
0.843991763715377
0.299893595825651
-1.332566893482855
2.011435230993076
-1.489122018079307
1.488091112289381
-0.104810615880193
-2.705356632375767
-0.306099982355941
-0.700979700292396
-1.531037711711429
-0.840852194240732
0.274898817866756
-0.863664484357881
1.313331694817354
0.199732700121197
0.977009915234846
2.061193497595149
-1.753256633857931
-1.769917078750880
-1.557850571627974
-0.853860290953001
0.978130586622348
1.777769983376220
1.363022842123913
1.978285247057761
3.164015861250268
2.358042585993883
1.797072448145648
-0.833219968474735
-2.788234384457065
-0.410174682969919
0.439325909781926
0.867737091294654
5.039638280843462
2.087775543319497
3.271239253697544
1.257786860699595
1.656522512468650
1.288380483825463
0.326177986259978
-0.489162893225438
-1.479813622761060
-2.302394109857781
0.565637781959532
1.498131561440630
2.502931867554559
1.608540266214159
0.114051803501527
1.888330903220398
0.528776646276898
-0.934680321852527
-1.620887090426956
-1.329622975570337
-1.798657277006450
-1.405268932467316
0.682522179649560
1.115790764463982
1.347644659029143
1.348402833771063
0.843980153237032
0.528643624130148
0.663732209587560
-0.246878604884808
-0.916518829108758
-1.510267638189934
-2.467698807372454
0.620512740284647
1.271821187318667
1.624338675419168
1.658847188642273
2.502887818369944
1.535185363898070
-0.770966339577770
-0.293190872421454
-0.953149839944242
-2.227553996734603
-2.273500922882850
-0.097044472299793
-0.272358216514072
0.106827937193881
0.219121733349894
0.658135470822858
1.750867262517745
-1.222076878854476
0.536781201037081
-1.009043184824527
-1.919322365347734
-1.953967443802324
-2.203787308152930
0.325398699455338
-0.230439621705784
2.075135938292731
0.536431045837063
2.084400110785740
1.031709597579113
0.546768964902721
-0.936961533972887
-0.691962751556888
-1.857028113214106
-2.030520300471351
-0.506711754512535
0.288545466409557
0.874603915434742
-0.043244020596631
1.432738452675540
1.100725633663149
1.174112630956870
-0.606370975155352
-0.335230132707328
-1.474521317185274
-1.726333863121886
-1.663570138781580
-0.511689721096357
0.699586051752138
2.365136636389303
0.696364020255406
2.637445060728530
1.503824539372093
0.660428442871175
0.865974285326326
-1.545598649845730
-0.368756769473086
-1.063417584678894
-0.794742932420527
0.141838881888813
2.808414545978283
2.160941319867228
2.267109680187364
1.625878266318601
1.277364754781534
0.050670245138712
0.828314443585306
0.187595157079344
-1.541927546077465
-0.496827541195822
0.838452197174753
0.568295549921647
1.545631131434323
2.200580348465344
1.763013180865113
1.407650129524645
0.673423203003112
-0.071399920381529
-0.978453390033259
-0.540791321848432
-0.304054570830930
-2.295902858733892
-1.373951630070095
-1.258241854891886
-0.194052593294041
1.720793061186080
0.473916892175379
0.207414245506230
0.536335371977467
-1.002591699684084
-2.861804001292980
-2.746179964753906
-0.513661625508183
-0.500130285241324
-4.139237010221812
-1.589657994753895
-0.943877749902735
-0.267708793471952
-1.113874280770158
-1.529841361711161
0.230706168683498
0.259932600838762
-1.668536694202369
-2.268858843828439
-0.116827984424284
0.726890003628809
0.398323954857417
1.099297397269457
1.590621482827165
1.671873667112112
1.989589906563026
0.328987633170555
-1.623839389944030
0.183834777687745
-0.116198933905390
-1.399357590461318
-0.838115408367342
0.891655004497407
0.830953248687752
1.787292249230217
1.833604573556974
2.194654509189422
1.156138416168707
1.317028235124625
-1.247361214859571
-1.484501040676722
-0.008636317275049
0.637447967772110
-1.423823182104065
-2.138969040345176
-1.142867974930738
0.676238842920936
0.105518485187654
0.874935266545862
0.472922475734450
-0.570058530230861
-0.984423549537844
-0.792522836739938
-0.359874783016412
0.805595136219273
-0.221220795407579
-0.384322891544698
-1.847218395058383
1.155359899327250
1.245289117989694
1.164542774673743
-0.923320778593649
-1.535546020632069
-0.696859885638176
-1.935061942995653
-1.844871381216352
-1.694680775812042
-0.186090891294212
0.110488053095339
0.871225825625007
-1.408302280386039
0.323083138086975
-0.868029458044109
0.025538325642845
-0.673551989567803
1.222698808265277
-0.927352617812492
0.864599498904441
0.616758454572815
0.781909784726234
-1.832540440489158
1.328815525208435
0.920611653427304
-1.252466751755032
-0.882603734702065
-1.656389055662680
-2.047541471921298
-0.886245359552787
-3.084479179363579
-1.501468890195325
-1.204086412680189
0.017987843569147
-0.968769450005507
1.137455097975115
0.633243186268771
0.744543819195462
0.571818531874446
-1.786785991972446
-2.105038517974713
-1.764855967376586
-2.732210440845147
-2.233313727886150
-1.008525333911753
1.333430185178292
0.283594964506130
-0.549074912204247
0.855622153341458
-1.721899245618975
-0.154626541613113
-0.011696587430688
0.863245191854271
-0.469520352738618
1.281497607973405
1.050768450425147
-0.098499012869788
1.173824284738646
1.514938125507752
-0.649069578197368
0.433664621484186
-2.579945103991942
-1.243793146460743
-2.641891347633723
-1.309698486943514
-0.762162401022045
-0.257209984086593
1.199250760519683
1.327993083674140
1.548637735043289
1.845247371656243
1.292754645389754
0.001164359434941
-1.113001370806316
-0.346550397944559
-0.013160924831715
-0.637151778949520
-0.534506266900856
-0.445649325330040
-0.221730523637048
-0.071808566398870
1.518268146418082
0.266180873410306
-1.177023268335717
-1.062419371808473
-0.823728014549274
-1.237819734700473
0.120372752950219
1.610103866142446
0.669490372446857
-0.442020661720999
1.554939899788375
1.362402370568885
0.739541414562157
-0.946123623104079
-1.383552177493383
-1.656428331600214
-3.155419265438525
-2.146584791567399
0.721967533394998
-0.604539627708205
1.862087336069402
2.046505400633755
2.702575379128413
2.667500737429999
1.664089574502477
1.165728441924201
0.584662995526039
0.645670495008041
-0.046461380174361
-1.764983871190049
0.740157165220463
-1.316137921283602
-0.863369502782388
-0.704262418679868
-0.193202329427393
1.850962102149822
0.646299105349947
-0.741424608128329
0.423401435654997
0.669085203659858
-0.523585460764796
0.085114531025892
1.475368274678228
1.168138026469561
-0.190773236701768
1.266835266806212
-0.012196315286676
0.396889839458066
-0.438518929936851
0.470416475097640
1.557631510896980
0.384960635360095
-0.063408413065067
-1.904158156602434
-0.199605202743947
0.438703847309088
1.266591333192643
-0.060747893839954
0.537905083067496
1.923470395498669
0.361262034921989
0.888823790052264
0.824682951323809
-0.695900105813670
-2.087139735472721
-1.098711506638939
-1.358512543138735
0.442423321385218
0.059380041926826
-0.075681308846826
0.244145889651306
-2.384503494836495
1.341769587899967
0.934532099397374
0.194073430998306
0.664098586242011
-0.591831691084879
-2.186017303747120
-0.513662139497828
-0.226489049770567
0.758767312327323
0.166498167094627
0.472978188384495
1.302679482088784
-0.556428043474840
2.240113907913658
0.380267339855729
-0.033712891727795
-1.354960508137448
-0.836736465480424
0.161623460678226
0.529457836208020
-0.517203555352413
-0.454187194292606
0.154802713827005
0.227338020159394
1.352339982505457
1.270164459431610
0.318445529116669
-0.032310819825287
-1.437908282785111
-1.615077774966597
0.046591712622268
2.300798986149973
1.378232216429524
1.067605845317791
1.590105992512036
2.554463603897087
2.163404172811731
0.806901162301352
2.099425460352855
-1.232362788754764
-2.064303713177875
-3.213333970440144
-1.889904709161410
-0.951409976779717
1.428169495072543
1.703265960714644
2.288484584120605
3.991820429000810
1.565957287422240
-0.783035521232236
0.856021397680212
-1.532334276617309
-2.015958244203541
-1.042160177146798
-0.266445882170295
1.942233653914107
-0.790091316436378
-0.194685245497571
0.834181088785955
0.896580197722296
-1.316473944425399
-0.406920249756287
-0.658753485388820
-3.258964181116419
-1.951752951669167
-0.075010321677281
1.395992412262639
-0.528403005786366
-0.677900079774054
-0.085107990403947
-0.169650514610745
0.373705153054939
-1.504525389080138
-1.999046287701100
-1.554486143407855
-3.066439369868097
-1.250782585131504
0.917336908220165
-0.490119723069691
1.611239535402011
1.714604766924771
2.914480091615498
2.984420064418630
0.729799535193723
-0.013152057050152
-1.810613023673805
-2.229732343677141
-0.739287280410661
-0.389271980489052
0.381316915757209
-0.081112640656213
-0.108023583035876
2.388900948638626
1.718763854678014
0.918567204540919
-1.189638085623403
-0.993540331898700
-2.914944928039747
-1.488693697462246
-2.407827229384116
1.746583928659351
0.616529316028542
1.262355807872376
1.243979062079430
2.516911580060893
1.074686265397171
-0.068336011349542
-2.042036908852643
-1.809446094079705
-1.730323525682971
-1.553288292002956
-0.103059919442685
1.759185840553075
1.997288679489713
2.401170770906579
3.374335818565957
1.755026805157414
1.352471245011947
0.515745548274210
-4.505373913141725
-3.453253683096268
-0.875709745269843
-3.107784894406205
-1.405054185107759
-1.278041135093271
0.495562891633223
-1.165533426064858
2.469955150347054
1.336948750819090
-0.619058663175816
-1.531642400674189
-1.102124160995963
-1.828090085017676
-0.336417719516249
-1.643341334392731
0.323935944002884
-0.362895864839056
0.409038005644838
-0.211040145623878
-0.138368880967168
-0.938490021500746
-2.344079560152330
-2.707342257325700
-3.603850103147145
-2.126254985966799
-2.660214446024719
-0.589900136222558
-0.953552763864259
-0.068187333172835
1.210698356560184
0.457829913226234
-0.483539977806265
-0.686977067863258
-1.257462771402177
0.022937134063937
-1.632814312574603
-1.973476007998712
-2.362281197867345
-2.335080792174661
-0.904575585551949
0.208947989389144
1.156740261095002
0.186178023732283
-0.419395942594786
0.192157585591539
-1.037971324498928
-0.158767680583669
0.252804194907659
1.008464844168984
1.439702345263762
1.811327071039003
1.696130396570431
2.359669016388662
2.374944479876634
1.268802635484746
2.796551094641475
1.611488471451270
-1.042208065557740
0.750825372016221
-1.673519801046515
0.246756923411326
2.055307935781206
3.770126120528887
1.100504257429574
1.016197374176210
1.605334952556498
2.585569715215089
1.078815126219788
1.501408239634379
-0.837644436933729
0.057767199790669
1.306433661183003
0.418555970865053
-1.123750895075925
0.205216960655788
1.298784912276945
0.537248615543081
0.131791610897001
-0.003899576409609
-0.141778847901928
-0.607035747050111
0.078173678228266
-1.249475742691363
-1.269294932704163
-0.723793895491717
-0.162331001707008
-1.483518210694643
-0.623186722813275
1.356754862727579
-0.057440444872070
-4.148197984938717
-3.147809452370199
-0.923997507948662
-0.932876943142254
-1.173645838119124
-1.293507458218313
-0.441335248532921
1.427088662554090
1.615741351340512
0.802088735497978
1.169070129398762
-0.283701464146632
-2.400706671556782
-1.317420021734152
-1.341255409396083
1.026758201367128
-0.862976477722288
0.140378589754172
0.882160098350862
-0.483510726628046
0.711251102795419
2.408042035243042
-1.312321896050857
-1.537095088738532
-0.069896136799502
0.835204180017851
0.202036868999772
1.773532373409025
-0.025225571621487
0.343267231809411
1.558373947356517
3.717331993951569
1.543664027486896
1.062067404694508
0.418440702824330
2.430811567351108
-1.632372173905569
0.015791312268843
1.081006034005166
0.864562270533812
0.403196013314039
1.113088718476191
1.121776370330557
2.176355658329620
2.857034367813033
2.297663931525230
0.918960414866690
1.119533668473996
0.208352098696863
0.920282598334802
0.680736546708671
-0.279516403849916
-0.068984520233537
1.675783041974749
3.490185317924591
2.253097802129751
0.994514513162611
-0.608326102685813
0.091805392136903
-2.001430158973998
-2.195699093415747
-0.144932411346394
0.798315231816914
1.548134817682772
0.098697991750563
0.423929747333551
1.460321847602331
-1.750560662881985
1.813041309008299
-0.944373056679320
-0.550737461738096
-0.601770088276598
-0.741406651357480
-0.859012044441902
-1.227181529166089
0.724266504823001
1.489672876776375
1.642789081397315
0.368999925141595
0.810452554315272
-0.937623508869574
-0.778371861061453
-0.725057445072441
-0.843409217331370
0.139637690802574
-1.046517266604304
-1.198570427661639
0.125919464522165
-0.888555892729603
1.449386953368422
0.110757464418375
-1.579967851466655
-2.252874851115585
-2.178957896770888
-0.790997695484927
-1.858468833861832
0.118579152071687
0.327676451450607
1.630661025933441
0.233362773442768
1.349418261658238
-0.089960382157557
0.877804422534920
-0.561910415858825
0.357740227555558
0.606276994306886
0.305660208246129
-0.621504709946525
1.602750800556307
1.738365391407934
0.546657084365032
1.092823086328116
0.372424120417386
0.197765314150842
-0.108907253291357
-1.372870693310634
-0.492842464928865
1.368263835409649
0.267628228098931
-0.023487035217240
0.025218942169032
1.056517693353691
1.464994690331034
3.437933605345017
2.606842919088148
0.904644012968771
0.739573939067744
0.371655824108038
0.104486948222288
0.506147486878062
1.859115280110903
-0.320550987585077
0.782867246733750
-0.317958593940555
2.776688048717274
1.103879923478622
0.517436339151497
-1.680777112541238
0.026872500160580
0.253416745939127
-0.027735478478720
-0.028345493975187
0.413951216880797
0.872006518744665
1.502088484635127
-0.420573858778201
0.294212700744771
-0.527647958949871
-1.117765263483163
-2.029735236519055
-2.779244924632747
-2.780465593622288
-1.223819862440458
-0.834080143258915
-0.054665280548089
-1.167391185937546
-0.077252461453548
-0.807632138706092
0.426054871369104
0.158112075277578
-2.215304414170724
-1.948176824515399
-1.497647034142791
-2.141829377099368
-1.677217160359004
-0.094468653766676
-1.105229791398137
-1.585878455181994
-0.813050562277196
-0.028205490940967
-0.901918103888644
0.307460786150937
-0.715590837428828
-1.733312498343258
0.769400240806971
0.673917042083148
0.108501376927188
0.730500541537057
1.233291416164480
0.219495636553340
-0.048241030207120
0.225436247859414
-1.733527422282066
-1.815104013639654
-1.510849165191868
-1.053189186871516
-0.609317731625414
-0.949838297797792
-0.792055539765737
0.340012125680177
1.187697667398564
-0.670235956467799
1.149404769999216
0.905114492494380
-0.045027844384454
0.027421941580632
-0.194377962357603
-1.466087200620360
-1.677544165676911
-0.911833873291495
0.240604255629988
-1.097850077799547
1.123679960573140
-0.099574962492251
0.759734884455893
0.122296323890212
0.928910915802731
1.031291677454850
0.699609689530703
2.866420721460750
-0.333549694560032
-1.231287703522923
-2.053986437243254
-0.215311135229675
-0.326003213167666
2.225659409322549
0.225185624290436
0.073065188049680
-0.752250970127447
0.888049254205253
-0.700959148940021
0.054236581760966
0.056280332242456
-1.365599233278326
-1.750410584463094
-1.019824521604707
-0.850619810203777
-0.522383586602225
-0.224533327472180
0.340904379485999
-0.183314120350643
-0.542840312553406
-0.255040330938868
-0.978172723797322
0.749519930369572
-1.466591331365788
-0.238567582104296
-1.198917161799997
-0.155523443593637
-0.046560460753223
-0.210951603638146
0.050765804203439
0.313752776538655
-0.658460394305743
0.504035829686114
-1.625879600088961
-2.582039579236451
-1.421522005223749
0.011757883276197
0.131883834371584
0.326943589685321
-1.132844030205324
-0.406779936274972
2.329323510115850
2.052405546277384
1.730350725011286
0.262271712692453
-1.914810687238188
-1.255891643778378
