1.513684867194196
0.212676523270488
2.867258326952893
0.343830104324314
-0.905555255504600
-0.866810961078111
0.037895984950566
-0.350077318346444
-0.015095650829379
1.105414601923977
0.914896567365596
0.762928504349947
1.266542582157049
1.001490003007824
-0.646028013540453
-2.581859257674854
-1.530486168102021
-0.628749745269816
0.075854465575135
-0.158831732173753
-1.133802926011839
-0.342273298793912
2.213656795616194
2.297967287150018
0.479999548472554
0.156898000133271
-0.671313011253421
-0.880613157212028
-2.020552762265380
-0.389019748258916
0.391620713018842
0.257465701635850
-1.842272366526642
-0.681555311744361
-0.237022011813206
1.382783611798623
0.499974418999116
-2.178551061081742
-0.992928537718971
-0.580227000308489
0.319931634360074
-1.968324669416738
-0.793033403334233
-0.322512555190984
-0.301419970490694
0.627210982223215
2.642422124971187
1.727797850031435
0.165155515092361
-1.305052175979639
-0.893790665215991
-4.094255888140333
-0.462746663883138
-0.765792221928671
-0.158650423650073
1.902813245714476
2.162080532919252
2.019126929814049
3.199080819613446
2.040849580608209
2.538351313184187
0.359819660666505
-0.508669403148589
-3.661805400075589
-1.131651319219683
0.085048249913582
0.481835356684973
1.073716424467129
1.402032227954978
1.115543634260951
0.670384809098643
0.732115806518443
-0.144339608880508
-0.230598996361000
-1.343813507328289
-1.288651976572700
-0.108180639100925
0.694500208629115
0.376306712097809
2.565810600977038
2.064313264307140
2.477372056313642
1.661311403119111
0.005833975963196
-0.981020736986652
-2.195018690695946
-0.780370073639509
-0.899808122495663
0.349267689723968
1.031243843513064
2.545458096673474
1.154812994676156
1.458238233245210
1.995778694058278
1.445964547111305
-0.472260809433208
-2.690822965979831
-3.488409300876132
-2.019184652043577
0.023330136875671
-0.015431104506013
0.957073726463544
0.983161389275964
1.088207552066345
1.216252028760336
-1.636753178213791
-0.933401423365648
-0.979063199260813
-3.332570714072039
-1.553213391936588
-2.442822832123422
0.606428261147033
-0.699456389664869
-0.810418991915400
2.109320605337281
-0.350840755084643
1.529729446000487
-0.825118556694361
-1.480568339447196
-2.222042247071523
-3.635740721493378
1.352445646560923
-1.182986636943029
0.878879157147129
1.581045003773179
0.567476908374965
2.554763046893295
1.172286971785499
-0.346273292547061
-1.907231835481879
-1.114428935109771
-3.058447069847116
-2.036517639401940
-0.165152745864208
-0.232342484334324
1.057096113091382
0.423811357611869
0.178295077081413
2.349404754579875
-0.896774968350191
-0.573613765450252
-1.078349261127423
-2.079452290799280
-0.575129738092843
-0.563955600863782
0.815940217118569
1.079984382832096
0.764177017989160
0.844259222204763
1.771961034558796
-0.187157670665498
1.428180226708812
0.871314984372112
-1.243689224287077
-0.843988475514021
0.950294960923590
1.305230719690037
1.552429527390189
0.793275517354092
0.415437790195412
0.983966050949470
1.818861838648997
0.992727684101865
0.414869833362649
-0.095683432364395
-1.710991490401158
-1.014845368641283
-0.895393570523292
0.729532587202689
0.631853324968660
-0.117156013758131
1.308357151185586
0.513234102940945
-0.453495139182635
-1.356436195462345
-1.367305695992327
-1.672202684858522
1.454473757375609
-1.127645618427247
0.350727065057457
0.107709117280088
0.231686437460656
2.441996841124557
0.387600571926709
1.455373475251673
-0.137121143786276
-0.647051962708469
0.720511703484064
-2.595537580877853
0.613027121553006
2.238326769719349
-0.304337449735427
-0.181280942483406
0.708721183240561
0.443545619835126
1.769940094597497
-0.722645710736923
0.308640169021590
-1.462105360588868
-3.034264886832122
0.003853689385992
0.491408102942789
0.355998023767504
0.018083020610430
-0.687631524828079
1.305891237770353
0.652056737526886
-0.241648421429890
0.022358566645734
-0.046468888346912
-2.591245016646067
-2.734032441659693
-1.139164398330392
-0.953061850703900
-2.113310617759322
-1.562536828291731
-0.964497591128470
0.308567741157559
-0.747385899398044
0.974961249570757
-0.770962454770505
-0.969733680898443
0.525983921301783
-0.514346172288219
-1.045708077107471
1.031196253405981
0.593811963852004
1.077796717188156
1.438977836544151
1.406958609023040
1.070598291312338
0.117021412561218
-0.597441350894264
-0.667526804309941
-0.780906871425147
1.002712816364220
-0.055118095329845
-0.128715393775647
-0.761862439506587
-0.091961333289698
0.645716841265731
1.535889946169456
-1.494759996551877
-0.676105615394379
-1.993796394551277
-0.354367454815144
-0.935879981200831
0.167843911655566
-0.165678390826973
-0.752799344822184
-0.144014839730911
0.797789349407017
1.055751752130897
1.741352596692741
0.241667735848044
-0.660205412740725
-1.325100025731792
-1.192519186883699
0.358802447161624
0.902900444936667
-0.922394179287903
-0.534254243970510
0.178731413560252
0.202901256314037
1.106828405521859
-0.473685943292565
-0.483907200054969
0.522638485908867
-1.987618609116902
0.345002790492332
-2.697961710298647
-1.125907193898994
0.192680021695000
-1.575523443545147
-0.173072366733771
-0.638422356360802
0.315548215412627
-0.653088521658510
-2.351933287774920
-0.365069256704981
1.158339909198497
-0.346608090564982
-0.423620744926326
0.464912439744669
-1.522262309143456
0.408490107274107
1.143079329523564
1.868570519122673
1.669486534520848
-0.564750323547312
0.122602813189330
-1.003914046971053
1.358703602653419
0.761763001695441
2.349590200861322
0.157270263928857
1.143596011459547
0.813893130755819
1.905202130284184
0.925940132726966
-1.958081821503665
-2.433965199688744
-0.473796308783304
-1.691126650345695
-0.728742002295616
-0.226263544248266
-1.688805013986756
-0.667456087834337
1.377327887239956
0.168130942832480
0.247732449440963
-1.797096384753343
-1.210281504739268
-1.733541405405781
-0.858097610699004
0.767589610763097
-0.034581069965890
-1.282687599404624
-0.244436601860925
0.040091321553800
1.150382943292692
2.335135107541179
1.661905725629481
1.815746631972799
0.509170393544994
1.470859398935875
0.489861935603835
-0.197483304962272
1.214970006174765
-0.017720869248131
0.273232786150946
0.607229662002263
1.713088898574456
2.418306534973854
-0.165271184684628
-0.059177310632124
-1.025912494688892
-0.322018663972810
1.715794263477283
0.855592126592917
0.767894376386690
2.870982748596661
0.490994980355718
0.391778221305340
0.190881753702406
1.571810308882394
1.035412259824054
0.976835812012004
-1.210436528499705
0.543848022271708
2.249473042196235
-0.312226659852640
-0.362259906368038
0.978791575576051
0.401803773348881
2.293851292098035
1.212153395639603
1.765805249367990
-0.086247123532716
0.460879892585985
0.934149217062357
1.307401511333655
1.054654626990970
-0.773451443270248
-1.761663465909378
2.811972849757571
-0.471862640874734
0.926198949543356
1.053186307266766
0.247712729723516
1.272477207496430
1.046237507221544
2.011038467163670
0.788403309935265
-1.420365420116993
-0.649981832019585
-1.346226257276042
-0.240911344748999
-0.889210671779180
-0.266314026719248
0.166639750510984
-0.121763577366600
0.121432658367027
0.202483646113471
0.909200358351149
-0.372874616517132
1.049365061870624
-0.790197237918095
-0.612075422593595
-0.507502568423375
-1.168053329703070
1.588315250046213
-1.010080977346559
0.394618909876539
-1.326051020829255
1.393398644638148
-1.054098048676457
-0.442793534434655
-1.242775855493572
-1.146877843939099
-1.072334194978912
0.663591309979028
0.853724760306679
0.644775304022988
-0.900052128974288
0.217003073634280
1.326692622460303
0.132006429172490
-0.267826241128618
-0.924625836928316
-0.311588853273741
-0.808432960815715
-2.115756989477387
-0.023799311474379
1.352936648942876
-0.604396028664332
0.521367307726992
1.703810258417422
0.619796503032059
0.967434893052781
-1.800399277451882
-0.945631676267626
-0.283330809442063
-0.763867835326474
0.396938061330087
-1.018335575010097
-0.300760985753773
1.907419357004021
2.341617519503815
2.549699403053684
2.414918672830300
0.629092272762293
-0.652939035041070
-2.716457753395716
-1.146874569557907
0.320460357776344
-0.706458708508898
-1.133444045439496
-0.612527898087817
-1.070409448539296
-0.837609942909082
0.971860876221487
0.294164569178519
-1.004803265494070
-2.173996473393820
-1.608225163896284
-0.417951775269471
0.520206825083994
0.013648514218870
1.805628714863382
1.382976530658993
2.571170629716995
1.720492339995110
0.244509397042461
0.722440007619448
-0.709025382816808
-1.748118254337757
-1.222408778730866
-0.304477008962386
-1.348046206171040
1.718524992213420
0.848603300761046
0.014589166941637
2.073168530952963
2.145236287668410
1.426700471573104
-1.110242758332518
-0.575672667892142
-2.183227891763421
-1.114509619679110
0.583619038152758
0.361601714440906
1.495848610677792
0.397244675628475
3.499564664756074
1.811578889627582
0.321237205355326
0.290849432460375
-1.939187993982488
-3.658586926143194
-0.556708396394466
-0.807729096991328
0.203515705589810
1.069359818785417
2.373745091538603
2.855244582093882
1.576270335037330
1.120725831111858
-0.281525192213215
-2.401667612289833
-2.669501882545677
-3.030551769739645
-0.074009691220138
1.613567567790656
1.987578932870976
1.753799963925651
2.725836581221436
2.178345525861926
0.291891313347947
1.297784298044455
-3.380337253275503
-2.609642408926734
-2.660497179925553
-0.656670751496848
-0.608398913048389
-0.365657756211836
0.665656843881769
-0.119382840590372
3.957300445303306
0.093484829327151
-0.703884770385099
-3.190452040667476
-1.750386773069088
-1.707263849390295
-2.500973745721714
-3.272580949413156
-2.309549263264906
-1.477856211104883
0.445761189217317
-0.520653387219061
0.143354818482172
-0.252038728261111
-0.931980312554607
-2.519390337143687
-1.805505225862488
-2.958041822860412
-0.034933304992113
-0.965352812036719
-0.103526228684131
0.736304358098441
2.636269594774753
1.130295127614885
0.347611608322015
-0.782231328441719
-1.463126177611324
-3.752570964429927
-1.181235541873375
-1.588245683641864
-1.879673418353783
-0.096235966127853
1.078317400462701
2.317149540324404
2.206094903810580
0.093409350104678
1.342179645583062
-0.187518846350751
0.023167231254825
-0.154598157699937
-0.791185514365463
0.135791158432077
0.179932036683814
1.928609977666170
0.745939806403856
2.214516479039354
0.858192876333331
1.259939067153691
0.273418378370356
-1.301156131299456
-1.604514815951206
1.219003457523831
0.539823915063623
0.131788321982959
2.319513618627954
0.953412170190590
1.220291527989507
2.641648614806491
2.484192503809513
0.698060988439354
-2.316384846192225
-2.194405328714580
-4.244391335447061
-2.868441130622202
-1.227889329194795
-1.540942084278815
-0.939857540034075
0.563706538664362
2.150395736091771
3.686147930949808
0.550990114895281
0.030631428974276
-0.265578567534631
-0.848586545117386
-1.715453145042901
-0.369770944472981
-1.375012420488735
-0.714922955690280
-0.379850305821537
2.915916122067710
2.848788480408985
-0.117603996838268
-1.200660839020257
-0.463800665799229
-0.689833982409361
-1.871430714256615
-0.226310082567732
0.628586053172229
0.820176892690121
-1.098865589082473
1.776297655438136
1.146112230831383
1.889207526107078
1.818267883467840
-1.886779734585612
-0.162839387320799
-2.070044561960406
-2.744216079768501
-0.739197875543943
-1.143539169053554
0.532750907063803
0.630380767814206
2.703210892289610
0.441635157367089
0.975141256200056
1.422274172389379
1.039040416204758
-1.148266289058236
-0.726263020308150
-0.038795581702843
-0.103120937759563
0.080101327782867
-1.114316963812319
1.247345880242199
1.585421157512034
1.614320661013085
1.735868834764535
0.283079335397813
-0.595666596532826
-0.049517886747339
-1.690158170370811
-0.122840571721565
-0.989626737941326
0.954580754948260
1.470149500722445
0.222977068428752
2.642924950286701
0.366871943088623
1.696543767710606
-1.339903394169800
-1.999832088167143
-1.096175629701733
-0.795554853945478
-2.204046936514716
-1.577327234669067
-0.916861597906815
-0.877330956693175
1.004521990675007
0.463858012633848
1.045028868583251
0.666341991216859
-0.773109905802167
-2.230508431185876
-1.371487697760519
-0.975752555408514
-1.396048394917114
-2.600347524965984
-0.327902740474581
-0.550157046278913
-0.635633959075982
-1.094959092288302
-1.792925656681060
-1.988436458487254
-1.146397701998846
-1.599778980010327
-0.742952473699298
0.161003367051448
0.331727951420973
-1.194320838897614
0.297414610296211
1.919318082013437
1.887517207178904
1.575191769899113
-0.407478717206403
-1.110487190294689
-0.797576368824323
-0.600921847067089
0.366598403591029
-0.950004600267931
-0.761063497038088
1.633112273247854
1.175861581879719
2.118411300825735
-0.173499034333782
0.913719195863486
1.807210133542461
0.269280402533365
-0.526008956056210
0.429654248003120
2.486803152912450
1.129198967142379
1.679430674119939
1.005981628258904
1.157353759064818
0.604288599391998
1.216064170328737
0.401202276098075
0.223461847755590
0.270382855823123
1.373339565029385
1.817229400346072
0.724711254099850
1.811601372737432
2.407500027094453
0.947807258737019
2.248726418663956
-0.596332171818826
-0.203247334687058
-2.058726575628481
-0.826454605030131
0.942689203166477
1.855252277699893
-0.632872670000131
-0.969137768633694
-0.038255224179098
-0.702295967260551
0.689745852578142
1.933877487921486
-0.638319774753753
-1.076686655552014
-0.112062792921467
-0.795192187209217
-1.749437370296600
-0.203733065066038
-0.729481453909551
1.634069572089140
2.068281740201908
1.343297293485879
1.517471381589861
1.601609689468223
-0.061511784933996
0.152478341673864
0.784291505934636
-0.960295713611445
-0.749714314599005
-1.154976381119870
-2.284762311972166
-0.342768409953936
-0.062780677562844
0.785651657850001
0.855258608096954
0.363610764242083
-0.164544414970932
-1.535901813595553
0.281272923596587
-0.163579423929000
-1.872370207155185
-1.974693982790354
0.404078909793250
-0.172814521973616
-1.196325302100400
0.441789690466053
-1.435657419839897
-1.378233352103975
-1.607769976585601
0.336529731688532
-1.034729888204727
0.704531167177048
0.294751198860994
0.567629946315908
0.394592900723160
1.462042948244389
1.639850950614254
1.463946410912137
-1.151557967750670
-1.357345830275597
-1.729882525494425
0.695858612533381
-0.248907403064854
0.725427486825079
2.038430810659683
-0.491069783716451
0.708459360025945
0.417448644205072
2.129050326375242
-0.314624289409654
-2.357983687918943
-2.975834047861941
-1.014568123899106
-0.803744112330793
-0.370953170773106
-1.863980728403796
0.129122650273186
-1.324745194576311
0.926911331517277
-1.533253183996444
-2.069130439706315
-0.312509750959475
-3.385795760831148
-1.013926962022086
-1.546818220200400
0.504325293210817
-0.007818395651573
-1.214696314107159
0.267860851902580
-1.313478719463288
-1.618746793570751
-1.036560855949643
-2.418270595181276
-0.116321821156804
-1.298798774789603
-0.089330991555567
0.123431921067259
0.953200477953879
-0.922827886686204
-2.481839191004428
-1.914193247203693
0.951788886278830
-1.866272951910501
-0.676110645731851
-0.924960787905065
-0.045685687319116
2.773567444093013
1.477586571305502
2.946920746155576
1.094686344885576
-0.936535881103352
2.199668483876955
0.678176556176502
0.318837413064022
-1.050784667278731
-0.988411667972820
0.144620916859091
-0.267580894108115
1.505201809680343
2.210526349604419
1.071726293340764
1.029392668547138
-1.245687013375000
-1.805373984056523
-0.003582673918375
2.952003706143651
1.190324534048844
1.296099498100067
2.081670284317926
2.156911353607259
2.626635141585394
1.337147040925252
-1.020139951929741
-1.504015837416367
-2.750123704989376
-0.882315675836002
-1.932241556077281
-2.403638455257848
0.074516316118669
1.088241816521609
-1.079648874241646
2.071272074606743
1.327577840768804
0.180558538951176
0.792212615881297
-1.594650751813626
-0.873607027115227
-2.127134115898213
0.067396103220501
-1.288203613024280
-0.477099831815780
1.422591682115065
0.874423834688136
0.788212977791607
-1.127129583200950
-3.088412243998179
0.366169202162122
-0.763378129917815
-1.661453739031622
-0.224986156045193
-0.251719363140937
0.222826705011179
-0.033447092249946
-0.306800776457328
-0.039922168083926
0.392788506598749
-1.366127316232321
-2.520808882793506
-1.051238925332171
-0.369693135784582
-0.864311178093494
-0.349795401331473
0.420718622447126
2.505060666426625
0.174950121243342
0.270831035366839
0.167314775407654
-0.176531440307843
-0.774836552793743
-1.447075473155838
-1.430326680311816
-1.183072629240380
0.927096268617446
-0.713603495141505
1.732672724966221
1.778062107102429
1.550004889391798
1.158491536408764
1.405101228563584
0.029848507369779
0.503289711761136
-0.273275048123104
0.300371896608155
0.173835499673928
1.074002691221376
0.527183956358305
1.695955178522708
1.260807526344695
0.869218309764470
1.044380031839391
0.205050276841724
-2.189755183673978
-1.045467020913643
-0.602724365858865
-1.249014720971420
-0.081192977277113
0.611656168152813
-0.192613421185955
1.131776355031784
0.547174915344105
1.522303680995173
-0.439481435802882
-0.239445955298885
-2.056134544969399
-1.337350371904110
-0.644362886739014
0.000159080643480
0.337723770875665
1.744711154532094
1.509418871848207
1.998125642862098
1.892382294975975
0.834706511119650
0.618942918602807
-2.906646726380279
-2.445795818009877
-2.008947736167400
-2.075397102136085
0.099777879345533
0.115209390940013
1.445349046296408
2.228868134847800
3.119692723917350
1.010655458386496
0.926030708422944
0.623543720662084
-0.648938174194564
-0.319891039703701
-0.363224882472861
1.296643026388320
0.213556517804610
0.680737522331964
1.945122424162345
3.318753753989037
2.103313395318727
0.010694048677959
-0.000280814139129
-1.566980190592090
-0.831572613709997
-0.547352647261642
-0.410797088167557
1.045371494552889
1.421484846942552
2.290208303410166
2.548214626662933
3.026425035998230
0.725770191072010
-0.095841534474800
-0.234783879961143
-1.287520014349526
-2.115479566876997
-0.687155823721583
-1.474645686657779
1.168126857621268
-0.364246434646557
0.707192051356170
0.745290750869133
0.940436032149169
1.005882008386487
1.061480376038019
-0.500390947342175
-1.358696901505745
0.396462437299159
1.286764766457109
-0.553329484082160
0.688074549165771
0.040944461101163
0.465909822208566
3.473964370690961
1.086023292254889
-0.848992061875281
0.122389517250677
-2.651610093157180
-0.727073121989408
-1.340619827661998
0.833787693187213
0.703394056590129
2.190548356798773
0.749164883771674
-0.295599452413564
2.285713706174243
-0.645385033764214
-1.161487056617601
-0.874086823120301
-0.830175748269492
-2.336751222456807
-0.937868073077700
0.321383796825618
-0.393857816613035
-1.346281469692804
-0.821250712865278
0.932851343065490
0.630654007374958
-0.610466075955791
-1.409519146004510
-1.568955473661335
-2.586991786853112
-0.037028382637022
-1.024363341500276
1.589372907176051
-0.346326795977296
-1.024946083075133
1.223092635943023
-0.839116909633071
0.054657568733037
-1.833779548380047
-0.262293948642865
-1.406013678592712
-0.202596079475451
-0.253458553572262
0.094812417232914
1.841460939507358
-0.568690613503676
0.508919786939668
2.453968221821129
2.379001718549314
1.247002791391884
0.494978477187334
0.564980467471247
0.354209351165117
-0.805442693602282
-0.153031916868041
-0.487429975253011
1.425976111900519
0.103801917615786
0.998805600407275
1.806409061619382
1.079641437725774
1.159286464465335
-0.776175115174032
-0.705643833665358
-0.448670247707714
-0.843511601173404
-0.678308667390130
0.579936307628967
-0.849883452603550
-1.189274522174378
0.307565813908824
-0.220377083124931
-1.321107416805443
-1.711901743428891
-0.942345306288380
0.212574018649991
-0.571272115051679
1.103923099261511
-0.960221808608521
-0.308678457429913
0.203699792182360
-0.548257263507711
0.475307805292415
-1.339324286992476
-1.659485313165996
-1.557949796138924
-0.680023092896765
-0.346436962851025
0.228720045450569
-1.306547190222703
-0.876236657855302
-1.179784879796337
0.771672578493979
0.231070703979124
-0.109750717846235
-1.564748368612864
-0.908095489315599
-2.207442881308742
-0.869921020867201
-0.914468289802126
-1.439886885631461
-0.709835987733325
-1.351713808148471
1.167274192161371
-0.169114631878613
-0.929255965356982
-1.506709476344635
-1.886031600693150
-1.940700090950616
-0.295578394623456
0.444323382262121
-1.817819288095489
0.292923576070159
0.793882430938273
0.845868585289987
1.141376291484079
0.059050259439106
1.249722153066605
0.622894569449266
-0.724735745593526
-0.686447782470918
-0.184710154503387
1.038979480837424
-0.825962185081674
-1.247097257680547
0.280044858552813
0.298113885875200
1.989494101417956
0.759868436037851
0.899776773906394
-0.077249430569392
-2.039108907055815
0.100802711611917
1.081502067746243
0.912743110325612
1.503793821377651
1.728959196038905
0.675090570514456
1.709309974331206
0.336078928816446
1.697355991934104
-0.587668250241189
-1.090829838289316
-0.785387974005149
-0.292284272719902
-0.807888068666037
-0.129619248624243
0.042817482950640
0.306746013076714
0.161486491933659
1.802288099566501
2.608971729972089
-0.526151892062331
1.097043466670279
-0.703221228545950
-0.358867447369725
-0.544161941596152
1.379195762849289
-1.323501873322945
0.562429961955106
-2.426409087959980
-1.158110783507178
-0.934447125528065
-0.288959710819026
-1.666325711367530
-2.211476282377910
-0.157592538964935
0.289610549850104
-1.646993237034523
-2.999820748817624
0.259208234497393
0.684515385207540
-1.943045344982218
1.430639396737506
-1.220545984490266
0.402608624040656
-1.251883001296851
0.586923738926803
-0.253804189763241
1.810579843216631
-1.132309895154814
0.340211081135083
0.663212783017095
0.652966107318259
2.639060691220766
1.000746994911272
1.426358481433679
0.645435422139355
1.237744367168226
-0.422941056603379
-0.599818491562817
0.335652993950360
-0.690260065689483
0.759788964943867
-0.237755973257049
0.670528398037609
2.703696493343980
0.648922783262937
1.010777316139289
-0.319894729039046
-0.841025290714647
1.495219832302153
-0.264662355683829
-0.056142689534678
-0.326856374903636
1.479290763955187
0.277442288420338
0.634552406879347
-1.038511352072062
0.959997316033709
0.926464505227095
1.007219724195078
0.941364124177490
1.913343508270846
0.544221571851151
-1.399137168537751
-0.178874409900517
0.348835698401469
-0.344122420315628
-0.017510011880394
2.839758648489576
0.591946927972629
2.107862428735900
0.984609975319489
0.770258196390630
2.304395690892208
-1.444290880804801
-0.206341040954882
-0.247888591681769
0.648008725934658
-1.693375012491497
-1.220317515317909
-0.027058311219143
-0.879981681350894
2.266779651063119
-0.303011825794665
0.184882021936390
2.886162768631900
0.226869587618862
1.243662129534733
0.132070436083690
-0.656485427614757
0.730038542871229
-0.085902971600588
0.451914224687563
0.401183783960253
0.343090033948347
-1.913593454241444
0.944227922673916
0.213910817290931
1.385746558427190
-0.846667468831098
0.396382077060620
-2.142918913807756
-1.229964328188170
0.330336127272170
0.751322174717238
1.470904915819880
-0.578591488492048
0.008837314217563
-0.038917001815130
-0.915217936418235
0.087175170920959
-0.982033359818140
-0.997925521120378
-0.618202265433423
0.488765817358643
0.504721335747456
0.924706805977861
1.303442145992299
-0.166295244068158
0.983021383739768
-0.222925040924130
-0.636419022561710
-0.721761490137067
-0.000516858164642
-0.158827463347921
0.167033368630942
0.429387017169622
2.393233979637293
0.892118353985044
1.439198696453464
2.895281022662267
1.189326814129188
-0.634527563391626
-1.447315456457796
-0.380407466562454
-0.518897915303299
-0.076399720559689
0.086690629417612
-1.101759707543812
1.062325881934210
1.704595059540784
1.025069919598196
1.134084944318863
-0.263819184912066
-0.490395265190953
-2.113421881837044
-0.230873868806082
0.920920790641839
-0.573891691517561
0.410154313144863
1.177417319853849
0.757483013809974
-1.888987432719943
-0.855499169946867
-0.480586616904792
-1.433544729768103
-2.223474016175498
-1.388308046631297
-0.222664513610538
0.480040427199334
2.376216614538561
2.526698914043899
1.135834960240714
3.726947996814535
0.418692375789712
-0.100920678979628
-1.918217928399354
-1.567789483370462
-0.683420478983522
-1.187799140015148
-0.253313987670919
-0.120201991711227
0.180289728611889
-0.915944150082646
1.329240368930327
0.293647758297815
0.098889243892921
-1.593290514750765
-2.635528000715848
0.057767389179440
-0.678549824412300
-1.435036412486876
-0.048834074988519
0.954841398782380
0.049994577123356
-0.355916917977940
0.470640791338063
1.700068007945904
-1.131743665020522
-0.553623892801400
-1.508867308052693
-2.216942243268427
-2.455124091130180
1.338098258527444
1.215925892494530
2.424804570271337
0.906755620478382
0.870474187398929
2.378760468121078
-1.429185475082542
-1.254206221271433
-2.559131509811473
-2.393034609198968
-2.893970472901473
-1.095398831867352
-1.904500901076948
0.715234908049685
-0.664555587822219
0.515421045095094
-0.279448688310678
-0.999212481148490
-0.545635832950257
-2.989887176084856
-1.690575160952319
-2.041558537311823
0.165534277805199
-2.647030989352099
-1.386007487128106
0.880646269489523
-0.049832919824950
0.840662224559990
0.382856910243608
0.484010872336728
-2.011064085092325
0.430191277591214
-0.854721563315847
-0.040883124756325
0.383919883200912
0.499349737648399
0.623479985019783
2.663344930646995
1.859005674892624
1.481913281784203
1.331960445632865
-1.404075910140558
-2.576098852423059
-0.562392041994528
-1.523682462289001
-1.323517515389093
1.187047420893192
0.587552814155782
0.269863492749531
1.771515507550719
2.173649379933264
1.839697640406986
-0.663483556441163
-0.738587471166707
-1.274124321983239
-1.372246994363370
0.761767611573398
-0.579320562751703
0.653854515563066
0.193500798386884
0.767192632133799
-1.353540397700447
2.402541738575477
0.557352832671555
0.749889016501451
-1.483441798044871
-1.045357924547851
-0.234470377719185
0.238747364709113
-0.234931590869598
0.536208793848447
1.186549772189279
1.144573070151292
0.937567122724605
1.166944221486900
-0.557042862110640
-0.775505754815507
-0.974752077559169
-3.354641605729746
-0.000096395145325
-2.166083277393982
0.967308425677978
-1.298631137805049
0.684553266236273
1.051327282193246
-0.440505127007673
1.196967508440272
-0.811970915131468
-1.362414877955361
-1.151731594837923
-3.278502800723007
-0.961090644040169
-2.218474004721915
-1.068355000409978
0.266836610992387
1.377136747991174
1.632217310134563
1.720816478323652
0.884139595899084
-2.026987112789627
-0.438144713097351
-1.400479497594828
-0.793804235660893
-0.032880111837225
-0.456250763013409
-0.531960917989663
-0.295356771274940
0.488640212930043
-0.662573080475433
2.653741410898303
-0.578064747041891
-1.466717768414181
-1.314764748989235
0.224886665450408
-2.217122329586828
-0.566983313495079
-1.113078299504648
0.143796112043249
1.399528047922816
0.821698677920444
0.075273678561679
-0.044175078124674
-2.648824878277070
-2.753195708809450
-2.250679458443429
-1.298100364646476
-0.513498142276537
0.512391270116989
1.992528605826265
1.987907278136280
2.155251885631278
4.846606997901047
1.720818355111560
-0.472000822334767
-0.443175236921941
-0.905393596799401
0.311955428880903
0.343341655557915
0.209465189712807
-0.160931579751942
2.719040451782079
1.006571445332760
1.419310775201038
1.621441032413096
-0.163976208171117
-0.633211170527767
-0.768317884941749
-1.060709111316480
-0.435390581356894
0.048307245193800
-1.623201188363212
-1.091139376947150
0.942053441068373
0.281362984203462
1.308161795017528
0.597465783792263
-1.598671714630536
-0.829236268408916
-0.555903935400132
-1.022292061137599
0.622733202104314
-0.337512113310822
0.868486885493679
0.390913462814909
0.487069859367620
1.980567229358542
1.855284689650931
0.504183293100345
-0.546411619049519
-1.362547084652983
-0.993155080012315
-0.353358655889992
0.132664380200658
-1.039728682921009
-1.356989669340010
0.537949982053806
1.918378881408461
1.930662136057354
-0.158450202240531
-1.024694572220875
-0.238124860074083
-1.201676655124391
1.513364121636669
-0.404633611303063
2.297102774274764
1.100339559397889
0.362032737662388
0.319767449568146
2.661832217537155
0.447836417818163
-1.921233231190558
0.883028778065337
0.666373782852856
0.701584041872022
3.493069800600116
2.026539149721938
1.457210229980997
1.593874838843945
0.940183711490155
2.819720305879478
0.956158994783558
1.162745189463577
-1.509162902505899
0.152038660066206
-0.185154266286828
0.435546364205792
0.510881495014456
-1.435913918147686
-0.671150071760441
1.024987868770644
0.722539106466248
0.888602396146975
-0.038326342992908
-2.346948304916606
0.749187369629638
-0.178674478105760
0.097576685496190
-0.407385923837966
-0.256972330303156
1.472548817370258
-0.072712270236504
0.541468529622717
0.848395686236818
0.881881895862042
0.545275385616010
-1.498399667319519
-0.100575532213808
-2.395176094547547
-0.918123783852732
-2.463364038441605
0.236159129148738
-0.140523626470253
0.986060652088334
-0.082599678196650
1.939745547192817
0.047610355008612
0.005805588731061
0.916390465824500
1.135930524722965
-0.171948189009902
-0.540411473672648
0.141290383798266
-0.673442167533867
-1.512153096740172
1.186447146317554
0.385203943508075
-1.664910359714111
-1.621900881591027
-0.589155197765726
0.122153564677505
-0.046795722735277
-0.129792747262206
-0.963138247225277
1.521975220014345
0.140574615561015
2.516399322014184
-0.090423595694519
-0.619967045622800
-0.586183764355722
-2.335672734396070
-2.750856052282862
-1.713343049886296
-0.955286488664671
-1.477127073616245
-1.819036756071524
-0.698969308740442
-0.920899040044248
-0.229996535704169
-0.792967412693195
0.294179754544984
-1.304836268172599
1.796978749379260
0.585782091721020
0.719673226191618
-0.223841890738741
0.621845438347108
0.352140489501745
-0.549042208851602
-0.421524770044948
-0.768983811955757
-0.594437144603298
-0.665755295051603
-0.736752450490716
1.108114008349694
0.608804207821181
1.154914080706823
1.349926592255513
-0.081659784605511
-0.136230905510353
-1.567104504462193
0.055974001530689
-0.715140639127199
-0.537039369485145
0.351604627989911
0.903773168890924
-0.299801147227510
0.301553805367465
0.031810859791635
-0.053191432913260
0.071209059450165
-1.062393023009805
-1.186781880319598
1.002496274973131
-1.420485773157269
0.657169473956082
1.297443340303841
0.189666366062487
-1.081624598993677
0.151134023316030
-0.142173386844941
-3.518839690505372
-0.875579039658782
-1.937107727178339
-1.839149719418770
-0.910771588944100
-0.255549573448597
-1.008649453124408
-0.348079596485128
0.982953096945649
1.961014602478844
-0.166956271718307
-1.080597383159655
-2.424187490188634
-3.161491833206909
-2.733912159740124
-0.336035963399608
1.357760031713896
-0.483304838699420
1.736019289171316
2.309721793281769
2.092063446551984
0.748970068616128
0.757362559192031
0.821154705873093
-0.232536267833382
0.170097348623646
0.136846805337521
1.514898742853297
0.949103167121267
2.164838782166118
3.487602367338535
3.189781821742071
1.985590031012213
1.505683713070878
0.769383330934926
0.805813130391504
-1.418461211169342
-0.530706325684765
1.151544131940196
-0.625792877766679
1.006984493344003
1.042185318656944
2.438468293136200
0.503988318488491
2.465619490515924
-0.370749918599794
0.124826124367826
-2.130436054279405
-1.611274568271815
0.522661194081545
0.195605502834979
-0.219984348904525
1.363099614872282
0.472801936302178
0.720986271510057
1.797399954606814
0.663211792544138
-0.542004561328281
-2.179975401578352
-2.378330090413305
-2.239591908271252
1.009387313260487
-1.273109988628345
0.358097220045004
2.404703415325967
-0.067488806361139
1.846798027417538
-1.054559648200464
-1.521204865239953
-0.570922534072105
-0.165404015211781
-1.924728619217349
-0.285429159680549
-0.184331745704613
0.756496976990002
-1.180209646895726
1.412958262150670
0.623587486157212
-0.766798972419399
-1.144491077378596
-3.772925651868667
-4.737113766459501
-1.841312407880444
-1.437809083445843
0.176702157159543
0.979229981956959
0.436267924365178
2.215897697701258
-0.129834884060261
0.316983023576743
-0.356525091076284
-0.754762339960600
-0.789711621464931
-2.143902743357653
-1.732731990006698
-0.483295162324298
0.407565151532347
0.504579939542687
-0.519993602290711
-0.436654503424910
0.153364812872502
0.372425252937825
-1.301171335432278
-1.728601726712441
-1.402388673779229
-0.667031775784209
-1.107469093818650
-0.039651658255594
1.628769319636132
1.557303608041520
2.662138150300525
1.236379704085975
-0.827325042930914
0.133836070774654
-0.388952318157206
-3.139605060837914
-0.787212459049645
-0.764807059748807
-0.358674559025075
1.585786131415467
1.175742130553720
2.058188578316677
2.920549635076084
4.505513367844265
0.751132567516103
-0.374255516476221
-1.564496431032498
-0.500911114517571
-1.586058507872417
0.572388230639460
-0.997067057416698
-1.069268821672036
0.659941098329708
-0.533198420609310
2.158472872091951
2.764982752875155
-0.634699366327148
1.023706540385412
-0.845193647154773
-0.930051623354063
0.352604159758816
0.013034564585670
-1.518567168205183
-1.353715561682250
0.018778114244236
0.142161925873130
0.074925650628555
0.785022916646056
-1.171964747168910
-0.714479315673749
-1.415280510403835
-1.011191401231905
-0.077587264968059
-0.078858227360190
0.170885873405569
1.137852005547114
1.653619192907091
2.173953165076892
2.129867700334185
1.647346689565899
-0.764761650135866
-0.771357553399488
-0.906014745849293
-1.933061994390154
-2.020534511727228
-0.108696950191158
1.298403213921770
2.547220085290661
0.754039009505310
1.663429789980573
0.823009794640474
-1.877492122887720
-1.456527564814468
0.086091249772841
1.067306312646742
0.571285312185391
0.643294397162368
-0.248840453647786
1.634212558510818
1.684857423593650
1.798166093387934
0.760570474055692
0.469914764365262
-2.348449840921623
-0.689872691236795
-1.054378322456789
-0.227914356522977
1.858630126852140
0.555221196068232
1.205146915600295
2.950077777315336
3.568497575880623
1.283532477778156
0.380524599169931
-2.627748974365358
-0.916513599676041
-0.661751695981092
0.622139778853841
1.434798428939294
2.077493987884147
0.144519314216275
0.008618368896947
0.454403703427732
-0.338179238484242
0.750859269369909
-2.272766909801445
-1.302227780204549
-1.497444689138561
-1.470649330166052
-1.332318186920016
0.208274758321962
-0.353949245752770
-1.023562531508177
-1.186905890987953
-1.914149641234518
-0.489255541996128
0.425911427203971
0.318903281335686
0.169456788525218
1.503968389288841
1.795457208993717
1.193943401446215
0.449181174475157
-0.479091366262239
-1.711792660314939
-0.905570363536341
-1.117309801485246
-1.423965273271308
1.075679172593349
-0.113054892268490
-1.439357782272551
0.533434812811172
-0.114856536237782
0.056381770571990
0.824703697135616
0.738674303069173
1.478378136075245
1.602085992049268
-2.736522222767094
-0.389011664014374
-0.905867107205393
-1.927848342746353
-0.093446872368104
-1.228430283204185
0.008551477800493
0.814097971756688
-1.304669195792712
0.987356509634916
1.301811061924622
0.318488893081998
0.854443434597230
-0.110934129157825
-0.569181699550242
0.192553437444684
1.193137330155478
-1.460100515198471
0.549754987964242
0.455062596941400
0.100851036722551
2.022536736020662
1.882497816925240
0.769427502457286
-0.168996760846789
0.848146790716479
-1.159058146959681
-0.746505154293456
-1.859853901185054
1.382366052536454
-0.323286651675672
-0.261755986404652
0.348872184002292
0.107415834303301
1.701879989915049
-0.614209489408809
-0.609740124560289
-1.408433235500210
0.107934950951051
-0.177972737589707
-1.240205699576495
-0.883594080710107
-0.389373375881947
-0.317915500038972
0.072982745937779
1.822514798885914
0.267024063528851
-1.973944569221939
-1.838986064742512
-0.958691517598832
-0.280660985096163
1.560149577820884
0.584900256376062
0.350132014579104
1.218556906511404
1.113574819273640
1.666035376107674
1.408175795288205
0.533571245382837
-1.567598077374419
-0.698471161533348
-0.704476625706030
-0.325199817426284
0.341484656928380
0.574638925692387
-0.488022731399428
-0.007987253864810
0.852644991309120
0.213092004450113
0.431635119033191
-0.023309345430768
1.212377823514966
-0.811349032100166
0.161787396519342
-0.036167186634007
-0.087808671622247
-0.592051910332520
-0.806362241345723
0.704234929108096
-0.355668774502031
0.671538671606039
-0.336159561276104
0.867515914701121
0.346169090457984
1.120700607018467
0.273894088990184
1.911010705786845
1.300561211327851
2.377677144627727
-0.758836319409471
-0.881203488154650
0.287725096767445
-0.946243150341518
-0.071076418981559
-0.569223395513893
-0.366698020901451
1.124031921984624
0.984369593775972
0.678748094031266
-0.199474902584967
0.219546585874025
-0.364864967873389
-1.790889349772053
0.678045489533191
-1.380091830859505
-0.838198771852485
-3.114446965243824
-1.522966418216752
-1.012147254662504
-1.455841347318850
-1.954962315426674
-1.670244988332744
0.279873858229107
-0.294354052606048
0.646192146110029
-0.598511984683071
0.563255013367029
0.442762927348806
1.049693962769768
-1.140566979433086
-0.616223004401949
-0.417470143678298
0.456655251110106
-0.585473830636877
-1.367881323023587
-0.934742070097004
-1.594264080322854
-1.190932883119194
-2.852631993723210
0.503318704728973
0.984261188022541
-0.252279457000525
0.620794065249360
-1.024725362630091
-0.296214596352052
-2.077610103060683
-1.432898994042708
-1.202381647133522
-0.479927249767036
-0.652303822954514
1.525400101297755
1.202383209410470
0.723458818728445
-0.212101571397519
-0.364969091576259
-1.091339352548784
-1.097020832940013
-1.431924053364036
0.451991620549376
0.417020778043789
0.158659710235510
-0.452122061920987
2.451245925271919
1.949516747527318
0.081398981005308
-0.540329596272792
0.487025662437343
-0.457186853166876
-1.124322525385947
-1.866888917323000
-0.704645985472579
-0.411863126353483
1.037874131904808
-0.211765122927619
0.320647924474058
-1.484884881959811
-1.258045347611783
-1.423054713341259
-0.423190754850978
-0.824176387237339
1.272888638399256
1.164333425380107
-0.589458930135553
0.187564276627954
0.459798472169047
0.131403878512334
-1.075294968730005
0.044985126203358
-1.696444290541366
-3.302792040961114
-2.446454013486394
-1.019563387070396
-1.746730952163032
1.183505979589115
1.545723624173481
2.517090803488362
1.746995847047925
3.876975442675750
2.208125944030120
1.726053612818383
0.260855116463581
-0.154329979713594
-0.505917240170493
-0.852205508151607
0.565656300080100
1.224658809711676
1.882322410694705
0.682211172585244
1.334416640222598
0.974014979429230
1.031976066146722
1.330491192634760
-1.568884630926417
-2.022335331030926
0.548036036923804
1.380389820149147
0.042996836283705
0.684892029250847
1.831090052398694
1.398229427946144
0.820804299079716
-0.738202521667760
-1.573825682361254
-2.493883418436927
-0.759773705644842
1.211088032376555
-0.419928616565211
0.204118357058309
1.971998135065590
1.220021767896264
1.919039073168863
0.135016983466518
3.684418593527959
0.164100720911449
-1.214752736161158
-1.952672469157996
0.955898605875202
-1.039139478830196
0.136063546310912
-0.479201894232994
1.685113374463300
-0.262280990818376
1.511888003756493
-0.864262379518789
0.448999169098755
-1.175890594160953
-1.091310909912631
-1.392866868248581
-3.082390608400121
-0.610099434843976
-0.079780875530045
0.751453985953577
-0.583899010072860
-1.673752624120575
0.307101626570526
-0.800359924901000
-0.983047315935254
-3.428688737572489
-1.480977265081798
-2.123947879045504
-1.267018568608902
-0.479232490160202
0.817112800060850
2.992987023511919
-0.246202019950279
0.516504776795217
-1.233393327632377
-1.010910974663427
-0.069648605953458
-0.735223199030128
-2.086098169719818
-0.354507681969875
-0.206129710785271
0.010908719902935
0.501734711584211
0.684364775756274
0.401278917324482
-0.736491022041572
1.286589394456932
-0.706300483350136
0.207098928105007
-2.300714206408103
-0.943899680769941
1.817708367566486
1.390556384074153
1.513336079646005
0.887321628852252
1.688732962245210
1.877204867273349
1.794317963984375
0.492669491987616
-0.602066717838745
-0.836867935999847
0.614690581024872
0.961224789367964
2.978675363891186
1.293851373194996
3.077145856972257
2.392732987853263
2.776872350404542
2.112845505982028
2.010936726197237
1.400430619832773
0.817520302552732
-1.335944140395742
0.795379090170945
0.435729745891484
0.940070836902263
-0.291606584838357
1.342784073943190
0.733233524812550
2.413713137655431
-0.416892681344724
1.273510194004441
-0.693812372400128
-0.165092694882143
-0.733097330733803
0.174297126173877
2.862284666140742
1.193643178729438
0.756019304968785
0.485802580037868
1.386547329845250
0.200963798077281
-0.430563819888942
-1.900763786948023
0.117425032323097
0.432727106603932
-0.015443423464113
-1.005805576417123
0.875669816960717
1.104937808236667
1.304191394330638
1.955081850891804
0.545964982145467
1.556753655231342
0.641485684634982
-1.037776207598938
0.219282290655387
0.019649482773748
-0.630905632874555
0.872376800778224
1.550420893348420
-1.646371477524858
1.534774173156742
-0.405510827483511
0.260307032808750
1.691865478704871
-1.708992419219598
-0.879211219774829
-1.190995656278225
-2.609148617460655
-1.927107264076596
-0.223106572558385
2.003700932743265
0.314009253666641
1.002220868954750
1.489414495127845
1.014098164042458
0.470343272362917
-2.068831868995308
-1.421964889417721
-0.260211416545148
-0.857699870373951
-0.097605996176263
0.239410420345146
-0.259079112933460
0.034249593211653
0.244933467333560
0.820032254864807
-0.095616400127345
0.647571208770286
-1.261247962443070
0.077352014095704
-0.011337530948951
-0.332664742394589
-1.633075160457759
-1.565509031315155
-0.954461688899528
-0.821327193616386
-0.436111389588527
-1.405991734318601
-0.949095966086293
-1.406008165368945
-0.194946589972519
-1.689008764396448
-0.734572502795797
-1.481694561156401
-1.551557589417076
-0.451838145099248
-0.079728239109263
-0.398664936372614
1.088290872044146
0.860566116961462
-0.896526072153290
0.154879777287572
0.112636868012927
-0.621374799366074
-1.940582948386640
-1.337687276460314
-0.131596174460105
0.602382293761393
-0.141340057008817
0.520170850370727
1.576133811928742
0.013285944527841
-2.909159055272085
-0.476476934045707
-0.552853745341351
-0.201115089846635
-0.338983534032814
-0.311366157545228
-2.373052327312681
0.960755865904283
-0.811784996524808
1.974980657382019
0.724521917157229
-0.082916290518330
-0.821484522614160
-0.035324618157446
-0.373399963027455
-1.423326839114829
-1.479799459180623
-2.638125608164495
0.359033811761378
1.112268453237921
2.064079130130292
1.132910970214200
0.020418797338990
0.264283196357920
0.060453732128436
-0.112692702633561
-1.419393419761120
-1.305421029338297
0.755184730103560
0.278253439201675
-0.422883074492549
0.025501303400645
0.924706975033892
0.157583097290862
-0.256254308652012
-1.103774777005743
0.887200774711853
-0.487946289184767
-1.299280497129367
0.067890769795683
-0.984862308186359
0.568747586326145
0.244710104458037
1.885548987228289
1.175646759204408
-0.895513979499029
-1.618195848414715
-1.767376858275713
0.209401473518134
-0.253052691559431
-0.017173738006344
-0.146702720671390
-0.417863997193045
0.834129930883441
0.244292938496751
-0.419788187468920
-0.519940786832140
-1.225996218373766
-0.468286303922749
-0.307054474225566
-1.065060977091134
1.710688350908031
0.471169325603953
-0.384455493772811
-0.020163665184683
1.848972164231032
1.673649694047501
-1.590940693976646
0.823784951715436
-0.350718989428335
-1.865389755896496
-0.950126217435558
1.503623685892843
0.220801720432347
0.151708679104620
0.965820299516078
2.055007034722006
0.764570643688564
1.525155982111106
-0.782359034715283
-0.053929521652753
-0.338360205494422
-0.394237369742973
-0.016781730217655
-2.847392209424709
-2.480845065856113
-1.224064539886705
-0.816549608463818
0.537283270448862
1.273029815380704
1.279251985127605
0.555214026170265
2.523444155648979
-0.266662624726000
0.594522022131123
0.727047418393702
0.412726692139975
-1.371111007817144
-1.523308700966209
-0.736282733791063
0.339542876021704
0.112588191499259
-0.662655414091407
-1.784044071904107
-0.456079039052434
0.692900224254173
0.274623320205840
1.298955989798382
-0.695396237339884
0.215950303397383
-0.608516725554094
0.742391653361378
1.001909086536712
0.400218927947259
-1.717699575863021
-1.531573117899022
-0.630835347525978
-0.534247100526013
-1.985825353170962
-3.020951206322309
-1.365393483355587
-0.769592533484658
-1.148843055749706
-1.332411164305800
-1.165998311352471
1.742271540371020
-0.073700685120626
0.114683289620405
-0.253277607844771
1.028632372182236
-0.206283554191741
0.771995874688649
-1.259522485958896
0.238652155280117
0.280750235076074
0.390793411716545
1.415828214387132
0.585812693739158
0.239369777736680
-0.179100024471525
2.322698884492077
-2.010585549344108
-1.733360635959612
0.572548604793581
-0.207907056681264
1.164873034785739
2.077718082543174
1.835292700428590
1.878463674663728
3.868497071703212
2.852919303722512
3.457573119510911
2.836637780893253
-0.257003257479507
-0.652357550196456
-1.050695242294013
0.033053578209873
0.537877629932372
1.794739356590941
1.177441682477297
0.058596479740854
2.265209297658499
2.852430248624136
1.686449504132811
1.033426031859352
0.600194574634287
-2.204984464954381
-0.569458213103157
1.628124982836213
-0.505412714705040
1.014969909090387
1.432346710652840
1.066726850383084
1.907979934181974
-0.010476948580693
-1.984042071832678
-2.918250191911713
-2.379154111884888
-2.620721400251456
-0.999492425537459
-1.349820456476186
-1.986767899704504
0.074642437784212
-0.729144992535384
-0.286163065190188
1.973073533891674
1.932342340643666
1.308493643636075
-2.177717196741253
-1.432884172847894
-2.200534202453686
-0.905010572433271
-1.567224236420241
0.899115315411654
2.263553762460764
2.299430411058570
0.478805984864999
2.363981443659143
-0.618842357150988
-0.172092818022534
-2.796142833521285
-1.563195671089370
-0.866443757071075
-1.201125558634598
0.231227256263428
0.592375690545796
2.488265257140391
1.216133879396416
2.068340882554828
0.412222156004084
1.292697850850107
-2.019720848274895
-1.111885040875651
-1.092817983564723
-1.683141613481118
1.196123142587395
0.896607159770991
0.669880806891901
1.412262297522446
2.058790368715966
1.951482852600049
1.025388987532257
-0.565229263732108
-1.510114865698496
-1.782791161556239
-0.725690206838387
-0.562788355351734
0.944512229003107
1.168487113062240
2.493579538037035
1.513019587632597
0.529201356381156
1.464662512924979
0.116897575126336
-2.245541523918697
-2.020138418170231
-1.298560603534938
-0.768707801591902
0.195504123891615
2.353282744654705
1.204064548859269
1.798244562622385
1.035259295437649
-0.187374650802014
-2.041303434939642
-4.084299743326089
-4.423740750693237
-3.223528365821353
-1.302299961140963
0.618094525626081
1.180593451978334
1.406366172895993
2.544385386286456
1.338551765615167
0.409503201198672
-2.759305129446001
-1.504829963115814
-3.286257841720820
-2.181284145958896
-2.551743026412047
-0.138046559386155
0.093145085196879
0.021957979841678
1.668741803268600
2.232621840017638
0.477684107277862
0.156221999360892
-0.999460282046378
-2.680911681225175
-0.807429432969340
-1.840834914440626
-0.817984938703197
-0.101426517076684
1.409297668705792
-0.531278145403922
-0.751561882479676
1.136035651131318
1.229065420333578
-1.712903488277947
-0.091923805726361
-2.136079036773917
-1.337500870747640
0.791162344024218
1.319878731982830
1.156438504379908
1.206662200561104
3.112547240775581
2.275944884575770
3.695283640330842
1.845902487978672
-0.505035226589510
-1.097370827366874
-1.174348637674103
-0.676707516363551
1.100853021835244
0.065699004472709
-0.183889419929906
-0.301646197108913
1.824836985728934
0.500203170313948
1.219788087265165
-0.787270728102701
-0.448264675625129
-1.433456458130858
0.216129945773626
-1.268665064501058
-0.662021948129043
-0.213215889959605
0.987254271503829
0.064979535842765
0.956218624727828
-1.072974976411043
0.477082740709915
-0.568916526696311
-0.549433108311297
-1.359232992278411
-1.649245466509243
-1.702317153622444
-2.417948174909554
0.991703882447536
1.225310027429903
-0.227187461372665
0.016327846902473
1.700567812982304
-1.440090755209798
0.545600712975349
-3.004247420126981
0.000041935888935
-1.089939603321733
0.239232537802739
-1.799289481261085
0.335100979746983
0.427889484494386
-0.156046209307997
-2.067524494175225
-1.632319307487619
-2.663170706404028
-3.919177924003411
-1.632308135995264
-1.443040830319345
-1.739806133542796
-0.783967021064834
0.921786957748107
-1.462934773031388
-1.121843972303989
1.329667443050568
0.892777124062769
0.360420798988102
-0.833642747872280
-2.170806585098319
-1.882682751261150
-1.304023038121569
-1.415486562761944
-0.891063222145037
1.844943414701617
1.379793777235595
2.007603687760628
3.598982827322456
1.640072854668672
2.829915788837442
1.142039807203293
1.706266891178819
1.068311454875341
2.413493384654505
-0.160542649692294
1.677349366792761
0.804401003274898
2.036445008371414
2.098709125177724
1.770010575172257
1.047620801794947
-0.551441936993716
-0.291041332368067
-1.112481666231124
1.550440308904623
0.030261348607347
1.197358363902028
0.358256009452200
-0.174521216004752
1.867850068687069
1.038056410143086
-0.276862297839436
-0.576701586955389
-0.523713220869877
-1.092093601269648
-1.095028700499394
-1.483397591539153
-0.394747296322575
-0.866749297048614
-1.120080337266024
2.207673769543693
-0.345421762839603
0.471005312828559
0.407783807099937
-1.463020650068207
0.114961843277474
-0.165154083412502
-1.294413554263457
-0.146264299354947
-0.892154030584183
0.287720217756700
-0.519197083556741
0.104902489230348
-0.202259048958248
0.219840933572156
0.826641266347743
-2.420374015629140
-1.757139885931315
0.886699710298777
-0.159069287373530
-1.820103967482980
-1.796552991756946
1.134250966930315
0.192055114331232
1.079314232675595
-0.656580502258204
-0.162096423279860
-1.903546984456024
-0.755694891245985
0.857398191479561
-1.290066532240704
-1.273125483779749
0.456943771378403
0.085900630473216
1.629792387130838
0.082932910283113
-0.482777678473088
0.315332855880402
1.147435793207250
-0.102864444064536
0.385432455118127
3.578950350174956
1.539449416555294
-0.683646861984059
-0.663802500998635
1.320309284098871
2.252756042191607
0.317253003452789
0.385909922859730
-0.232213966571042
-2.315350388704506
-0.420048992960207
0.831775167705042
-0.832059875870112
0.214279096764197
0.878651790478007
2.336210829252769
1.858642363809786
1.901342407463545
2.016584318599310
-0.600555405496134
0.429073854602929
-0.577900231308181
0.400430828440719
0.615738861262781
0.759504109319721
1.414422472774711
1.583515046280288
1.104651224846050
3.407920594590537
2.047300705068920
2.757500444843032
-0.762240065115679
0.123409499245277
-0.346607167170458
-1.846468401758257
-0.488634654482265
-0.481743756395229
-1.405310046377324
0.709918549548440
-0.355348855863248
0.015338885273890
0.510661494083961
-0.085524048719570
-1.912892521987915
-2.142759821162317
-1.563904899187067
0.252145760400461
-1.626439270494475
-2.608302182045925
-0.337233809736047
0.141531406601540
1.581551561440906
-0.454083744195302
-0.178568911908654
-1.385096660567164
-1.371036749791510
-3.167703456228173
-1.224615912194147
-0.264793319026222
-1.831270688582282
0.177017189314574
-0.421089547009423
0.844054691113684
2.577269769289027
-0.709319053658470
0.284804360433376
-2.578886605676433
-2.068533755341874
-1.397334510081238
0.068286356321977
-0.202844884343910
0.478074640229746
-0.511281441886189
0.978282223502131
1.131668960656343
-0.441200873015865
1.486552434301047
0.278782485936503
-0.064159436537004
0.417280957843886
0.010301746151054
-0.947980063379464
-0.000718037993752
-0.300978277198318
-0.624626289361404
-0.083120303371894
1.205187665282634
-0.396330653020522
1.015917512691879
-0.080557465838574
-0.464152803169223
0.847500853944948
2.356512787793895
0.770281676449071
0.669270869675804
0.927729212832897
2.057728920743538
1.533670931223732
2.361516941988639
0.312916933932112
-0.223446633615703
0.226766254815417
0.701472657779037
0.333422957610809
-0.245175624732065
-0.106108094950575
0.458428074598467
-0.273861851664027
1.717570675477918
-0.550162956178598
0.894409939476896
-0.123242676535616
-1.069410771224012
0.248714347395064
0.360264281888086
-1.165177371672909
-0.990406702880461
-2.367839191234948
-2.445616940238189
-2.027100729370559
-0.725139432418440
-1.143396885998724
-0.741356831756174
-0.688030405945566
0.523587840041278
-1.115111271128895
0.230355180405761
0.090153006575189
-0.474426978959159
-1.579818265170129
-0.843516837957242
-1.489255546923948
-0.891284475650791
0.018449375434106
-1.073147367678615
0.280180560529199
-1.544738538260497
0.861987599825289
-0.850568272527521
-1.141841967934848
-1.282333276805043
-1.110499580008142
-0.768450449910391
-0.454930598688868
1.516388755101096
0.128296740313300
-0.208843399081537
1.516734005151719
-0.248049434806326
1.385508195855327
1.303287290674594
0.611070893036513
-1.505203970915557
0.653383875159902
-1.134086824404878
0.527876815282574
0.568910467532391
3.092641622049212
1.697179020410949
0.040096937643703
0.572692843175876
-0.035642902819163
0.395166287846317
-1.061890559752623
-1.774704645401523
-0.223394123791910
1.258725301702854
1.600332993227592
2.930576866670235
1.762547501980174
0.327626377057463
0.813181493874729
0.998618123709065
-0.872217331699027
-2.097824293709202
-2.615948479653162
-1.212788325363566
-0.397057075730218
1.384371706494173
1.123408618401633
1.033481704738620
1.602074971308942
0.601419442260613
0.461191421350068
0.378090615986595
-2.550748469318222
-1.748779486727758
-1.056824341872997
-1.650164489746023
-0.179417330714966
0.312514146452487
0.493414467021923
1.773237921303914
1.334179316181294
1.043472016414414
-0.870639996009403
0.040235299818019
-0.759082134976966
-0.478413834954491
0.741726434992387
-1.438948471280676
-0.115813043464227
-0.708531460167105
0.719390930214153
0.023516394778824
0.950005437739535
0.201256544838534
-2.200218548614436
-2.710864921285086
-3.096698330412702
-3.168670069137816
-0.834456543360885
1.622554729750926
1.061164520258940
0.609773252207164
1.824947485737674
1.583451759732549
1.098064021057621
-0.496283114087018
-0.795230244402257
-2.686738330308025
-1.305001930216325
-2.357726841114161
-1.063601373575595
-0.774394105892629
1.571891204288272
0.094398114030207
3.084140417654243
2.539773306503326
1.013379007331598
1.091319924002622
-0.091929861968506
-0.554628137411940
-2.372065679593130
2.066097617882636
1.557163555948017
0.049637424778660
1.919143748025729
1.545840682311576
2.431070133672396
1.399031809409400
0.716633731493711
-1.069235346480207
-1.658028114065079
-2.197219206466520
-2.098168379155822
-0.162808004624966
0.515308588985701
1.496540132034676
1.093626441916401
2.063126820828539
0.882225185556109
0.705143504066657
-1.360969605797173
-1.956997249853971
-1.568995451581976
-0.168315713095805
0.157659395029366
-0.940827722271827
1.445608391408966
2.022863658022579
1.613915518285346
2.352254861574061
0.961052964980108
1.421376292408498
-0.355847343513997
-2.630151028336780
-0.720640159987254
-0.557829822962773
1.269668744477607
0.124741213603698
1.385349379187012
1.112285868064034
0.474523694083527
0.038015671155350
-0.872297073337714
-1.061681749054303
-0.166968993408748
-0.927452202899066
-0.512423238373862
-0.156792247747739
0.047862985899598
0.933784541013704
0.919691460832692
3.264649979981913
1.707143531590670
1.564450561035187
-0.582361671559659
-0.884466561264145
-1.475205607545053
0.443966511150038
0.329849526762803
1.596578534749469
0.819752993803432
-0.712287433683808
0.872124885734819
1.149454891666843
1.462198818499721
2.692618232768073
0.324157871549166
-0.280556213014642
0.531664006177264
-0.286132623875197
0.118074007786552
0.972171973206985
1.587294234043894
0.119452493842044
-0.648204229250343
1.215607926499449
-1.447534736230205
-2.631884448018044
-2.441217371200178
-1.391167865955392
-1.951532029663332
-0.322407735153619
-1.567973671191359
-1.376667791890394
0.430988713989726
0.295727177090549
0.968332162358230
-0.018769457614436
-1.728827690987769
-1.505603013726428
-2.181147041892073
-1.797939626444546
0.901525626553865
-0.817881005123194
0.756718375006197
0.097320535388008
0.088447702859849
1.070011722524785
1.265009107344372
1.181384787573168
-0.973399503867584
-1.172040109140793
-1.939835571981630
-0.508941814201305
-0.727681286919294
-0.623871724885639
-0.016486956936130
0.551259764531585
0.473128918828756
1.926080975522614
1.333420221735367
1.438623778993021
-1.138450421741946
-2.211126117986224
-1.033384120899839
-0.679977357922256
-1.235887616339234
-1.479700404069957
-1.085902541614813
-0.519428156746042
1.759528054514764
0.424299746470574
0.562930059905661
1.016052308718598
-0.158896912326260
0.338380234833646
0.300292502725850
2.228046942025702
0.095859895780263
0.435631718300629
-0.809425064552855
0.902947013786287
1.959923938071235
-0.161278389117506
0.164485020215302
-1.190574514095368
0.004468049167748
-0.327249884689601
0.923447650963094
0.353200544345618
-0.087261474718883
-0.734106948831185
1.471614401395096
1.672883204999984
0.967650392199332
1.247129891972767
0.400565463161851
-1.410744863341747
-1.776069940009405
-1.260326089829546
0.280912556952974
-0.500061030497876
1.180343513536675
1.749072074911652
0.729782654534818
3.030895546126071
0.522602201141575
-0.262627435691007
-1.639098770551649
-2.546574077522118
-1.388510566312155
-1.444730187173294
0.375545248211152
-0.694784036209721
-0.762307766345960
0.813786738186784
1.250600418016007
2.497085424720547
0.889094783326509
-0.007324824618097
-0.495526003709430
-0.461228402266067
-1.437854354400841
-3.775219707517198
-0.205177217285688
-1.128902856878624
-0.710129958056662
1.200165492150864
0.540605760571196
1.426573151099839
0.176921826806318
-0.694099606433213
-1.217419834878897
-0.483793393871565
-0.192529217594366
-0.862040742638518
0.895031894497075
1.309380574253007
1.010168625939272
-0.026385123386046
0.365274270009965
-0.405428377950597
0.270360690149137
-0.616883727150728
-2.031006642200045
0.538308317556981
1.256669937163348
1.015044750265034
0.825772951746109
1.485725219011559
0.608909800289461
0.241536780881625
-0.392364765777729
0.562577944573400
0.559144015260131
-2.422312445630051
-0.212604806993761
-1.052342875340583
0.009136572984912
-0.636584842270756
0.475672535283184
0.019547670261473
0.266060582349475
-0.061605153964866
0.549383677813895
-0.037243364344176
-0.174521929068324
-0.985666470665361
0.931838962463046
0.563194729397600
-0.840294613617150
-0.062705817590292
0.636366690662928
0.985140873480283
1.778250257815276
0.726156927364780
0.130300686990829
1.341277148507197
-0.292003132645358
-0.999134367165403
0.210980809835483
0.511930937131323
-0.972980485807245
0.545496721315713
-0.977490960891962
1.974880155876769
-1.073537213939621
0.468924526815470
-0.869546189628661
0.459698671265347
-0.387643617019232
0.042918764712701
0.086830340169123
0.725862875255621
-0.175076648446627
-2.465844703524343
-0.863554218865175
-2.346370691188065
-2.533985247675952
-0.688186475561746
-1.287750476791553
-0.307431352293577
0.759790521084249
-0.426043127189912
0.598396848502932
-0.005164965836014
0.287525714021266
1.129818283833420
0.451773945976576
1.840225065383799
-1.046557416568467
-1.005001503276871
-0.449927371016124
-0.570965306499397
0.088424751250260
-0.140692691227304
-0.165340707959253
-1.936534831656668
1.149646234563887
1.120053875706167
0.064148366410097
0.880196756498858
-1.685217169143071
0.874481335750062
-0.111584942423393
-0.412355427012606
-1.369823569580967
-0.387213110777708
0.725198405758588
-1.173357056267946
-0.703757674141721
0.026753571650557
0.128545572380868
0.649480976706038
0.731547063415598
1.041158501879890
0.835606422655076
2.224968525041523
1.148916608798736
0.616404187108576
-1.067527552815462
-0.541610306932225
1.200312321418110
0.011785003351501
1.736254312241431
1.490126238229357
0.401346398102212
2.123387750491159
1.849330155305379
1.689689498424187
-1.926100944442482
-0.353400514084287
-1.880632466339935
-0.463182154277260
-0.434602661881958
1.215374415162505
-0.764818300232207
1.581746058696572
0.576499648176530
2.267683848564372
0.623344116362666
-1.071725120389450
-1.389883800833635
-3.211980932499049
-1.464612954334957
-1.806277665980879
-1.723062279624685
-0.875460077591974
0.249279071284948
1.339143017589073
0.405756655817236
0.119775953590954
0.627655126824817
-0.157300954285929
-1.945446186719766
-1.317722601024144
-2.448279711516348
0.495843726069724
0.293850205498077
1.826002934606051
1.033462603882474
1.807844335100102
0.396484655838603
0.828804692488299
-1.060796026353500
-1.216637484948612
-2.524973805284492
-2.259684208789078
-0.046540850543519
-0.982610970952532
-0.056192248265525
0.241334431760975
-1.192194764725087
1.138502558239305
1.803525015637013
0.849657060301583
-1.905360334677846
-1.368353194799509
-0.265426433913822
-1.271670162739046
-2.546145011634041
0.045600353135836
1.190983015817594
3.137115107598462
2.162801671185064
2.935589524953774
-0.397662790082711
-1.145857039546623
-1.614806136934416
-1.503013966043771
-2.088542008237197
-0.740112716737841
-1.006143939324320
1.308550857424895
1.688155133594887
2.181687837337678
1.994156700944970
1.886490127001892
0.253301925927593
-1.731915636203003
0.291634319394170
0.059569459263698
-0.896501898838142
-0.023628696924307
0.566326996505030
1.510071761334368
1.634549777336103
2.097454217356278
0.438948075228972
-1.895990101234336
-0.007437630728319
-3.998822541388391
-3.270404191564305
-2.016941566270958
-1.525618799818536
-0.567821577244971
-0.988035227340756
1.319528304344081
0.692833011541954
1.431529336342916
0.105331475819606
0.814159091539131
-1.568791262060564
-2.225775422726421
-2.572429415195058
-2.011256298914236
0.085309873601936
1.339117624851749
-1.520416777610103
0.099864313444385
1.691037830160003
1.196504882520028
-0.840324978467645
-1.404175526962510
0.647618579081852
-1.831479699946606
-3.884908651238288
-0.176356029924185
0.894920498003220
0.308084374325023
0.546070611114350
0.872617733494018
1.462257281758464
0.323864256246871
-1.326353529751789
-0.608819663048867
-1.065722842127122
-2.176291690895520
-1.113295348055218
-0.514077965455559
0.585622466565315
1.873718179580559
1.121194529349198
2.165198293861422
0.905508074576112
0.483668711411668
1.408495610000890
-0.809382055651379
0.597788833734431
1.574307124247587
0.768222382822061
0.655509035758858
0.700357594750284
0.153104194406761
1.385194564718632
0.101357179257866
0.161358794679105
-0.885931634549237
-1.273226899029693
-1.510487950084191
0.014700509994875
0.090789959624341
0.158147066644680
0.578297555046803
2.621452790762059
0.202704283675007
0.597688579486951
1.318434583593606
0.259955673370956
-0.297976551163004
-1.521710356887462
-0.042853916240939
-1.816382256211156
-1.284536247543694
1.433656677832997
-0.543231533684542
1.120036084126568
1.809636877799020
1.749975314046395
0.644052584047795
-0.599199223589848
-1.277842045609395
0.034751386959511
0.163180526142232
0.051422788983668
1.101984449440122
-0.091362601415429
1.563236555089498
0.461142979252238
2.611826435149534
2.215480943323191
0.266372580263727
0.443565676470973
-1.658387747500349
-1.676979824240869
-1.311555249537408
-1.061850887177003
-1.027350440788006
-0.416473249481584
0.837984256497849
-0.464316891167891
0.890396934340014
1.940980428539522
-0.734433050801316
-2.010885187417658
-0.429264403580922
-1.720151169098051
0.451142351903615
-0.104173860091186
0.783567865452568
0.897735755386594
1.177625219423331
1.596787792447948
2.718550229952906
-1.052947037912752
-1.595045357570200
0.395786013353730
-0.787845895473737
-1.225248663828690
0.721727326923209
-1.124800086026824
-0.024211241649439
3.607433802719672
0.888011152909880
1.867364306385717
0.787535499520634
-1.303099775539506
-0.284056785818519
-1.304195194951405
0.536116543544485
0.977329041696538
-0.153058972178315
-0.335371672396476
1.440055284542225
0.180507936202605
-0.266831244910930
1.008778966780473
-0.289407844681469
-1.907460775554561
0.055651209045632
-0.194705100504622
0.012593495208860
1.450789304016596
-1.236816822490772
2.585155443351732
2.183732983722898
-0.292584663830773
0.992961280116274
0.546941591420170
1.277783480975332
-0.385242278092033
-0.642521972814795
-0.584976321943403
-1.896888210431495
-0.950005233358943
-1.165019823524272
0.380831177520642
2.177370571245286
1.501280030893715
2.503798375083333
0.679159255532133
0.975334592188642
-0.880416098415246
-0.737644226882670
0.047615187072926
-0.074508544150277
-0.679443710188672
-1.642647822743317
-1.982704522923876
-0.343674212974855
-0.731534850468426
1.482390764837901
0.896159028401552
-1.537632733214692
-0.317881441385917
-1.836369835231633
1.452188033681836
-0.894970506204774
0.047722619642270
1.080855032197376
1.994413958443780
1.068427469600066
0.996826887402233
-0.299682818179493
-0.451413884895740
-0.308562953322369
-0.323458064244513
-0.594716477758389
-0.743139335765802
0.012172157712270
2.529023394911277
3.032666867139130
0.896053636474386
0.968350725695901
1.364885014173778
-0.452465022666058
-0.761147377078133
1.878597588374642
-0.210193625127633
-2.040570216629922
-0.560134550672825
-1.262775093247278
0.849727534001966
0.520178782733133
0.119769472454542
1.175390121420965
0.618003262254716
-0.220065093216919
0.455403779494197
-0.521975712683587
-0.961846063708330
-0.507271776267247
-0.527905655018922
-1.217711259325282
1.582086671385666
0.097480303842897
0.808889738955342
-1.183693422644054
-0.514978348285033
0.116000554495794
-1.707089117160174
-0.073889075888774
0.238590834540223
-0.828472628656175
-1.070673074057668
-0.228573466957373
0.370478141260563
0.058802736383940
-0.435240066954136
0.585271628529068
-2.887635576185340
-0.236128826084576
-0.245461179079676
-0.835561718488823
-1.262694861596348
0.769117215520841
-0.831371995466126
0.605930948478050
1.352210139138604
3.016941844542250
-3.434450995752659
-0.250041578108020
-1.169930334098481
1.070849712567929
0.271027184646300
0.221108099501622
0.006552542094804
-0.129630613590289
0.220470132624428
1.266162635127159
1.823458104495930
-0.425468475872553
-0.959101929937231
-0.639416127675421
-1.423097547636303
0.184560613695591
0.601976955466942
0.167638704697385
0.512472659985307
-1.386287166116433
0.342124621622614
1.925265554417172
-0.094975591725713
0.882911624949061
-0.827329643621859
0.039690597611327
-0.918046915576353
-1.010939610689800
-1.580799555157558
-0.790895756866911
-0.970590310422399
0.194642375877848
-0.191099579832783
0.076624095774786
0.749178893852728
1.192993772209661
-0.657067857159432
1.449214182669002
1.685489740125542
0.865821607148894
-0.157437352235430
1.086139137712711
1.832116132924581
0.640093702968988
2.202028698822872
0.740926751703746
0.033617845524247
1.404146326977532
1.628304874218826
0.602637717724503
0.407441453954438
-0.296664525261100
-0.951167532787012
-1.907380589792627
0.011138822264884
-0.572349194831356
2.541758535983084
0.103589895534290
1.134490552392415
1.906302799048784
-0.090743673014968
-0.063533636665708
-0.885063830315087
0.857993630155658
-0.764793502055000
0.466256072251710
1.481991528684654
-0.815998379670990
0.542154893356193
-0.084290234661788
0.963534248905238
0.043459698338979
-0.114082404738439
-0.726545231557841
-0.326973523656050
0.753960224235334
-0.796212365069603
-0.266801599926735
0.438717532359326
0.648152571623726
1.117515461902656
-0.725319669139441
-0.524951815980856
0.849340610792789
0.165526685948610
-0.986129947491419
-0.837116942343883
-2.765566532619284
-1.780177484219580
-0.210960660667879
-1.062065695078283
-0.086678694600928
0.494443054851910
0.632101638651984
0.547059426959316
-0.015288743462722
-0.397072403163058
-0.834189393377606
-2.201331167356753
-3.118994227283936
-1.514237204078423
-0.590684405900515
0.697388117730773
1.140224203543683
2.414323443283081
2.458520634977601
0.695797532471192
2.989718820091203
0.728360611866594
0.582624875465672
-0.517453514963512
0.194579394364365
-0.116959322105209
0.431975012658407
0.851784509030425
1.238868822645528
2.498065337700332
1.825792648455361
-0.055450561076109
1.440661280797446
-0.407469842673027
-0.458203927671153
-1.571098705788134
1.123742130480812
0.282126289198207
0.413372944699277
2.485098789122869
2.415535313317680
3.174849713219393
0.426187737930339
0.031286145879789
0.066380623544520
-1.287985530171066
-2.646641554422678
-0.998503671372325
1.927462379804399
1.956508983044046
1.550663775155352
2.587569042368886
2.902499530993451
2.341838693032761
1.822340387256763
-1.720166992348476
-3.382194101927734
-2.555044959819790
-2.268912319661083
-1.208093914208779
-0.713280474125382
0.036008598025199
0.441765132889921
-0.715392553629389
-0.153593612452112
0.084228734978119
-2.014196906198896
-1.710617188342880
-2.478022057438549
-2.244561937488105
-1.825934923872883
-0.957916095258661
-0.429041560088644
-0.724205148565621
0.111336565813769
-0.430545437628762
0.727951917826845
-3.645345071062979
-1.136658555789146
-2.907563876353346
-1.794141652509256
-2.637882240108562
-1.992189263695477
-1.488361005187819
0.358008529034198
-0.281656591763618
0.481432268332424
-1.374917473131361
1.071967041456034
-1.107429459002338
-1.023098293638778
-2.275571541830263
-0.758775537770650
0.019927922675523
-0.366121539991700
0.687218127102903
1.554782552606697
0.703027836198737
1.342504900094804
1.079828990798053
0.402677967767190
-0.542680740901864
-2.059270796222677
-2.167883601280062
-2.818154893751529
0.054270932450323
1.385101111332841
0.256666659784373
1.286616165936273
0.258292933747102
0.748051298283035
1.849379442107886
0.022625085397439
0.910253120601848
0.193810476503833
-1.867119352141305
0.287094001254899
0.182268569356992
-0.289705591797130
1.545820548716255
2.743781091340936
2.458431338614112
1.530010927116545
2.221567121455114
1.209283976229203
-2.166943783957177
-1.462352357202097
-1.100268056828112
0.392160084249686
0.427116901395693
0.551580260842652
1.221279435717325
2.269540325991040
0.865032615917861
0.728384578990873
-2.234983385266479
-2.494854649428254
-2.663899114046206
-1.822991268042277
-1.742456056665200
-0.250161770609182
-1.288377005286019
0.288484601016821
0.218831059189025
0.524445362602263
-1.324461217152596
-0.361024574098341
-1.800451861626770
-3.311961910395559
-2.934762357861638
-2.071258400292094
-1.645207591325391
0.599213727624488
-0.397018261263124
1.813176091684350
1.564597222678189
0.552871132990615
1.813643814730666
0.987715109285742
-1.240685460415842
-1.924497327258060
-2.023266112458435
-0.688565797599309
-0.246471897112058
1.343322207014833
-0.007722018140979
1.274418824533858
2.320424253269612
1.260354339841885
-0.010293574583517
-2.026228265242548
-1.419454038896071
0.279390989857090
-0.204617061978795
-0.783559883224568
-1.671448774557567
-0.243278848499824
-0.297178217266548
0.439473084537108
0.662981287142747
0.713880949417739
0.825989813954627
-0.219433252707318
-0.888146525827693
-0.749205542389931
0.233747266554311
0.341391396807013
0.338472897163400
1.146526343729729
1.274247049533519
2.679290276738612
1.408674985352381
1.701734693503519
-1.359836853258466
0.654796826202830
-1.373959469291492
-0.106330620943321
-0.535275685186703
-1.435702129445492
0.080164833609900
0.888448598447745
2.087578641012249
0.670185846653435
-0.203027398122863
-0.626498591060126
-0.837889722879595
-2.368721940787937
-1.083147514214339
-0.438080735526924
0.789775966939725
0.673197415013651
-0.126304210530756
-0.886138820040096
2.344884211137935
1.058952126191817
0.093464655218833
0.471802710585095
-1.038007239826796
-1.598882209645252
-1.259614013036323
-0.606268344594934
0.950896535266420
-0.183599123303874
0.800113957398546
0.191216323895391
0.089935129697576
-1.047253273889086
-1.468595578747156
-1.384797241485321
-3.084762624272759
-0.059897592176358
-0.033372664778540
0.393268282489107
0.315151622988663
0.638998135225554
0.428027042404880
1.646537845799814
-0.704317367061719
0.921777380089678
0.869837394283255
-1.304911405263758
-1.026215384553902
-0.524249716494200
0.990302005956611
0.423778849289005
2.827901261607008
2.754710832061384
2.252105536090609
1.107646565183541
0.838759362943089
-0.833945056057543
-0.215609681677290
1.695379702981604
-0.355764142912949
-1.298815073888377
-0.773368197592161
-0.850612110977683
0.391512352437404
3.643583824538467
2.195157491885267
2.676605288884706
-0.153084770955334
-1.090325067995772
-0.947592370763511
-1.941297291662025
-1.172871602861968
-1.861241026431948
-1.316893628868780
2.555925906368479
1.829020918133788
2.446359798922568
0.392307693116810
1.041929080758351
0.023224750477751
-0.767486045349221
-1.863563075289968
-0.506710718638411
-1.284213835400854
-1.573405858090092
-1.580659668838476
-0.289662887922926
1.442256261732144
1.062959149524356
-0.030693517131624
0.376000545303836
0.762740108256776
-1.451932688333037
-0.358718912185988
-1.551189308067242
1.599353823481634
-0.149226088010248
-0.220347562859288
0.975330916021489
0.798789670933680
0.153671803678000
-1.306514941116801
0.122077738894770
-2.815067191513135
-1.846776181019753
-0.682159928155496
-1.217791399313430
-0.278536839945627
2.221563820095283
2.053271633604605
1.246222690436094
-0.878944289378301
-1.261388050410465
-0.084042568089912
-2.259621624991563
-1.228120750857550
0.499669825677574
-1.329956202758239
-0.338062601772676
1.041597081758253
1.493789631172080
1.229841172607758
0.496238352510556
1.670889355395749
1.598202656669850
-0.938252129315833
-1.328764434153180
0.293781161505110
0.005503580094521
1.469589593179783
1.695823671263493
2.413751978210078
0.659653935080486
3.194737897159947
-0.124040733151382
-0.276728355410767
-0.440879393838540
-1.587379367985855
-0.521778438117995
-3.379475554370316
1.463307987020929
-0.825927569419585
0.569649834292506
0.727971024782914
-0.137431228128007
-0.235330001014646
0.090495889521366
-0.101766111038671
0.104287814852803
-1.904082826811341
0.331570870399520
1.412464302517856
1.247634000061272
-0.870015037185290
-1.200279178370834
-1.196779489313369
0.419588591104176
-1.895635721618401
-0.805694511961405
-0.993561748187207
-0.723505168149325
-1.112265501902311
-0.288738102911296
1.277726818065685
-0.576006279826740
-0.218089880942769
-1.153331475557452
0.460967968171747
-0.325591851019626
0.931527358557048
0.341203584873604
0.890616125458272
-1.316936057902319
0.601770174031539
0.277336656582036
0.122404332273431
-1.117691244669971
-1.349546371618548
-0.295498892134909
-1.557775441117432
0.023469295698101
0.749050962941500
-0.542791644987654
0.529634720657841
0.842349485188678
1.114676531100112
2.333335338241501
0.609526138128515
-0.887408455638135
-1.603047978518999
-0.339773479647971
-1.011874090700284
-0.204909264305765
-1.081593745692659
1.380021865691098
2.767911619514901
0.741768618518001
-0.414268153151433
0.111144616564010
-0.543940193647399
-0.277834772041294
-0.106531751003082
0.008642518157658
0.499268961516609
0.285029829940834
2.450580355805710
0.872329335045685
1.419583650205847
0.700781123239535
0.050805847662912
-0.576308648037050
-1.395168796929538
-2.307476579127280
-0.815653736067073
-0.731171801933036
-1.396824184287615
0.643863406167278
0.868993775938319
0.004314960117197
-0.165690410288644
-1.346495438779495
-2.514884918056770
-1.622469602580075
-1.069276106693971
-2.419991754726169
-0.822315310220712
-0.546008359284444
1.409684645153982
-1.498553981103786
0.418114659297514
1.235903542407829
-0.188541246926611
-2.612122628537300
-3.813435535500133
-2.705435105049645
-1.505187533249640
-2.008571334419250
0.712509571457628
-0.091688408939190
0.075305920180275
0.877621931630783
2.482088141018044
0.710110703479276
-0.604436495541781
-1.371373361711363
-1.320909274654261
-1.390597726847240
-1.971655202821536
-3.293948487452350
-0.806991112149331
-0.880349121967024
-1.446942393545572
1.088303432701115
0.450366932589833
2.341678877240248
0.021731873518592
-2.031842417227737
-1.413687061364190
-2.061816596172516
-0.154857774384670
-0.112098741085131
