-2.972219038434326
-0.227414619424082
-0.376433420825797
-0.959119983993875
0.586780224396310
0.403434517952284
2.293649353985720
0.995124063751208
-0.851726221764961
-3.066820208467738
-0.938900971579776
-1.620452884160416
-1.489551113174149
-0.913985130374149
-0.293989192287644
1.026168101672987
3.502192663935174
3.203524641299374
1.534491393204192
1.457275521157916
-0.002587917665021
-0.114265965691198
-1.557834377005781
0.375778978746565
0.804026170578912
0.530731956739894
-0.388895356833505
0.493537825534965
2.416404195428071
2.810895977734212
1.494047882399669
0.467911408293589
-1.642240476847655
-1.418901547231615
-0.815499844035940
-1.006601743852493
-0.073511107125589
0.239056033946753
0.992854455951768
1.550084574125712
3.293564586646456
2.966673264288747
1.599978090935499
-0.354543475960286
-0.260852457561889
-0.888193971246618
-1.019268892014723
2.165376312266114
0.874540213197533
1.321568703768662
2.075377122797328
1.132690052759934
1.227055823255883
1.044413313887692
0.692380295153925
-1.068960277258892
-0.919136050923324
-1.383608501175141
-0.970968458764562
-0.814749809626855
-0.831274134901985
1.119381416377929
0.533494849374087
1.157646091851139
1.127580973250141
-0.707293993441209
-0.242802146601744
-0.475913674569949
-0.714905939321376
-1.744896877494558
0.031595210651010
-0.068701421104820
-0.547427867100387
1.669158250539711
2.114684233875264
1.752940204408231
1.299110569606002
0.086775775103029
-0.727865332917908
0.582632020824562
0.200170504676439
-0.680914191575880
-1.395004467291401
-0.660816133015495
-1.016579141992461
0.030570112791855
-0.334793425850798
0.658014219389281
0.097773559458551
-1.968328498406587
-1.733397790895629
-2.164584393608137
0.771234752858226
0.732883836471260
0.038387831690716
-0.341573781839641
0.084676649765834
0.680336554128882
0.797267256685654
-0.739854088901640
-0.475281846021263
-2.429739160115064
-2.821652322116888
-3.228501029702775
-2.504806181820763
-0.795728069404269
-1.696308843011388
-0.433216146592114
2.137665575566347
3.081597681957369
-0.312897301564643
-0.059539950411574
-1.692031275567371
-0.030494070203193
0.433255152727514
0.430699594119637
0.252457913485067
-0.568475386699196
0.950370385152181
0.959772453190503
2.517788709512314
1.494653159186315
0.273202106421181
-1.244911402376265
0.424486106836263
-2.191310916257193
-2.209703810624730
-2.137569377288222
-1.870981076156459
-1.397877047156602
-0.153738574765486
0.531427605945014
1.625087782544768
-0.193155531748238
-1.495515936313145
-0.521143666048409
-0.513460929026085
-0.216013851331758
-0.512324533451291
0.278983296046240
-0.247903924306149
-0.200440146960963
0.212449831747933
0.170317018720981
1.686784233777872
1.494362418128853
1.395669818394150
1.659465124968494
-0.031124557280083
1.541277798821385
1.062398301342050
-1.236814993274425
1.213573725191410
1.902830393964171
1.556928963453560
2.601797108164632
1.382631940998412
-0.865947092714222
0.368188013975645
-1.015540293907847
-1.088353129164736
-0.575138417760780
-1.965008577484880
-0.269795102278237
-0.783560061131401
-0.644250262847414
1.279650529762685
-1.350476113600889
-1.896424344484439
-1.945632167677332
-1.619996870470739
-1.177454618411283
-0.699723108252923
-1.243116539132650
-1.050268091438900
1.675230859846613
-0.262125594725078
-0.548561222454214
1.240593217898600
0.176029875849056
-0.900028250980177
-1.904690582496306
-0.221581212395264
0.954511762496422
-0.426417493229868
1.112708064092087
0.580671088253914
0.602015796982987
1.983228141459147
1.460389092386026
0.020573398652917
2.225688429711700
-2.226277537162507
-0.518500663617692
0.768131232087099
-1.032688033667047
-0.494841294854775
-0.692352121139360
0.552352346890917
0.101107193623807
-0.364987629904521
-0.033142313312433
-1.445726273742906
-0.679414490190758
-1.207450809452998
0.134089293392961
0.488189166920459
0.176283889378981
1.610520372631811
0.142671526204724
0.080776508796937
-0.074196161672210
2.191757234545543
0.314429545333062
-0.799018517322286
-0.656728155133269
0.104322188197418
0.881409443865284
2.420360221367240
-0.646062423395793
-1.348204165639775
-0.046867143169013
0.350841895499458
1.537213074895775
-1.057106271124634
-0.973252839607389
0.691251504674220
2.169169673172422
-0.130446830567884
2.194856792641032
-0.909614656362180
-0.893764904304915
-1.934293043125947
-2.791510543660692
-1.841367508554417
-1.431283231577659
-1.494716109208706
-0.303782487227817
-1.742370387929010
-0.504699461899093
1.048453719430510
1.200455598964434
0.326155424221322
-0.366391467064157
-0.949492161205227
-2.464754705596804
-0.409092652815671
-1.325968937919658
0.627213709481563
-0.334065234915699
0.391232942314430
0.928667997349236
-1.059991996197149
0.852262859327703
0.944726226295009
-0.672530083357998
-2.046332009230410
0.399473073190545
-0.025941874124842
-0.804119889578673
0.229963937946023
-0.258821605890814
1.095544887596869
2.320176319439655
-0.486755007601830
-1.344362737394897
-1.376238135386982
-1.069764388817526
-1.883613192343662
0.521606578150694
0.800305201103765
1.457493389174918
1.640800530370798
2.454409404526023
0.172574556779715
-0.147614798868092
-1.597065428842152
-1.117708838166767
-0.487129637138463
-1.996404235692607
-1.720853494301648
0.694485862520286
0.793275605763950
2.440661251622722
2.506914158020935
1.855419601814559
0.310274170732033
0.399953568147196
0.617457374177545
-1.744858752972336
-0.234298652499548
-0.933245811365358
0.705851069902029
0.322989254522944
0.913222011370105
-0.373778536523100
1.971557882389985
0.240070803443167
0.157462630512415
-0.676624328360985
-1.143083537284917
-1.773364167488866
-0.172336474493371
-0.395888447738702
1.805605436427534
1.895981241471413
1.549878520868493
2.253011300812934
0.316618419732468
-0.651516045096128
-0.221130262193888
-2.261921447438838
-2.660705238095784
-1.809614486635863
0.120668273712255
-0.411048850845574
0.811450784212523
2.810060050349151
0.164310573186477
3.159461985418998
1.783127421914644
2.845097004298172
0.608393672506393
-1.950960509602319
-0.183681682083949
-0.328093263035562
-0.000989805386520
1.067524911101227
1.579806410835155
0.865094146288356
2.514175360921022
1.427711799899652
-0.782828303239692
-0.995035947442690
-2.191250679112630
-0.586484415408987
-1.932080742752052
-1.106162464760428
0.418970336408418
-0.573227381933146
0.516918135928306
0.435578678060356
1.316528323452534
0.136525758437144
-0.239794572246878
-0.422484658808504
-0.072686406639419
-2.126446489693413
-1.664785236609717
0.058221952318991
1.616503555578382
-0.242083669763513
-0.406217141309032
0.683750573385029
0.587845756577801
-0.315652254462268
-0.463766718378047
-0.253697673002891
-1.621587757437276
-0.386133592451396
-2.678217082915001
0.240347010493834
1.529923601106159
1.816113138739212
1.240682425448374
0.962815887192853
1.775368113908912
0.945085059575734
-0.973783159975949
-2.465429293496445
-1.768904407146121
-0.674424730701115
-1.362484856731510
1.629275714286559
0.675618242392946
2.348667648724595
1.324654018327732
1.892368958095102
0.745884794016182
0.472383091770835
-1.202778731877136
-0.031821633527897
-1.415297843606156
1.709015683136923
0.166702857931169
1.032101966480795
1.745049036121259
0.376493071043173
-0.295378811097384
1.412325332241380
-1.306631003607031
0.822411437286423
-0.913459514377077
-0.407315592962383
-1.824117490357470
-0.999164083205705
0.019854442234667
0.306602880669312
2.440225370870142
-0.654181462557760
1.327194013127773
1.018682186375894
-0.155663365095618
0.181138262490974
0.200206785114773
-1.057139218196653
-0.523420392656587
0.025963124916266
-0.662103568830848
0.035143357079847
1.227876488380743
0.344981084460047
-1.614745628919184
-1.025752404344855
0.942913180736673
-0.422746536154618
1.246515506373971
0.724668325311974
-0.229703236198120
0.971128428074620
0.222625726667318
-0.221425709414617
1.727969397697957
-0.994162499933835
0.508982339900928
-1.519757048698415
-2.863034536986578
-2.383481957353612
-0.873982999913657
0.399782219193267
-1.324045298593840
0.531479558592604
0.959034262162241
-0.322600241742152
0.770574490356073
1.603514510432760
0.512312799150529
-1.419014484464698
-1.648410301530930
-3.068799965001585
-0.713915035054846
-1.340910403542134
1.077790531094259
-1.116104746730171
0.037802322196407
-0.015642530551484
0.056944973126046
2.162508314889529
0.432686470144738
-0.788558506299561
0.384204049001335
1.602315751322805
1.712076525736105
0.796341512942162
0.652127013086998
1.858398708585157
0.507710321398521
1.409241931558257
0.817950303135805
-0.111468121772567
-0.749343646965382
-0.143936530743954
0.103629682374610
1.105485047386658
-0.469309958103270
-0.967834466435733
1.145668458104945
1.596541192264611
2.890065833802163
-0.100346253564554
-0.555156762234249
0.622214290958630
-0.801872334082491
-1.098081589381771
0.391258689300073
0.409269241922613
0.842501057827433
-0.799369361330793
1.373265335746589
1.229419999523063
1.214852179730249
0.999719145953659
-0.220876749593441
0.212562965145830
0.207590675412294
0.888226245081462
3.587496342415803
1.676805430306851
1.390108118048730
0.071514090755514
0.832679103960957
1.294549012632063
2.137926951807475
0.543118959041203
-1.164269279467832
-1.752539640578073
-1.260184550944033
0.401841693316884
0.518293038571350
-0.828782455794266
-1.610514511376019
-0.590852460682215
-1.482850814008553
0.224879485991001
-1.192163442844275
-2.731726526589569
-1.619437031312648
-1.376867653131887
-3.001441154724382
-2.151533441356262
-1.216821791092167
-1.207131527102327
-1.254586229163031
0.070182896346054
0.831226697916723
-1.290989912906650
-1.474148614942417
-1.275462472579630
-2.241457006861871
-2.201572467210663
-1.476203150761699
-1.166793014546279
1.486784502987708
-0.885161579372896
-1.190394387235482
0.749519174438300
-1.320468779067519
-0.999214647091642
-3.040808800959195
-2.766947867139916
-3.535130675581940
-3.830206602751552
-3.103060326916200
-3.209299210715460
-2.538750108095550
-2.298163455829053
-1.827328314894114
-2.752742541612040
0.126798324985234
-1.582371362572228
-0.693260814660767
-1.654236529529702
-2.189901000581841
-0.775975769205649
-1.103311433280074
0.244625791949576
1.123768071020179
0.630112134274458
-0.631891455950757
-1.192495516221509
0.373074158359561
-1.806803609518139
0.031851216365177
-0.730325822508934
-0.055406757803753
-1.609422039580050
-0.712277330193462
-1.100164207750510
0.113931646314413
1.417755201110073
1.078366463536983
0.293855398163135
-0.410126324839459
0.130975040270318
-2.852451284225974
0.865218109220438
0.631472698537689
1.250472456928955
1.634720437168353
-0.401609260561554
0.008617034388641
1.829822542262545
-0.039966884383683
1.082086115148276
0.399368111734337
-0.527717589774095
0.068938255316069
0.870556165906704
2.520172153078358
0.972828925323730
1.063314534863085
1.403942840950948
1.792428372155978
3.203154342757301
0.930490370432597
0.929517453486337
1.647402048128883
-0.068245992755717
1.555079890426259
0.874289780778695
2.038725742770498
0.555983522446163
1.152805669394509
1.542387270092665
1.603626948617328
0.955659309245445
1.545485079403640
0.427268631161457
1.025607600058967
1.195975049839251
-1.514838712612304
0.119098865597206
-0.233431442840275
1.195992155972652
-1.300336650339071
1.231597334287424
-0.214345872054300
-0.988320917034055
0.127975546839668
-0.896231919604553
0.026969135693837
-0.535064093066832
0.516156423220643
0.762466249854100
2.046347287694657
0.166574765407261
0.884131592929767
0.828188008119194
-0.235475310360156
1.879353935948460
1.627139045369804
0.097724636037272
2.119895891194540
1.124718993196078
1.287975996912161
0.064255498294844
-1.038793874371859
-0.554617751128470
-1.778293398342812
-0.226251284513799
-0.098356492332166
-1.487250737306543
0.431350485165827
-2.029282958151939
-1.156020968431284
0.273728660009399
-0.660492745497426
-0.995636484273708
-0.283325769799158
-1.559224000660170
0.511026290470760
-0.887079162401609
-0.674058512364412
-0.193837894466044
1.403556514806640
-0.687126491124914
-0.739750662405940
-2.290344483618078
-1.316442215170798
-2.437549505687603
-2.954634247681556
-2.420978897168229
-0.843045226881060
-0.720824863724710
1.405682211501897
1.927691629138878
0.287461781616730
1.466209590279888
0.319653727787632
-0.084860095829632
-1.699457939396422
0.011640006398085
-0.611067070317676
-0.017249446820247
-0.523060416067417
0.224376451689710
0.020689774717989
1.237838700549822
2.248975819502265
0.550755878207758
-0.978599900801009
-1.411842923677893
-1.852991321091521
-1.038510882782804
1.251796255572659
1.814407612183337
2.376514910725650
0.858755266621385
2.257029058682080
1.722392330927508
-1.100804356591737
1.067928048750140
-0.412512194326996
-2.514100608930200
-1.174520526598489
0.362827046900972
-0.049152632205036
0.971001610644598
0.953917678747858
3.377430860890947
1.824042400704457
1.746528302302833
0.286553310703480
1.024860937886808
-1.448892020621098
-0.600763697601514
0.002304745810651
0.474638139210837
1.928163323527860
1.707604749568175
2.314360736961469
3.675486539717882
3.208420946328738
1.577653742767048
-0.849552150852652
-0.815375818380532
0.058498151523654
-1.154303119197913
0.294525041434100
0.050493501091305
-0.085595639050951
2.399858783828551
1.916423321454012
1.446270863022234
1.307833362747444
0.745200176815796
-2.030327270968999
-2.683354156337913
-2.510628981450389
-1.403656055259902
-1.832339511204307
-0.172496537654503
2.224597080576171
0.737447311673501
0.811784997369295
1.265832079706470
0.920632712189085
-1.313632731591793
-2.325978054123191
-2.780631321640384
-1.970551378646565
-1.132203871359395
-1.195783494382574
-0.723922593117632
0.891160383552018
0.732114966462517
0.994279116595048
0.865548777971739
0.000159335453924
-2.135293308306322
-1.792301444785001
-1.723647817199320
-0.124624641118212
-1.276133038388440
0.000905497336518
1.229392251737935
0.877446362641538
2.638704929117628
2.777258235957685
1.270267756187102
-0.860512268127471
-3.067956216575499
-3.010815250029815
-1.786222397197175
0.124741671840774
-0.658832233342149
-1.062266862659969
0.797350083320795
1.630157241210074
-0.913534057429137
2.438594827107774
0.059701849573652
-1.030303380322930
-1.782049493533067
-1.067009882141067
-0.832931935904222
1.160251109675968
0.464264549599037
0.319611144423059
1.595540361054251
1.175895404031095
2.691013501883927
1.613259423288066
-0.113750865965861
-2.980749198568246
-1.395629309121442
-0.841128867715572
-0.825338836480633
0.260803191723058
-0.682251229389920
-0.663819041964990
0.102513793953337
1.534811381642429
2.313544745661516
-0.994561697201547
-1.699642436095041
0.317063646947455
-2.177689334864840
-1.510881408549051
-0.187308395913559
-0.443183372397874
1.453955873292175
0.995494170978298
-0.257274641594915
-1.431460603354513
0.301081503419469
-0.932915405564388
-1.197339065005522
-2.969576942266681
-1.571377675450353
-0.395504247111341
-0.633090842983061
-0.531177625998849
0.448893240989881
0.894395443075583
1.721433392839541
1.015157839347363
1.711193872952038
0.475110853345818
-2.194245453156753
-1.574696315661750
-0.303441535357010
-1.644833423853520
0.505394541651277
-1.617647505301254
1.823484509218000
1.878988894819567
2.280252408852462
1.892188548087755
1.808452094928586
1.446703372400933
-0.984870609298331
-2.224723938509169
-0.714940960355237
-1.667568586484176
-0.846492488476366
1.268001555693117
-1.033593672760261
-0.375806000714889
0.238346093429921
-1.016701940183982
1.163675001757241
-0.612649896683947
-0.797650417006378
-2.036832415446765
-0.548485041391255
-1.348616375525523
-0.880801962618323
-1.832907449056608
0.185372102421248
1.937582101488470
1.537929241978099
-0.355600417834097
-1.239584820719825
0.490174050866594
-1.086523804102686
0.471771872655407
-0.191353221753962
0.182067512653283
0.437687985552451
0.936658924937030
1.288196779550830
0.361669209013136
-1.296175439107948
0.212972935320832
-1.236835068861972
1.013592395695692
0.014020378948931
0.166426204422999
1.050369493441101
0.797444175228712
3.058603002198029
1.802666500828430
1.249107501128644
-0.308141111226896
-0.737997110390695
-1.122659774965734
-2.022047015957963
-0.542246991995645
-1.527520745085799
-2.651015103831588
-1.831937966609523
0.345122323743212
0.105405144818722
-0.167845159628246
1.034703875463049
-0.911912585423652
-1.322383140351958
0.071070882472066
-0.608877487939800
-2.164107180114670
-0.787463727876059
-0.086168454250614
-0.954062464801633
-0.406712738178077
0.660808092189596
-1.551862033410287
1.677156912220837
0.284940080911836
-1.746310171448306
0.693010792514163
0.659094631926505
0.134690784078554
0.794828639719663
0.634619752665273
0.200037856038631
0.004886624058049
0.607662622319154
0.313130811439717
-0.069350352172937
-1.248386553126283
-1.311235716977224
-2.310384496372554
-1.403718237213972
-0.962607601959115
0.070880786031960
1.287859889269417
1.186991204280787
1.862028272729745
0.654836166697288
0.522002133814130
0.625611092900286
0.069040804087521
-1.565272448396280
0.597506176893865
-0.754783955888612
0.620985839040626
-1.556947932309823
0.777532942352988
2.678060734927736
1.206287268811216
1.876409288262628
1.466515614279841
-1.587371117500173
-0.240909843425893
0.414007139112831
-1.559434575789915
0.077896417264232
-1.506997090788089
-2.017041941092340
0.786103882996774
1.074505444634831
-1.192377415976086
-0.627053283291810
2.308080051612533
0.428016611866759
-1.495541363836971
-0.385919705354953
1.231813455178823
0.658999161039197
1.582068726462824
0.457309173949765
2.280778030905508
2.074409551302565
-1.278978728333267
0.629189673720763
-0.178594602391621
-1.270427585817286
-1.603049984789342
-1.070194185298406
-1.785666416975354
-0.546524441866321
-2.201627482393787
0.203062293376601
0.650068497517033
-1.271201006731438
-0.982403103083184
-1.574100926101479
0.859739564974323
-0.050449718038133
0.882381371050347
-0.562615780438285
-0.906974216361937
-0.848214266555244
2.418466001020470
2.574709625898907
-0.331205123807876
0.298025800602259
-1.158475182321020
0.097544268551109
0.671817265360435
0.292808277440995
-0.050227855634834
-0.032763329874919
0.614600866341133
0.720037894338781
1.686111330988442
0.696777636312475
1.417817032414867
0.871960652722299
-0.538817179025736
0.052954220717675
1.478472094975803
-0.157384754273334
0.602854392899054
0.102330831623324
1.280967114630644
-0.414984568900691
0.746636516266616
-0.202779709648889
-0.947563459492350
0.482422932272296
1.013438396554040
1.273724622682784
1.572826190604858
-0.162105200264858
-1.178293847629569
0.395181510780511
0.279474971944268
-0.444429120008323
-1.707676951257968
0.125388734329902
0.474115624836837
0.452416965317902
0.861733261930329
0.409446473797442
1.056202972703377
-0.279040103722849
0.779312036136055
-1.263772990184023
-0.909198789351521
0.662690658484851
-0.379408459304239
0.830097707805685
-0.540469459647686
-1.613697213309039
0.212596916291594
2.193190245830066
0.177064108012596
0.778475074646319
-1.125963357430148
-0.179871651806325
-0.588076937961457
2.469684453315404
0.318148628952459
-0.528042028004118
-1.195400701858267
0.434424961190497
-0.332939710195880
-0.960220317346125
-2.261602070331576
-1.292437913533514
-0.902913428850644
-1.531836137651173
-0.168616065750280
-0.515601641032414
0.167898402032071
1.825495779910968
1.582823349223729
3.456135461287705
2.118365774205835
0.457670208673744
0.713417307621724
-2.519166949510941
-1.332876726294607
-0.896471215019393
-1.957750557747235
0.552675706207520
1.015716159833310
-0.276095623601827
0.337327566010307
-0.265089546785943
0.752323480252170
-0.598349544399746
-1.057910485615213
-0.608063605462393
-0.745740831129503
0.633847918404400
1.133594436476718
1.274149378279405
-0.559568493578041
0.061353360435210
-0.425575161908475
-1.356261462322016
-3.116936558557787
-2.489029550764227
-2.180585498216999
-1.999169029643021
1.640114058845092
0.032750007871546
0.662447864333433
0.513727070773353
1.639887515422431
1.619613468480067
0.506939008479148
-2.387146328945777
-3.671422567476874
-2.174473293969209
-0.798416237879185
-2.837530515961720
-1.343432537963952
0.984506944695170
1.667845587917515
0.890407838616697
2.494972203887410
0.886201004918830
1.104410647189947
-0.091040539254196
-3.472922438897079
-1.318754818735811
0.877447439370374
-0.601622425749605
-0.623481590046808
1.100482935264784
0.963166725220245
-0.620714202199310
2.570584789043642
0.503312293491346
0.778537290133692
0.775632760356412
-2.003945731409591
-1.654058277246655
-1.950171831603695
1.520374938631832
1.358319390008097
1.324658097391431
0.207357147354121
1.558125022427562
1.142230262281867
0.719434355980935
-1.778329381908482
-4.470443474354271
-3.826544159450816
-1.308390095857564
-0.361552182092874
0.278529291012642
0.396294962925052
2.439514290682432
2.756976134189410
2.541623095215769
1.380999829955374
-0.393798139630730
-1.764431611002598
-2.842120153218600
-1.737729844616761
-1.327319764659366
0.384485157170885
2.084650726291833
1.390751685457917
1.940106510593254
1.999395684512127
0.701272287521428
1.083492329930779
-0.170405136093226
-1.567289969470882
-1.468938368376494
-1.714398519999239
-0.261845698938967
1.282882392577634
-0.977179388524608
1.961414314133969
3.149596940959690
2.255042074622683
2.727426054160294
-1.423970336726454
-0.906536304170592
0.084095856170371
-0.717442160703556
-0.672868648808754
0.086562379969253
-0.644316297409266
0.841062515325939
1.389591443963009
2.620816811428439
1.942421135873977
-0.756492834978502
0.334215098130608
-2.099389707593209
-1.737711688975470
-0.379557185061001
-0.048817361992754
-0.457050738912202
1.092294505445470
1.004182786204826
0.834897875688810
1.655297740284482
1.042276288648306
-1.522942944435547
-1.579035687652637
-2.830340404760118
-1.410264179849571
0.590019297668609
0.694911950719763
0.568024257730273
2.275855715318260
2.261453266973529
1.503992238031968
0.830535434178530
-0.046379270374648
-1.841557440953150
-2.090653005292886
-0.046953090606103
-1.046013520070066
-2.362492488608821
-0.370566174788802
0.592774910749455
0.681265274693111
2.033320251142834
1.212509454213461
1.551696827740100
-0.252730163252220
-0.496543332822942
-1.421325959231860
1.628880715591349
0.313383653950164
0.335417570441734
-1.300467134162998
0.599553317101628
1.637142812313131
-0.447144881258208
0.195057976366252
0.193176725284490
-1.916524168808256
-0.248442129896376
-1.567716762557784
-0.424884323161692
1.069715835207156
-0.515040766086561
0.460679462864639
0.804403766386465
0.775989391507236
0.418905099682277
-0.614862356336616
-0.058197236282966
-1.038987677477248
-0.466111075119613
-0.560610763446139
-1.097374008013076
1.812766242610373
-0.153260683763747
-0.528419586677033
1.226062197647595
1.418629148859058
1.544071080277853
-0.392702699141539
-0.042336872284926
-2.099865624411001
-1.624504411995464
-2.405359024106229
0.409150348904763
-1.160656499402369
1.682991764607106
-0.087348698488011
0.656291658928697
2.162849727011778
1.362892297190507
0.252940271755148
-0.529888589872922
-0.621476214616352
-0.273116958817100
0.003384928096390
-1.032343210865776
-0.664126392779134
0.283673324834226
0.032041984446592
1.935388478458669
1.051973628192455
0.598782643344142
-0.576665297810354
1.067334588671735
-0.084858062747067
0.821573699011005
0.515688822636629
-0.098279744187240
0.255704321689606
1.263560705253209
0.791798075497318
1.553367049467770
-0.113034227919858
1.712187882481330
0.503249490549882
0.444528787382537
-0.099585487387850
0.182614939110955
-2.135529676788496
-2.229112569046731
-2.113235322742792
1.584067611758204
0.763160730490080
0.776309658559713
-0.682755935698847
-0.259237453070255
-1.337375042675974
-1.682553144403524
0.703244737831588
-0.883446278800676
0.276407128785976
1.124646657344466
1.472619547310371
0.705761313228684
1.707312628833916
-0.521169421930751
-1.071311931661967
-1.271844843967262
-0.705586972437184
0.464701211406264
-0.294471694315283
0.026081848460041
0.591715319840023
1.176680217563392
0.327234697837832
3.181191714792666
1.740019573973805
0.874179631351743
-0.858843062005675
-0.307210021210378
-1.921823970481290
-1.225488447016586
0.700605319681046
-1.455425872996394
1.821549620746720
-0.234138766173913
1.279409015804356
1.095148457344644
-0.813997262352728
-3.114526642676660
-2.778130072363801
-1.655088355990717
-1.339624014387478
-0.878335170799983
-0.025159700511022
-0.202310894110685
1.583559518727482
2.536081134979066
1.205748101118173
-1.889452494524182
-1.722145113262036
-1.211782266110322
-0.969093464623000
-0.845990356353860
-0.227653011757607
-0.149777421746899
0.518073302885123
-0.460216191182920
-0.798644344926554
-0.567675301327854
0.602804042388298
-2.458608696130473
-2.497408789787874
-2.473812774296184
-0.906347228174395
-3.265313154479272
-0.488564407624940
-0.707202828073165
0.546052859334363
-0.664622162812865
0.137237319902094
0.631093780036640
1.558944052048088
-1.305756484888540
-1.569524237742861
-2.336584127598628
-0.566197311821699
-1.003666989802541
-0.887233399328710
-2.603693399110091
1.293873859517839
0.980279241652669
1.705648060964321
0.034423651693442
1.110205461784629
-0.083389886592233
-2.364885125909139
-2.981656806635199
-0.715842113795929
0.298651003385319
-0.480602615332672
0.295751698184345
1.181916399834466
0.523780951674352
1.704262443540164
0.542812901070666
-0.550326933258414
-1.071738096386753
-0.618612076652377
0.158362909751438
-1.470775560284951
-0.795887864847029
-1.600985279224024
1.223921926921608
0.953821483197498
-0.104431966675170
0.495676632363332
0.019734085298411
0.359853430092014
1.395505307102185
0.918601309752754
2.366860336851859
-0.138220221728628
1.309607485114952
0.438732340789802
0.730698070187755
1.998308843458085
2.541034082254296
0.024440534270908
0.020505703132267
0.363406910910010
0.729298856464770
0.657925825479115
1.278617570426232
-0.938307234692210
0.033561600583059
-0.100396201522907
0.154826356376574
0.892491882846909
-0.072146438833911
0.045219049545865
-0.644187708090746
-0.840859915095291
0.712000802669068
1.667360548347391
0.011199071793604
0.241047155834603
0.493906037596742
1.337758971505881
0.616250873091334
1.445258202827580
-0.543942551050377
0.480455134252571
-1.083083599039511
1.439881926362393
1.605595530364050
-0.967030356026446
-0.968491089752410
-1.435621895038288
-1.183495900626786
-0.089458591327923
1.399983552188024
1.545483921045913
-1.135952028920669
-1.142400140270246
0.534944842911594
-0.105293410389780
0.070020910816620
-0.629514054565531
-2.508036182546534
-0.045223527518825
-0.146050484158041
0.707786319829074
0.209461830034961
0.515926538158451
0.231902095524171
-0.507895580143818
-0.155628120743210
-2.289362611587715
-2.028186826580358
-1.840027307144942
-1.774223754988514
0.508940873887419
0.799571430769569
-0.785735574146163
0.543167878129173
0.231533339600881
1.292130127917965
1.774162545480204
1.857685967348676
-0.080218166833257
-0.794322786145538
-1.915574912610017
-1.654331897483293
-0.360069030261242
1.770716455484648
1.089861841546414
2.695857922650874
2.305091201172810
-0.201247652516224
1.022141013845539
1.313113746062725
0.622479495715459
-3.079115088131864
-0.907657917311809
-0.736669307228406
-0.641788426562315
1.599096771856805
0.950803266162355
0.105053762865199
2.173918168654692
1.941192110126841
1.368388081299484
1.330661371610048
-0.557553336696826
-1.752908672077920
-1.232353020761403
-0.234001586571959
0.498440198585894
0.845812657162432
1.608560124774750
1.789935591006132
1.728390646203292
0.314470547434055
1.361081190394370
1.050729576676614
-0.867982076993794
0.134303485250347
0.955480414037486
0.945358264213118
0.750628111344500
2.741122127778839
1.070560894680232
2.165757877306326
0.145366743895281
0.790925133553595
-0.881565527517459
-3.148010493618469
-2.563253715529750
-1.684756204326675
-1.911576301301156
0.140682037843490
0.734062900399799
1.689128265842779
2.611108451542341
1.395884381523167
1.395068321250507
-0.120322276013607
-0.075331401522478
-2.542122408541072
-0.920537639477433
0.386734635064530
0.086980911887857
1.181503815308303
1.093314033566194
1.483544797589790
2.349692008505926
1.098604325596452
1.324406133496296
0.006424832797083
-0.812668303419235
-3.069754156585081
-0.733063740756730
0.298467689192230
1.767382424604175
1.781928617779157
0.986929166083042
1.653121120116430
0.813844236319288
0.203955787769422
-1.390990974059660
-2.523040355039545
-1.583758390378623
-2.217786725908651
-1.647552509389226
1.253878223296542
0.944047367538956
1.939071978773019
1.260302028252418
1.172031783216877
0.080907090732658
-0.304706681689913
-3.026329548129806
-2.918419051568565
-4.439780916584581
-0.394918940699342
1.112932701775199
0.455550543945290
0.666230046250646
0.792416078313534
1.936837829223105
2.502382369608241
2.256580252608718
0.165904553761932
-2.007019886236230
-1.348347841661016
-0.645030012222439
-2.684667890989719
-0.368563067646531
0.096824813921346
1.616305146827357
0.620456830268303
0.390210120602820
-0.148288040218116
0.296875867906013
-1.493656032770689
-1.560759905051268
-2.156657527189288
-1.787147804759852
-1.506370014077835
0.150938171909443
0.230916492377468
0.947867277371142
0.980821749163508
0.254317006482971
-1.440643340975602
-1.671031861372556
-1.317104340944550
-2.583709782803068
-2.706126982476141
-1.324031008048505
-1.034289565541105
1.451969135886724
0.725505803737694
1.656788282751787
-0.031265838997017
1.502632260956822
0.075934532899700
0.351633394661937
0.097585736822432
-0.799125683700651
1.981762441486781
0.681882629961830
-0.301892811516541
0.625681718594240
0.461214746508428
0.201205424864400
0.424699889773911
-0.466982954392314
0.245176520785415
1.083931610148549
-1.274220851334513
-1.518834411949034
-1.555194718759527
0.063706755325372
-0.070226129158968
1.500699360793098
0.811465948237412
1.349505723701522
1.375566749837008
0.922133835768325
-0.687463057254795
-0.826688049061125
-1.021400599148043
0.088123469713928
-1.571590400638267
0.723506405462571
-0.318264712006084
1.676701293974577
-1.267295660375776
2.617497172603845
-0.783965943669380
0.390327021762083
-0.327735060065262
-2.027048126697895
0.017862330730786
-0.363596928388593
1.278260518929783
0.962276822205043
-0.024305530405744
0.676991798935275
1.350875407713156
-0.014263203523345
-0.576838590964114
0.200143371185577
-0.301942166643944
0.692445109556421
0.810709514763994
0.769554358097529
-0.041780918204042
-1.951191154740126
1.949204163021597
0.703478289000616
1.945661122590332
0.909117115836022
1.844533791058872
0.214747742082586
1.074053184952666
-1.451746398358434
-1.293189544687272
1.131266156789247
0.942755974212938
1.834994181896740
2.426521424985971
2.008857834850636
0.143404223183730
1.830569657357538
0.147329392272666
0.421062809115091
0.162509975974510
0.571762027246118
-0.946811735344545
-0.282422822312938
0.743912153258500
0.354155059516241
0.354381971317538
-0.746155110716117
-0.109443841954975
-0.628811480138851
-0.747060899548045
-0.907169405091950
-0.770320802521786
-0.705635443705872
-1.281726265022441
0.331937002941853
1.049556337284577
-0.135927932179784
1.123384312093939
0.320948696407578
0.317849351209768
-0.728908594076809
-0.371578069552664
-0.458256747914161
-2.540699685306631
-0.577681116252826
-0.432476946555230
0.462821485843484
-0.522777313321363
0.483377164485833
0.664772526942177
0.552082522198445
0.768116844417112
0.685145186282850
0.403984363119745
0.394036528174381
-0.284250473846654
-0.210551142605553
1.044895801925090
-0.042340788748567
1.621029773376995
-0.385723223377233
-0.971911832825134
0.214019410755990
-3.209955448330570
-1.583561064407787
-0.370962573085017
-1.688276945898689
-0.713544142252177
-0.128437577688388
-1.241063460066859
-1.424423210264536
-0.984620552296981
-0.369656687848485
0.096280507186913
0.567554953585983
-0.416897386059560
-1.824597073891004
-1.173114607957732
0.076320543142750
-0.225002923303094
0.702420684100785
-1.000121193091370
1.586989141776219
0.957076803638758
0.745219580420653
0.079358480369685
0.086203379903038
0.006006469941989
-0.687017299767871
-0.941909125103705
2.434358370004372
2.138006893059400
0.578932691305726
0.594774267769881
0.916303085847391
0.587804519061234
-0.969930333828576
-1.209776819360965
-1.263540495263624
-0.002979963287253
-0.424903010559584
0.680863646053335
-0.266717525573559
0.664838887401083
2.294015696083731
0.666763344099036
1.223790616360646
1.566657168411717
2.817003033163576
0.362695122009272
-0.270422881110314
0.787583835788877
1.930486807605377
0.955131578758879
-0.185360138018210
1.362167192179319
1.251621544317467
2.438510479936223
0.328400690372664
-0.197966561491240
-1.602324270779645
-1.507944540571982
-1.050628471023209
0.294521712845462
-1.026161814599904
1.442020898472871
0.165099998218941
-1.133076745357016
0.013639693649045
0.366473641918277
0.356977473367154
-0.253637617589003
-1.397889944827799
-1.958371452785714
-0.607810098117979
0.363095061116104
-1.533630902006425
-0.391933850910722
0.797866204353164
-1.613796188950546
-0.693465713667151
0.010862080173001
-1.026304672458783
-0.630957675556673
0.739473613695463
0.587224724269650
0.587098020897759
1.927816226732581
0.671933920818309
-1.475827716870268
-0.258483536715494
0.076914056075220
-0.065508472864700
-0.040331375852330
-0.431090944658884
-0.662198247654314
-0.542508864831711
-1.663566485073368
-0.269297335564424
0.613282869287312
-0.940539103006499
-0.318462063762421
-0.757226138644363
-0.618389425219630
-0.087491173095982
-2.752734268052371
-0.018942508825872
-1.183402816604817
-0.442753216666110
-0.833293625349963
1.079412326914110
-0.352036876778551
0.044777476069692
-0.245089188454486
-1.009873972470066
-0.369115865188128
-1.011280962793768
0.495979179968665
0.101242678828621
0.263880868021738
0.908335819910793
1.033512247893841
0.397294312509353
-0.219120614552727
2.379572906031444
0.628300224033427
2.165445538627149
0.526872912010794
1.123187107811868
1.033747801651368
0.583759692903934
2.130201624603629
1.014783374251087
0.522845247473134
-2.161440656339206
-1.720047556050390
-0.067334756225455
-0.716392174924425
1.418768858112526
1.040570244801649
0.444489420840211
-0.777516308234024
0.074394352872211
1.540556647825239
-0.969717051749887
-0.175448127922715
-1.225533743148660
-0.774042220781096
-1.476580715637321
-2.303506539670280
-0.051954315783206
-2.754683718979129
0.634021822706430
1.408680921613006
1.002624585045663
-1.261721055022605
0.010937363723447
-0.920569047585249
-1.573383383585765
-2.237919800112403
-0.399161093564702
0.480097656121011
-0.670015759126224
0.651644256454358
-0.519686808932803
0.432648307807642
-0.295290454250863
-1.703907656635443
-2.182704099358052
-1.316896250854478
-2.554802033393319
-1.358156570435959
-1.038207497775422
1.657070796140982
0.757772400860250
1.999847626015115
0.576984692659869
2.049584861091733
0.158252366124446
-1.606690896705385
-2.594938568583128
-2.614733835785410
-3.456925630635548
-2.547170356444067
-0.043136466423666
0.937631337956842
2.662320240705382
2.777263717999250
2.970951324528551
2.131754484974096
-0.238870162584645
-1.690055420378443
-1.577241468830560
-0.298100840110559
-0.163785199886338
0.118641091735071
3.031987114930360
1.162276999102424
3.627591579941411
2.928766949716280
2.624688323362895
2.129447047512003
0.325488353582459
-0.949513582567757
-2.618742178584854
-0.726202722411687
0.591163660709261
0.740098256345200
2.315167214728965
1.391292302970381
-0.344863271010005
1.682778560234896
0.987022715466291
0.295344400188150
-1.805420638495076
-2.433990888670921
-1.089880984071908
-0.286306366428237
-0.419848831929506
1.825682253981818
2.400236042780534
1.193969580534192
3.341766623003399
0.033327823724145
-0.213515578579118
-0.870516261537562
-2.451015951457596
-2.422078920160613
-1.934717163476702
-0.616468621176828
-0.284693334396794
0.903152517373180
0.761053051079211
1.356407139339238
0.574507909821969
1.090429487191193
1.421100926866043
-2.687507773834221
0.128711246536263
-0.364601876534294
0.445215945277374
-0.617055386224834
-0.410679362029365
0.492541344080193
-0.263183988495831
-0.252244743444029
0.146404432028889
-2.161487330717952
-3.239981804173160
-2.811750698656095
-1.996518891024782
-2.360251800611696
-1.198138324417177
0.419559375771381
1.534275459873681
2.631192541796918
2.538353683811309
0.770022376219505
-0.455363065153917
-0.922956177649235
-3.025880507291115
-1.872494555849818
0.069685413433138
-0.068291004527237
-1.694746273364710
0.561248631643444
0.484592722559037
2.512420784781643
2.820071267759053
0.299694742542901
-0.106962872487405
-0.592892334914353
-0.986817489457466
-1.257617118370771
0.604762107352629
0.185044471065518
-0.320941904020238
2.139193039204293
1.907170092570912
1.672608760469875
3.251575273201238
-0.213886925761726
-1.877285284229366
-0.784915570249696
-3.228822649868831
-2.920899662442699
-2.176355387291073
0.363587029870238
0.344151521775662
1.857902613039765
2.704446139836657
2.363043636470399
1.300428419669555
2.929110426435106
-0.822484826378389
0.835723229667168
0.646912112411271
0.816134934203041
0.097767552015657
-0.231696435739956
1.381449447765679
1.068356966767875
1.953039821908629
-0.227233039611382
-1.256202505276852
0.093757237691657
-2.212124745122442
-0.875835664665127
1.084252224918901
-0.442873285222029
-1.497716920239784
1.345532908712787
1.592170711156479
-0.488758396562708
-0.678096027594254
-1.061668066173327
-1.942263900783482
-2.999001284347327
-0.330353223014007
-1.743479350030773
-1.091548572676302
-1.889123112386873
0.034253476809834
0.510755419415678
-0.167306794109937
0.582851821821639
-0.087298550532825
-0.093338034220968
-1.057273971094602
-2.172523498745675
-1.066245493046475
-1.844705062217912
0.396777069977743
0.051032491324076
-1.341829580313732
1.003511386158918
0.025378606270377
1.041592330018277
-0.568534912597226
0.445438110400407
-1.703063385984992
-0.840689707518063
-1.460264484273793
0.129927897324506
-1.031810956904852
0.773384185584229
0.800465483237581
0.958220975229194
0.377461596836760
1.330752533722199
1.236930703779758
0.997101050193281
0.676230012101630
1.825616025399776
0.073815400329673
-1.239288385476424
-0.012289010217473
1.301077652815842
1.225201003737501
1.285494091918297
1.333365347057399
0.020512170819982
0.613421507644959
-0.367616544692214
-0.192102677621306
0.133523897334368
-0.750928887784146
-0.158293558039031
-0.045073243320900
2.453895581805423
2.418727586455445
3.522809376722148
2.884017202252153
-0.204668400986264
-1.180703913077376
-1.187799163182613
-0.342134979573486
-1.262415994853924
0.210188150208007
-0.614896356149975
-1.752229020010611
1.602103492705192
1.979805540888146
0.568028804528535
0.665104447820733
0.050952949407690
-1.125073175684336
-0.237741347089255
0.810494224846998
0.532615056799580
0.885306059743922
0.379276223848162
0.511789866861678
0.465378660561063
0.050285442699390
2.712818987051894
1.039593062045143
-0.949165653902351
-1.032883403151589
-1.096128081375567
-1.941658184114531
-1.415055287124771
0.304417234426729
-0.228571981707411
0.566934120399604
1.443799327434944
1.116327163153063
1.144807206390189
-1.759685016156954
-1.856783600318065
-1.946898310449148
-1.623172048308220
-1.276224275659348
0.509952751503839
-1.450658526039031
-0.478051729647714
0.220158197980514
-0.468646859712965
-1.599662343250429
-2.552356347189991
-0.640797513967129
1.181797587907638
-0.285574418768947
0.289112936936031
0.338264282079266
-0.603313257567506
-0.239002081626029
-0.211309408633706
-0.203290200424426
2.232964090870514
-1.818405663619439
-0.607815734200583
-0.024399518399810
-2.443610634382559
-1.419277341840218
0.212959460444130
-0.603713129592087
-2.768583715400784
-0.917054802627483
0.400442444189809
-0.062964506821236
-0.191960452512256
-2.374406787408283
-0.824269505468050
-3.349821901664924
-2.119420889111403
-2.233873929407451
-1.516420191156219
-1.009879035701860
-0.733378727944717
-0.327430310558446
0.501690466077501
1.122352826928966
-1.781669260043521
-2.401258423504579
-0.788119851719930
-2.442770828851822
-1.174275960300629
-1.544589378369438
-0.969979741348463
-1.136449323656864
-0.852863346809344
1.643187761861046
-0.321165843511682
-0.604910600231422
-0.334980916842331
1.536805883200829
-2.150700507941073
-0.797224225965163
-1.199608151213158
-1.173214915227215
-0.327148163942503
-0.019068933542746
1.693504072178257
0.750965637749113
-0.678687608468851
0.898379729234853
0.302878376534928
0.415770554182943
-0.135083516028142
0.074911386453421
1.613649816878874
2.020945868945028
0.872760351353241
0.555695178807510
2.008313432507522
2.262982762844223
1.931479610960981
0.971377804290723
0.797094566139354
0.042900030292470
0.239201377716610
3.101097274099299
1.342609067426372
1.077949058384642
1.821139924121756
-0.676510583263120
2.553136939559814
2.190837422228125
0.550637520975755
1.345478325130903
0.351307068251904
-0.043244111178156
0.382642627855715
-0.689021533529059
0.502304678646571
-1.906779369866880
-0.317898103403855
0.540153792329354
-0.005042727947696
-1.953457207809005
0.846466359747378
1.112613299454960
0.632215793520260
-0.039110151006990
0.319442992136074
-1.299269241085808
-1.125718010163187
-1.253667949155235
0.198253126572045
0.759561505557743
0.634069416996756
0.981592175414983
0.460776175462121
1.050759856245055
-0.112716845927648
1.130653949633211
-0.671799238801935
-1.039896069705949
1.142194749104565
-0.064363322388313
0.462262669328807
-0.028979823616010
-0.362189611715583
0.200748011695175
0.747042047927538
-1.094383656823085
0.344281674276842
1.466816207169631
-0.237762418723302
-0.688322310584684
-1.081343558858498
-0.540160262025670
-0.051311932876163
-1.431567271607456
-1.404406767538679
-2.261301445678646
-0.951443406774565
1.638234555493269
-0.434981047476580
-1.787113837310991
-0.558677359267361
-1.715799799045675
-2.178222809235766
-1.469148287812672
-1.434908605432512
-1.240056097213675
-0.621295754620725
-0.212378377570863
-1.462968702302074
-0.240089757652935
-0.351250121359183
-0.179785689108478
-0.111366816378420
-2.555030924467991
0.582126996734879
-1.217541123748560
2.090796942129541
1.567971937037973
0.820243712524302
1.849307757952439
-0.469662472254797
-0.108422667501338
-1.348679625516312
-0.701012797783367
-2.449604126904217
-1.501970165937307
-0.718830257243875
-1.326508894809818
0.230420349574576
1.851717176816514
1.478573114984859
0.974611452644141
1.114296546422637
-0.149499491541732
-0.168180659857344
-1.176860957595929
-1.413243950131200
-0.903247335413988
0.787495852271408
0.621141483170946
2.749423954802679
2.132343351422707
1.371498503393549
1.234161762031555
-0.554459534321777
-1.788065532262491
-3.024864383883051
-1.466279602766375
-0.395743888049628
1.459215104007586
1.846060647024890
2.967467659499907
2.920891930114144
2.003406773063211
1.671642318017866
0.414066004705391
-2.128186887386842
-1.617451565687960
-1.694798681786033
-3.100080773316914
-0.287086983225964
-1.615911193208851
-0.329443743736700
0.799290781080331
1.742893840216055
1.824897900189489
0.155347363576692
-0.269863989845731
-2.383316380302845
-2.521712757808391
-2.756518029982884
-1.641296516140816
0.054752505011877
1.250216992993112
2.398766156674621
1.581367647888055
2.233798178536275
2.589398642577726
1.852920983689144
0.996798135071247
-1.773282819753977
-1.518740818894593
-1.474251129090793
-0.550146582201875
1.710494979908045
1.083947039398663
2.718705667510795
1.817791525895222
0.944493954031207
1.628893945056678
-0.151909623259491
-2.503458858571978
-3.121630918136002
-2.735989136060050
-0.072995246373999
1.905161114132693
2.823162871376068
2.290971087731917
2.989321723702544
2.299119507906069
0.544839661427592
-1.940065718767304
-1.569564988364738
-2.197116007282803
-1.414755261373623
0.346169053516414
0.625584848261292
1.534864807095599
1.760119862946981
0.987311334679963
3.812268532090994
1.445003545415699
1.902559463389286
2.409558501458054
0.680417505206304
-2.305593949865736
-0.994404017609227
0.033468029258220
-1.000854170470254
0.501417630558663
2.206857657170278
0.298267550325691
1.611522349287743
0.408123694441649
-0.237906344799056
-1.900303675279545
-1.620449902439191
0.697327436170980
0.404126320641084
2.315954377109635
0.722740280585283
-1.059122933464500
1.699060473510414
1.557364022926243
0.522748906221576
2.475800668743132
-0.590141911515067
-1.739383186359877
-1.370195045689749
-1.186531521990755
-1.428374592513446
-0.467143394273167
-0.386572287573009
1.241210080908709
2.938082655650163
2.582457885772160
0.817026366851721
-0.411729967460571
-1.766590970822421
-0.634747144440321
-2.892361367457443
-0.049591857350825
0.918267595329766
0.306171907203383
0.339383439753223
0.265593722669021
0.497673437154154
0.176030057619875
0.256847739878010
-0.424818333789500
-1.886346891879462
-1.300069746457202
-0.948632414226948
-0.544475138693512
-0.148608855790212
2.003658405309780
2.317601128697980
2.113718779666846
1.354240565598777
1.778695047756163
-1.279483767153700
-0.611175253822747
-0.707879536719299
0.164519060183643
0.248110607981576
0.246674469663130
1.942252160682348
3.390433758301052
0.897993055287771
4.081865816354963
1.379195275878430
0.688923456602984
0.046017200209856
0.555841335111650
-1.904638235795447
-0.112945464146239
-0.029051847039722
-1.746994005658502
-0.166189198233797
-0.667069686830406
0.405999783859092
1.718981466363865
2.306360980234124
-1.479014311323620
-0.667624938980634
-0.519520962709084
-1.411541292835523
-1.073657125037635
1.077992768352649
-0.494819457068958
0.339517186249855
0.542053373892234
0.676875355447703
0.266939374184488
-1.574228629459313
-1.215318334701252
-0.988600531431811
-1.496767563293299
-1.031678592996754
0.040122611309833
-1.640629060598900
0.212515884079441
0.788465376573097
1.360259732409337
2.513036212785278
0.661563063840881
0.756360515566985
-0.352214199222537
1.031592843466948
-0.655856361734229
-1.862480447635944
-0.321644841587157
-0.528254165457770
0.205011157517752
0.569157126352548
1.214876895053185
-1.953100798787743
0.037545960084520
-1.934047102449970
-0.857735746634973
0.500235436170743
2.199610269220990
-0.044346007905292
-0.105040310065642
-0.982611701284075
1.644547290608562
0.782583070812829
0.281209606979817
0.954466446514848
-1.170106976747474
-1.354774882427279
-1.665091548774390
-3.174196020296202
-2.185706371370989
-0.541477599743336
-1.086139346974711
0.213410932942604
-0.028104176883479
0.914577271735479
-1.199173210872184
-0.488422151749312
-0.783504045142466
-1.380553039988268
-0.904351904788951
-1.943658062713738
-2.062783026777915
-0.414433928510652
0.389722563905948
-0.411465252897195
-1.198629976841634
-1.866098579694236
-0.956916485230040
-2.746660303915568
-2.761403149331783
-2.196486707267395
-2.816284013001599
-1.699607639592387
0.476154822047583
-0.995724385795179
1.541416136665914
-0.467558088005897
0.692569189880002
-0.998135452724397
-0.184959955444852
-1.705649525587774
-0.942453396467885
-1.490281264896841
-1.477645081966559
1.920891127480199
-0.861207787879119
-0.453064530155208
0.721444716800522
-0.661419057719169
1.168225697311910
0.617207782121297
-0.843762469413219
-1.760665854132451
-0.513566047654796
-1.377610872501580
-1.202202141839656
0.358436177402147
0.146113699824684
-1.297180397068303
1.185046305256493
1.803002254200396
-0.718356781139336
-0.688029601960083
0.333978004477329
-0.308500918082560
0.135824515761079
-0.671861202387066
-1.157602925074107
-0.344643603400506
0.310682496348625
0.554743489880225
2.133994130382259
2.332980065653599
1.980337135211195
-0.990675525017042
-0.604756367456250
-0.871170482501852
-0.166966392773905
-0.666387689527487
-0.394937641967676
-1.128693078155747
0.035798109652488
0.588436817808334
1.191532890903866
-1.144768395879153
-1.315756411981036
-0.032914848858563
-0.100178108959365
0.519035597042564
0.310899062743270
0.727722711246164
-0.363067370315059
1.233746327594855
0.026910438782012
1.637254243111816
0.676688869396055
-0.028668549872689
-0.364154742267252
-0.258539276898405
0.926734761841605
-0.184908590299060
-0.065046020000913
1.576999961597671
1.887582013205750
2.788609566630982
1.757534746770171
1.999107969228295
2.107342557989405
0.017531175388097
-0.159752145936293
0.791981230864904
-1.461406065123654
-0.891985661195865
0.055665234587828
-0.995291121996940
0.259213925636312
1.607051711888634
1.977980815413385
1.196664724183977
-0.372545470172747
-0.861824378065498
-0.945746145694368
-0.196444201379735
0.633624760008087
-0.832421485601421
0.371816338609902
-1.829990348198218
-0.599822346687297
0.663011269917694
-0.339599183307334
0.267683005355866
-0.068263641792618
1.359504381874691
0.432231674189123
1.795088570237509
0.868199302937138
-0.595507187315832
-1.310067876281129
-0.512237149272206
2.228315677046543
1.244706954603796
0.355239296774521
1.120647490805788
1.114090443478752
2.707426101880184
3.425657079891963
1.264420574354270
2.164439367450117
2.172379049829071
-0.775049536842070
0.292598374424345
1.234466044300959
0.264240921234569
-1.555651767538594
-0.048218732943612
0.479725078597830
0.463806596500140
0.765700136621394
-0.095959940264737
0.336443629571355
0.112081712901996
-0.609537706771332
0.764016846299371
-0.117048742998509
-0.247878414780440
0.233757320522171
0.341305086979568
-0.512415888055966
0.705623196283848
-0.421416915243798
-1.243783013757690
-1.792705621930327
-2.386929282595326
-1.745568639223550
-1.850941712172418
-1.520391598726679
-1.203137673941054
-0.409755830658008
1.709311295071075
1.586977046616756
0.961348187286302
-1.288560763405903
-0.562181038230895
-1.939357684392706
-1.431046084328945
-1.190935901026711
-0.729641086989084
-0.348587660525713
0.033430694041190
0.675828495108262
1.497121122791606
2.326989545523177
0.992562022220860
1.157431272880473
-0.247846192101536
-0.060338216868056
0.681870372305857
-0.154571756082836
-1.535634481987720
2.265279348707208
0.450823962800872
1.606863214933977
0.584972086197951
-0.090279976107189
0.505259553099347
-0.971191032070634
-1.807252047704180
-1.417126648156008
1.051666901768773
0.206510447697317
0.750716341416076
2.308312884131346
2.875141304034792
4.508108708059210
2.284074807054643
1.279171313444046
-2.201546427103535
-2.773976352325389
-2.181808186461467
-0.540625008566208
0.058868239656874
1.377208442337283
3.276740177203504
2.421799263551626
3.032672666211579
3.948919783523550
1.657673827592734
1.090182955027103
-1.619768506480018
-1.469874685827693
-0.815236459571391
-0.295561996512823
1.758292424055840
1.827759058755325
3.049957028547364
3.331258431779747
1.994620909245084
0.819398814997605
0.030991491379402
0.574711516782418
-4.157979794729354
-1.006750428658953
-1.563029666211425
0.918196810288248
0.678154282046457
1.148773742419344
2.295715716209021
1.936967626803564
1.095991765415525
-0.072926338261098
0.579906583943437
-1.657281451414461
-1.769822076718659
-2.776758559503622
-1.919990512978044
-1.811323255882375
-0.573154510464922
0.876980044345152
0.827040519530601
1.523579588322295
0.483851657356469
0.242481564298427
-1.636627844214700
-2.424980523873609
-2.774855519942388
-2.451496505517321
-1.483953011400419
-1.144653687649332
1.096196248494564
0.551455608108886
0.598965317911298
1.367572617286548
-0.626601802291016
-2.450361468006551
-1.170851611942915
-2.856310848508447
-2.359586889792119
-0.317008148612456
0.232486936296104
-0.277679337944122
-1.182340109501897
1.096972415058959
1.087661007269177
-0.096404632768079
0.862339629401107
-0.610699451671346
-3.079166982565028
-0.244577018552440
-1.677803174441864
0.374968250197385
-1.078990648061352
1.666386875746074
1.518041488312494
2.353025150015687
0.181531077472306
0.438037867619654
0.075744236679189
-0.042921568229351
-0.371958341061376
1.229151526955090
-0.401669860810971
1.304371988641103
0.118460891323144
-0.316392013790031
1.815655880529967
1.837715100143643
-0.566496633086488
1.006883727460838
-1.064737514227051
-1.287634554746246
1.291920089908469
-0.576991110853133
0.658620180302254
0.145994907414626
-1.391850727714227
0.065220753457286
0.489042860891068
0.532036884293261
-2.313082553354519
-1.553170021742060
-0.810248830208050
-2.843017307900352
-1.057787855872699
-1.548952257965680
-1.980033557824425
0.549497168155789
-1.839270688481106
-1.237756061805125
2.067377718157490
-2.153339138414470
-1.236184449797996
-2.292628252206341
-2.009323280059181
-0.512474750583979
0.889037671331608
-0.657173153105385
-0.490878526908468
-0.224611315751962
1.786535710306058
-0.119317498200120
-0.705747747069165
-0.566960113496419
-0.975710528221880
-0.949363267283171
-2.231565527357531
-0.179030707580258
-1.007739222957557
-1.655719637874160
0.126503385611417
-0.665538871813244
-1.366351145507419
0.101542702290297
0.499309221550990
-0.165586114011774
-0.543271296577029
-0.926175935299901
0.209029915216806
0.625505059654058
0.114309277675058
-0.888480235454818
2.019156090321413
1.417481182220806
-0.203776590384752
1.401490473411405
0.677534338598481
1.816303310125646
-0.123666313978372
-1.108357457462140
-0.697734167451135
1.208771687581971
0.988466079945704
1.602591601015988
2.178286982975921
3.070711700910924
2.793467254055534
0.602158348881657
-0.763720037631910
-1.478889618035529
-0.783577956997037
-0.865687377161415
-0.041407547584486
1.206446013070914
1.044503331410402
0.547094935959738
0.852115541378524
0.819286191714985
1.716861350526251
-1.233416267913046
-1.152441490692614
-0.781276796724196
1.501118240058819
2.032278835108622
-0.865699426160744
-1.313195754527452
-1.185997787291687
-0.852469990525992
1.242766171240794
0.951610783894315
-0.414397920228181
0.652073223613115
-0.139531740518101
0.243542284052871
-0.382630320980980
1.545831165126480
0.518926778223269
2.747152634471849
0.736094830174075
-0.120587017738106
0.909768340400025
-0.970424305337447
-0.181850267398553
-0.602231470109381
-1.283523480254368
-0.358311092209740
-1.682765507063670
-0.037892606011706
-0.356998714467082
-1.157179674724229
-1.077272204150206
-1.263220528036150
-1.666024134851712
-1.609659009778749
-2.404149535687619
-1.151859300634644
-1.383043650692830
-1.459242196393444
-0.907691672156766
0.083680308275243
-0.327058761531689
-1.499678389687565
1.514983709585021
1.048675726828485
-0.158800988214345
-1.896761102948092
0.435643078509797
1.736278585477391
1.135877395952762
1.488994965913634
0.690154096914388
0.407915544956218
1.732950717161926
2.675194353571613
1.981933497188611
1.932209314323736
0.256931190011266
-0.538519176960323
-0.533085848289688
1.125343496874638
-1.237234007021709
0.384932698364330
1.757498899133198
2.579726414077956
0.467926342214708
0.817932263396698
2.628768622089980
1.832402389714576
-0.828758552874967
-1.019662116486261
-0.222989060106504
-0.510320631037025
0.478106841772261
-2.431473181081612
-1.663064041147441
-0.950035960985750
-0.267506826592559
0.875059618632465
0.270131571370750
-0.914143975831766
-0.768764379767027
-0.442726958617071
-0.271428712415936
0.114724312568312
-2.302563250422990
0.192035888621904
-0.535403780030719
-0.324704384039481
1.398263767658769
-0.240669925099121
1.487699596012965
0.821017188500033
-0.012389345803935
-1.295590249690239
1.404068883238666
-0.834200893945722
-0.875358174963594
0.449758250826296
0.664586862412721
1.998785595205941
1.614414973189930
0.975705860511921
-0.053314771507536
0.894725340792417
-0.202202900784008
-1.648996296595020
0.965674577490352
1.704090832750821
-1.887423584300286
-0.375896859955702
1.478527744656343
0.733369594085711
0.626309583606816
-0.462855319798689
0.412623198410160
1.700292602946702
2.524065180092264
1.496757668218428
1.841391424522504
2.106723746985914
1.461577707381728
1.085780989216958
2.574703801306296
2.011410188697734
1.552363762022987
-0.877171100949536
-2.482685803607387
1.864721077356925
0.305717818170773
1.115902248630990
-0.124387369358689
0.253974327982879
-1.657060528317026
-0.895593212446789
-0.204938285347541
0.069336857904514
1.292602859631920
0.964747782137466
-0.185186848097707
2.109298500757150
0.708668055798215
0.091485463771744
-0.910151480568703
-0.336259361641923
-1.168390373012161
0.783614688764612
0.920920491833018
-1.519733121594168
1.208657761908885
0.797796263317025
0.554924561022797
2.092776616856183
0.870735486353227
1.312867364780699
-2.039021549147421
-0.584798345988993
-0.563556822885944
-0.730247462100939
-0.709799940160623
0.291145600514112
-1.537034488616758
-0.691884160717462
0.747888586651351
-0.398037102979644
-0.646495555436999
-1.191082483136888
-3.547950850259313
-3.087143330739792
-2.941352710997564
-1.245924550729129
-1.290662822745308
0.026340601646264
-0.958714945040170
0.294061866191175
-0.448685165348334
0.886565643977288
-1.860058492275892
-2.659886840365899
-3.915615215474975
-3.165671031135173
-2.131841702359694
-1.219926045957419
-1.024547847527536
0.092299339754431
-0.223112376014772
2.991189194929175
2.510745402342608
1.251920198395908
0.258364044456653
-0.126905218128747
-0.688729892409571
0.988320680374026
0.470418299581324
2.389035271150020
1.790894979985859
1.056406591193624
1.225027178434622
1.168485021361055
0.313668756264668
0.115714361769925
-1.341205892942029
0.339894276140884
-1.391625738588747
-0.133860875305929
1.780998121480247
1.057774591867008
2.019840698646721
2.037828968021771
1.351765800733286
2.040890448342404
0.164949312153877
-2.132160470046453
-1.537583878631176
1.126178177493569
0.146513582685668
2.912106730111684
1.037295435991837
0.036252178265725
1.631173176959467
2.737373796505168
2.446906205131068
-1.303018677929350
-0.885796290568848
-2.792426942353497
-2.211061802412097
-0.992427122219050
-0.576280521744889
-0.924804200366309
-0.371721029093858
0.007495702350132
1.621126288218125
0.884882886385953
0.077145941645275
-1.849404286270009
-0.973819258864234
-3.354121711243393
-1.401512223924162
-1.926353882094606
-0.415159172430985
-0.092452420484485
0.955930444510716
1.171680816389842
-0.333128034096423
0.867005778483051
-0.105617488509262
-1.334458465615891
-1.739599426679688
-0.788655479325587
-2.751367636265042
-1.372922135006134
0.243393483211333
0.089531017690024
1.309560773740746
1.612254174175810
1.536062873046594
1.221385323928260
0.152690829382427
-1.061788950401401
-1.514591963688560
-1.700426092880493
-1.678707255295592
-1.767445793894932
0.197844931308411
1.153060643782322
1.809583626961233
1.871588080437696
1.839881465071785
-0.734398938430085
-0.685186095159707
-2.699883857627844
-1.369700641519694
-2.486564320737791
-0.652534105402767
0.629408814312432
1.565598099733619
2.920029201209913
0.743309195118268
1.181604357992470
0.649883517516299
-1.001201538890716
-2.415727037639634
0.509682952356497
0.082547175749773
-0.651782378820703
0.872261975273700
0.500652397248899
0.709547068310578
2.289087482956032
2.416253212611203
-0.888835887590756
-0.074728657252743
0.047955244426912
0.176106673533784
-0.478420162336066
-0.076807544232981
-0.496402034960998
-0.502040145970497
2.557091575619138
0.975019141128745
0.724446197592597
-0.473172636290349
-0.663572438292000
-0.872714684240010
-0.652994568437782
-1.877831051994186
-0.415150817816582
-1.821257491253341
-0.084618697118136
-0.120354203696066
1.292663541235882
-0.407769818212026
0.081062434766459
-0.353629672586746
-2.086422645667202
-4.704088203902678
-1.828857313938725
-0.871948737576252
-0.361072333726901
-1.572562100467811
0.369136281820921
1.340232644286820
-1.190792930697923
1.546666621930159
-0.485327806813357
0.608271012673777
-1.954943787822447
-3.263380813313652
-2.111286481155679
0.174577047935413
-2.685642044591971
-1.861163244058189
-0.145309783464445
0.069906969511851
0.635156932789698
0.541152719764612
0.220788490194546
-2.372347873920647
0.170761035225292
-1.006960689654481
-0.421518011887178
0.283871202263402
0.094934755477420
1.112340406721361
2.035114091578762
1.869349710539422
2.203313887818714
2.445516539199720
2.272392523519224
-1.132407726550722
0.412677142159040
-0.568030752990211
-0.040092823607774
1.534899535745864
-0.333270062678790
1.552478348336760
1.693156499291647
1.483560951849363
2.813915316906045
2.339604265377538
-0.063852115494092
-0.678617835698191
-0.228316993793854
-0.585299908651761
-2.075420434541562
0.051874156001091
-0.427493933750378
2.637024341274696
3.076080154906017
2.224833665007361
0.789994580465868
0.255005440651706
-0.819723173287021
-1.894076792302526
-0.132086950371002
0.618562577806332
0.095700254438760
0.828474552152004
-0.286863304872338
1.203298055017750
2.690239862054011
2.575681066245545
0.843737936861220
-0.172382712948902
-1.405053874276013
-0.710447913502061
-0.380012793505873
-1.314330139185790
0.916771550429401
-0.397751310973327
1.922206300421864
1.091053196605656
3.981998784311155
-0.197752605774404
0.159252568126147
-1.037896155554597
-1.924828451960577
-2.148458941231572
-0.763230923963358
0.109678492787605
-1.322414363029800
1.003132418907945
3.047314074718485
1.444413455123239
1.577923062235409
-0.603110677467017
-1.159873766434773
-1.190139876861995
-1.703276813362648
-2.188074704218097
-0.297771384162811
-0.758569958941883
-1.488630770013917
0.503146277662072
0.890151770269149
0.625266752977632
0.352417739231843
-0.159528608031491
-1.998988039231696
-1.632864164105123
-0.654245996852588
-0.824994362719430
0.396518838114501
2.238051591867473
0.700447066521127
2.381453858085004
1.577958011871844
-0.559656233668794
-0.937251763641921
-2.766468342933806
-3.117595751911813
-1.931199568697064
-1.758121496396573
-2.411699183942809
-0.066025422712019
-0.176214896409349
0.663467792426811
1.554188474226191
1.391686397778370
0.392521340755758
-0.058890250215936
-2.903280294446594
-2.852178622416136
-1.094883975919876
-0.935689969358841
-0.453894786303669
0.413664860692220
0.669136652919448
2.567185457324356
1.937200139877355
0.731760472247176
0.101747426205928
-1.205318901367885
-1.486360851977544
-1.528703210801057
-0.300518016624943
-1.047489457208285
0.144530047301052
0.657276429169885
2.340990534812782
1.497409924645194
1.999161199584593
-0.220835733302156
0.525504629684867
-1.655771697116407
-0.482326943861068
-1.101666388627664
-1.458745842218917
-1.797092690732824
-1.679631693102704
0.063903132439056
1.061614028465684
2.898885381848813
1.668275429131169
0.136966450703059
0.912547375351832
-1.560876317369690
-1.574899786244672
-1.120011549360414
-0.401402075883021
-0.481321177505281
-0.410811895946062
0.099055213173197
0.043055692629058
2.623057536696850
0.201541447842253
1.540063433174381
0.851995111714896
1.904790198462700
0.885549782106362
1.649921254215187
0.294467596187694
0.734035701768087
2.951921098942581
0.777299000040731
1.471583211922225
3.340788413490665
-0.662287363433932
-1.281786469480285
-1.599337008672546
-0.804072207626190
0.085891795044695
-0.379320471580082
0.134377789634353
0.454939833549012
1.846076552813168
1.657344148252123
-0.073174997181350
0.744381718493337
-1.359659069986857
-1.669902827080880
-1.040653305457369
-1.628835693411083
-2.647184569020779
-0.799902467093097
-0.609343629178974
-0.561914197008302
-0.009605852290875
2.402527500319907
-0.249333150049576
0.367211675497265
-0.389997619013849
-2.066983351567336
-0.927169074188257
-0.629268524235935
0.349313762073934
-1.265322050455044
0.062538227634008
-0.050936318663883
-0.104057852233036
1.116895699047647
-0.003782655936124
-2.286555028796388
2.339858068526167
-0.293196768945673
1.163124962376667
-0.861714174221470
0.539522675353615
-0.718509153098025
0.442062006991099
-1.280863663824970
-0.324254122357623
-1.650156915598067
0.082318961172425
-1.442769272120127
0.279597760272924
1.252208003285662
-0.604264428790087
1.711782528110442
-1.052865250412402
-0.583239270575593
0.668625331203390
-0.122473715584036
1.516766604320147
1.097076559100758
0.266411660187796
0.251056090635023
1.428652226327082
1.218046973824364
-0.011494447767074
-1.079743059947876
0.186142859753324
-0.706327439861378
0.806564357673072
0.345547465552992
0.507554375220125
-0.390709083562629
1.272862108097216
1.472329532270372
-0.443368755486838
-1.118520744377690
-2.099910707193826
-1.482319695613749
-0.278164753276956
-2.546659997645046
-2.333479500262999
0.391426189183281
1.515117648303824
0.147168295181174
0.022624918709340
-0.346536134698041
-0.523755953836852
-0.078863662961928
-2.049137817274654
-3.678315173024594
-1.693519041145247
-1.552339876840894
0.366166600851654
0.328534133697926
1.871878890586782
-0.583111591445103
1.416905547821063
2.227721729063747
-0.297309853068344
-0.591720545759438
-0.829279134063299
-1.753351719767535
0.112307913178753
0.779510983262105
0.228194412323855
0.511000451817785
-0.240163425060927
-0.344565427098085
0.944558406778188
1.161069101841113
-1.493220323938290
-2.243373375858317
-0.878580427127434
-1.118651504413798
-0.985965880969515
-0.015275532264784
0.711567949654048
-1.083510199986408
1.384747948315885
1.676427273922974
-0.728421654455241
0.876049242817981
-2.466207338917604
-0.990428847443208
-1.351943762203627
-0.477192867751718
-0.153691479341366
0.991410225339314
-1.635775315284953
1.045184987307428
0.875046845428169
1.477654158241787
-0.578316287487374
0.114884106853797
-1.182057056956181
-2.203292758242790
-0.592812484016564
-0.529357556074474
2.015643677902567
1.310416827067060
2.015253037720711
1.434639213200955
0.043011569943580
1.496496473115503
-0.760462681809953
0.054319393331794
-2.205925882680210
-1.713999526865329
-0.009220312392775
-0.383717649392544
1.097943799270227
1.601292848491387
2.391169992310577
2.575704124405644
2.190276218723655
0.264810377013136
-1.327781742473213
-2.496211865121980
-1.561273982441118
-0.487745244022889
0.930982635797732
1.030686047706157
2.485449786580219
2.426816327855426
1.693027839602235
1.657110354031746
0.510472444206977
-1.710705320734254
-1.092130119661555
-1.756941401260083
-0.449601156130541
-1.054745909063222
0.696802308980754
0.289947160357953
0.927868399847771
-0.329015172428241
1.255753020644269
-1.011643004740924
-2.889475041300768
-2.227616246431479
-1.911008381312280
-2.099226198052540
-1.434609604473100
-1.715749609967938
-0.626403410233402
1.515072848356770
1.433996363667372
2.431459874650047
1.237627517127613
0.737298545201256
-1.300966327035166
-1.954621706618327
-1.357506953780318
-0.365279187634543
-0.940377108762672
1.847856921743297
0.042836031622900
0.090719422251407
0.967770111227542
1.861384233546178
2.396491279329643
0.957513225563736
1.980331351250592
-0.876011117375555
-0.595208866307216
-0.292909735806122
-0.445368732351890
0.696232522976947
0.514932148865170
0.550849610400694
1.567944777985710
1.145149068312409
-1.814651281474168
-0.998201686029486
-1.878833057045559
-1.667808490701713
-1.593119723705024
-0.841719778222836
0.699656418734149
2.464608662245538
1.429693624896222
2.253439986663224
-0.525984262882413
-0.581966400135079
-0.727501648866917
1.438056503029934
-0.673706468408921
0.891304908898416
1.111111431654693
0.383971054369977
1.598357003153854
2.718764433252153
1.748340210641298
1.521513726159171
3.073835789279762
0.689382154504543
-0.168293265270854
-0.097687366139042
-1.698400136234048
-1.896206366040056
0.163261640003337
0.909122149335024
0.350843232240467
-0.531906180302150
1.350701785899208
-0.886901480173407
-0.008312008765277
-1.571167982242890
-1.472209639543153
-1.156025604729938
-0.167473064541054
-2.105606944677014
-0.728689592874564
-0.982339320346618
0.615630200505576
1.451938141511536
0.161568762648028
2.173186847057121
1.249735256422281
-0.748644040797951
-0.517591446811001
-0.473588277936737
0.820729698116194
-0.948324619138571
0.446899448408341
0.028980678653443
-0.624656712591060
1.639483881931808
-0.404142482104331
0.005936923561726
-0.713910474674085
-0.707481247107845
-0.402115349089515
-1.583534437400365
0.521161155824093
-0.256002834039398
-0.751909523052918
-0.951793136382305
1.069619022783849
0.342139017444748
-1.767494669355841
-0.035992819950223
-0.199135951923940
-0.169840772416068
-2.342450753164490
-0.276400223373670
-0.697165293394755
2.036235603762397
0.566541184912911
2.552079855329787
1.798005717342755
0.519996070808092
0.999367563558785
-0.379423864570424
-0.032319792828936
1.902143252240830
-0.511275959713480
0.272029676589841
-0.529545052917019
2.035417010478668
2.603277071505282
3.375783912127496
3.125695966601353
2.389626776491057
0.847429257033788
0.782304438410383
-0.377227216427248
-0.608258541755728
0.458712418538167
-0.015663321464530
1.441354934189332
-0.317801024476290
-0.099575585018696
1.265977977983405
0.923470108858213
1.810897613322627
1.301379830520508
0.146372549825939
-1.441042688174693
-0.604342197186672
-1.056437856754038
0.680800002311734
-0.357537871621370
1.865824817455713
1.513888510394147
2.306308840476924
1.332071079524769
-0.627877151594066
0.056226254947279
-0.204173192166536
-0.848965205202403
0.903953588463394
-0.112348272184185
-1.131149763696995
0.542723344045291
-0.472852451167690
1.535326266820717
1.124793493279437
-0.479953275286540
-3.527540802969920
-3.122402676530395
-1.696913904076923
-1.954432230584643
-1.719908867198162
-1.794929717367178
-2.088698560193443
-0.796483972721786
-2.195732656208394
1.222370628630130
-0.493623580275106
0.076249639963339
-1.594094377313864
-1.297794289227349
-1.621031288979392
-2.672253433154677
0.200348255876592
-2.619617819036180
-1.496309011411739
-1.328630165147077
-0.336943799636158
-0.661794931509758
-2.158274688221040
-1.443124586812838
-2.133964243802361
-2.239855022375951
-1.958897582809861
-0.840536566001698
-0.227171500710586
-0.530355268926867
-1.163706608188992
0.153536556388755
-0.523603933727717
-2.080689288178941
-1.643559644966730
-3.165989915240433
-1.623149641295131
-0.553010563303562
-1.072860475696497
-1.952096292098616
-0.130186122636534
-0.673812363326460
1.596434375169466
-0.904149457842310
1.832796220891094
-0.361881740149909
-0.828288193459785
-1.657579354018804
-1.947619018175322
-0.334585521417706
-0.513274705661192
0.576453285787923
-0.263630797315237
1.147408275982969
0.913692082261231
0.183537987427906
0.419088250857018
-0.459280127679874
0.230492382896015
-1.235538700423830
0.701101384019167
-0.539254247607397
2.124019003245376
2.091987375009008
-0.151168539366329
1.628479085157071
1.873391706862352
-0.422089634671220
0.690706739438066
-1.164156574428883
-0.838202210337176
-0.709544136098281
0.341860852073079
0.015100098713117
0.409825078887631
-1.999902728564861
0.378610683105336
1.020858809870948
1.619016643757459
0.315398947191361
-1.437296853478901
-1.087508115338718
0.211942842248262
0.783300790099665
1.321652833221600
0.638983209521964
2.171486585171846
1.960397104267781
1.362735914129348
2.033476502347291
-0.216531405236688
0.403308142202007
0.558890845678260
0.850785869575131
1.110253178194758
0.321213932195206
1.669772520224385
-0.285949426166470
1.175356510639668
-0.092818228715320
-0.663177091529661
0.339897623760043
-0.971085911280275
-1.872194790492562
-2.612758960588816
-0.807694061155569
0.913265052778799
0.998615890001136
0.175394258514808
-0.592090790787859
-1.216891376523456
0.712755055219559
0.386192568807953
-0.364206534396340
0.235690010792315
-0.947351013179159
1.150183528221570
0.535629221289984
-0.445501550905316
0.417405934290065
-1.498914879926559
-1.452033296943608
0.008508137479470
0.076476468609964
1.092755512884289
-0.073354080891561
2.272617746406318
1.397302520566134
0.636888324637037
1.293505590801412
0.411556695420921
0.058961866279636
-1.894784906867387
-1.861562145636270
-1.495534274929301
0.523084559438509
-1.689178448237489
-0.198991430179689
-0.128211103108800
-0.418503476006469
-0.190600729276495
-0.434772490086858
-1.395096355964289
-2.921617975308020
-3.008124076525362
-2.419881708368116
-2.410809424587126
-0.437895909854460
-0.165142310893993
-0.638969231168164
-0.065510297637591
0.080221759659783
1.077384616706003
-0.648895877415322
-1.753541302790231
0.239279829711978
-2.501437662206926
-1.444862643703924
-0.297458393877407
-0.001080020240336
0.389971732772949
2.130655550833378
1.710066273631038
-0.080524977741710
0.677924317082598
-0.177762626220270
-0.994603505935599
-1.746346166036189
-0.577769453955762
-0.113006528925273
-0.212632153768777
0.832930119776573
0.692881235298889
1.543499725749026
0.671005691550130
0.756417672260413
0.002458566816060
-2.085883067446817
-1.852024822331249
-1.124646078835504
-0.729990767557304
0.568379967925965
0.097686732093836
1.446963781989800
1.455691825179844
3.698462679049433
2.994584757712287
1.535717535532530
-0.487282328375589
0.552969969165806
-2.504791971920471
-2.137558158813447
1.292161046652209
2.435309536669278
1.141994385238769
1.195226582486133
3.341864778404686
2.137768142820951
3.346393492416626
2.123481088738037
1.256781102536352
0.098279406982158
-0.825840847036622
0.394934391356000
1.398531880856628
2.184898295038472
2.594937205594780
2.290889547334252
2.668809314029997
2.230396335984036
0.504268572812713
0.492043230886299
-0.763183428150681
-0.855352681114215
0.548638706853799
0.928866757906011
-0.225700638234660
0.558657238920722
0.621165591015883
1.328145275739044
0.829576971893286
0.982942667584879
-0.950195673129279
-2.267385685206609
-0.992874947463886
0.024137843862617
-0.187045429455894
-0.449830404706306
0.345201968045250
1.032630159186099
0.431461891219254
0.356491319390740
-0.353705034396565
-0.203663919266396
-2.746422853218265
-1.889333363178233
-1.682522377433363
-0.976385050103771
-0.271839884766071
0.898695254373369
-0.070152691246835
1.089073257573162
-0.040014020658312
-0.329880993151884
0.301855883106900
0.792017394433213
-0.647346013912688
-1.068879037522967
-1.525979219129102
-0.843290825263284
-0.341130396682977
-0.947355712812633
0.297530041974770
0.581237791074514
2.004084129798110
1.354451794106451
1.001257023883450
-1.681072211267023
-0.714192038824543
-0.964488488803357
0.732443920575826
2.970229901003981
3.453664723302633
0.803236637430157
2.929298763989691
2.655950526269945
3.228021586935575
-0.099754493846521
-0.767499344623771
-2.968310851663333
-1.461218122180728
0.491388234968225
-1.346518823049093
-2.416218594255862
-0.318622368000938
3.300355808281125
0.541196980433756
1.258113574124096
2.943710362354330
0.305683670231664
-2.292359414989925
-1.745836922844203
-1.047633331483099
-1.916117433972435
-0.960060403236948
-0.655467376583559
0.234261976929484
1.393447418249546
0.115317386587641
0.363827888643667
0.907446953915592
-2.625060798039056
-0.271223797684732
-2.798242927004324
-0.629390302831428
-1.499920379018618
0.078194610951106
0.368741305865606
0.384789027974679
3.049819124624261
1.972699008045284
0.233535715737209
-0.187879907228529
-1.595217427327843
-2.014032384864116
-2.183759662163523
-2.182582751611486
-1.131026632940203
-1.299733844675395
0.110561641828994
1.104535108202817
2.610823461735247
-0.316673606708400
-1.189496441240080
-0.565703403159828
-0.657885426198720
-1.341028426352730
-1.869319330870094
-1.284272199113274
1.333997772065009
0.085413827849609
0.666845333265893
1.496989581329664
1.408058396255309
2.168576755748316
1.657864913731879
-0.340051767908739
0.248097796659676
-0.549180359847712
-1.039237007243413
0.458608888472155
-1.318094019406388
0.788805780296560
0.839516813727759
1.623825336443848
0.732308996394418
0.565300421544482
-1.410340250083311
-3.040133523608556
-1.082280069302538
-1.049749327824091
-0.185406309795691
-0.292143513651381
-1.998675798796635
-0.079711997277162
1.138535279380116
1.822190786026727
1.130737935734771
0.339266171343857
0.112289152024243
-1.070146780571189
0.450930110173549
0.126059543708620
-0.105755961644574
-0.263984873497879
-1.700770819749517
0.476511803284698
1.332692548108989
-0.359586676475141
-0.895789234834768
-0.942949075936297
-1.797885556364002
-1.202329404733308
1.496667425083942
-1.031173238064093
-0.263628414107849
-1.210925729039340
-0.335835495101906
-0.306671322525191
0.433363631504752
1.681226635940520
-0.829492518846107
-0.815166121269106
-1.122706204003542
-1.419481453882792
-2.377047608475281
-1.803244073539149
-2.475881037393663
1.406466452309090
-1.153342234017566
0.258540723339595
-0.235676262285165
1.915328546501645
-0.988839704132166
-0.832354378559561
0.454406046909445
-1.153336700109474
-1.977929819268065
-0.289845653247272
-2.311165293057336
-1.269053414713585
2.282071586612331
-0.314837481991331
-1.240233676527115
