0.241558898221635
0.223136229406251
-0.636848734612544
0.871745668779327
1.272375898601578
0.385424098383962
1.035819596611552
0.870075442802255
1.588909335302836
0.285453547039349
0.595581505798640
-0.753694582744251
-0.099956297919024
-1.253770024900557
-1.252368111835476
-0.945218728648380
-0.242490407349751
-0.001328494078961
1.634579018374672
-0.052786741310907
-0.343296475688700
0.924067966774115
1.050431369066001
1.543748459926820
0.957953989578510
0.481510515586372
1.227887027970122
0.246317967788959
-0.195129017879581
-0.809475980860627
-0.355581724085772
-0.882486259035737
1.286827291740874
-2.682215506843423
-0.524107007796733
0.113381320771897
-0.160065827103501
-0.779605524056711
2.232979837431411
0.928070006535892
0.814723746858454
0.380702139253895
1.261287408885388
1.146848183521824
0.185835877121168
1.096121037750657
1.332011021134104
-0.150053198085272
-0.373872082366816
-0.132184189530208
-0.418397473405465
-0.143555880687791
1.114503899741262
0.878080601522868
0.245171474698304
-0.504067080126141
-0.385342171842102
0.023212419696107
0.254049103448824
-0.265005606812289
-0.321091444812280
-1.187578406775990
0.498918629192038
-0.223773049757827
-0.934685944042482
1.312450242624472
0.976800688608985
0.901533753193311
1.899166823537695
-0.377513683598877
0.985236319888642
1.322790029278150
-1.603683545135990
-0.127985675483959
-0.960468860493822
2.217005046930696
0.476576110002199
0.609522588488077
1.118748477797079
3.293845998799263
1.173002845894406
0.023812501529054
0.944877495305162
-0.564344898389795
0.237826706413071
-1.346974579673943
-1.054743045246470
1.282805636720421
0.075317863529177
-0.145586460031013
-1.531794501955573
-2.350657838832606
-0.647490481676576
-2.264435608404407
-0.462025968276765
0.180284520217859
-0.431035366941732
-0.514506515834817
0.573544713372388
-1.227823264016081
-1.714945447572892
-1.343846604681989
-0.447122588033185
-0.161297683198695
-2.597595846676633
-1.495080078460088
-0.400528991963716
-0.813886617516159
-0.322990507845359
-0.523870620727279
0.548201229954359
1.481008528454763
0.281718487134073
-0.301040314493297
0.151027814156620
-0.558294808213108
-0.679564411459045
-1.595118433495622
-1.974903343710123
-0.516562271023729
0.184905113094985
-2.358769905717077
-0.333609167473753
-0.737599103542036
-2.828410955733068
1.298846912809308
0.620639288670605
-0.209446905058226
1.420333870879173
-1.668725676954258
0.045280710782321
-0.764930973325246
0.111361063422989
-0.348865836650573
0.724964785902524
-0.465465192261142
-0.408833565527683
-1.426556567254286
0.001002957308043
-1.834612422369367
0.314089600775920
0.924687117648309
0.655169645649495
1.618479417719817
2.369590062975973
0.391248950241565
0.124259373035786
-1.583766534526805
0.523821636868702
-0.137063916343272
-0.929849803809007
-0.973720128207502
-0.796903357225173
0.027849609639043
-0.611291465726307
0.199175766535972
0.828864796011600
1.549543570497134
1.047221708069203
1.083599110931472
-1.195475715216932
0.312669580270287
0.261717911032099
-1.171672106316765
-0.964070594906485
-1.761250769589227
0.998844371529699
0.447283540196658
-0.465523768074527
0.053810396053990
-0.034412863454785
0.073951863885770
1.142004484328791
0.739773966170682
0.669652164069393
0.322215467493247
1.765688077942217
0.947434052889110
0.577914407388626
1.271856092373088
-0.462142954658773
-0.232702657130051
-0.005113424451930
-0.302667341900839
-1.128921248137991
0.307305626765948
0.406006388660944
-1.117655443153061
1.216614538589931
1.498583489078231
-0.743908593388806
0.630420462729069
-0.097890778262305
-0.551968859618553
1.547236638806605
-1.351508342238025
0.292592599399609
-1.268274800210307
-1.951206176138733
0.194255854971969
1.490222145801309
1.150150789225367
0.059012810539962
0.244602674018148
1.472331191422953
0.874416616701465
-0.160520328747540
0.095501481277895
-1.165563047583897
-0.262106837244265
-0.390592876218603
-2.021668999620162
-0.184133288022724
-2.002719170584355
-1.323784148504013
-0.410022212932844
-1.205228947273848
-0.785384761942649
0.175543029096792
-1.273377124006935
0.169430917591732
0.352041775009560
0.566732792050928
1.600517081839681
0.966664126936047
1.354674273804757
-2.325068396108613
-0.619610135434209
-0.948525704295372
-1.035035278040104
-2.545230815223573
-2.218004210274695
-2.183156752515875
-0.667617714814377
0.010442881515346
0.127319569910728
0.134050954048079
1.110537945263394
1.391182642837496
0.291404786849088
0.123196632467666
-0.840223221649336
0.713176291607557
-0.063179836908439
-0.646002206837600
0.165038846429609
-0.819703240868844
0.080136173007491
0.100489099286247
-0.451407091908041
-1.236243935646325
-1.673686691618172
1.659545885211490
1.242352576977817
0.221478716199168
1.886479101189454
1.584269485368401
0.922160789734818
0.713208646294082
-0.286408734447586
-0.568920410057729
-1.615114664465821
-1.716116111054730
-2.088035274031704
-0.424585704177416
-1.293083463120110
-0.840858716208589
0.072529781009841
0.107485315839971
0.257135434606325
0.067714334689834
2.428255526448407
0.152173010031358
0.791646715991472
1.491172616379676
0.597418857122616
0.824435407823518
0.778478947041660
1.188679254426161
-0.229233906675587
-0.951564778976295
-1.674473597164970
-0.232490928343223
-0.754515912159436
2.571331535158800
-0.153562658133211
0.640697399573717
1.383520729109953
0.198897862704020
1.346512326867241
0.541273988114902
1.479961860346319
0.641331817444657
2.163608668689819
1.420288283623042
0.083437576410162
1.084300415354637
0.584696258718208
-1.958791550756632
-0.248721314639061
-0.715566410004302
0.092165248915653
0.213922997567052
0.422559733478065
1.460940911565259
-0.527981386478565
1.108356969411815
0.693502333833018
0.842570350572860
0.080071510946013
0.782657635337588
-0.213774017248622
1.164923936281349
1.385099277827849
-0.700575830110245
3.184055179022338
-0.258209901299401
1.737790291705524
-2.354345129273824
-0.277942740992340
-0.375385428148719
0.661206878961797
1.385076432659256
0.705703687915444
0.220517391024360
-1.081842363642190
1.295829221763605
0.581158090011914
-0.782261306892848
-0.878842909546263
-0.298286928423074
-0.280651504506400
-0.461210092450588
-1.358648195050777
0.949830635786582
-0.352405748359495
-0.723076397888614
-0.580690559745938
0.391246414876901
0.270798847916028
-0.910712573499211
0.646766342272189
1.160805606847877
1.281502500020635
-0.926265630926152
0.615013368636087
-0.190766748856868
-0.051725195783036
1.410329442367414
-1.312000848754838
-0.036514512243466
2.450106513602377
0.512593806224764
0.660792713914759
-0.330285897135646
-0.597975661434364
-1.231014640897155
-1.530471284158103
-1.884378197517923
-2.214769541352849
-0.242353530149497
-0.341660302884533
-1.568130050719415
-1.930385312918621
-1.736896421232420
-1.047760117490433
-0.662208462127276
-1.961348744579634
0.507843673477463
-0.356372358591551
-0.497870709546523
-0.375877576204257
-0.164067471591445
1.138729083204575
1.138557308612526
-1.259749822358829
-2.615379065456779
0.456496142439794
-0.737875765792217
0.306512546433703
0.046766308024540
-0.103623221672078
-0.990699907575345
-0.563781367041978
-1.105129651854518
0.823093005742106
0.231446508977911
0.514449096556402
-0.676619687888257
1.239792001924302
-0.354921809026372
-1.287885511516468
-0.706021088529026
-1.387796333891079
-0.951206790110782
-1.675450989802572
-1.412572257099785
-0.703022189830125
0.953552561180684
1.911841736471441
0.528149467922818
1.048190251753055
0.804349971669468
-0.736575225411434
1.672822414648201
1.442003086140361
0.145427359473984
-1.448208386600289
-0.631494612740718
0.502370986909656
-0.362370526563500
-0.150399333957833
-0.953879535776518
-1.007902827271969
0.885015682305411
0.111848533897806
-0.525907773998617
1.528761530260769
1.249436814620273
0.631499465443807
-0.154825154683653
0.096223276200070
0.764132917606670
-0.183297913559229
-0.961160567621398
-0.396811379187151
-1.881065815466026
0.267536216958562
-0.200879634691306
-0.075040531147740
0.279607015627254
-0.603538201164201
-0.972365164350252
0.171395941454189
0.991704559513130
-0.642537400378645
0.781909435397544
-1.110106387545471
-1.607307631534822
-0.681871382180566
-0.486822693553306
-1.359792603904299
-0.342167308192167
-0.440036416062752
0.789125022877021
-0.197710599173256
2.107005927395423
0.270483780627063
-1.213092085078765
-0.079008272842343
-0.063267631893219
0.121793335470828
-0.386853073333079
-1.042137995466114
-1.837138702030094
1.007400089341720
-0.958883086623293
0.543753741026589
0.875211819388268
0.528859887592870
1.956181857494270
1.036170358101384
0.815056634920315
1.275576492666617
0.584427737094712
-0.780336911569867
1.490060177635535
1.687253005526790
-0.955622315731974
0.380108162431269
-1.281283521982751
-2.720215009554041
-1.241374385547982
0.558057099986243
0.374511922018457
-0.056489418486014
1.125923755417654
2.069343058156816
-0.541133909267142
0.009340022732101
0.258811543429381
-0.739246540079269
-0.080207949768919
-0.009154909003771
-1.123249537389898
-1.269729649248310
-0.047269055967877
-0.856125863125793
0.118586032942624
0.709693464454255
0.032789223246940
0.068865737551830
-0.074698434507147
0.708622980208253
1.186884090865152
-0.603794137554012
0.363616551623184
0.023785751113388
-2.545084460441750
0.485163746372170
-1.409436910794531
-3.521877762627422
-0.540638835777289
-1.089121009303395
-0.618699231275845
-2.203842406182685
-0.352338095006800
-1.122014858257962
1.309836069971761
2.292581708090951
-0.076664668990342
-0.995598902847612
0.815861774934733
-2.067787243593690
0.967775683254583
-0.744434813956206
-1.979171224851636
-1.526915648670051
-0.721661931893909
-0.876217316112235
-0.564924129608970
0.993026841164110
-0.054994650133921
1.534368071378684
1.011393722282245
0.987006631720412
0.402510153996037
0.708774497107856
-1.455075510066347
-0.862428485881145
0.293295162884816
-0.001782338130049
1.068120288227694
-0.972496538319005
-0.006576109453287
1.171674695245672
1.356956237623784
-0.006821916891709
0.455724987058296
2.372474343159330
-0.013196565920168
0.630983816774783
-0.310227192680797
0.372169149732189
0.340709012694769
1.246743659945469
1.311631117268049
-0.779065820044445
-0.082778625557151
1.795992427435283
1.080697099565452
2.058433853478206
-0.412244692002521
1.022535510053088
0.225629866867412
-1.143530063127301
0.566952859438605
-1.521129352057168
0.400309020172824
-1.072080801011275
-0.490238678931217
-0.537804392811241
-0.285635846798646
-0.189818139393528
0.173370027390463
-0.785134768568955
0.755041143362720
-0.593875698845631
0.377585490195227
0.921846614353036
1.711728514717818
0.999333817803919
-1.387275786077664
-0.595464890210035
0.601314006578891
-0.833043522117618
-0.839953666317260
-0.361635428037720
-2.325479410530097
-0.986038855301298
-0.992652752550991
-0.945538267744056
0.639401047412385
0.337246526012079
1.415056699385133
0.431322223013760
1.319712531979654
0.473097817996417
0.722754895971160
-1.141868879961923
0.128007157861732
0.015361765892972
1.993390799719214
-0.741091274513416
0.310228999056907
-0.360021644911158
-0.062287453334205
-0.790153984410295
-0.964560876319745
-1.130779694044378
-2.138625401477811
-1.011134483677403
-0.480385100273615
-0.224511926848681
0.791638471527955
0.574125863800574
1.648159331273221
0.928994093788146
1.444322033938295
0.739541804148253
0.237560657500626
0.491956873256509
-0.727072680325610
0.366598808249637
-0.371626795950981
0.856909774511388
-0.802927392486464
-0.000625738514943
-0.873400073172292
1.973842985656788
0.334473741832074
1.741077304764881
1.978243401392101
2.188165433076524
1.681989366790901
2.298540658414578
0.746664842775482
1.305790905081700
-0.170714232889300
1.442440789203255
-1.300927356496167
-1.806947049513685
-1.657442275951249
-1.368410378147152
0.206944732575167
-0.237961931704371
-2.599445706392304
0.933671126663958
-0.345702306622815
1.223175099475284
2.314111167993381
1.435368538820581
0.505621022618538
0.576986810398217
0.259128813690655
-1.045809478366119
0.367042116112016
-0.580941244290918
-0.404111106841327
1.288683877924850
0.028220746089406
-0.402484565191868
0.244834729824646
1.268775911350533
-0.386227325812867
-1.168197279971872
-0.115023361826049
0.528250532920309
-1.154820976426435
0.519193377119920
0.463985638773323
-0.456005338216636
-0.653292447172467
-1.322925347708407
-0.948114973401224
-0.386267080216599
-0.106330702682281
-1.415386181104264
-0.479548448110604
0.342886255943416
0.185384380367359
-0.952233124153695
0.174062167659020
2.546631381092897
-0.120500461724136
0.360011480074147
0.570218315364609
0.723081034981526
-0.517706380900474
0.320565670433817
0.111899711667361
1.554290733962103
0.156775906620618
0.940597635085353
1.578714727834151
1.067973934704142
1.532699440288703
-0.749643936297598
-0.577700661898499
-0.088678417210383
0.362974456632305
-0.897424702006409
-1.709759006880068
-1.921764176165494
-2.099265681816917
-0.034112277866275
-0.858287256541517
0.558827527281297
0.391867504581596
0.216895628072844
-0.348213115382410
-0.261707827121755
0.067835426535278
0.512908149492627
-0.946564964550304
-1.394291687844456
-0.215515299605974
-1.077226660407001
2.063757568813202
0.062432127008076
1.275750899147444
0.373350528153953
1.289862037074633
1.456591578461161
1.443828789152324
0.735547532299278
1.059013526725130
0.363246335305151
-1.723504088827803
0.849296769373186
-0.248417645314854
-0.217041423929308
-1.255046151114553
-0.096714479675493
-1.401953385127158
-1.533533078754545
0.593255904075703
-1.017138383603945
-0.116985404049102
0.071824477225561
-1.052929244277760
0.691215579712353
-1.394288965400924
-1.565708905017797
-0.666328310627427
-1.366698124057969
0.082767338218444
-2.685052770008108
-0.517052142843569
-0.576527792082323
-1.206265653422967
-1.289692568146008
-1.210382942202583
0.012373391617845
1.338930429434387
0.615834918855977
1.259152484711276
-0.824844109386203
1.268592687218870
0.413313069133492
-0.025502511124173
0.138989360357640
1.942766800540551
0.122441151288664
-0.087560074664765
1.366498906116879
-0.212531110729025
0.636076109744658
-0.429689653232472
0.949692914564204
0.260779482523637
0.727244340390242
-0.155552111666166
-1.511023291399548
-0.450827551404712
0.748988312555627
0.623908844083883
-0.490937278994324
-0.092227308682854
1.442662192424720
-0.412461720540759
-0.817675156638516
0.642981857435972
0.311343159552717
-1.060364445642427
1.932477597510245
1.025339899680024
0.469175732181102
-0.393309654044659
-0.069702233402452
-0.024549764633914
-1.386519629095018
0.858081950801946
-1.505057278575845
-2.086008283964951
0.454241758033569
-1.229447535171859
0.165320973480015
-1.714099858630824
-0.770678874200697
-0.268761982737944
0.338372308281604
-0.920975775313202
-0.010168856658149
-0.869717517099152
-1.196772725496573
0.696856932627697
0.590722785334159
-0.693533676830747
-0.408517995140095
-0.786154755393206
-1.499130781846191
-2.050315599557109
-0.100921871805872
-0.390539696091075
-0.619884737623647
0.383619511800914
-1.185315662907350
-0.053087872727670
1.459228408972408
0.879095124838227
1.734453046239941
0.677634802339953
0.608359797983049
1.925041798376366
-0.069049101180672
1.543859095764305
-1.485964675241147
-1.122329692766142
1.353146048412095
-0.639741670042327
-0.333888859464910
-0.924694931577407
1.449656286699595
-0.247561151923727
2.041915380880067
0.184807847261986
0.632120180606423
0.346062263559426
-0.112049383166450
-0.015148512154787
-1.520308509517834
-2.341970859491359
-2.350229708004063
0.769647513815594
-0.498778709657406
-1.583352217819616
-1.553550809458575
-0.906567471599425
0.559803219960389
-1.348583580126052
-0.007967933299995
-0.648338830397062
-1.291082608902928
-0.445346049388034
0.855035331424777
0.981027841783944
0.735886630707789
-0.094108723881449
0.963518465124488
0.092055509140758
0.431684450645042
-0.909883598798631
0.566602109471109
-0.557274677917397
1.788219453765941
0.063320064940565
0.467061627293190
-0.017474635731584
0.345141920433543
-0.630931176577566
-0.808191700282727
0.297839046826623
2.135625311014238
0.234299714864907
0.339352054680845
-0.768934466768523
-0.536105426842383
-1.009955362123311
0.027490519851883
-0.075275698208257
0.377725485232509
0.401907057576696
0.448568524070902
1.662908170926491
-0.166940312639676
2.808678030418830
-1.644711715702363
-1.197921269380093
-0.008922549351780
-2.083074994303776
-1.795060056866765
-0.403409740160637
-1.654599814038365
2.634684821729217
0.329756666670628
0.012081507877856
1.439815114917568
0.454024188281538
2.178330383223433
1.247022491049895
-0.157521441224586
1.618798822221389
1.474852652228110
-0.467633052991451
-0.218595958649189
-0.515348043359780
-2.515509814816153
-0.850468552449970
-0.506690591239396
-0.601267276237406
-0.710463248203767
-0.218411651544552
0.489091321791061
1.047593428283450
1.443036405168659
1.419167249199526
0.275923935254749
1.878788985716281
1.919925588990885
1.975873156856578
2.016064535598055
1.484458739255428
-0.109911684992155
-1.455246284256235
0.691589723748256
-0.223807365952867
-0.936812064902303
-1.390425917807565
-0.896711329337916
-2.176815256970922
-1.895640048452173
-0.291142920999712
-2.040635568965672
0.275932779278442
-1.499145815187054
-1.340418870800142
-1.500332305931297
0.483080404063198
-2.447788145503091
1.976523102266182
0.098249897727131
0.216019388960474
-1.359125115610705
-2.614802840612163
-1.570755491504148
-1.054167396752054
-1.548813279057347
-1.531136914058047
-2.420163944582900
-1.876077474764125
0.275791994972712
-0.343395556070336
-0.134353752135133
0.976181771630045
0.512858351198326
-0.070086163977275
1.673975082201568
0.207232186439578
0.136108327568717
-0.851881872634678
-0.477711250367507
-1.246339773453651
-2.757104714848414
-1.712256575345373
-1.543380893895171
-1.511333059245554
-0.123933306251901
-1.814852402201763
-0.505782229914878
0.096522669595362
-1.513502076733382
0.048041293371974
0.611835676645945
0.073540241819082
-0.654818650587776
-0.016275456169914
-0.945109384387123
-0.543687240671925
-0.855000644630119
-0.592068286697431
-1.520519784851249
0.174592479527350
0.391450105581003
-0.297542511733599
-0.140607860686814
0.027512859794518
0.437369547655314
0.823921120225694
1.002072591102174
0.847123865884482
0.673602074077921
-0.587182174342743
0.374286678433742
0.492460551419770
0.734257583523482
1.529787501108947
0.381562053769232
2.900235908524176
2.292449865290912
-0.112642008869051
-0.209061123545624
0.001794731483965
0.880714797773524
0.297180368607264
0.466233384223148
-1.472129956478510
-0.574808373003643
-0.913270530360126
-1.518637167730720
-0.376822952365865
-0.161321229365070
0.234367263056778
0.245111438450908
0.826783218767210
0.249162669095218
0.182242004131723
-0.337015668257851
0.212346230997312
-0.603389142711102
0.869616238561818
0.722332913273602
0.815503389716149
-0.327004074225694
0.057374373025868
0.267632836992857
-1.242005229193226
2.044090418133712
-1.033087953805485
-0.785992878411422
1.582945073160138
1.032009058605401
-0.394445607457766
0.361047996638257
1.710319891175458
0.333359816018173
-0.360836571805299
-1.187985573021366
-0.893593870214991
-2.403613436161484
0.617316030443729
-1.372590786106169
-3.008984876355936
-1.314584587213423
-1.588452557469470
-0.999888802578467
-0.555076274465035
-1.029844655472496
-0.394594036421140
-0.046412137159683
0.048979780675110
-0.770724992364334
-1.511585227731316
-0.631738157975482
0.346086182763420
0.463974413386230
0.459972766870685
1.479642487841823
1.355566183399985
-0.414263576320724
0.330441222468011
0.706150713404185
-2.033272497450821
-0.599744840048174
-2.451747376601305
-1.887582681919541
0.014916700914945
1.378583574051248
1.084194482206376
-0.058571544717712
2.032486007496954
-0.310729439909815
0.200846364081540
0.739846257770297
2.040278408828033
1.427933728247234
0.381328171898668
0.505365094461587
1.575268070928433
-0.258684102709387
-1.665485569457803
-0.365029375941437
-0.356076652502853
0.200581439496779
-0.639035587635034
0.663454123575299
-0.264537485428662
0.119346732997203
2.203016179548122
1.732382839147133
1.051118596981316
1.301205392043414
-0.152537170990544
0.738504628322192
0.462579005086726
-0.389768077778018
-1.555501458453162
-0.469258489456445
-0.585825399266676
-1.112606451111897
-1.166669558234368
-0.075177482702840
-0.088051732510342
-1.731417567405516
-0.893635888610652
-0.451260983310272
-0.092739766120986
0.766119115571098
0.556175677909719
0.224008716071756
-0.199801620685863
-0.180255373174855
-1.230562735771768
0.686526590024960
-0.105763366453831
-0.142155425909547
-0.492880866902004
-1.656171834938918
-0.486039725932256
1.344396696553275
-1.058541482777950
0.674743654670971
0.856382205686900
1.327788944132089
1.024322581687077
1.933893689442394
1.730161518014105
0.362505804729402
-0.681847083730498
-1.053830766688319
-1.417251077325938
0.262065300404987
-0.003264293395750
-0.666407017362004
2.354478721833245
2.459075096551303
-0.887630435370969
-3.401889049391035
-1.001459689029365
0.117299817263378
-0.973504007228217
1.367675126504364
-0.951016867464064
-0.350298701370333
-1.261424902594704
-0.662941592562541
-0.276497741500218
0.766500797151828
0.171995959649165
-0.939416864144713
0.229842095802306
1.804805885897959
2.029051437928435
-0.377860507009205
0.886894782637016
-0.778663544572887
-0.896238101215082
0.741706940923528
-1.021232240740658
-0.297533074357951
0.780268127991774
1.103148898118040
-0.741845091089576
0.380917337703196
1.329375487730987
0.515461760597004
0.450817492531570
-0.433082346749944
-0.407577033882983
-0.318358010808798
1.267834742547134
-0.133944118339215
-1.043844464449766
-1.243292427728687
-1.317320762836328
-2.467041181742104
-1.675236633055062
-0.745954469658192
-0.949152711458534
0.179769919066048
0.632478669646734
0.873226379081180
0.208200849843287
1.440030941008896
0.304206256701660
1.352278414345592
-0.478257958494135
0.653749778188092
1.687828877574421
-0.830493172386057
-0.053606684432985
-0.278438439522685
-0.436702834122669
-1.687017880113402
-1.574688128203712
0.745989666651915
0.663063926010041
0.774623115869692
0.900510877030173
-0.079509069219263
-0.700224421045955
1.837620746763455
-0.814913215242130
-0.423571558439725
1.423598145430925
0.655162385757324
-0.796995770509519
0.535003729724043
-0.538710187987183
-0.336238542220302
-0.543246039393851
-1.007909060519158
-0.227123353120292
-1.191106623258444
1.160141039241096
-0.481478552790743
-0.151084184169882
1.226005947763633
0.287348217226777
1.806656406622419
-1.426964038625792
0.780550027952019
-0.557931724482789
0.096152689727882
-0.216503379056822
-0.674508206695595
0.080384159495447
-0.476732984002954
-0.153371840696006
0.991418529983428
-0.199122122546955
0.058885102248751
0.475520830744613
-1.056857438215172
-0.836715374278173
-1.534823828209247
-0.999208252406505
-1.075925298649535
-0.948319228421000
0.022918101201960
-1.870876264288350
0.016018966893046
0.235675397589800
0.075245308615161
-0.374534978804135
-0.579668246761640
-0.169208860757324
-1.262182558630249
-0.893302412042757
-1.164067444292860
-0.980537933936053
-1.447322317470420
1.250023242042068
-1.132851660850117
-0.359835033827338
1.329346845157701
0.165250075379576
0.083792116177365
-0.204686388881491
2.783152637496112
0.166872656270863
0.388747603571968
0.543031635545038
-0.216647914462711
-1.684162516272872
0.787110812707088
-0.696750744492135
0.478582985230979
-1.257176568371958
-0.674901664980105
-1.344799412815617
0.245124375188740
1.242227334427152
1.482395818476059
0.727850741542298
0.767537747114230
0.564228103770919
-0.319767538976563
1.157222850861341
-0.939062973797382
-0.103257575816550
-0.512413694864713
-1.189777942554318
-1.680280678471095
0.440405487232922
0.415309581255518
1.608473446862897
0.793561415937969
1.514109234870900
0.284101860818987
2.207434719548632
1.374485793956930
0.870610379302343
1.224494985192282
2.580865556481259
0.756918823450692
0.615951644836309
0.161990153079439
1.373174371588919
0.245686943212134
1.362423449202484
0.651401239752077
2.115342135748289
0.082263231468476
-1.053393373202177
-0.325212590397729
0.033136125219446
1.193991964256153
-0.848297861512606
0.132970716981030
-1.216808590298481
-0.005787340858888
0.828118951659562
0.065978762943526
0.642315216969119
1.016116385795435
-0.681477115431765
0.470383101316741
-0.006774326737731
1.127814198412743
1.248825710076467
-0.737136829406887
-1.615350567637638
0.612848408064950
0.588868837528316
-0.778484070952001
0.024089764943257
-0.254867543652570
-0.116341377505538
1.771139237372044
0.854687149820519
0.339646918358244
2.470033119346981
1.118367072923973
-0.306394119919556
-1.573908308922729
-0.844211176491276
-2.093580817329755
-0.049241496927644
-1.575839879392721
-1.130767911360645
-0.390525986035526
-2.463315271188543
-1.921204300455792
-1.040099716031081
-0.560365097806405
1.013035226587440
-0.044224434634701
1.361646823101592
1.023575959345857
0.010382784176296
-1.640172944409415
0.908951846573171
-1.084132011431129
-0.474406271748916
1.305249148731449
-0.689407023558515
-0.772829754700045
-0.959544643513290
-0.291945455776601
0.289253304047820
-0.313136055935372
1.400773930953578
0.273004646892499
-0.106602658099530
-0.748586420503545
0.872790162275977
-0.316555144486834
-0.186248897191214
0.533509502306190
-0.939272437974574
-1.633172216806843
-2.010688349092587
0.963336841253846
-0.085594788357656
-0.592753959625579
-0.157722010717106
0.229829588869150
-0.681463919202839
0.093425801674837
-0.508326646310234
-0.275404702683437
-1.936983658235076
0.657560891515015
1.132358869846989
0.849831718062658
0.207010927429160
1.048569333851112
-0.142130587104397
-0.763727306471057
1.428259618898691
1.635914272411611
0.811323035288300
-2.330767312115729
-1.205725932963261
0.075085038514978
-0.952679022263932
-0.847591350222258
-0.976473739532400
0.187036841681418
0.129294675433274
0.826678375432835
0.144473205528079
-0.163065478965277
1.144835161312078
0.201208623277787
1.357789624770831
0.210249923139355
0.164773465561139
0.150763208777406
-0.397290437495846
-1.898640558158005
-1.217315605963538
-0.845546928504154
-0.242122754209654
-0.334576057614733
-0.218975473173364
0.563570689576531
-0.065108543095809
1.344229384459394
1.441713370535660
0.866528675957226
1.062915495901728
1.019460081630879
0.910762380151282
0.534340732685390
-0.745639932354782
-1.287660162526648
0.167493264872782
0.559333989471068
-0.654720007316221
-0.101165842604657
-0.089644093056936
-0.894382331486212
-0.044613512677903
0.778350429617300
0.922141891433659
1.498511087295296
1.389329898136707
-0.438826304686756
-1.339664606726949
-0.390260021975032
-1.275977305251903
-0.159058121543971
-2.139294441809652
-0.045470500882312
-0.496170381972137
0.720718359039696
-0.474697122383026
2.754527382304933
3.436578550791424
4.159494891313038
3.676108890652832
3.435390271222297
0.678269522762155
2.222668536063043
1.532463254117022
0.516861768161950
1.051146287135613
-1.085350151322263
-0.632785990294663
-0.688618735469880
-2.406863185036460
-0.162304192981774
-0.449363652484850
-2.489572218360298
-0.137991727050961
-0.065696801423083
0.874131768993563
-0.253550616460324
1.306488401986530
1.706994189138026
0.288681066136151
0.160626155252834
0.011916046420230
-2.221605802311724
-1.470496160703039
1.245792489308954
-0.722170219488065
-1.791263568795939
-0.711477725443242
-0.457442414863311
-1.058045045755651
1.428722932696354
1.963158103770106
1.283775658459898
0.825920387996493
-0.259235491169731
-1.254527217469271
-0.855965557898899
-0.041902722780798
-2.027136052898427
-3.174541405741389
-4.385615941401174
-3.030773674685132
-2.203952561932383
-2.962333562488196
-0.340905205006554
-0.193750751259136
-1.660479385124246
-0.806251718772253
0.010388484503287
0.434631259476500
-0.734915065020893
0.776192926701226
0.685455116992640
-0.847011096634998
-1.600135940325624
-0.725797115308465
0.171934168017823
0.307911089616907
-0.674991210140061
0.170290303952331
-1.713847997106245
1.235132280075127
-0.838698837236035
1.172384765036006
0.571624802735998
0.400369540882303
0.105769713790415
-0.056008287919912
1.071681659740082
-0.457333385903138
0.127726059181776
1.049112167325423
-0.363823799402868
0.248668379758231
0.711695542658319
1.411106254425670
1.143709866739795
1.937664564831890
1.715745287391845
1.735222835754136
1.214856366916666
0.611824049450495
-1.308681161301329
-0.845778482500146
-0.962206305963153
-1.038085997512743
-0.144284427185717
-0.484626730116202
-0.885276545253957
0.170383529948020
-1.158663871157213
0.065260092239755
0.728989019787247
1.065611337771855
1.413954188692561
0.598397413257195
1.358339594299225
0.199843072234551
-1.116046155298590
-0.063868295458487
-0.309113824706080
-1.075282274380261
-1.856859039048206
-2.508049252392365
-2.441120127844173
-0.931916226819446
-1.191796275883202
0.804447952600863
0.970617438505170
1.285204174284057
2.125775402871030
1.947325283011895
1.637671165302095
1.217666975171637
1.589324617501843
1.153766637015694
-1.125311291886313
-2.650908809145446
-1.835354864328508
-2.105861968690870
-1.897968500825894
-2.814570593534733
-0.934228417852010
-2.477818015627094
-0.171822715906634
-0.085889775378620
1.249806726094081
1.628690847348027
-0.444375236195411
0.800449290613696
2.716661210384589
1.077922859501358
2.059503480967305
-0.895441931227558
-0.231241224150929
-1.601769662427946
-2.413225171066738
-0.833259855090525
-0.373695453319668
-1.197781220788943
-0.374384357859652
-0.839404967911792
-0.041420484154049
-0.298967180761327
1.765451756920775
1.384523360261157
1.661068139230014
1.933722144435714
2.566190721161108
3.523954135349615
1.323582211224270
-0.108640984346584
-0.474911580948994
-1.346018557318180
-1.456383605588630
-2.013018922503314
-1.630051975208200
-0.086910750581943
-1.964777616823129
-0.250095470248903
1.643604842389644
-0.340114935319835
-0.969141372866117
2.071008426983032
1.487373701527829
-0.947064327210413
0.578910568533644
-0.196439799390561
0.380331434483261
-0.112379783829881
-0.465920996538228
-0.720586282018597
-0.251460953969782
-2.369344309246873
-1.924185112036334
-0.876550927060392
-0.531469864173460
-0.491500855323616
0.389967928314932
1.529653649188998
0.129802593209073
-0.085094080721061
-0.424056773204530
1.587826380665074
-0.670417158509649
-0.898498925453223
-0.459221434423278
0.966995549885782
-3.703054129500133
-3.476627820283147
-1.641265383814576
-1.836171614734519
-0.214780608604127
-2.960618615776407
-1.440028276668003
-0.968292654557715
-1.506696082157129
0.480953260610884
1.331718040844688
1.181737316636077
0.881792372648864
3.107429447434471
0.836700872632428
0.942655028253458
-0.164888177814418
1.234812488348537
-0.074404336498215
-1.011531146243268
-0.991725932473366
0.138971562917611
-0.202714531990768
-0.205074187065345
2.105681500189644
-0.005701369718715
0.213227859996110
1.281477552234898
0.425622101797237
0.591494403217698
1.407232669575256
-0.119449060035399
-1.720752282423343
0.151923738697334
0.126267833033844
-0.911462109349268
-1.734833939953637
-0.714900756880510
-2.509082960497328
0.504316832017025
-1.111175784898712
1.412529288003140
2.191698077647429
0.606443775774490
0.730888105572902
1.688114788446245
0.996969170724532
2.004285429170301
1.446399102272996
0.095058055909992
-0.301651525850758
-2.051515795282635
-0.049965003484747
-0.357495760162117
-1.178862631677867
-0.006295810124198
-1.594167112442348
-0.375610068636939
-0.377241068804150
1.484911746236006
0.819590606904863
1.990752271245110
-0.200221226173446
-1.321817215059944
-0.379690484065951
-1.322107152771417
-3.057017175631035
-0.453023214779750
-2.153066786954440
-2.533664353337533
-1.239529027670693
-1.766753263505646
-2.878593802555962
-0.369602072513221
0.113269739769485
0.328143779002293
0.135640469954448
3.159917187361400
0.788079390507604
2.715875374364805
0.318419411088571
-1.107629175474104
-3.115314004276556
-0.745619747163245
-0.075454116503372
-2.615811944252871
-1.105998227971803
-2.503710533264679
-0.455792104680501
0.870093608368883
1.140210366348454
0.928950602778714
-0.262352438649097
1.052927469187075
1.172815251910127
2.366723826864293
-0.819504963753227
-0.676235892128375
0.546215143774970
1.091361792697673
0.329631194603651
-0.275664874543058
-0.675106258950709
-0.205117535222856
2.175185151389075
0.974900079506891
-0.257295227735041
1.452908691958682
0.496751858079584
1.186324844712971
-0.080569927773517
0.785213079583175
1.643354144833585
0.845305927166446
1.451653508793445
0.705993773323034
0.406742708434003
-0.575144707962297
2.220053706865445
1.694540204683159
1.028797646275174
2.071804935016842
0.271682386816971
-0.743148506208243
1.023934180896988
-0.505998239056501
-0.521801421883063
-0.376359544583524
-0.681972091418626
-1.018529700687213
-1.902800598379124
1.650419230096730
0.887911482353283
-1.190525129967281
1.033732127031723
0.491322995902180
0.721414623323557
-1.436415841533396
0.544905779952503
0.621670278547829
-0.564419953961786
0.304521236096109
-1.458698033103002
-0.804830578394891
-0.159457917621001
0.981367386655497
-1.028598240563992
0.646193436378983
0.608594318265879
-0.101294147451955
0.874256840244086
-0.214309285218522
1.173935107805052
-0.122921358002075
1.809981131474239
0.021111067472169
-0.754631992149124
-1.594123952450952
-1.739740523061794
0.237746810589222
1.083321318292267
0.940648593684926
-0.804176870018409
0.653882543872192
-1.018594856402018
-0.507758170589982
-0.154261741190899
0.363988721197954
-0.266779908960101
0.333571327387917
-0.538605175935692
-0.640420046623330
-0.596091735760741
-0.596509655486079
-2.219934360084835
-0.993607774377723
-0.701904851769592
-1.847668739696684
0.112318194234205
0.492775618085026
2.108962335903627
0.849879889022869
-0.800737939178716
-0.534632909429279
-1.675219344417401
0.313461144336636
-1.478965099496441
-3.394989549405966
0.242464017891249
-0.872245705156233
-0.603834070579009
0.298192144147548
0.552527031792764
0.754548353184938
3.351401747837413
3.185847780829988
2.831279384749127
0.857006007891778
0.076690746871414
-0.485967919563275
-0.775926474112049
-1.270489792644248
-2.046566212326178
-2.602400855722653
-1.287314938998053
-2.009763349563951
0.528965429339048
-1.263829022230853
1.409041992905356
1.157834976480276
2.097705129447673
3.440512457623634
2.227259987389766
2.003056409255165
1.001645138347042
0.593786636134564
0.772422259310355
-0.554675740338940
-2.544259366482640
-1.710765034882877
-2.269463013152322
-2.033118914459402
-2.550571505114640
-0.013727944158344
1.341310570384037
2.880677467444991
2.841691552492001
0.514175980434127
0.014427054751597
-0.334302436809889
2.284377818903420
0.178209052101384
-0.610691926954734
-2.421408023720621
-1.984384467671911
-1.755592115097840
0.021395013955698
-2.107164886618795
-1.000856329209610
-1.072041340206280
-0.343875501877586
1.204529021723189
-1.728124090468865
-2.106645727991086
-0.577195475338150
1.085752236224347
-0.080720410976333
-0.891010093868710
1.526909258990337
-0.090747499831128
1.238844667072299
1.165104706345982
-0.028964869381494
-1.077510266536602
-1.432946733003559
-0.791131550052115
-0.064205247871310
0.058518959846482
-1.165927365383265
-0.566991849170315
2.764919013989376
-2.063769040350793
-0.590254067811403
-0.438298067053740
-0.216513292805287
-0.563932423841257
-0.764494414146743
0.278197496674419
-0.665807101824479
0.597537493367000
-0.806784595182882
-0.732727656745911
0.872862685655672
0.634713145578915
-0.621524509464492
1.004961815829304
-0.285536778881593
-1.037101873002238
-0.912309589947483
-0.862158510836358
-0.955301933335727
-1.868184113618141
0.910150123232161
1.718526485386327
1.994370172482742
2.293740022891829
1.539576832493403
0.987004260894314
0.021462024477345
0.573342527160135
0.232928663790580
-1.730376621154043
-2.295983004461964
-1.390398192905873
-1.356210485678032
-2.404219667294877
-0.452261691507183
-0.206775557941868
-0.718742412980294
0.590647441104250
1.008352795486759
1.282574114519956
-0.858478251229778
0.918052295184402
-0.848876481977620
-0.883581754288427
0.113911523453537
-1.970429235881631
-0.517856368151995
-1.737874515375885
-1.926151202128701
-2.446947447426912
-1.055683723499830
0.574668818307868
-0.010002318867539
2.214560060225964
1.100911882540812
1.067639074484127
3.725105966273139
2.520831537034788
0.101901656622724
-0.367759849468165
-1.154399162788710
-0.973377725410639
-1.908781796748953
-2.970823165118109
-4.042318149965278
-1.487655022775997
-1.438034825266120
0.386763474417213
1.479158021218141
0.471495524361264
1.648152851131029
0.076332028911017
0.331452243056382
0.957590431065607
0.723341771210254
0.901079738637934
1.123109516867058
0.092201228064462
-2.674806465622293
-0.861877151550197
-1.475550977052933
-0.917676353377883
-0.553505534252870
0.198213576056588
0.402106187732876
-0.652940597667378
0.106520124195418
-0.189881824635590
0.222010983167911
1.699897253707632
1.235127797278363
2.778690939036719
1.142536769461520
-0.588110500763149
1.417538511244277
0.186758696710424
-0.441796577774474
-0.114297522530096
-1.199431160378194
-0.136687519744089
0.459404890503677
0.316322038762864
0.901626278450273
0.175920970067014
0.859302125518414
-0.722449813534869
0.737310388362575
1.225866217609427
0.391704057670113
0.250074484088943
0.317013761046513
-0.266923017974508
1.122340114650043
-0.832385668194183
-1.066406430135576
0.177228873388442
-1.982672650091236
-1.245890806587054
-0.005073178226162
-0.987324741573339
-1.816769615863030
-1.615639648302677
2.318901701866088
-0.126416109327903
1.890601771023778
2.244552870301041
1.011423774029905
1.141779752633905
1.660164166610157
-0.119975522915553
1.936135562712512
0.263178633179130
-0.337834366932346
-2.305035632041887
-2.354391587730364
-0.731786053692445
-1.002532752881274
0.823356190673038
0.558675046981017
0.762868570228154
-0.468522383874105
0.445868149839801
-0.823190678094358
-0.318223453540499
0.611429503078262
1.005168647145416
-2.193425491107829
-0.951587319394778
-0.066043678985421
-0.583595617749286
0.709331628398522
-0.056176552864238
0.457512274350906
1.418075991356125
0.721284993665588
-0.574179104950878
0.138548492960957
1.211329403081622
2.007142463680093
1.542392873738610
1.490690315932624
-0.124144550071093
0.580595556494883
-0.110013105255560
0.236157121029710
0.241272892900096
-0.651406088044268
0.083212654133312
-0.331251417357478
0.419543060292279
0.965946834741115
0.082906183018364
-0.404552973594992
-0.630401892128221
0.261765901494517
-0.647435668714621
-0.474054843953862
-0.642220018276710
0.189497713944641
1.416464049326015
-0.105907726207538
1.327414507649352
0.502114881428669
0.137683529599204
0.350150920562256
-0.533003032905208
-1.283032442075885
0.351830046402475
-0.191178988904203
-1.399068619040475
-1.516600859739722
0.390380337405785
0.967369504868558
-1.338562133841227
0.141488912849207
0.707740499905908
2.088585306649158
3.352619372180778
-0.906661722006773
0.965557844850379
0.957336429865226
-0.360851585935172
-0.016817091607142
-0.694836745712518
-2.549313722125011
-1.079712927437526
-0.996450547850603
-1.273375983438627
-0.177622141661049
-1.096440059126480
-0.068764770530725
0.322945266164915
-0.782020484267181
-1.983905279252157
0.452595275510116
0.140412313421915
1.063563623689196
-1.966961291458739
-0.667851917725323
-1.677948878603310
0.368244040664246
0.176601162554031
-1.550274533535115
-2.102076663586526
-1.053661760627743
0.085240282836061
0.263259916552234
0.693657457509067
-0.859455059367206
-0.761692352513161
-0.665214900136653
-0.198338236170065
0.844081553957185
0.304028642577445
-0.405264009316852
-1.858046066730576
-0.695180976694333
-0.749693903983956
0.752180215359235
0.079279853075863
1.407251711530348
1.542127055321155
-0.715058337131385
2.082623340409719
1.478523615571731
2.081667905901845
0.205686534212755
1.563382447752095
1.775253775327839
-0.423247297096444
0.183589006644487
-0.823702143509754
0.383039715772558
-0.112566792645016
0.706336848782704
-0.553443086574353
2.229255717955047
1.714397326688983
0.662491658826970
1.664243841063633
1.898558103144609
0.202671040646473
1.901015899772178
-1.207735984294202
-1.197710629663516
-0.417690449427239
-1.261997456756757
-0.996829479912043
-1.992913867077327
-1.114900533487694
-0.842328312090729
-1.527345559884534
-1.025099039094974
-0.868981272826476
-1.480247311161857
0.014526226244508
0.396447207061299
-0.872167622624260
-0.345047223018231
-0.578700589874926
0.581527298381777
-1.360127561902114
0.206137242694733
-0.916241715316503
0.832226413210856
-0.362528657894472
0.296370202975149
-0.448699717739413
-0.444838415821895
-0.101209514577655
0.945950578931702
0.817452821505452
-1.503709905167249
-1.368442899574143
-1.233487994800091
-1.228817205487963
-0.649344434618521
0.540856091485815
0.835829627879779
0.874425984153651
0.879887701976395
0.271227630340050
-0.322164485316268
-0.950575447222017
-0.978593865221399
0.252494941374473
-0.901570463245912
-0.310948581254776
-0.758751526785587
-0.404899531557114
-1.098281570433954
-0.518839648476057
-1.775256960410669
0.037256407372813
1.694205284239074
-1.177512002173646
1.610643819074131
2.941212908943551
0.335832533405274
0.015269534962517
-0.761939550674399
-0.450068497111307
-0.101392380144447
-1.663992970429285
-1.690163329300442
0.050707307178622
0.854206827821879
0.815318261320942
0.214775519691320
1.615566875778611
0.729926711852753
-0.060593840548104
0.439618442131902
0.512074580365125
0.578678897222005
1.334090428021111
-1.492043835997079
0.320386571326441
0.042058324442164
-1.117389854568139
0.187120689998115
-0.822522994774713
-1.286364969772488
0.218223660889887
0.980897931771208
-0.577480582412107
1.218064869729304
1.129217947827121
0.457511471621287
-0.434394553825295
-0.184827493186037
-0.395193990412649
0.281203147734429
-0.040813817814610
-0.469905101932026
-1.888898601601373
-2.121494185805211
-0.552297391454157
-1.699074734367546
-0.833570062100473
-0.219144721699178
1.645440602330053
0.201501564399740
2.031847138233804
0.848854457092149
1.253550785157839
-0.200536864281934
-1.175587536665889
0.551368011558202
-0.535390399530915
0.196007507499371
-1.543902913211025
-2.411178602651942
-3.289187819726378
-2.713654052519572
-0.531455683481908
-0.070172021833076
1.272186319794233
1.656132085762366
1.475969719282047
1.257581747929494
2.323518030429076
2.533300148365630
2.394711954661498
0.610718088001696
0.389290800951610
-0.608722548020667
-2.939946027109342
-2.137297147661158
-3.256683717452765
-2.065364931399172
-2.677151408728407
-0.482723611373635
0.370732047336155
1.948582416636633
3.066688287732665
1.319155265410168
2.176795360690584
3.247639983945899
-0.136310693176974
1.058924228394563
2.335187611270689
-0.325263861879852
-1.162547936927434
-3.383143630045845
-3.462462312598813
-2.658670920266085
-4.163895670570542
-0.340913714613727
-1.505228674828432
-1.731253040574919
0.713119587357688
3.495709743963879
1.431573488254749
2.116648800544721
1.999514851941546
2.555815644807768
2.965600827891221
1.199276259423607
-0.221982236883328
-2.824636111697491
-0.787344109271894
-2.399946907310458
-3.430601609740295
-1.484539339331411
-0.778304613974893
-0.739313795961336
0.399473132619620
0.029401738485432
1.085152135149279
0.457320872407307
0.917237630634126
3.029106255549934
2.606800334420599
1.316186758086712
0.486271396280144
2.077313630587246
0.199219414622073
-1.053885297362813
-0.363587916448828
0.052033836399820
-2.725416278612692
-0.523763589963710
-0.877499448557938
-2.685481998066969
-0.512399773035736
1.652820284902679
-0.247250879730166
-0.545479082100609
0.237635642779876
1.319098343580355
0.489060019615788
0.169265353621036
2.036941048442756
0.166500910336796
0.296479557122198
0.382776801873034
-0.620511800089401
-0.214722419393731
-1.003868569899935
2.110155747143841
0.497504335879286
0.333701437558261
0.212150343940041
1.578562121317370
-0.643890925756536
0.782558526103562
0.234614922658230
-0.126698371342293
0.653686636202936
0.253803789329457
1.162055441673394
-1.320273476381056
0.817868717311630
0.161196515501105
-2.031542620399443
-0.720310340066701
-0.269704613857892
0.895047189373889
-1.093117850604501
1.794250832820681
0.458383699988107
-0.195718367372065
-0.662908736414221
-0.906459212963892
0.562197495033346
-0.375949938944690
-1.105799674453108
0.205464237105879
0.635385078418807
0.838091883604608
-0.430349983628870
1.213243124853549
1.324651653892113
0.731714563932887
-0.840381068445212
0.162810922621494
1.511223322791971
0.081659435680570
-1.423951594133123
2.356302901703298
-1.143256560667304
-1.217119234483881
-0.708523674994690
0.080621957680631
0.202962698441645
-0.735640354036539
-0.630982048228317
-1.703316860668747
-0.380792744995169
0.703637392937238
-0.360554307744897
1.107701373782031
-1.094975623592097
-0.939439492915939
0.315707652313635
-0.332415687122175
0.038596160698704
-0.022499538930653
-0.114082217823052
-0.873309288248536
-1.159505519573889
0.242184366364329
-0.746871587387435
0.915237634184574
1.622596072002050
-0.468067171089535
0.396287445465520
2.248966947030796
2.328861170051830
1.913820120223628
1.257910463270003
1.093913447472935
-0.818165372853347
-0.547140094620656
-0.307834492243551
-0.279256569058801
-2.072061615682148
-0.371796531494673
-2.633480517045218
-2.397414833119737
-1.284964295463482
0.103556135445654
0.156675919688209
0.647910271746099
-1.020286494010969
-0.373985990632057
0.208071982012042
0.564248820720138
-0.362860762941006
0.176541365524542
0.634927907436117
0.301411375459942
0.645397545668110
-1.268132750313528
-0.317905283334834
-0.462586624909398
-0.379791077431911
-1.995024779080450
-0.196568011119916
0.536352266792161
-1.553623889348069
-1.197725919445083
1.492378808537912
0.871783711655002
-0.635209112601088
-0.706519791415208
0.902163259951196
-0.481810462251582
0.837722695872206
-0.480654260069039
-1.075072954693716
0.895883849553810
-1.050210278641595
0.343079607504148
0.650571397992196
-0.875371641540306
0.956883557313551
0.415627379749095
1.014215668955760
0.625671678657923
0.887624234739941
-1.059604354119167
-0.257098924171272
0.973575210047486
0.757136256413905
0.180342125822560
1.107860134040886
1.273854862792202
1.555145715483083
1.355915270430814
0.764417509007613
1.908332765188078
0.907547878751862
-0.966691622657549
0.204107610609842
-0.667080074929958
-0.037943751025355
-0.184943638625948
1.284371848128871
1.331073322953607
0.769181279071874
2.350469746286477
0.651044721219942
1.351855266740635
0.441584796599069
-0.212697291000801
0.064263804776225
-0.014794635930031
-0.811508718675355
-1.782527495231223
-1.526499556997058
-2.342855719753132
-1.523928450417776
0.447584636339489
-0.836760899331621
-0.535997124361641
0.490542822590264
0.996836247277454
0.065338605590154
1.142499201786851
3.382464789997455
0.366311219672093
0.017324130145345
-0.132274737624912
0.003171007480504
-0.240114706686142
1.208296599987355
0.296555314100869
-1.462604365238035
0.755957424532978
-1.399892080877499
-1.682556294675222
0.750452536035240
1.088671399469826
0.895198610289138
0.294200751174390
1.804465678681732
-0.927822519126252
-1.421415919784040
-1.039892465164290
-0.026702645961389
-0.661731617395528
-1.182674945160900
-1.877857906081179
-0.606839369816479
-0.603842023360360
-1.314701589113538
-0.268919254276766
-0.465238519738841
-0.976844074995917
-2.164284947872559
-1.548527482782616
-1.241175832052125
-0.635327018828754
-1.182352032259224
-0.508556843482697
-0.587204251172814
1.345581440325144
0.685320859835650
-1.019292855112548
-0.323435226393141
-1.048697318779334
-1.240853670847294
-1.123152002027435
0.141063969810789
-0.157010020326714
-0.924481823599897
1.216731063674300
0.049392429498834
-1.031551107719838
-1.325173275409729
-0.942749628889225
-0.655161237794425
-0.085394785759675
-0.895312770008697
-1.177935252267189
0.090736034529960
-0.239147224047855
2.188951862178121
0.482996277424016
0.637993889812178
1.690357267456775
2.288833717620170
-0.098584606692018
0.111467895228922
-0.070084230383708
-0.817803319348218
3.326431130570965
1.363987720864753
0.233799385086508
-1.560469541297320
-0.055652197383888
-0.573153571008693
-0.081979190800029
1.816573751240833
1.480691999360936
0.817781820968189
-0.121134585335208
0.417023034565811
0.792465688385889
0.927641859025385
1.614797488422813
0.135740721639467
0.167560336148393
-1.016071648664604
0.383249847276402
-1.371525693924232
-0.141628364549330
-0.851148949150322
2.883054811055289
2.395896070971670
-0.170904483557802
0.830132372194628
0.539697525035770
-0.343438254663732
2.365876787047203
1.828668218081134
0.065782658265282
-2.148193599681543
-0.019122206168067
-1.385495707245184
-1.009701477556068
-1.492395172372636
0.052914848230180
0.613617528126355
1.682267072344559
0.561257486999222
2.425605586428253
2.611272951536524
1.029499762198109
1.829041724312352
1.484149744696732
-0.462317643835757
-0.785356077974803
0.330879661165532
-2.026426212360502
-1.789545100336242
-1.338577019463298
-2.939077572291078
0.719254282523151
-1.516395476910819
1.473298217797590
-0.455590478216348
-0.349384946323606
0.840981550211118
1.894720339901883
0.511426425629096
1.404540648947587
0.683215782641940
0.119352698352586
-0.108795649481928
-0.913922218215991
-1.177906811827637
-3.329410591063888
-0.979643802229391
0.351591468180751
-0.754573706919017
-0.337528592080190
0.465915373009500
1.468703187137211
1.517233700607056
0.678592617809100
1.341695376070262
0.463452844971339
-0.005522062158261
-0.655708278784141
0.165615776926687
-2.675932679424854
-0.049505609592491
0.143579315202304
-0.161044227023379
0.064178235797013
-0.767459411993127
-0.535170797586284
0.653147341527946
-0.695265621503477
0.543197679605164
-1.158369441676738
1.389140166995609
-1.052059666581523
-1.463720267844425
-0.723587755623297
0.082752444892354
-0.374041344483159
-1.093985312647424
0.516710026850703
1.143204787956100
-0.791668778100997
0.818785931133652
-0.511762663803202
-0.311380151198033
-0.568303209041178
0.187471246082490
0.019171117814273
0.974256847004556
1.712006196295392
0.503097200737720
-0.444131021168169
0.181444770831454
0.619243489041658
-0.995696858659789
-0.009721909567551
0.550832916455295
-0.552194731143884
-0.473388892282477
1.871119597328782
-0.644211083235036
0.899615512015544
-0.002273911594847
0.374721343443330
-2.088949091951810
-0.340853480302238
-0.274365985263214
-0.470612605323644
0.371063136587089
-0.227265758597090
-1.260586999756503
0.548675819062746
-0.692806945128161
0.654122090787275
-0.233419756196426
0.750504183583222
-1.135679179442432
0.175181144129316
1.300142992672466
-0.350349048110933
0.192822598112269
0.059555665399026
0.618657909175075
-0.296168023437254
0.884983892678288
3.132756007421104
1.606416329763865
1.845441428046432
2.045668027471844
-0.909413984760431
-0.313113041418303
-1.155559860883834
-1.560687844493380
-2.349315734958984
-1.709582516763713
0.153618386072220
-1.345586726256291
-1.092163355948995
1.070265111653577
0.194339447656004
0.504834046565420
2.484781747372496
-0.380423269639712
0.239005643654843
-0.930763855345278
-2.191772792073666
1.584907361363753
0.727837420340066
1.126102931269831
-0.376155686204004
0.058236756342028
0.355642773473681
0.858425283509925
-0.511984412283135
1.532864019499433
0.676652797451753
1.348399890797276
0.694358279098461
-0.451581993861797
0.978205777667441
1.572826508333149
-0.340058741153574
-2.288210892961622
-0.401429145086524
-2.212315656331671
-1.184402010989367
-0.720830731396118
-1.232969924508862
1.236718814728930
0.098694587561391
1.906045039658992
-1.285067754924634
-0.094576932813345
0.957709350587540
1.738878391336002
0.838042696989637
0.345767218887413
-1.184708377332356
-0.010118146200743
0.002807035235122
0.047429830601991
-0.045389415140758
-0.478521718021450
2.090159575649898
-0.824692030706739
1.254916112773596
-1.854821404741970
0.917823881153664
-1.081193328652880
1.049407943834609
-0.545928632457576
-0.339588802051800
-1.168930673096708
-0.506317616805085
-0.670406157578570
-0.179553613114376
-0.637045745507798
0.685819053365385
0.608345135132634
0.055496086184016
-0.099549971891314
-0.696753720210295
-1.326815604838445
-1.213322949622737
-1.391638165782423
0.983304879505305
-1.532211353953609
-1.756385727449519
-0.739532744848873
0.048953670546967
-0.697823971737468
-0.479520919950585
0.641308530772750
0.878125714892515
0.619433888012164
0.778457387993496
0.053356269155096
-1.398138149434204
-0.241967495372551
-0.847325864335415
-0.978113713554945
-1.356011170260373
-0.149461925846113
0.364686003187383
-0.970801473468116
-0.198112716953967
0.994624248589690
0.111827715743772
1.085031637757238
-0.407740236909203
0.654611136158852
0.809129159889946
-0.741375853726972
0.570326325006136
-0.917858690119217
-1.691991733106525
-1.729097895147835
-2.856085027729841
-0.389469604225643
-2.094253412060049
-0.460365039571782
-0.604190854446581
-1.772420717560152
-2.116073087211503
-0.751684491853174
1.761329181091398
-0.768409377940468
-0.805522353278404
1.111635314204061
0.255392989015143
-2.045749424066506
-0.444130839403782
0.345454035489102
0.647852210181373
-0.274247639125631
-1.140116459652500
0.581816791968622
-0.619781730167855
-0.928576240682690
-0.516434099225720
0.634527234219241
1.271276976206137
-0.591763301635224
-0.292912081235171
-0.014245963836387
0.788005262846915
0.642685664072958
-1.038606389977568
0.718410998128081
-0.179951402208544
-0.381911404481845
-0.176273537936330
-1.635441895569755
-0.158030465885254
-0.184804362631298
0.757554204259338
-0.415822633433770
1.775526032452600
1.201846651009231
0.797701697851708
2.560911105321066
0.113329605484747
2.968618109253468
2.166382163064971
-0.658250644995390
-0.080805186551903
0.707553650783611
-1.806255679064943
-0.719642888884287
0.109112657080672
1.158342886351244
-0.856710792644786
0.080510899333904
-1.048576263761110
0.394193080872295
1.914914741622471
-0.235415908523307
-0.303018311179829
0.815112113884219
-0.437577421071030
0.351413325288766
0.807457202489942
-0.328587419187998
-0.597516919383270
-1.600511186234615
-0.945626156254151
-1.852016097139789
0.211255001193670
0.913041340046882
0.490355767588406
-0.111476705844696
0.378451037731046
2.128037922641169
0.591837998603637
1.050578605032485
-0.460795259443774
1.764666619294856
0.165510644588350
-1.185776637223958
0.665108613657067
-0.677562019274937
-0.200067886081327
-0.408685718923467
1.405331899054826
-1.272009204690918
-0.860802291949178
0.645787363505265
-0.841988754525260
0.203348289615012
0.897355201030893
0.592086190579959
0.999524069330318
-0.816295868073437
0.240767693811504
1.402505745877740
-0.273226303050566
0.568598358556879
-0.091159920028383
0.231362265012323
-1.645252919287763
1.293052077488968
-0.339013906611200
-0.792570477211281
0.265075156323327
0.578470251643996
-0.407920586291546
0.299593536195451
0.249890385815860
0.234090399096721
-0.524376978590000
0.408023034081140
-1.434785285429257
0.268569678472578
0.867514177435547
1.000450723244315
1.285120628117979
0.244933576240472
1.028736130299522
0.959808083576649
-0.420417446445646
-0.058849615904620
-0.474850980552905
-0.558720356794643
0.854663294657426
-2.105049587954412
1.147710815374796
-0.415179241189909
0.128527544923059
-2.312471345381606
-0.122100540780877
-1.085092713362633
-0.533052433494388
0.032861793601244
1.856528758098577
1.084568414477734
-0.606896313977196
0.090708568355371
0.078068357863473
-2.381544976970486
-1.945540303284699
-0.847158301110571
0.115819855428387
0.373829010546455
0.522668560701851
2.529217789486155
2.999152581720087
0.282947743806902
3.966220550633901
3.492997673296512
1.046176605208517
1.624095344195252
-0.896031535691413
-3.441871138382057
-2.455329045449492
-2.844314261925315
-2.579152604799909
-3.077621427868245
-3.022008842089662
-0.352596128894969
2.278391179894905
2.348562603700959
3.510246911727525
2.823431342613675
2.649838477902797
1.964214632880307
1.449797492836685
-0.898011754775898
-3.815358157564654
-4.067815549471391
-4.342032344495697
-4.508675341746110
-3.500413687776220
-2.733866860845405
-1.958903727334248
1.048112593344974
3.059772740072092
5.160051318615808
6.033007406016574
3.865625690041119
4.926613776339225
2.306569196774988
1.139732860453405
-0.296809419993555
0.171237752393014
-2.105324674003736
-3.312814385347319
-4.029676357285978
-2.883865708844339
-2.033879543219333
-0.686822776305525
0.122733857485693
2.259273074389607
3.790718618801239
4.495531085876367
4.435384777319017
3.209699903168000
2.051638117667905
1.103097047632853
-0.922925524797808
-0.569130694320057
-1.316869395578175
-0.255871931306422
-2.274397561947981
-1.125257006938485
-1.161934679425287
-0.027080185546074
1.347536822308038
2.984228159801046
2.665177368875927
3.146465222013456
1.978811735566645
2.554251447548245
0.579841435106466
-0.210805939449831
-0.223568589911922
0.298273603261708
-2.623904536753484
-1.558153786039886
-2.124388656962931
-2.359877857474251
-0.899109835177513
-1.404532024526437
-0.954206989863792
-1.401135052284234
1.232046516243056
0.538038260211301
-0.080580276588048
-0.108379245213795
-0.970394671697717
-0.626807782292964
0.444258797507420
-0.256884672955072
1.585686223659475
1.012377343972837
-0.082939132468433
2.630350986020303
1.372334734523057
1.929773916828556
-0.281893383540530
-0.417116194357631
-2.998639442106005
-2.620951997521401
-1.621364819736484
-3.315347050536773
-2.147696186245837
-1.354278209034728
-0.462043786557687
-2.157579629838566
-2.547231993571029
-0.019883699762490
0.403557714495839
-0.895557264124017
-0.977094073743278
0.269219680258432
-0.183224482850665
1.129029596175487
-1.387542277395087
-1.081355180232296
-3.808481993444580
-3.927449336269981
-3.052039388906412
-3.070174363858267
-3.672832272099567
-0.070651045167922
-1.648257091321237
0.477609297326971
2.614721458073409
2.135035404771393
2.729054609062041
2.140459048245460
1.155945767120871
0.333440439248815
0.054892767275834
-0.206562860738386
-1.650580884643120
-0.020126300144476
-2.605562780707388
-1.976443440080552
0.236220727288491
0.342311241316047
0.625765171476884
0.488121396979749
-0.141702966780564
1.231492426321669
1.285371099217092
2.044844861277704
3.971793263526032
3.975413925023496
1.332786694575063
2.541872894276044
-0.130526457347957
-1.457847950723195
-2.570033913528384
-1.930899847240011
-1.251012043757809
-1.126009746804414
-0.016361145618260
-1.108139655878631
-0.546548111903350
1.511873035495305
1.023127294912993
2.016976180611229
-0.203149695059238
-0.448720695229166
0.888800267745317
-2.907359176631030
-1.222048847094530
-1.217732683020794
-1.668898192401808
0.025233328431207
-1.458473367378203
-2.587354172252490
1.229040287190924
0.015435094276496
0.121464251268297
-0.336194088094567
2.184441839782662
-0.254661372966139
1.526699589000987
1.532469050014889
-1.617072569997609
-0.452032568781267
0.714385451239481
-1.018559489542669
-1.062659538944860
-1.221909438407790
-1.527417298501520
0.649644079171587
0.378382977059970
1.326170416179414
0.705527588421395
0.939765169379998
1.599255450564152
0.354798313353423
0.405857667111434
0.146206647665783
-0.021386051005402
1.797132159520721
0.432900775977656
-0.667258476922027
-2.216377113075567
-0.338627998122205
-1.456962278749391
-0.150583851814776
0.072365030490548
-0.306338630556770
-0.139248973407693
0.433080914680630
0.186351169069440
2.285975141996604
0.527889464986715
1.231694311500823
0.231399749031626
0.019154939621690
0.166685492961899
-1.745325582563916
-0.185142828309787
-1.425362435125503
0.112498573303072
0.464500652905679
-2.269009541803585
-0.984690530063778
-0.033023442769533
-0.076918141898581
0.383184738385423
1.411065636428910
0.013098205488342
-0.299384758814629
-0.233967373570051
1.012178593146422
0.119883145390219
-0.469842045059156
-0.886865001276432
-0.112408495737936
-1.565738771369808
-0.516686845707850
-0.093960589828131
-0.490194691004222
-0.269760705451687
-0.892675448785517
1.240107493469410
1.600481964473658
0.104150777790805
0.568406238163312
1.108783930139441
0.374215360324396
0.395413330997076
-0.556854647810566
1.225694247606886
-1.113731430020280
0.338732176957668
0.376787269990958
-0.101734743750884
-0.224097813615779
0.476937793524809
-0.499580143290041
-0.180628038993834
-1.868997340425936
-1.960267674914332
-0.565929046295196
-1.316675037647040
-1.028649980807109
1.480229890993413
0.575473346111953
0.294736765245821
1.737939677025143
2.270515471131774
0.111299074560330
0.278818748319354
1.263607307006575
0.229470137158579
0.065175539427553
-0.253292619715087
1.056979913077273
-0.579172299465105
0.372898895711345
1.100790859779277
1.127748218982002
1.531485227573187
1.366803692273193
0.436521076774874
1.713655202124348
0.940459693774271
0.679992875045615
-0.267114960737129
0.356676039894011
-0.014077003274886
0.318072473663273
0.181662595727517
-0.502680869899061
-0.330192218833285
-0.360509583351040
0.544247101375404
-0.889625061873304
-0.938273357255318
0.605089240226540
0.957013303002686
-0.039584574203329
1.474558859227956
0.807966047705051
2.878523781492382
0.044569766973828
0.854001229396455
-0.762677060507437
-1.055229038189783
-0.790895613698834
-0.447747061112579
-1.298501392325105
-0.926783007369835
-0.556632645436734
-0.765800708098421
0.302237006394833
0.744575355026225
0.531998736908085
-1.219088324450649
0.470968532833276
-0.280879424127197
-1.280001065024771
-3.310281429518495
0.049367406884973
-2.312856395262103
-2.448276105403780
0.502053950403748
-1.219989578790546
0.055559491396357
-0.861713697873556
-0.060355455198012
-0.626662982755014
1.170061010339401
-0.549999457547211
-1.749686396194675
0.002316246055458
-1.313289099922855
-0.201717650464624
0.085674315570353
-1.340741159058811
-2.155330933331543
-1.574292818610447
-1.114098427817835
-0.698690954097567
-0.386315089763705
0.800920042772331
-0.655845098012777
-0.080348677363347
-1.032773127868135
0.800019063505119
-1.013818328005595
-0.232607888694110
-0.151776570318616
0.572385766187462
0.290902134223727
-0.361419841550731
0.594737190657047
-1.472974120777751
-0.520887775009991
-0.813021678975715
-0.784162764867207
-0.861061204976432
1.031342846901568
0.559713079423269
-0.132773791697694
0.959105649165803
-0.523556976048674
0.247181019078671
-1.091350929646468
-1.414573360407379
-0.270897469314086
-0.937201266297111
0.565940871628542
-2.399564811551398
0.481840011075605
1.724274340153293
-0.449624594199923
0.009926592350972
2.860842473667380
-0.093251340934496
0.281840104044600
0.625805705785917
0.228703755538286
-0.067635496100185
-0.468070567732141
-0.964460539675987
-2.273697709254848
-1.167756913912650
-0.518209073375504
-1.208294027700009
-1.530680922756195
-1.746904087442630
0.319706313972973
2.092748516834839
0.909858917910892
2.013281901491873
1.088579620366562
-0.452963257337915
2.209074068131788
-0.290053415643525
1.491487625986829
0.752987406992930
1.072859948196859
0.706684959917229
-1.140390300020674
-0.774344348180608
0.393879386383671
1.392793277826931
-1.560069135323505
-0.541019367115362
-0.135205970045679
-0.301593741611352
0.258031783729416
0.765748626214906
0.946761227148164
0.098827811971859
0.366264761233503
-0.764503561105994
0.518775675297578
-0.817592824115347
-0.410109967012806
0.667518396272865
0.542115946574164
-1.760083702895018
-0.227783140297516
-0.155487165104548
-0.571090682355426
-1.017862639529068
0.111249938971261
-0.503316678799206
-0.316680253070131
-0.172983724710105
1.231997810801586
2.285668321045422
1.905267382217461
-0.005548102752394
0.890128818477413
1.397191683662313
0.495629790360511
-1.315776359032096
-0.409305468015427
-0.500757026494049
-0.128005857455810
-3.212299617474782
-0.221985627227274
-1.352178853204237
-0.839020590080132
-1.374166923202138
1.024124815806478
1.613286296195064
-0.071327975902523
1.310507667398868
0.654501782386963
-0.301734030104402
-0.419527673907087
0.171683060032130
-0.859163260539791
-0.694662992851700
-0.218041854302303
-0.464948049340165
0.086974392758493
-0.622737494215775
-1.684699993513941
-0.136458742775053
0.647509687009784
-0.106832268029629
-0.856800970012093
0.674365026949153
1.534134224158076
1.206418108279799
0.657342770848860
1.776379363069327
0.702030572223134
2.103827651474983
0.719736915815664
-0.944783097853595
-1.582345777135973
0.450913139007806
-0.966994679961324
0.219793870837647
1.069742246003164
0.687719970749286
-0.915736369320917
0.705113060527463
0.310871212528243
0.825551856895353
0.773038900127681
-0.720154763072289
0.492652019421643
-0.470950182188856
1.404981559804347
0.711035305253542
-0.105231191544329
0.865598521831870
-2.470367257619951
-0.064348855692325
-0.597926038829986
1.099584242294207
-0.219458893105257
-0.680306704414468
-1.758514619754986
0.612684428957906
-0.763521621210595
-0.438141460996140
-0.926978576946030
0.749117468368774
0.881057826390315
-0.084378871700560
1.044810598096223
1.813471081523869
0.796062971568714
-1.504112724134284
-0.822009261263332
-0.142273339126551
0.827953337240692
0.022073551250010
0.005508900675359
-0.467744406563381
-2.369811932230570
-1.177720166862988
-0.760464085038574
-0.277046562811622
-0.492818618273419
-0.014622266932769
-0.710344595979552
0.616686610400226
1.274061757479166
1.250264802319428
2.488742523639570
-0.331377093028676
-0.880822463850219
0.235273726058769
0.289248739080154
-1.413486305290272
-1.485530797049440
-2.268042050388124
-1.796875674162747
-2.689507450358565
-3.224208811449496
1.079923291066676
1.347314159174391
1.726982323352165
0.670963821659399
2.381227572997213
-0.324947503496877
3.078240277199788
0.302847247101946
2.200510291957708
0.103805903735819
-0.765257885451707
-0.051167995580701
0.347086950929248
-2.282487122517945
0.361199419010462
-1.267706525317068
-0.668027252204371
-0.899887660045486
-0.183218571114805
-0.712197824473885
0.235035510804370
-0.772271839277000
1.497211381529834
0.234396943309103
0.722185055343222
-0.197414101768043
0.944670764279223
-0.216886344342840
-1.419595783482885
-2.836446009908169
0.202076686447769
0.908050416880359
0.711437062373659
-1.474774915722203
0.477294317232347
1.324834033681302
-0.846533714970870
0.812400535020879
2.325592461140338
1.070874269340916
1.143680400850599
0.747400039155437
-0.681545094812049
1.352807594571408
1.330665154936126
0.891113429364665
0.775296791039024
0.027008937593401
-0.895681803129448
-0.522742692612021
-0.403566034952400
-0.519863452054980
0.734054016327161
-0.646791757366118
0.726514098215157
-0.594441833442739
1.111559863804485
1.290222452204667
-2.471316936958396
1.248493530665910
-0.331225175572620
-1.440266374023640
0.156305518633222
0.519475111335070
-0.202420367934292
-0.579267772801981
0.787334970592881
2.536005947283001
0.424039829166057
-0.762791668943756
-1.397767833970079
-1.722368851303262
-0.700342070959568
-0.540075479961170
0.117382324050822
-1.379748929966253
-0.335837570648825
0.143342504154044
0.120346733051913
0.493901503777480
1.741675910263217
0.479759053293443
2.205135176942001
0.479984894215497
0.784763234820732
0.825336627453488
-1.416384253283768
-0.270108447277211
0.358908773824140
-2.135331259395165
-0.740387108057758
-0.169006599347569
-0.955300640213239
-0.352634476359152
0.363886705319699
0.439562195482583
-0.654572581875229
2.058160828415661
0.283299135575050
0.675135458463775
0.045566194941114
-0.143517232926349
-0.101695436745432
-1.461408022336634
-0.213831284409514
-1.323441442657078
0.169983994737452
-1.619744225442667
0.011078908242786
0.099201061333690
0.805929273698941
1.670860775990991
1.132303027311356
0.711655861099334
1.935951968634532
0.654567563971464
0.400107686604454
-0.565885554894397
-1.250742207478024
-1.074099063094528
-1.053867806004555
-1.472813752627917
-0.105131787326497
-0.391931606485519
0.708791353459680
0.476504236075604
0.231977344290289
-0.118755901362794
-0.652189152300650
1.273520701582837
0.060902478835511
-0.118972816440538
-0.681732908665332
0.228531732141602
-0.390765409088618
-1.277326262695515
0.121286369517341
0.400961997100093
-0.252584170450757
0.030883094210065
-0.814481208228614
-0.861351358269277
-0.410034820491285
0.932692965051152
-0.413210790895567
-0.152448476710413
2.499652240294994
0.500900377545545
1.164198110620741
1.090750911974466
-0.624654459243150
0.798856020478996
0.512498290920261
-0.294195525020178
-0.972121605678860
-1.618668970839416
-0.784040869782542
0.050467029206191
0.573493807568846
1.491486277242460
1.313252136446067
0.502530530926670
-1.757244022718850
-1.716185381944994
0.374217779307318
-1.758891030973503
-0.802483845099368
-1.261795318129779
-1.513934387712540
0.587081172100180
0.516364227229766
0.380632249977931
0.206867999803024
-1.441745672959855
-0.459844804625570
-0.428993969643117
0.253685300683412
0.358324189873628
0.327649672011465
-0.529558596368920
-0.331361627676815
-0.817253450223929
-1.194375873838943
-2.109590853079353
-2.471123887726800
0.055576540975583
0.126527675202832
-0.894672890092387
-2.579471814314813
1.664434562537508
-0.310518167416425
0.135685838380004
-0.434782456989232
0.304897350546014
-1.765746504681587
-1.005604172497522
-0.567590896383007
-1.774152788426967
-0.500240277181267
-0.373488195306483
-0.745753620224753
-0.190544630377329
0.501548817366942
-0.491886287574923
0.635765678428055
0.593407262057737
0.759097193031604
1.120546352348918
0.623571412614602
0.623024001976118
1.665291967350292
-0.536550336167832
1.554535939658537
0.249349399270566
0.115415192680735
0.826904433222461
-0.442973656300883
1.551097733076356
1.446639938627355
-1.092622564395483
0.349983299435156
0.016091352233677
0.871272070208967
0.572163116606868
0.330422590943934
0.329809664859812
0.451003267173562
0.104849531811640
0.507952283210710
-0.747894840668857
0.959288927167481
1.209911734353580
0.431799986678592
2.685207540497263
3.681075225595357
1.689338148019966
-0.057964543508004
1.147595302027532
1.073118236226825
0.462829715739077
0.760385556375146
0.978641649677273
1.192979143714856
-0.292469902989530
1.181447013835322
0.973237492322113
0.849228102643617
-0.330000368834437
-0.234340726867296
1.117385553565647
-0.619386415080001
1.108217458098999
-1.198686193599159
0.131616200318366
-0.288508165787796
-0.994956390692216
-1.041811513747649
0.210383751961261
-1.004607654938426
0.244470252427386
-1.070501994790969
0.434410345658388
1.083221716712159
0.246737079085079
-1.668662560321126
-0.179060494618055
-0.191738358398716
0.456133617387930
0.129114819775517
-0.151276331947772
0.792545859852633
-0.798740022440924
-0.634495849737996
-0.573958156733712
-1.547670229366377
-2.053157669344634
-0.912590825221932
0.357046578329673
-0.913601596323922
-1.428941384434985
-1.267693659517675
-3.724418254168288
-0.838717008901435
0.904235242723882
0.880815089416700
1.370079544587176
-0.698213045869837
0.109468016152924
0.619927720833972
0.555804028837384
-2.042387486503072
1.048794258790323
-1.577335200067000
-0.685695331462110
-0.871851589699771
0.773614613442207
-0.968994962560232
-1.490676498704582
0.400497309156316
0.122432556324179
1.289541068217788
2.867076411499434
2.274049155111676
0.751056258566810
2.348773241124150
-0.393919930186387
0.530615350564984
0.041493538121814
0.566694628123926
0.387455838538259
1.127123987825404
-1.300489375367406
0.202964870444442
-0.596327595806377
-0.942558576855700
-1.264589845405353
-0.664602965547080
-0.747157606921565
-0.111483283167313
1.265655524912256
0.204859732275152
-0.687507562608636
0.552723386493245
0.494903978073863
-0.399073713571897
0.983643740924850
0.604726216593765
-0.544875555522040
1.373421727370553
-0.086927489021489
-0.718437729099832
0.621163006339809
-1.447547947805437
0.662459065830837
0.825265008671931
0.750473185806015
1.376952888690873
1.194532779336169
-0.192799872219612
1.616140961572051
2.140498677988569
1.221559053635379
1.036503903652396
1.398983980044523
-0.274192000951367
0.712596594572691
0.625284184703248
-1.547599325843705
0.436544331798237
-1.526861969811525
-0.464276347017959
-0.780136957206171
-0.475401375194336
-1.828361429614517
-0.887250364989973
-0.439755854206742
0.113553082671074
-0.175570296621527
0.290305354537007
0.665098173048733
1.441625749838923
0.234332212801319
0.574321130897765
-0.661219527238106
-0.377516338699060
-0.684843333108408
-1.666235385726361
-1.057379140392592
-0.342090253030501
-0.044523556879104
-0.071522362780534
-1.374190668356401
-0.300825730183940
-0.321832540105992
-0.012666742964551
1.996627243977244
0.391751829737971
-1.005450281008536
-0.174348693244577
0.936554340860490
0.575234964468166
0.377469122498495
-0.743539122689270
-1.095280851390519
-1.850485395725818
-2.028182238185670
-0.967547449556405
-1.210457004128403
-1.823399556343281
-1.307810789646005
-0.289432131023656
0.997254381711315
1.589864032232443
-0.041986160963699
-0.081535811994332
-0.321219787034423
0.994484085021550
0.012983820376519
1.424128363465748
0.753347024522920
0.698578777852175
0.462416753804512
-1.244330171533039
0.390962506109920
-0.169123794012061
-0.561557398102303
-0.294661640877330
-0.443691820263146
1.662506185290310
-0.107714522796428
-0.099912713197817
0.053085304911879
-0.186407510149611
0.523144910244489
-0.514440587740232
0.792629413597362
0.856538381448577
1.193507910937255
-0.801464641269977
-1.664400094209918
-0.005373000273000
-1.353415305513437
-1.404568622620300
-1.445182143726592
-2.124875882931983
-0.374670667377988
-0.996314784467180
0.043830670930260
-0.705952400932158
-1.087599683549446
-0.248222001024349
-2.342495192663544
1.432452267110116
-0.373187507675726
0.113612703303969
-0.050171178378227
-0.645461319711385
-1.332046128041544
0.971617487432114
0.490917627672218
1.299426732913031
-0.970859926918098
0.522589366384387
-0.926627041115590
-2.352204368972438
-0.696564177676548
-0.186596469957529
-1.271914137595580
0.785892393453847
-0.287114759156606
0.602475236585394
1.028533893098071
-0.318530649917314
0.065448433499283
1.297181568907523
2.468406477115576
2.229116027130557
0.683029133512884
0.810476228382471
0.437979151522647
-1.350927932118481
0.762761711708515
-1.959266541407764
-0.065866396696014
-0.552430408808032
-1.175060995297609
0.582409714102158
0.749749452224847
0.435327496092209
-0.142832261250855
0.748665528087037
1.144864808546451
-0.050780737664223
-1.083431234939991
0.944749402083518
-0.131277460734368
0.813742485767168
-2.809157215199611
-1.422241825778245
-0.735780825906790
-0.847602221271764
-0.233291967035389
0.233639891916166
-0.743619613316958
-0.512703663812940
-1.838608696062264
-0.171040918980254
0.723226887812886
0.346505447871515
-0.960126184085317
-0.137498278805805
0.188285336875212
-0.683289885789870
-0.640741123340120
-0.684898918248237
-1.285813643392181
-0.528981403858183
0.514484283341986
1.228850297443667
0.845796713336983
-0.359127360561032
0.081988964067564
-0.002651684806300
1.387732547263037
0.829483978423426
0.826688338873552
1.043159901193236
0.479931309243418
0.310464937316267
-0.288001034957964
-0.321178716233023
1.601684870123990
1.650357682263499
1.271438825493650
-1.526464846197341
-1.849824374315157
-1.603213178920409
-0.765593799814288
-2.346915732309000
-1.355642950351656
-0.693875210162157
-2.113817106242844
-2.238722433231572
-0.847031978751491
-2.142137525486120
-0.468415692654024
0.435346891870105
0.398672373634802
1.738687169285376
0.144276247014049
-0.852470613572998
-1.111673969052768
-1.938789368152952
-0.399981319784937
-0.525844228579475
-1.226777448264025
1.318645934716412
0.307671546035363
2.204208164566248
1.551606803757249
1.880121171318328
2.180856320992771
0.219323174735037
-1.418793800661410
-2.288531450670502
-3.164366417423698
-3.451676125069429
-1.695183500136695
-1.303303406452670
0.128397645572733
0.721161788302316
2.402319636569135
4.560179932789758
4.586611792135646
6.452068656836711
5.113194889788391
3.428325775421562
1.709826047266221
-0.758271963626579
-0.194951241741857
-3.451749002710200
-5.647158274438984
-5.927860003935607
-6.637655447448158
-4.206207014474000
-3.392129368154941
-0.436046652601577
3.084432295573240
5.135808257700391
5.490664365774364
5.410721314008195
6.217557591985846
6.094036210046767
3.657597000454039
2.922462576977193
-0.490729552067172
-4.169928535689209
-4.400747989293857
-3.513425319124994
-5.223883565149999
-6.004129086015904
