0.172877443669573
1.615185240886809
0.314447314391681
1.794464145452338
-0.145294029443605
0.861019054023502
-1.753291482218711
-1.071156809692052
-0.724701522708438
-1.761039889940476
-0.800045450432327
0.713863176984393
1.233436559297775
0.375499598539609
0.275536916656080
0.242248536752931
2.007834537600755
0.133763034250036
1.084457742418978
-1.829317335730695
0.117798182837555
-0.966481023438533
-0.850476026829108
-1.675057088181443
0.074556418977130
0.303873789470748
0.511932320755343
-0.583786913804519
0.098108324373693
-0.452698707431380
1.674710764208013
1.708512545492145
-0.773877072468643
1.775153782616797
0.284800137781533
0.448046842006062
-0.189423375206444
0.690645039941093
-1.016402050318703
-1.172898267463368
-0.511388486866916
-0.628282894593625
-0.685680721184830
-0.149799525852415
-1.437301971835609
-1.070768253457379
-0.723882923970755
0.642709033809228
-1.812219077696109
1.833202723291898
1.508470440710165
-0.238219025235476
-0.170079815939456
-0.809021368565340
-0.341327599544634
-1.119085772808420
-0.715669238563795
0.607672113534892
0.132066751277230
0.015714487444060
0.531647052987644
-0.367637252328374
-1.110923385182766
-0.717868998133032
-0.828497629089720
0.516074694113444
0.097146411546342
0.561082597697917
2.026346404352219
0.461806278146935
1.643940188415951
2.498987235911701
0.305421538556045
-1.579884281287267
-0.054126058100517
-2.200390296634611
-0.513052006773729
-1.398709776673165
-0.217490926801140
0.960076529079954
-0.253149274235579
0.671056112426225
1.416532896618349
2.592973349874234
0.548626989493316
1.803103403753242
0.832381498434604
0.227257650125720
-1.345659937195247
0.063809933837202
-0.618974675840772
0.250499042888496
-0.171713360366010
0.043413159361076
-0.766614583607183
-0.044060400875920
-0.421852433651137
-0.743943031484938
0.367195821382762
0.740051732628694
0.355606728998342
0.907759469540966
0.316936603928302
0.746061755091718
0.730848371626475
-0.765534782619572
1.321355651744982
0.566820326567475
0.263089122511168
-0.120946553108527
-1.250180224728265
-0.052974703799850
-2.401960411255536
0.504707425095749
-0.750612540932769
0.400711322210490
1.174404754075966
-0.237761425707737
-0.838548312530009
1.003656542471474
0.943446745579667
-0.173568868087484
0.772721084995458
0.067886529299837
-1.609813713909499
-0.190066955129778
-2.360874843339230
-1.780970103958838
-0.839322747041780
-1.051270567207110
-0.411022075807309
-1.355113940339769
0.003545186849471
0.489065876842904
1.205241198082617
0.634902230643680
1.660531143140955
-1.192848399872049
1.036196867300264
0.874594880835286
1.123758355129263
-0.744107285772787
-0.078586540954816
0.479930825938325
0.427519496742501
-1.172345655654956
0.824001623300661
-1.903026832295515
0.385876992606354
0.178199732628780
-0.560680374502132
0.085941561125762
0.607274409857821
-0.677105302917834
-0.825067745884839
-2.204452777018386
-0.802270946667663
-0.212241670685885
0.136989718200471
-0.436209385383748
-1.005897390458286
1.455683469331199
0.379973193143797
0.144064706370682
0.880062191263673
-0.476536997066504
-0.430588592743874
-1.155059946352484
-0.865080365546514
0.302731839181565
-1.359090524985834
-1.433507049863958
0.273470458385109
-0.111853098534228
-1.106612480652310
0.940319447226736
-0.339436340058624
-0.321686325240852
0.927634776109967
1.524568176955201
-0.033316769608828
1.121496043358998
-1.864250300921183
-1.558716852162682
-0.201198170938744
-2.072591879578863
-2.010687312141521
-1.771192371746969
-0.521384812322324
0.292288200055759
0.514766336736271
1.750856411082735
1.524872362278338
1.149979382336692
-0.364776662217450
1.550189286248564
-0.804089898455494
-0.069857828121755
-0.365122058156519
1.174577276633674
-0.431006191409113
0.043601030455895
-0.672871905424925
1.000425804810170
0.567710455646215
-2.548010257388968
0.719795867714732
2.342302080122415
1.223673426651449
0.362043443599875
0.297259258200196
-0.840842824771399
0.458364658078951
-0.250500003948787
-1.118538442307805
0.045816062429447
0.822098664632464
-1.116029308404672
1.622002918124642
0.748774750848617
-0.358031294263600
0.182837279920934
-0.498600595148220
0.353287724637187
-0.795644332334467
-1.061125760761697
1.009139235934607
-0.633177086226293
1.408732889928620
-0.462098129122412
0.942205692283012
0.962664514630413
0.567820813083979
2.448090842072575
1.657345363401621
2.600097025697072
0.873776201325881
-0.735636694436222
0.730649182060664
-0.580794587571984
-1.094574538201339
-0.940886137669184
-1.574966395059120
0.338718256026129
1.336645757827261
0.766850019613445
-0.362974014359904
1.450399925171776
-0.086303722504921
0.336210602717107
1.002761866142753
-0.170069592209783
-0.331971404061362
-0.300393677825262
-1.001243882592658
-1.999838485411898
-0.346138776181167
-0.513535270213034
-0.546712182930683
-0.331938194313779
-0.468180355288872
-0.039602660357901
-2.936030926643269
0.995841258120666
0.557988124854976
-0.272048385731233
0.649673478131667
1.161955822264096
0.341006901448368
-0.184861794285498
-0.076786271919961
1.293397114822470
0.391557532475143
0.503282632393431
-0.766848626512919
-1.042567071861087
-1.021827206299404
0.165730998314342
-2.009773527682186
-1.498927983476911
0.469711782956012
-0.219185190980493
0.605066696691622
-1.582165992052002
1.019021303379782
0.285201117562425
0.192947396699976
1.737576359757513
0.104762472388648
-0.487229652323234
-1.260222222331775
0.906072869075198
1.051086191579309
0.377157868344115
-2.348613339226474
-0.714443673689668
-0.107596896634134
1.191448211460895
-0.434507302510892
0.748706495195104
1.561546564426950
-0.047683267702328
1.079447512342075
1.564857827217930
1.878970765062184
-0.287917874835507
0.360428393511764
-0.696046370306897
-0.468383038506686
-2.950193960922031
-0.760148952473785
0.522451609979907
0.196035332489540
-0.724854353451881
1.079480194415281
1.366171599467056
0.581547559252528
1.287543665044460
1.668607791647786
0.081702002918093
-0.696092161544220
-0.938072252203144
-0.113266002713627
-1.818682462442440
-1.041562907685701
-1.597026594066141
1.133884114771100
-0.773728616024325
-0.584810039927368
0.025788787679693
-0.536956457071105
-0.980570935511422
2.349203632129375
0.143858839233593
-1.017909582791506
-0.264306649152624
0.658187809332934
-1.020985907554067
0.129065227083926
-0.612054574283589
-1.310112770256069
-1.826742923444693
-0.743621113438119
0.354950674836675
0.177485368545492
1.421837419523428
2.490848079975833
1.718018281684848
2.415496685454130
2.085474215331341
0.815549022553570
0.304701178050910
-1.272675841110867
-2.441854179949935
-2.666796364844621
-3.825006912476471
-0.531385458742499
-2.635960996703400
-0.260749768901451
-0.530648477819613
0.331378178656696
2.203414872169951
2.328870906778095
2.378608713141313
0.088053649900458
-0.139983059626360
-0.746567487399632
-0.070448009331391
-2.034829641864132
-1.501630219012547
-2.580641903759437
-2.149255221438112
-0.765732364252824
0.271520372804549
0.811912679719670
2.341527661396926
0.199452812832615
1.083110181546557
2.845333351494099
1.553785563237208
0.983026494350862
-0.826908544464702
-0.740452708498640
1.886350795754292
-0.779167101568228
-2.445005703890866
-0.810075039241070
-1.860762234552028
0.441074684390691
0.070112349104193
0.810306546968250
-0.639892630942099
1.471915659557607
-0.002100902538198
-1.102749840212453
1.006988284900274
-0.312624733091551
0.760615084261819
0.037412505809028
0.489832915513744
-1.327246538931754
0.556704165164788
-1.647291974585426
-1.384319198149642
0.065996014123313
0.835514779605458
1.166362618817975
1.582049025725871
-0.353527574189644
0.560897701737041
-0.942494007255641
1.205737479289045
1.538069300125453
0.774914950951888
-0.062609103776882
-0.123922782296806
0.636670900703140
1.439804080033570
2.120370174984467
0.976946726696556
-0.236874921559437
-0.482240199045019
0.047007174927708
-0.353360673565706
-1.315733269841239
-1.939578399267091
0.298840055351812
1.071549006851198
-1.274830684210523
0.085832996200041
-0.484087097978172
1.922123896921142
0.597316562206559
-2.001242064314761
1.424059594275584
0.672508912078925
0.594637350983912
0.165523916089915
-1.318452643352797
-0.283351287709770
-0.576362752917604
2.460881726038268
1.161682540671062
1.461692907067698
1.392182635483267
1.042361896169822
-0.018524882517597
0.333533347322078
-0.715506766007504
0.587023012057394
-1.833762665172308
-0.960706763549825
-0.300631596192204
-0.052423944800802
0.316074917102003
0.456009380550402
-0.542423164995890
-0.527529638845995
-0.485122553359283
0.760225016487259
-0.466149050781074
0.296949085098107
-1.978835114723729
0.244260331793840
-0.426286228500365
-0.516658476282548
1.004415185736710
-2.068978665032041
-1.332366688378047
-0.402890654719577
0.176487407105608
-1.145023751283188
-0.005841386382828
-0.678557642854525
1.579313256086885
-0.710714548088252
0.350968669610779
-0.084971393550172
0.454822025171294
-0.246372884268770
1.404204860205394
1.464660598680032
0.361950696503502
-0.115217378978783
-0.992195108210863
-0.569208469801379
-1.066590308901312
-0.383659910383297
-0.237191350889663
0.929876335537356
1.954867544650673
1.099200759538670
-0.127524463027853
-0.698097257482329
-0.483264816301784
-0.509970661958381
0.111823322858340
0.004578320741691
-0.363305075036633
1.741585913902408
0.934589545174910
0.265484521663529
1.089257927965415
0.350890949885390
0.177414175679934
-0.370435511792325
-1.016327849473752
-0.241793157601349
0.799407993920843
0.219931039198895
-0.291118842850491
0.546901206658899
0.667611129332309
-0.204939870947213
1.893132791078589
0.390736553719127
0.646169039870955
-0.326012750990864
-0.906468885064385
-1.199373060031609
-1.034143014579594
-0.640744646610049
-0.984076273822868
-1.227062866949890
0.179834282399577
-0.052316432701725
3.840009221602176
1.492414137318811
1.102239566331469
-0.667404848808049
0.824740472407745
2.542891393043542
-0.592403716400298
0.679772934049509
-1.687411500681778
-1.508689075971658
0.334295910110847
-2.190750375298454
0.106868556142965
-2.104260363393442
-0.653361159271477
-0.359634256056464
0.394423206092313
1.335861438421908
-0.530700094912932
0.345980343892469
-0.365329520395640
1.417522056369144
-1.004502407864679
-1.081811926691963
-0.919963096218494
0.331413551450274
-2.249989139377170
-1.169894578624961
0.020340397226657
-1.164767728365470
0.838045166421422
0.059286288295354
-0.240197628891483
2.213293728890982
2.307441189941342
-0.424751198363875
0.432618675733351
-1.430073274366465
-0.089356731144133
-0.809997220426926
-1.741470435620712
-0.410700106719989
0.549240685663601
-0.844600474906210
-0.908405589231319
-0.116914860422376
-0.297307337760218
-0.065970974865787
1.281542188043202
0.227930425081362
-1.166508575564277
-0.049370253860126
1.288576663701511
-0.452252037941015
0.140139417606760
0.386538982040390
0.950751018544166
0.207280976313362
-1.436612485211082
-2.414594538923081
-0.482530028268709
-1.411225378449938
-0.297983869549692
0.739267522229839
0.997063713728507
1.416268977544482
0.373898499775867
0.807912941491936
-0.823289959426237
0.374501926343253
0.032297446023733
-1.111077949678635
0.815773735459821
-1.807011744271469
0.877979908310674
-1.523253849922644
0.399020336535776
0.233940753223476
2.001813252764249
0.676222805050409
1.888777498977187
3.047182260469140
2.910344816124913
1.774744002203971
2.297082896672956
0.478156426785953
-1.023568165805085
0.509409083225890
-0.930135000133572
-1.838876690531057
-0.374761078985188
-2.512386992091368
-0.696492274459296
0.287557265893638
-0.873735959147479
0.786554961054033
2.842079609019219
0.823052424834629
1.770873020236335
0.398233270940294
-1.938689214209330
-1.744723571155224
-1.578186076706472
-2.360862781892876
-0.497337194145772
-2.107479984435927
-1.611059524431365
-1.746901491966996
-1.617094299813992
-1.430218876318913
1.506657386358242
0.663997678508668
1.893031471781524
0.999767857029934
1.632874940209945
-0.668763849357188
0.260878416800965
0.772273914409152
-1.306997970872540
-0.533248063022785
-1.417577336362304
-0.771293564239463
0.000177978994913
-0.379983082322164
-0.555722000603627
1.415483710635939
1.086121674582007
1.245181355391583
0.024479250146274
1.890642291177210
1.095120677739189
-0.824844606817589
1.438410796823620
0.503600495785164
-1.929300531539077
-1.211398877883467
-0.617507344619483
-1.397149206976749
-0.762833338173557
-0.967505189226123
-1.733435988737623
0.404833235775490
1.589406370676756
2.638147168165567
1.299282606753206
0.273864218573283
1.489166614376401
0.778245151202471
0.402599556546626
-0.776185424468507
-0.221310457453975
-0.853612636796052
-1.984706931324765
-2.467415308574458
0.598227957562488
-1.215578997242290
-1.841557628217544
1.388595675157432
2.485525086231583
2.320710604240956
1.791918679372757
2.636553548540431
2.179559263698398
1.145699296099835
-1.585346982260316
-2.030827969156897
-2.683891574777694
-3.321395906727691
-2.395252344922249
-3.638970935299398
-2.066737498471568
-2.029905204876362
-0.185398708069531
-1.350818052053970
0.607652619722569
1.297024501478804
3.016736076881519
1.774917034437205
1.425633785419174
0.803394870516101
-0.523353521102351
1.796049249977731
-1.206680331890740
-1.449942322375277
-1.202298815473539
-2.361820953736422
-2.110430080560001
-1.736576209322766
-0.147321516957185
0.065572888547641
-0.805149937465977
1.521747661941926
2.034173647202801
2.348752742719314
1.753287044660974
1.739658902456546
0.899650879684661
-1.023077509933352
-0.889979372622286
-0.781181648381227
-2.260641312187493
-4.436739692946594
-2.134204156937971
-2.270381207616134
-3.107348817896493
0.288997902328770
0.681331241923913
0.983076405820625
2.472843964340202
3.115870506827086
1.314316895255175
2.229170070614209
2.768753855142923
2.015745737006273
1.114996894452937
0.756539584690742
-0.768678972629948
-0.859273109751223
-1.139338115714286
-1.733998385993770
-0.389664037541145
-0.728307051355955
-0.469602740746568
0.726894056647820
0.936337147020482
1.630356349155930
0.597932660366060
1.399167940460127
1.128179780221721
1.707252128657800
0.564759554979082
-0.771463736446099
-0.193761200991441
-1.665954209867262
-0.874201306288791
-0.493912260510980
-1.229232966963910
-1.255343275200338
-1.055630899548576
-0.184202506175950
-0.952868432833323
-0.239489047252392
-1.915244412573897
-0.425127142141124
0.765291404006506
0.203793646591062
-0.010335003467182
0.160084039952796
-0.027322026457107
0.672961174606306
0.621222712653443
1.346074558622227
2.023016392032148
0.950909002210746
0.181329988156749
-1.241062609006651
-1.234580833833138
-2.364700032408844
-2.582049841028567
-2.337069855820082
-1.226852432213064
1.090550948419091
0.232743018824638
1.139187335088502
2.742551625509146
2.313632022967968
1.758951687482862
1.178448262648226
0.088229594760979
-0.630280546288638
-1.478938213753019
-3.318546574024866
-1.026288619468950
-1.415642867547947
-0.658362409963948
-1.969956742968197
-0.817212443334749
0.213294694068037
1.734200166600624
2.028591798841944
1.940854082400205
1.415231363726866
2.240708629703968
2.768899146408756
0.457510045344523
0.378003167409162
-0.931910858995339
0.223913610588262
-0.712839327415496
-2.400548245409480
-1.074079090356320
-0.644128090010771
-1.068983645734912
0.284748502015981
0.958275119457588
1.492240649971932
0.510837085184166
2.061039594835242
-0.021250068198656
0.194551171056799
2.442542703763917
-0.191182802230893
-1.073940587247152
-1.100822510317567
-1.785715803051314
-1.710534955775358
-0.447227855031334
-1.068018718774822
-0.421853857374325
-1.127080776190184
0.520321290020780
0.111944469673802
0.309633947448611
1.608906695750974
0.438469041093068
0.771987906796195
1.957585348716002
0.203233385494847
0.203768561243482
-0.484693052886338
1.330548653064637
-1.162715691815141
-1.353296639778374
-0.634989679984821
-0.364486705202505
-0.783347648894506
-1.166201868097004
0.519688096478105
0.208323868657861
-1.790721294282091
-0.232570315562263
-0.037398269065198
1.044686461205839
0.170743607496155
-1.915580375564956
0.240272165984861
-0.575541224861188
-1.466038436792421
-2.237498366510891
-1.058402676319636
-1.718386140075884
-2.079008174578468
-0.799865692165129
1.436085355231341
1.333219354691775
-0.807935270253179
1.019159885706857
2.056554195296441
2.453702579740734
1.597156913982444
1.543437717797058
1.654532265978952
-2.255982238551598
0.675268152513810
-0.891160974718468
0.531198002272331
-1.236744538484852
-1.462860643258227
0.631814310706487
0.744620403458478
-0.285846558214274
0.604674970141918
1.005902231097222
1.433786980477523
2.111612255832058
1.742122286025912
1.913722938658487
1.031511257360316
0.458228844140870
-0.371197314268507
-0.271622912427961
-2.071569470960271
0.398970299074813
-1.253876786567413
-2.851366664249641
0.241903621188824
-0.559033442977933
1.036639171435122
1.772181079777908
1.876379526765530
1.480027085093217
2.745241184238248
3.505815500577600
1.935704224770390
-0.212612842141624
-2.436448795316493
-1.721611617274956
-1.005112512606239
-2.826302442337309
-1.610090490369653
-1.429517537097339
0.778033024581506
0.364699831529399
-0.694249337006874
2.180211808992885
4.025280439682614
1.919977648708764
1.053640967830567
0.801613371997949
-0.586269092265438
-0.955407551753781
-1.224068947496660
-1.256661939742836
-4.437149943986400
-3.236033013656777
-2.544964995025083
-0.895299491022159
-1.690437668204445
-0.078797195111533
1.555681736629647
2.747198688587580
1.845313965692096
1.541762470554226
2.511665217100430
1.352947041244885
1.078172364982325
-0.149130753848811
-1.000451575793497
-0.490489196085760
-2.241453813112077
-0.790377910258813
-1.286772561580775
0.105765952299060
0.574029053802515
-0.186333797266829
1.344336152131131
3.412275500472543
0.968007678845218
1.970888980734187
1.148511339554019
-0.478697652189509
0.230761732605420
0.282558561254934
-0.534607942353309
-1.384274715082905
-1.744061114734448
-1.251722471392326
-2.313215589685282
-1.011123424625858
0.994957749026394
-0.538345054355915
0.516415503363180
-0.082007800654233
0.178482788292212
1.281237513294146
-0.425030482778333
0.588374018680896
-0.385253897726837
-0.873748331758608
0.399792956782278
-0.067380012597457
-0.307236156263001
-0.243822577638165
-0.277144791216070
2.611100099778553
0.650630620943624
0.687394214612279
-0.094194024884822
0.069266945092060
0.212686921982190
-0.370403123834994
0.324618229282750
-0.774756116478860
-0.509972091315351
-0.237657410965197
-0.689572518968895
-0.886688680321726
-0.984866904841811
-0.971938993922292
1.140087123125855
0.866284038550652
1.838626216598081
1.627226549460625
1.071774320072560
0.208246121771450
0.187332792309990
0.420026782788097
-0.894231097212638
0.535825052174076
-0.556968287029578
-0.244682382423798
-0.125724388365715
-1.137456903668208
-0.561780307354930
-1.776818996454303
1.222641745809566
-0.786638078993602
1.031920859052663
1.031740159078917
1.808755816861400
1.237050420582127
1.601855908102420
0.880720060623355
-1.332574757035884
-1.802296986516456
0.750352020587887
-0.362260911945774
0.299374545048959
-0.788138905442797
-2.171079161400219
-2.187613962784207
-1.187411766266262
-1.766725545278665
-1.747179570596149
0.366368055274634
2.433332231233770
0.116784029794172
-1.026024673741824
0.780340967820835
1.574216079140606
1.811996558095820
0.203680264699995
-0.155646042070020
0.707654815643162
-1.671389901761633
-0.836602874855369
-0.170417009351951
-1.301920590840993
0.093725033639879
0.905524237591336
-0.545595873288827
0.837572814443866
0.733923766919995
1.256949538848895
0.133103541588249
0.504938196696254
-1.136832997799659
1.585766693017532
-1.424359843362065
0.206223058543059
0.046720115207007
0.900168603493485
-2.132974783603216
-0.462788743921186
-2.379569329967171
-2.160381493960136
-1.234905455087454
-3.662833902564082
-0.643049816395657
-0.718167422727684
-1.228248404086210
0.686274263117400
-0.219318591619085
3.258330220590899
1.697692574281517
2.160037647210479
2.702016774667894
0.506194706335746
0.965556396699012
-1.444589233390562
-1.883655193067108
-1.198660229045917
-1.757629995110943
-1.066699574955298
-1.204362268692194
-0.805682291332060
1.088083638688579
-0.124301446784138
0.249468715830169
2.427344270382719
1.903647986316505
1.496625731866022
1.855952961438877
0.338936775385590
1.612739463934114
-0.256990282348702
1.091261934001805
0.951098948530101
0.177790029334368
-0.203245024229584
-2.379492301086963
-0.174191783579945
-1.836517896584490
-0.125293742270487
-0.981383624633699
-0.197527368016293
-0.696333905204352
0.822539282549576
-0.025915812625381
-1.086628931489126
-0.703864973133472
1.276999473868409
-0.351375389464050
-0.457380968106696
0.836922111088999
-1.818180249204290
0.534296358300887
0.396638554546494
0.033259528859603
-0.385207929128090
1.816156889396386
-0.090298218350309
-0.484256756478654
-0.326464112467332
-0.604875347535384
0.160122089673076
0.078541030039564
-1.919591872703464
-1.425535776231245
0.629914670401784
0.709764350141299
2.134300954085484
0.843532663872550
-0.522152152397744
-0.560539680401820
1.375560379050458
-0.906149049242015
-0.865550546804752
-0.966272057686568
0.878564694701464
-0.382803462030141
-0.466965012364049
0.733953178678349
-0.685557602154015
0.982784824613073
3.071335428392044
0.453436275320101
0.737804135258968
0.075952950873734
0.328163072958335
0.026153073745319
-1.700448169194697
-2.361443655480563
-2.293856750300526
-1.273260755949190
0.060913264110911
0.247859198346825
-0.067373747298048
0.269802366838799
1.288340657231466
-0.829654140300161
-0.435268398166776
-0.521954532655520
-0.920393582279757
0.916023763163291
-0.012343633833385
-1.202620519328161
-0.840076856052294
-1.731865832424285
-1.665513482036507
-0.357345600205724
0.928330305804340
1.159537457698878
2.240758977295237
2.331575529929527
2.453765811086547
2.282193010925059
3.707098352210537
1.192894995865366
-1.137799861620402
-0.157746431923750
0.529053566046850
0.196014155055406
-0.182529597280516
-0.016723520014224
-0.382190937407065
1.562984152304272
-0.114242249782633
0.159810511350430
0.719224588069504
1.987896525111577
0.953565656537400
3.175339878825419
0.958724075275528
0.366193008551134
0.198579705752427
1.883632445539466
-0.912730331226234
-2.048666597188615
-1.337038004698075
-2.243305859550883
-1.374292996076003
-0.515015382429540
0.760855697445526
-0.616933387498889
0.141360573813708
-0.144764146824936
0.972806066525053
0.350590875753178
-0.910727180137343
-0.810890695799264
1.087952804569496
1.430016227171670
1.143545028706341
1.138443332005767
-2.791105588002234
-0.267101366854163
-0.331563492672970
-1.256867695803211
-1.185297011564226
-0.250952521913151
-0.287576689842842
0.016161364110431
0.593427068596306
1.601855985210012
1.298622145452130
1.719322899799331
2.968368153887102
2.995609677749866
1.622784394227973
0.957900845468463
-0.224143600595505
-0.825771919473764
-2.183911786504329
-1.742709227836071
-0.430282138187016
-0.598082485645475
-1.544767915464782
-0.906045430632341
-0.161333879662123
1.192783955960279
1.268200106505483
3.122416379416503
2.292867022915299
2.132382236852716
2.006748633800121
3.217599515139632
-0.790050035632645
-0.472874508917741
-1.093821566417499
-1.766605768661746
-2.062297147654361
-2.112246040988679
-1.847890980042078
-1.015679685648992
0.175270649218387
1.028390651922069
1.338761971306630
2.165672818074036
4.197815957991702
1.963224896901708
2.193165909396386
0.922389107626705
-0.564090810354279
0.020656747770835
-1.626662794433208
-0.887363090961532
-1.940933141615856
-1.946124225115396
-0.963143631194594
-0.910461470312610
-0.889001237677975
-0.136453544273605
0.897224174272782
1.630357813320979
0.732489580451476
2.345592926728339
0.952953130129530
2.021108794796718
0.657768269451010
-0.557621756522480
-0.857623809984884
-0.601327568572399
-2.648565194359411
-1.059911657736541
-2.095538729575912
-0.719344666203235
-1.897306810350172
-1.296757973133297
0.296030318316210
0.092821930858661
1.331310460209830
-0.452550723939909
0.346743302715822
-0.036099415127977
0.541781336119777
-1.906021933723551
-0.303754198470397
-1.191765198677015
-0.755431181201840
0.257146562777906
-0.965131110397287
-0.886430665217361
-0.168685026030415
0.154154209997095
-0.627621077114568
-2.265684644370415
-0.350374474032932
0.513752033996165
0.448242335442346
1.813253513451031
-0.446914993899228
1.314160953502055
2.249780294738204
2.911089557067427
2.091839896716507
0.674380560926734
1.532459703278862
-0.569610140922944
-0.967185764718253
-0.736996738772894
-1.022981621274355
-2.245817980354130
-2.445274442488510
-1.350231306106294
-2.203938342273699
1.900408005197789
0.788596755418264
0.512832827233142
0.899514791058136
0.980437391768138
-0.634342321874581
-1.272655647673613
0.156198510630852
-0.486155735121045
-1.396760295838149
-1.144389821155311
-1.762854417994868
-3.648363389055846
-0.608938085767158
-1.487787466998049
0.638119721194489
-0.048639716015912
0.771602718938726
2.635549604101694
1.948816582897268
1.151541880558318
1.813735425932064
0.497508586556272
0.966486969409296
0.792200013502580
0.061477096982646
-0.144025683910231
-1.725700686896959
-0.817078134554079
-1.370792995112988
0.445203735083857
0.657664040060403
1.578437975799837
0.407105689664380
1.449272880856964
0.879210718770721
-0.320518953809033
-0.053003572874138
-0.324586502110009
0.408860312203419
-0.738401809797679
-2.022356215445766
-1.254623446485478
-1.265939494585125
-0.457871923382692
0.248562181538954
0.964823757830878
-0.183064033351294
0.404296884490969
-0.319163333542620
0.428796956012008
-1.932964148892192
0.770595778014230
0.132509850518552
-0.410849404982524
-1.545555265927826
-0.081294898698019
1.150976274309384
1.531785944741145
-0.716040261357523
1.228390421526216
-0.561292939103442
0.385978558018874
0.676950378847690
-0.500466132986434
1.167956641444774
2.495835226714164
-2.036659924099983
-0.824423315364877
1.048034430917304
0.459447056546812
-0.804150402042202
1.868727467256889
-0.577433765509243
0.897738710034488
1.006913604893573
0.681334612016965
-1.575439603944043
-1.186006476511992
-0.758073389331251
-1.278594482000950
-0.695838445998261
-0.643715673877000
-0.339382300696001
-0.947537774305730
0.149103709717641
0.506313389728405
0.794998157667112
-0.352674741546668
1.796944091545965
0.061869918582364
0.684761660833133
-0.530000004636670
-1.386825149295482
-1.302889871747488
-0.525228221295800
-1.704626327153215
-0.480001841118587
-1.668061693561182
0.553532993685909
-0.571456272783081
-0.954844691112757
0.668124473085129
-0.157474092135631
-0.630261835826495
-0.849732354708057
-1.162383300132086
-0.496970973953964
0.134316875946393
-0.867776977559715
-1.089973571652687
-0.665797621021137
-0.375233433704328
-0.158829387989399
-0.765647805579300
-0.607261301747903
-0.140170777505067
-1.499532896286386
0.888084920413947
0.025763925560606
-0.330684039936343
-0.195319037084414
0.788548395925508
0.896599435245670
0.343533093369988
1.472120261890509
-0.258507800327040
-0.640076677780651
0.195946819686306
0.320417433458090
-0.978604190025523
-0.337304623347531
-1.064412718517648
-1.137254485904359
-2.738978246896901
-0.429141529731995
-1.410922104523867
0.757596258328051
-0.108505809315345
0.197274971645929
1.885301040799314
-0.513208648241536
-0.444504030744293
0.437101967872590
-0.343801311460555
-0.226118478273881
0.295020959486920
-0.245834508728076
-0.504417842971689
-1.117458932155761
1.045108660209210
0.263035974857700
0.683039785089252
2.026708076421410
0.898880768807723
2.282455268231187
3.373026414317060
1.009094263447775
0.409060766921713
0.751259244578559
-1.107689593462950
-0.121876456974053
-0.443552683014323
-0.489745761305066
-0.674260864528171
0.370284796170534
0.340418785723358
-0.590370918484339
0.977893706082011
0.203759913064324
1.248083696970665
-0.712622595735208
0.871986358963107
0.115011617094300
-0.216953526883421
0.439992605777451
-0.747609489794000
-1.168486949041171
-1.771781126047816
-0.411458198472265
-1.988781736517566
-1.921426758751651
-1.026761426276166
-1.398827983254487
-0.278206342044975
0.524528566850282
1.670363592234548
0.417792002344892
2.688865615978048
1.432637481677520
0.997051684230196
-0.622555231667042
-0.816513260441278
-0.276190794146825
-0.251523316990835
-1.071626411293676
-1.056719296312078
-0.086456764854546
-0.290341561977929
2.260849310646610
0.461953103166001
0.917701042164057
0.470328580721705
0.488906058942465
-0.432234019808985
0.465425015778874
1.071349333511184
0.768449872759032
3.156433913287382
0.868268384245364
-0.155754835731091
0.463110257747174
-0.392626452750121
-3.098563330432948
-1.109528819317446
-2.539659744860927
-0.242563558211081
-0.007869547092955
0.516695512909787
0.207773565671519
2.589551706134775
0.499243531543726
1.692633553233400
1.309263224959643
0.013266116899876
0.342390523011660
0.518683895822978
-1.172475050778487
-0.963032622403829
-3.010631028469709
-1.723921971350105
-0.398089853297104
-1.141635638424690
0.025380830710589
1.007347527836806
-1.423648042255030
0.223677586166685
0.064429623667552
1.749749349982302
1.472220174739170
0.877564664256849
0.232904688093971
-0.849426583371064
-0.208181293921630
-1.471106912522119
-2.347383620423598
-0.430354924295818
-0.065288893554720
-1.696937932184766
0.206708970130995
0.856933080060417
0.664201696357799
-0.369359488637599
0.735863002846018
-0.437613663456445
1.486629564184756
0.118749379089473
-0.372283720784734
-1.396669340865594
-2.064382329570829
-0.090106400622104
-2.104762313419839
-3.685434070714592
-0.934524524530359
-0.531054748333831
-0.555026251270457
1.608932419665159
2.343113027025394
1.646254974322177
3.329728976324150
0.859325272702440
-0.091147196905448
-1.436663979413595
-1.420051929177825
-1.007016981262417
-3.652243321280644
-3.102478960509830
-1.359026055433934
-1.746473092460690
-1.163273748249840
-0.621762212061279
1.907209843523400
4.583236276314656
2.872066778015455
3.098782907114026
1.423089982949203
2.105360671422936
0.511155503292518
-0.606611722214483
-0.392499571610967
-1.249995810618921
-3.110671664250524
-0.577626645957922
-1.656347046317474
-0.287032382042347
0.790336425093587
-0.303969581794701
2.282899984997999
1.779129803523407
2.527062307548324
2.263765912474418
2.589988207716039
1.615065801577612
0.632880549258648
-2.513889703179841
-0.848778073114444
-1.384801840349858
-1.544260786009887
-1.215173990193928
-3.012062519170120
-1.650894101877232
0.520174686702821
-1.672394302959946
-0.012716569137407
1.339358969414141
1.219489801100082
1.106343150374449
1.532803553540959
0.572136501851135
0.041598809099296
0.300106199209849
-0.577787757188055
-2.283299346086166
-1.861107803884330
-2.420079699146499
-0.870903484325599
-0.143706119306976
0.088138478679899
0.381513878326163
0.987817364837618
-0.268694873107606
-0.192725017243868
0.359385047853851
-1.112223204891221
-0.053490692212587
-0.735506033083982
-0.399825550033217
-0.924421562441671
1.136196446490807
-0.106580522192936
-3.508736436272330
-1.691639052788891
0.455505625072996
0.001413247703568
-0.796749573559918
-0.648982287324134
2.106069842812729
-0.283750402220594
0.061914364827606
0.252106580733942
-1.627185627403924
-0.863728702423165
0.726548905027230
-0.197546426988868
0.452376928520485
0.260806625823457
1.090855148258493
-0.493847865156013
0.058397940324123
0.621244487226081
0.155437061818446
0.820439330414663
-0.377989418881735
-1.095791765081112
1.823265749151118
-0.383944422503265
-0.896549627760351
-0.327461479348311
-0.256671285186372
-1.165913737802207
-0.947745367118252
-1.401907940383360
0.765063541304918
1.390737556504933
-0.320482839152129
0.187988618887780
1.100827878893923
1.290287088591090
0.091578675697777
-1.531074829746116
-2.430486564409890
-1.872444806336152
-1.072747907342281
-1.593047432293598
-0.313574196247643
-0.625895498877427
0.964592524648389
0.973048436201989
1.464297426002479
0.455721984229436
2.193157992588647
2.504647802002560
0.901373257619351
0.390924218832628
-0.504950022617956
-0.116888234649350
-1.230286528441560
-1.010732106066905
-0.274615041603196
-0.830768783752364
-0.745156756365597
1.278362046304497
0.025554493251055
-0.220557132952180
1.422929879615811
-1.117975372515569
0.549337635696393
1.125794468904243
-0.063069839040850
-0.933334290296602
-0.901179361817996
0.734985788564797
0.681699091838417
-1.432035366445516
0.127263851739509
0.294128726317605
1.010588751984054
2.297125201335649
0.934042722999113
2.367418195444829
0.028391735981517
1.301342816872668
-0.223499034532515
0.084148353652898
0.297351976135568
0.635866287084965
-1.209166766601560
-2.200346220665563
0.142040910325733
1.236759383242409
0.750589310417902
0.614690797518443
-0.325317812402779
1.013467140761549
0.100891168684619
-0.166500436654100
0.957692749022763
-2.073517316390439
-0.794672302319532
-1.517709401199022
-1.260395104585977
-2.398661615120510
-1.329052688342268
1.504044110862665
-0.043051193403633
1.473310987304875
2.320583947551586
0.695183482826469
0.921977753794191
1.837669587590639
0.306252850550094
-0.470039023273274
-1.040734156073412
-1.323441254563376
-1.397787914181851
-1.820469523742588
-1.420845165032179
-0.862022109772437
-1.384090965071779
0.355649594436980
0.306172306934963
0.684318151047373
1.361013043519014
0.235085977602817
0.748016496812608
0.235096687860645
0.694222306501259
-1.516600164618347
-1.242904591985773
-1.172135191080214
-0.570470981613279
-2.143585632688633
-0.850214874887103
0.587435027733350
1.719327337551945
-0.064146461337371
-1.541478323368878
-0.099773299352037
1.011491442474766
0.603023763484123
-1.237572058106402
-0.201262083342133
0.840130587334253
0.731864404628084
1.190694996636143
-0.711073726709537
-0.475382421196650
-1.455457525760968
-0.448570164147311
-1.363944355291436
-0.535922529731180
0.152546166703676
-0.230703813416387
3.064780964143305
1.256693595598451
1.714687307789333
1.425526275750304
1.637147772849044
1.429910713010158
0.084600971903884
-0.197380931704284
-1.086125105242007
0.806667443264426
-0.281144285520363
-0.730997941394577
-1.607332382884630
0.275293210505617
-0.316909328408422
-0.803723589633414
-0.238202765713054
1.189775287686564
1.346352745161184
1.249903971376443
1.915265821767773
1.504368819812775
1.685785763589890
0.170605345382767
-0.147312793155989
0.086403658024465
-0.934208713069285
-0.583940412823492
-1.221141322474592
-1.165200372912316
1.052961524699758
0.887349575524173
1.386316572562849
1.212084940550482
0.947604712733988
1.872994115260189
2.028225994804005
0.679726139301201
1.320089842805453
-0.961580295757815
-0.955641952011729
-1.307669274552564
-0.280526217173074
0.299834205244692
1.343547741945076
-0.262092313861819
0.454824512262947
0.408533727191026
-0.569661197783809
1.452104273957041
-0.591782173866619
-0.959579016888235
0.600075582623711
-0.423173122159596
1.365715379998321
0.599112716022688
-0.498728363382156
0.640792966088756
-0.237006838757079
-1.548390163620312
-0.315317040363292
-1.646271104602581
0.998200468526271
-0.372286920268410
-0.115384571220821
0.948910663251736
-0.037817548019518
1.761685603895490
-0.134542290587068
0.549730533858417
0.272085428647537
-2.088121864142615
0.206900488325554
-0.764075573373672
-1.430268903443792
-1.572217832592083
-2.042632364380449
-1.167397592368072
-0.662949588469814
-2.055813312086871
-0.143892535449869
-0.522164289728462
-0.756715161790493
-0.312379768060177
1.285606384198172
0.841152096753149
1.204180870138601
0.176402987704462
-0.984828695080848
0.083824292390430
-1.346402307637292
-0.099826166025556
-1.150545539779825
-1.143368624641992
-1.708946485559160
0.255509665496261
-0.583599437428876
0.715046056776906
1.759591637600579
2.265561096522179
2.467761233476201
3.044972491457901
1.232938593812406
0.799734739183037
-0.284768972950586
-0.188627466190949
-0.435802523067904
0.232096616947911
-0.362971188110629
0.354789417106896
-0.953928603086998
-0.796017343314064
-1.657714812550819
1.795947948441256
-0.403239142195619
-0.275575684147861
0.876102110930719
-0.571683571737429
1.270482927368011
-0.532468856564442
-2.579272426612841
-1.391367413983890
-0.578840156800699
-1.739370491150766
-1.355267523121858
0.130954700601424
-1.200059207931853
0.889755325986253
1.275612915812303
1.374160950550119
1.955036700239407
1.799040487602247
0.579220837357248
-0.284895225449007
-0.175511551681650
-0.796648521325581
-3.043291410436112
-0.534410721308152
-1.681218396837799
-3.105951804483829
-0.562264075481807
-0.367380311625529
0.260771696730443
0.800641041008301
0.611544967089714
1.398889096205009
0.008804969599500
-0.269339177654637
0.226741634986394
-1.848332481605097
-2.749227058999447
-2.649444727537030
-2.943230108221926
-1.764841608964227
0.915460308670444
0.642441303474447
0.481491173719986
1.255303728407021
1.631197623615372
1.456123835061301
1.315606159720520
-0.419426176347700
0.474904201515157
-0.551698390893164
-0.393205822342085
-0.828467692975713
-1.855961997630091
-2.303212479562351
-0.697410258796039
-0.601163784771713
-1.762909581816634
2.849437098876903
0.761115068288151
2.487258595224631
0.792474632424204
0.986432466749250
0.208338891358228
-0.562118984402978
0.190486875658804
-2.500336803688958
-1.993870042789928
-0.713214501372772
-0.484075691194227
-1.591230470013977
-0.904729877949749
-0.159167637998668
-0.085712647068403
0.672319314324694
1.287704199432373
-1.107205116554459
0.404950411542797
0.971492236380731
-0.120883016731093
0.322796323849055
1.031477236821569
-0.279462357218958
-1.613381098494613
-2.301088279433828
0.704383176233100
-0.923389485872832
-0.812222162624390
1.422796494995348
0.341012001991331
1.889721295730226
1.754861079096504
0.707375459357897
-1.017832619846214
-0.672928802173076
-0.259705189651321
-1.478422951848273
-0.251197768775959
0.426657432146676
-0.075006151481548
-1.112449123029687
-0.896557736359166
0.000463487150649
-0.513147504738464
-0.824922929651288
1.328073200695581
0.855498366053381
0.707987643741989
0.416964967793737
-1.413194129260858
0.036876917202379
0.135525929656267
-0.034751937199425
0.943220450031787
1.785918340483160
0.124207677206625
1.037931036948812
0.980042850591908
1.337094956834041
0.706776773639364
0.703977034354276
-0.984169431820177
-0.215731439038641
-0.907748697364640
-1.306786343232144
-1.439656158535674
-0.028501242442900
1.242914113341510
-0.326444888917764
0.386352763833569
1.625477655629318
0.278413441148390
-0.409315395926577
0.930722246890470
-0.125045968573137
-0.640403925287798
-0.926249695416563
0.395275680393279
-0.418789936124707
-0.843759563190183
-1.223574249497797
-1.548298761874330
-1.053602034060502
-0.427824211858567
0.815678367692175
0.317702590638473
0.930585883061914
0.955589852730178
2.311119176296005
1.021512401829661
0.614648710342736
-1.950395347810836
0.366212125890488
-0.966750923243241
-0.803967454994005
-2.136584948674779
-1.181373305758401
0.101655627558790
-0.661475702976461
0.544873376146649
0.010427699065802
0.367108907744011
0.043842459887706
0.201841708602803
0.056219847325715
-1.094889824453508
-0.617101543072744
-3.460087706521714
-0.880274001243628
-0.168258817277374
-1.376260608720657
0.624672513358126
-1.844451283549865
1.209867962897458
0.747991538383722
0.610154278121203
1.925044868039237
1.060896813928748
1.832865025814054
-0.400876183248486
0.286279247823448
-1.358882279390424
-0.052748374551763
-1.533274122183433
-1.647842030553546
-0.527917531086342
0.788287672037760
1.761445933595784
3.399511999063430
2.413191749761620
1.800391149849017
2.053041589880692
1.891878274244589
1.114305067852123
1.618458391903494
-0.661881735799112
-0.010217131854999
-1.250202215073473
-1.075514366630405
-2.053496801159224
-0.283935239913581
0.230872926530486
1.017618270912707
3.425413799711158
1.887455390378182
1.701611598439863
2.107179640674366
1.407759166329529
0.776789727147332
0.903289335854842
-0.568742418316652
-1.715053068770069
-0.397112351551437
-2.140126443517278
-1.852739426051572
-0.753993062593183
-0.094097753663669
-0.878635730599357
1.683518794933986
2.449138572869297
0.524850557901399
2.180895238056376
1.831942719766306
-0.291168903840788
-0.323108394244711
0.235062051748725
-2.115712321503546
-2.726241638172678
-2.218863489076362
-1.226628770320215
0.574176789209128
-1.115416572521828
-0.432825690027663
1.164525348299583
-0.513001324533244
1.424041507359390
0.937348360741519
-0.168494204637140
0.848218378931360
0.108050331341939
0.839447606040531
1.003506683143520
0.096004932488408
-0.302017947907568
-0.429097304617398
1.277352869581707
0.867579008455782
1.683066766305323
0.075349892221508
1.138205988453347
-1.495624849538191
0.265634358882935
-0.071629318648111
-0.952088680571199
-1.773833677106119
0.032004129067087
1.022433260282050
-0.479925974009276
-1.196182501312919
0.844046764364895
0.435984232105117
2.303270130288839
0.052115136459033
-0.318666354507211
0.511396807978329
-0.802504727072533
0.330372219225051
0.499647972065178
-3.483034522495811
-2.074099312310342
-0.677717135919745
-0.863282792555943
-1.312700555914857
-1.159388618859706
0.999998242255034
1.402192611358905
1.905706783103345
2.071378106830690
0.924371207810507
1.819945620420535
0.706155142146120
0.940832197483247
0.906784924647826
-1.049026667316393
-2.635634793936881
-1.415129456504243
-1.213955251878242
1.013801078831428
1.832887399699195
0.084579811826452
0.942037967166718
1.063226371355874
0.891178969253513
2.008972613538826
0.248068837898914
1.016562062117877
0.676131798050109
-0.053727289539154
0.780078785483649
-0.730554698378767
-1.369859234233224
-1.758335111642572
-2.441882555672115
-0.347462086848225
-0.881448789037824
0.330924514101809
-1.386013888470013
-0.390537145530073
0.002254232552906
0.425098658498589
-0.884493968740351
-0.825900270439959
0.784304224607352
-0.541011280169476
0.601855537981184
-0.513808829161351
-1.145610385798514
-1.536720511104220
-1.476817852381016
-0.206251173289301
-2.088060955110238
-2.502268678372259
-0.535826956790173
0.397875024014802
-0.724535652325525
-0.319610089717640
1.113698788673935
-1.023537985232876
-0.301218253082624
0.823973612713690
-0.647111248169400
1.086220469396527
-0.007226643485055
-0.875492793030925
-0.166514560233042
-1.558649848845084
0.605114219114339
-1.115247109392949
0.301334357699722
-1.340245254499403
0.202807005126383
0.145664498195257
-0.638095180510241
0.133140559768515
-0.400792121224490
-0.023636627364410
-1.882164424579218
1.107995785562729
0.538040124429381
-0.879089436061745
1.020067679457856
0.806476222117149
0.314017445079733
-0.737974321298021
0.122624173491613
0.900461953455697
1.508440751824561
0.033321064852488
1.105624566462507
-0.204391558732744
1.022237961190519
0.250688844335586
0.453176964935312
0.020259938978121
0.573216795779079
0.153479192958612
-1.316162402020703
-0.004257058965847
-1.299930614788648
-0.408634541908889
-0.961299754381586
-0.119007717842172
-0.817139558139428
-0.173035427179841
-0.779382234638582
0.065195815587925
0.669256197390168
-1.170096779385378
0.050011026516233
0.625134474266395
-0.192475798142871
-1.018260543465130
-1.437774108974813
-0.589666690255714
0.664567634935834
-0.374203807240320
-1.807011745556760
1.072254647047928
0.277537644389155
1.927517403741111
-0.497842339243987
-0.840376306695238
-0.347002657387078
-1.105413574481069
-0.676747514998788
0.423067369374868
-0.942471877758853
-1.594557127581913
-1.123174844164565
-2.493542128126113
0.130455968525518
-1.049500074367705
-0.001247819745917
-0.692115728696326
-0.029719601089539
-1.221942399557142
0.300095809582022
-1.933761155459785
-0.961110820826111
-0.980199711587190
-0.621333851110412
-1.042838216986828
-0.092058289420440
-1.187848916920172
0.352292066155513
0.269054876976287
3.117670009077276
1.053288567617622
1.024953706353894
-0.714646839557991
0.397782362333094
-2.409070348817120
-2.627440725431096
-1.582279806251455
-2.080862558167582
-2.480443047713694
1.977177654131349
-0.217362899545658
0.359591941692192
0.779485005465360
2.539053641376987
0.972356933090032
1.394723373784164
0.686982220516584
0.661337387708050
0.572377351175547
-1.412154989427784
-1.658788360897964
0.051249856455095
-1.417100613228205
0.027809832263092
-1.103887759240076
-0.361090766774429
1.180384281092899
3.077454168574288
1.788083296786165
3.820366119058740
2.887453464746649
1.977882635159447
2.320101409774135
1.436315353194405
-1.134556332669957
-0.330596112732701
-1.565295121241565
-0.547161338043917
-1.632796518177489
-0.917432856086148
0.926833470552305
0.230654588132266
0.587540595712043
2.407893244823425
1.155619976397011
1.661565064571330
1.941648800935589
1.334146372971273
-0.733665216422263
0.991957573276985
-0.782302637196362
-1.617268625498598
-0.871453630316698
-1.073306663166429
-1.216755736169181
0.473248440392113
0.186437467209937
0.280595018963862
0.854657808602071
0.849624656179467
-1.412536238768703
0.288821637172451
0.515270039747166
-1.512751270636344
0.205025150120074
-0.700551962687959
0.637842652983357
-1.167733877469092
1.179235232228635
0.328726911112563
0.160525504043695
0.234176569578426
-0.444615842962184
1.892778131956212
0.405301741490885
1.180113420206674
1.388875203156035
-1.266891188098713
0.819238479661479
0.673321355821536
-0.697987806213225
-0.300006005259244
-1.377781635885395
-0.758106632833309
-0.929908553332367
0.295486058204040
1.588983573956236
0.836795535489933
-0.009907379733765
2.019401171368130
0.969836117305968
0.708599799956332
1.159494523220677
-0.315573326789967
0.947755631236388
-0.396652661038357
-0.531223716196937
-0.900700474968534
-0.083011397425524
1.574453122084184
0.543215919584154
-0.227114647507776
1.138540604907933
-0.413491943902031
-0.308224843574709
0.545957498424687
-1.047771733989804
0.060824060714244
-0.651916742238884
-0.074746568224400
1.954868593646077
-0.088423958228554
1.006517312359340
0.731804549250384
0.539631418924919
0.863559472264058
0.828319845450517
0.195220126350693
1.450285762745668
0.046225258811843
0.073266399821982
1.344901747978823
1.335684720469449
1.313753952980322
2.484456701898401
1.181394577911237
2.169022438582133
0.944920726746108
0.824633714505537
-1.267684252203653
-1.670898647342570
-1.301901300823153
-2.069781737153478
-1.574507251071824
-1.093657636042625
-0.026341581003738
-1.168293993838729
2.566025714802689
0.408148475164633
1.471356572841606
3.126807842599299
2.377362420785205
0.170980851120957
0.170455852718946
-0.677362931725314
0.841075860706443
-2.136031760258410
-4.123756868286348
-0.948081913748391
-2.579877022949979
-2.188593995473897
-1.491533444768452
-2.457834803313520
0.070461683037778
1.467162560138215
1.108048102054635
0.743668085757998
0.514943087968308
0.774234197613998
-0.092624442615286
-0.118211285523122
-0.578916488903336
-1.173851769400605
-0.893499749844555
-1.819004501438524
-0.588172103092412
0.255036899011551
-0.858743184585153
-0.863566114521578
1.104410662920007
2.679332984151233
3.983702780253381
0.839481586297582
2.668538876910922
-0.232088604069474
-0.457402947506976
-1.255278949080535
0.034007604672869
-1.786732333151962
-1.268509407465771
-1.624157321062414
0.182085395930672
-0.624763156084428
0.524494332904713
-0.685293290868667
0.454975980863138
-0.075523823913474
1.613813753329784
-0.600834314774350
-1.058815277526494
1.083027113631573
0.723402800011616
-0.821629445831868
0.377885051231041
-0.498895257147437
1.552796391980037
0.943866591273830
-0.106389377363112
-1.218021748495776
-0.130747483820312
0.788772540364166
-1.125810930702636
1.637576600101248
3.312612916947045
0.474458029414012
-0.342334464375980
0.138650558079330
0.579130659524188
0.506922565937229
0.761316577696236
0.766806244541274
0.999305153088670
0.966877750466609
-0.254096009317002
-0.122548297517890
0.218941932409161
0.142233069743053
0.013150335917709
0.100067705796035
-0.059503692493663
-0.594327000575649
0.585692392256500
-0.374880526842128
-0.703208347505347
-0.814594539398349
-0.207066217470211
-0.448719542194973
-0.418434003153907
1.360912183199905
-0.696168894570619
0.766338558820175
-0.728147826602558
-0.300861864435355
0.130090854829645
-0.266425459789728
1.707312269352870
0.937899721205340
-0.024185390818119
-0.121721177259439
0.703028353924701
-0.854284849173751
-1.823837940472239
-1.216767356765479
-2.941007755409502
-2.621471561180118
-3.442308692950017
-1.848270657349017
-1.527430577123012
-0.588205644785497
0.402154915103752
1.481164870537046
2.167406892636775
1.299776395970489
2.647201423941823
0.103132927354481
-2.090564806641580
-0.797895224063951
-0.562990314047183
-1.242765264689814
-1.333166125995846
-2.318561511435126
-3.310189022693674
0.499045829265906
-1.555860565689768
0.482134888630490
0.980089171819640
3.613082885499894
1.491721254954063
1.557566393656277
0.425694065261264
0.432101017501994
-0.288637205323124
0.981135577334296
-1.865574944613314
-1.020858499170490
-1.060824413402365
-1.174582415720129
0.030132684533308
1.700763233751297
0.658839547608542
0.336491459429370
1.486285859926245
0.622606610044251
-0.611022147848040
0.388572711779973
-1.080690650103532
0.369420599869418
-1.148089280208767
-1.392816352441155
-0.358316196564756
-0.393695128199026
1.071007975760117
-0.782550894839619
0.766188932996362
-0.283297055249964
0.078769495623836
-0.197798682693998
-0.217046716855288
0.246197888549340
-0.373115814219594
0.227307390206697
-0.116876609951545
1.270511041249422
-0.114272564758384
-0.516696877610262
0.555465565113044
-0.094015511951017
-1.926968896739478
0.682833623023977
-0.633284164633386
1.212559804862168
-0.769253860248678
-0.360864222992216
-0.026556751295669
1.786352907108513
0.509031241322043
-0.573440256472760
-0.059616472605840
-0.178400194005944
-0.139208362227190
-0.247035946350202
-0.955094084435991
-1.469855897352871
-1.320638862874444
-0.810557588439747
0.432690096872194
-0.453181286669357
0.873312259097839
-1.100202105383146
1.051348574386123
0.726215200497781
-0.231151732359834
-0.583955886508117
0.633118810821058
0.706101832443296
-0.582594623094904
1.003623192505873
-0.490128702301106
0.186151081424163
0.966603333532910
-0.915564325554577
-1.882460280524839
1.396577382024753
-0.197559242310398
1.766357221621495
0.580838520374623
1.190797490315206
0.924932556441732
0.259162232735921
1.380484200842274
0.193324864029178
1.266158018448132
-0.272368005311597
-1.513443646841245
-1.552171861094698
0.101769925784846
-0.856547338711098
1.427130933645853
-0.492928242478483
-0.620851629879816
1.091067081492946
1.047886170377565
-0.558831476461621
0.633135321973768
1.114186470125241
0.635251710846665
1.210853856028374
-0.415659809736960
0.571632535920305
-0.110230232650749
0.637357290043990
1.122055844305171
-1.661334397939303
0.823244073896931
0.175386766010661
-0.724674006464817
0.111002215734037
0.349363191006124
1.314982228229731
0.656837952790450
1.058464191993746
1.252685509223400
0.899571648118763
-1.169904492519400
-0.164406193671097
0.420414861934679
0.687064524032910
-0.923009539701588
0.393705650823688
-1.278245329592516
0.036058278439592
1.585388656794160
-0.201583606062323
0.379309175879869
2.080796846159135
-0.327523113746266
0.009510180027248
1.481959805615094
1.142657316276741
0.083483830180986
0.317903333225849
-0.086777704932822
1.367033209382801
-0.340599958039729
2.641326213630727
-0.261180894496219
0.904304199021240
0.320659790772964
0.839656246867432
-0.843531285298133
0.498809569097243
-0.421574905897807
-0.524999850772113
-0.513688945293847
-0.799896540059157
0.398220485175327
0.294716354005789
0.369506397454683
-1.401620005282322
-0.290269693863773
0.280886760518382
-0.453021670134791
-0.505842768835205
-0.683917337978331
-0.451974401252257
-1.148217824567302
-0.688707287186222
-0.018358496971571
-1.007243908919426
-0.975611039592381
0.399591267620590
2.702136742401910
-0.217203574645521
0.781311388646249
0.241343288191204
-0.375390662877081
-0.399138702632062
-0.475168183667627
-0.019651522259654
0.301250845692130
-1.241457603916935
1.214939125526413
0.117399456438046
-0.393700454109786
-1.883964839226235
-2.509550314868235
-1.236429066974966
-0.371036554684769
-1.392141420860384
-0.158750901813591
-0.164891811009541
0.418864999036764
0.296993882068338
0.585983907731970
0.567998083593446
0.938576925171131
-2.415154521444729
0.469496055475653
-0.371265443572469
-2.311364136325178
0.730710357704271
0.507936903362573
0.692668352785397
-1.111824340351078
0.468441904299475
-0.707530122846212
-0.297122199311640
0.138473286458264
-0.547526453628485
0.680730006456243
0.324501340979790
0.037043616400867
1.315982123694197
0.143587208351412
0.548215333303853
0.404162631073931
0.746832217059760
0.517834277505509
1.772785349470162
-0.747476304707611
-0.551504274686585
0.960334455777715
0.663388872830453
-1.151146027288427
-0.261142705715439
-2.144299491814218
-0.823616699865591
-1.074944832150928
-0.949712500876454
0.223177767159960
0.174555539146525
0.269195575736567
1.154215882290717
0.681700949044268
-0.299022286435957
0.309075953491827
-0.808180586104429
-1.003425497173701
-0.674309583773439
-1.085395273739886
-0.613370508809345
-0.494949126627448
-0.678736075497061
-0.225259683987053
0.208483549772210
0.562463539934667
1.405441286591604
2.361402194268780
2.165370968297069
3.255636576383460
0.875093915307031
0.247743395784535
-1.415622437287426
0.779714350810561
-1.350890163073623
-2.545103466781034
-3.900205799892361
-1.411588373805900
-1.686484040703491
-0.185118947592903
-1.382964343162917
1.158062030421753
1.194073561761256
2.725843756457823
2.823072548393932
-0.296308172302813
0.046463015788950
-0.137202256072291
-0.363566301125754
-0.053533989181957
-0.383433921068476
-0.070200536339779
0.297957235888168
-1.623849609313538
-1.886434774502558
-1.225744570058685
-0.465575659066687
-0.503443790103389
-0.331434348458600
0.997094061897386
-0.926049053056629
0.103568122723301
-1.641068004565891
-1.029010146730271
-0.898534764765041
-1.873585108415237
-0.011153029837228
-0.905618615439431
0.228884073940974
-0.190863360336871
0.886469878530455
-1.187786378518003
1.275163795709516
1.298150215433807
0.293844421077890
-1.311259079829506
-0.794756613911063
-0.736550899401093
-0.557578739558667
0.579880917249353
1.608579153591868
-0.424021089355179
1.308019015133911
-0.368810796825758
1.439178026601282
0.159364146723147
1.120460371258536
-0.097982871269992
-0.033889708541594
0.387906321271596
-0.459750515617089
1.119613234148782
0.921328098444372
-0.122486254772557
-0.463121258025807
1.815951066311351
1.212237333855150
-0.259287036231305
2.126015193751529
0.461483956184775
0.254590360770508
-1.779691287410928
-0.608359931392762
0.836234594643088
-0.824619965833613
-1.441589780231216
-0.841530850611087
-0.767379262750036
0.995663404887863
0.186438436880718
-1.597790343440075
0.180627963229498
2.275174609359857
-1.286532830415450
-0.189029465634759
-0.731475922573028
-0.945986859753617
-2.935794425819220
-1.055018239128796
0.401212627553142
0.468465770965497
0.239793768950426
2.578509866369969
1.979834293228266
-0.206871497830649
1.785685039714293
0.061335083896593
1.139879127635985
1.215031053246942
-0.415580297139930
-1.014565617316934
-1.829548528596642
-1.222336647132089
-0.663331274537367
0.094027954581340
0.242420366569752
0.869165828452075
0.601436800670738
-0.906650220654492
-0.080911150669098
-0.147542177535044
-1.906707920922631
-1.652089899337481
-1.264029917780580
-0.163226210011719
0.441626967338883
-0.809552421263414
-0.148211802717319
-0.195425070518124
0.882436285194065
-0.095162015341460
-0.204108762930380
1.668507865143440
1.787864793946750
-0.170392372458645
-0.198219111438074
-2.116746224793049
1.532620243889638
0.381160655277515
0.638781450013760
0.309573993055502
0.328193414756347
1.516376834043752
0.941352564530424
1.456846722582146
0.138173492229327
0.377605117259188
-1.340674653764636
0.491287503993716
-0.805311720704054
-0.351463798516033
0.011907016770914
-0.994933240915458
-1.022435768231736
-2.195856203083204
0.297563715757740
-0.144075556147032
1.646693481585496
-0.416008960026820
2.350263024732820
2.955158394326152
1.273425255786472
2.158119408761066
0.618091866884967
0.721187327184428
-0.145705157011453
-0.688732188409256
-1.824759784502964
-1.843194907022417
-1.680642740389731
-2.425508481867803
-0.326370192514265
-0.005795917083476
0.781182659938949
0.263230831965739
2.682393597459251
1.883278224081553
0.928767509393993
1.097361852722600
1.134848589365959
1.353321241609587
-1.788944739889335
-1.903507077119379
-1.426630785844445
-3.426640385962272
-2.296623441873054
-2.771792985458004
-1.165627507244338
-0.824507168185488
-1.107687238449751
0.313370808850659
0.042671172230573
2.259913221589485
1.082196378987242
2.021177157307754
0.670580385916035
1.478510882756713
1.374211549487381
0.779356076298837
-0.289031374186715
-2.617692239781808
-3.285365869225535
-3.000060315304549
-1.618652943038425
-1.343776013914333
-0.487607179723692
-1.423050317462585
0.884230315634845
1.298615920008238
2.578078498297850
2.874204590343808
3.679604986382253
3.307071912141400
1.237001103628454
1.587749520416111
-1.027114499483685
-0.299142141134514
-1.343133886600807
-1.622654536091306
-3.478326262693419
-2.468860248881482
-2.849249261511399
-2.451783962303856
-1.590511894043409
0.078334679423366
2.904343995494012
2.886572854387407
1.562603714834232
2.782176563801118
3.423146919500019
1.722581208663007
1.162814831224531
-0.559929434356192
-1.339815200033832
-1.701747899767951
-2.798019560030060
-3.333040130162312
-2.635536290487210
-0.533166017796151
-1.574586245300116
0.035962774367040
2.105016438947161
1.843935633181156
3.037118769943230
2.721343223551559
1.849933057468774
1.064294022437017
1.102152399918842
-0.347478466335404
-0.012196368659967
-2.363576985133294
-4.010296641586061
-3.722666333038710
-1.871840326966614
-1.202339499691044
-0.484759695494997
-0.244806663048692
0.543863809590962
-0.704243839367117
2.247468797223779
2.156931444257939
0.803646489321190
2.613821615280582
1.309755956895686
0.227110801059755
0.168889052169252
-0.823545685038555
-1.607185851960269
-3.393964986571822
-2.736131856823950
-1.735107455341414
-0.160316540415163
-0.658220737184327
-0.880689598533441
0.691080779575807
0.172155161198492
3.878828347524321
1.729400855600756
0.174736493042868
0.873914048874120
0.899520465860434
1.044820256030773
0.240424298654467
-0.344478764757259
-1.093118133320057
-1.752625815842357
-2.880810122169041
-1.378328747099403
-1.528855196330758
-0.261313839685360
-0.650117127104542
0.204252867139346
0.888783602152880
1.637814361981700
0.539692489728482
0.661764398547374
-0.110593459061837
-0.912603961487995
0.770981527310868
-1.137282102088142
0.445283995744620
-0.503034038753428
0.589481072029582
-1.611964439949135
0.178571985517721
-0.807261817340028
-0.568000939887455
-0.884084427093240
0.467279603081844
0.928270449382035
0.740836127129312
0.123319730172621
-0.479396101286666
-0.301493939501471
-0.180399691709864
-1.014671688967565
0.108261064367649
-0.733053662296128
-0.830225094167083
-0.110276863088717
-0.712327848860144
-2.179291577819329
-0.275794616275575
-1.174861563626590
-1.317121981341638
-1.166489919167337
1.279468357636999
-0.408479866771731
0.295041598479965
1.791256525943694
1.570269421419965
1.463236020082407
3.347107399164823
1.742796688894746
0.734814350537407
-0.435543070729998
-2.151277761623671
-1.491065725923618
-1.097345213255977
-0.673924744175222
-1.762207258592987
-1.550441346869708
1.075677489478716
1.222994858021634
1.478153933704652
-0.196457066357181
1.397324351248146
1.346270362304817
0.897510549585662
0.939435756636511
-1.122046312013512
-1.484656511803551
-1.067737428990175
-0.603342832816392
-2.425905929156473
-1.592070740975207
0.367145280654881
1.104180089765121
1.412493642554257
1.194838354041249
2.947627574305544
2.497184680901026
1.169117658624453
0.926656571801849
-0.037678409313841
0.620319015324475
0.609609894655302
-2.520063510639052
-0.068525123768956
-0.035475942103409
-0.857816618002947
2.824782263680283
1.437601741345762
0.242324854932046
0.839714256409629
0.822044658016496
-0.780280484533440
1.609453582783643
0.372846739550065
-0.636027093288604
0.860058517467060
-0.006552107268154
0.920033772755366
-0.965315014909781
-0.708319820498242
-1.243270413639064
-2.220661591977296
-0.872852615079389
0.153601630597430
1.273637437611908
0.532087394272698
1.189734145789884
0.513926050281287
-0.414050320969875
-0.920876445012191
-1.803694852984446
0.371129990057030
-0.927297777741827
0.725072132678066
0.237456078536380
-0.237196312451947
0.694686026111013
0.567870621213526
0.326732868206734
0.628245158497944
0.767428338731718
-1.150432149694546
0.479775093445269
-0.405440838794103
-0.196720271158356
-0.443347724103418
0.696942947628973
-0.360588963355067
1.127483823520525
0.540797585619140
-1.276182339959034
-1.483661729782565
-0.366834281687388
1.255607925511594
1.411571449931806
0.089970594818237
-1.067114704488065
-2.488346234109659
-2.723408210015851
-0.189064891091662
-1.399611841776002
0.622478930331083
0.269873475822651
-0.046323692094657
-1.187857879864427
0.713890454831702
-0.983867526995239
-1.675574127468825
1.106029241479566
-0.853749416143910
-0.790356072406025
-0.393487643775640
0.513664621892779
1.096979942570308
0.317441053128853
-0.026990700058781
1.425793917703010
0.460110549684855
-0.372441624305504
0.226739989600485
-0.465468250844305
-0.424293977667034
-0.783089627092114
-0.916286789776364
-1.670248793406814
0.806356255283838
-1.730584109226291
0.103485741796831
1.007919522071465
0.234183999502945
0.403205205000792
1.032003182203029
0.596042653224016
3.590723948631345
-0.468577595035756
0.832541921148234
-0.117916881281452
-2.726819303648162
-0.667401992597932
-2.315020386713607
-2.660053835369528
-0.564606682219097
-1.456460966384989
-0.610945078063804
-0.538343663594819
-0.528186189387259
0.837274937334158
3.557936481549182
3.876879471979290
2.036783515326527
3.086723018365410
-0.367623557645986
0.916578159304502
-1.518100803864128
-1.143577711272294
-2.069438386411238
-2.003589086102172
-2.370157015824002
-2.564340644989799
-0.520619385088773
-1.941452957958228
-0.610875118226543
0.753840534882905
1.155161992640678
3.256010391068423
2.350608440470753
2.841360829670843
2.507716402086976
-0.733947151604688
0.271449341235222
-0.637908548808993
-1.863241543318691
-1.025188221904028
-2.365104418233333
-1.402688509549668
-0.549240104074615
1.302605165103739
0.024341601473037
0.943101928152736
2.358674576858872
1.445652400639608
2.978201559406584
3.373727690842752
-0.371361106173479
0.960362613877922
0.690635756263072
-0.872710067038926
0.240239612129919
-1.716430607995879
-1.275906371572133
-1.276892945907339
-1.508171945337970
-1.200197982195044
-1.793561608967928
0.135674841411185
1.059081843011673
0.167488445955756
1.588663260749024
1.381466538906827
0.658266888920691
-0.095035835255214
-0.982503846985018
0.363099420181518
-0.557921931330289
-2.269814824060629
-2.418034899852038
-2.445163876394327
-2.056100900383054
-3.615789062722630
-1.958638274640049
-0.427948448312753
0.657207704541135
0.690665134291477
2.197906287968273
-0.185926967367257
2.511396052596923
1.711919800260717
0.277988224423729
0.648423174038607
-0.355671081683551
-3.113139986155796
-1.256848938366156
-2.551753238214136
-3.574469883654559
-2.316209743505774
0.219766216258708
0.703205232211701
-0.089068591928775
1.159140997399196
-0.212720458807671
-0.030121232635370
0.387420943958277
0.698812205266411
-0.434622284246421
0.334932460455094
-2.454301193754921
-0.201862631875173
-1.107444148385642
-0.238917070518356
1.223257601954215
0.625466824696463
0.213073254760462
2.185388587866414
2.240192645390576
0.236647095226212
-0.247490007608163
0.136536869449010
0.314123335956589
-1.257180920212277
-0.295518701495868
-0.009654525456692
-0.656001646762342
0.158397252900749
-1.187739938759032
-0.284433510848915
-1.531294492758305
0.160356967632221
0.375565950770161
0.565097577579461
-0.510732330475347
0.621747052224802
-0.051385473543322
-0.596347166805928
-0.225159952255848
-1.675163436347153
-0.370730572812036
-1.663477212232487
-0.703589054052282
-1.572456043149615
0.399919615515478
0.578622308258473
1.570904259642460
1.424097704563512
0.802104612703848
2.429736341414819
-0.341996793718124
0.099666424561750
-1.170029137351678
-1.560797017248743
-0.744080893821314
-1.610141388437254
-0.671177207298168
1.085411941421638
1.801064828217498
0.005973604801101
3.276066593294573
0.430397480911059
2.119201044394401
1.697788230307492
0.096052825482204
-1.406301608336531
-0.299564620493107
-3.375269610416542
-1.294711419394153
-2.124824916652543
-0.853716080298703
-1.258389912481638
-0.820429770044499
-0.498879506713326
0.979285777807588
0.670311592833019
0.970128143346172
1.015661932620138
1.047439669879989
1.236077182781414
-0.471956962026359
-2.072740337662588
-0.380534314142951
-2.977849742325100
-0.979393045734307
-1.077067568706586
0.405102630919488
-0.519072391493431
-0.082391619378602
1.376877513194632
1.030959994228038
0.357228304321642
2.031419630212812
0.425123998376403
1.684261762905772
-0.300103982856398
0.903963588362757
-0.999189041389252
-1.163953087646117
-2.195241581643623
-1.613899012312033
-0.143436949704814
0.087334567763916
0.775142215124688
0.963469225923884
-0.443992586113141
0.184888633232541
1.884955865060773
0.102494738644045
0.083321213851007
-0.015695530417054
0.441858569306746
-1.142251456622373
-0.149187258405433
-0.553333615479720
-0.875336657833245
2.224191403710813
-0.129913344694516
2.945010852543184
1.064073718543827
2.778868990004591
1.105902840894162
0.351851805759138
0.501689507006540
1.297326889170574
-1.573790969618996
-1.057550774726338
0.312412154818482
-1.177323366951403
-1.863382137684001
-0.088938895482536
0.103895601073292
1.790747747928462
2.832357594765280
0.813015000121758
-1.353824531787139
-0.670847967728002
0.626823332885439
-1.306068079889269
-0.070212478049268
-2.777569404043208
-1.781599275451803
-2.422954570848588
0.943943568256673
-0.623122404592951
0.591616890905904
1.283307029758577
0.704105916809356
-1.063779020582232
1.399412577718783
-0.209669575715405
-0.260321492737882
0.439456115112544
-0.392349510777461
-0.528692605953405
0.297317532633495
0.068653194626785
1.386583794951366
0.037258854496467
-0.682067988713306
-0.736259776029121
-1.147312517213101
1.334351058240923
-0.326863085019649
-1.277385422662725
1.578331560033761
0.236671255605181
-0.488675581833490
-0.538574500502783
0.073664424563392
0.108240929140165
-0.806862010679481
0.197272787134621
-0.078937915047323
0.810676477474315
0.036621583691868
0.312810360936807
1.229051714468829
2.089715458116503
1.561646446977546
1.329630203851879
-0.592006420001814
-0.051818172524935
-1.799823816669598
0.574511033325016
-0.151682338003580
1.015464460871039
0.797123395186448
1.711573272844439
0.014255441240184
0.973910064039202
-0.273331650336560
-0.105135531999393
-0.597955217161002
-1.827535784075852
-0.742560555115034
-0.610482000023143
-0.403681134508241
-1.790518543841825
0.161819932428575
1.930402606852651
1.075972265042066
0.550398649460150
1.861262764691316
2.480744911081548
2.634298421986207
0.575707274321272
0.354273465532060
1.232012479608972
-0.977961041193230
-0.405682595924846
-1.765710846309509
-1.930666482017520
-0.032869823221709
-2.003500139324856
-0.762172999823034
0.066408476184062
-0.584464246363900
2.199979683286108
2.297991163145757
0.771338929946474
1.019121102742143
0.211266184097814
-0.592941122255190
-1.781458393189162
-0.933852965180224
-1.728602557836214
-2.261603854934737
-0.612417863859727
-1.841331272834940
0.355677360121212
1.432480711248096
0.721086844978330
-0.000045812555224
1.492699561677621
1.789143177462539
1.943127437937135
-0.740622055108215
-1.727947834568367
-1.004769530713092
-2.668296815310044
-0.686180069083633
-1.814070490911090
-1.078120647986406
-1.523392986264869
0.960273832711607
0.346135275253610
0.449385722469577
0.452306587641606
-0.226662575995643
0.872494873701321
2.830569326882294
0.697741823527285
-2.356379183247458
-0.324462681510253
-1.023154123437241
-0.583158072653677
-0.467677350669559
1.412085257237792
1.111700488649332
1.115967320999120
0.809210315634876
2.149749907347472
0.877355438131711
0.801939043166644
0.185221924546542
-0.979918723081247
-2.354658675305199
-0.252120363687270
-2.596175352413505
-1.257386049591041
-0.167834070590266
-1.596542764524156
0.172260826392937
-0.360049355928895
0.006477377202378
0.129731340402277
0.181167514873546
0.055371751459178
1.242177698630091
-1.702044084106110
-1.221467746121430
-1.718460197073870
-1.868123217236710
-0.645224129057115
-0.704688996667748
0.983871936187914
1.627196340652718
2.571406597329245
0.929798057369064
0.808604234804395
1.840527100386790
0.315494990807190
-0.568449555091717
-1.687726445654422
-1.590997275780462
-0.528087776084231
-0.892697684607765
0.215441642451958
0.538544217384789
0.491417199428063
1.750313835727617
1.089139537767747
1.847110054807092
0.742330025699913
0.949930192216336
-0.359578204054611
-0.652502732177398
0.321779934534967
0.567078467388400
-2.213835568937479
-1.140084548564873
0.583124300156319
-1.962797234028055
0.171250433658607
-0.573475176947407
1.243966878880011
-0.654184349235613
0.078891438370885
1.364474639182550
1.199728764422791
-0.375110851475904
-0.564474817309774
0.085044343329937
0.165553775896988
-0.304311439080703
0.242222323096212
-1.530971411725376
0.464525003067936
0.292171047809354
0.097941625006730
1.769079285491145
0.934606146951286
-0.631926859023927
2.964410306037567
-0.502871318262977
-0.726454310714023
1.175453595597213
-0.418654961769455
-0.029502794902714
-1.379790579649109
-2.424200420838421
-0.490963614360458
-0.374514217483797
-0.255871361961816
0.124196188109017
0.070769159150647
1.021527644660673
0.887347249989459
0.460275611720089
0.831111835900638
-0.670501773024072
0.795003095818309
1.560949518975830
-0.405243055412191
0.908993604056142
-1.172122747438763
0.115679099262644
-0.648886205023973
0.322617505429766
1.127288727414238
0.837433273886393
1.485461706524676
1.600078277267924
0.807967626255583
0.364461739182488
-1.703277340396813
-1.017426308289397
-0.522117965515915
-1.551827151832255
-0.623767710667860
-1.877325934805977
-0.571143322503090
-0.187745208842977
-2.145359554568641
-3.914584081900798
0.508901233905494
-1.690920866569618
0.439467944662848
1.707889320132341
0.435536160021083
0.686713951897010
0.519718412217604
0.724919550324543
3.076499169657306
1.453772327996631
-1.148766349666857
-0.344287377149271
0.758682320759606
-1.064269000500204
0.109168284946642
-1.603246841686314
-0.933504930599153
-0.440035187655045
0.071731638245793
0.953556817154796
0.820737500548151
2.216014642976439
1.480967609905382
2.099954178398914
0.470663573127343
0.834295011739415
1.938606597681100
-1.226108330284450
-0.726172935267076
-2.015807906479234
-2.693383576567025
-0.852406918544923
-1.309598370554005
-1.102286261320325
0.604404763316037
0.694449074662741
-0.351456093910608
1.079675916771365
2.065451847169738
3.549059724917691
2.114796870783337
1.286810051180503
-0.000852417580478
0.747063891219109
0.569555959297477
0.024264311311554
-3.780371763468935
-0.957358595739964
-0.999973569281809
-1.371882695891257
-0.057540861599582
0.392945194571830
0.027539140245146
1.848122041233468
2.457706365144581
1.830460845609606
0.457979043103399
1.677184587366432
-0.030230318492851
-0.722047139310805
-1.870643952392898
0.281007638307049
-2.307613725748640
-1.868757368619291
-2.928207894352038
0.257669728470846
-1.172208233831462
-3.284957362844279
-0.551507672621966
0.987193319070800
1.099595137938651
0.160461450038772
2.478436537872721
-0.022378909029654
-0.631356151900636
-0.727564543184115
-1.060038627500422
-1.859866252462574
-1.269920333272089
-0.896641564895948
-0.695622185817929
-0.141739819803926
0.014795834659112
0.881095043637929
-0.142234053413212
0.264596694086425
1.632534588708362
0.969302347387265
0.460452375033047
2.133194124972240
-0.610418092395831
-1.555785582681939
0.211302628408972
-0.733757092563028
0.092756359566544
0.993683025881334
0.179212864963355
-0.396818438435616
-0.723813817941064
0.533859835535897
0.451823945408082
-0.145199027548166
0.388019828196160
0.021744309957200
1.250357969685339
-0.263461261604708
0.033921121833196
-0.424191376005163
1.360438000588588
0.949805923308248
-0.164423545058653
1.394222465451056
0.847325033591923
2.106187756916098
-0.964137851831728
0.066834083623150
0.746571283058733
-1.268702324421742
0.667837203920530
-0.269062854813343
0.203495445296136
0.380922047325093
-0.482805377504475
-0.692034883865558
-0.875978555452593
1.374588096312711
-0.276904251773078
0.166148552456816
1.820071611572069
1.271537716476209
1.951971655854149
1.544053546647960
0.845617055737034
-0.205359597238090
-0.489251492023361
-2.252778504874827
-0.642587111114854
0.548765213275023
-0.073057127059542
-0.644244982428835
1.543867808348367
-0.714656644199604
0.230555230206051
0.621585961462143
-0.467814914623090
0.216798604212802
0.527939830169811
0.304394868034103
-1.233177560271894
1.005564848642158
0.026659739135661
0.587908225991653
0.195288044848689
-3.061952520684462
-1.419944548577359
-2.709735414329586
-1.550830970991073
-1.370175183727433
-0.344096766741958
0.662194194310206
-0.474795037669748
1.213728342327410
1.089686573577129
1.332465322433196
0.130861787360876
0.607672115796187
-1.293276449301028
-0.915372979994671
-0.570892145635231
-2.112657203174706
-0.783621866145960
-2.223973919283314
-2.008545519945329
-1.160750937704419
1.154439620610261
0.453200099711754
2.063619960046502
1.644101737754205
2.136803669520752
3.688052164316591
0.782844744425450
2.016723548656994
0.218189232999294
-0.499177639304723
-0.249758498647140
-0.450835517290912
-1.530992647728220
0.360733516089211
-1.122059928526456
-0.565992468492532
0.053616513787947
0.001617857934453
0.043276655679944
-0.106724228900399
-0.462758387118296
0.926077361596467
0.792383252201863
0.898401866566189
-0.582455954875958
-0.796645164856257
-0.156590207523820
-0.366304816687334
-1.880934548509109
-0.119787330769341
-1.497655966115320
0.234239571621026
0.432979065197904
0.751002486085651
-0.967650269802542
-0.553878335788553
0.028843177175531
2.229837758485483
0.726549638187134
-0.275177727255326
0.196603356117423
0.698330886203116
-0.323051592325539
0.755230771620345
0.962906183497849
-0.603199167365232
-0.649574037303828
0.518824550910525
-2.275930432004240
-1.176988897144694
-1.496228101174777
0.141246826834187
-1.036584564437757
-0.176860088416342
0.002752185416097
1.341690707826461
0.882015623763594
1.757365015788082
1.931719658446299
0.848832886165010
-0.674158975383714
-0.977009248531541
-0.376686474467555
-1.267769975688997
-0.845490253696522
-1.721861646355407
-2.754979420597201
0.712774683072773
-0.866374993264204
0.220889777910802
-0.508744539173690
1.777624675612426
2.091941602512299
0.305809997147042
1.877615755792549
-0.806899688653887
-0.382581903151793
-0.452403487863821
-0.113728643607299
-0.287829078034852
-0.077428692464385
-0.230209424552369
-0.182445162743316
-0.240851137386328
-0.606940358347238
-0.197111009121207
-0.546046993338347
1.546308556629624
0.932509595262812
-0.789734037432358
-1.594768143266590
-0.015839095780094
0.959397947976226
0.622977349633939
-0.257999555288254
0.092098651640677
-3.049334232982283
0.912927155592601
-0.026207581988864
-0.172001174251619
0.797285343805738
0.143537551624027
-0.147389460248491
1.282519577078721
0.540583864515011
0.301430076327634
-0.098534675504624
0.274293758630875
-1.194071613860648
1.418336555301853
0.410695502807109
-0.384364542936095
-0.440251987697185
-1.356938314830729
0.049446347611717
-0.596540125198772
0.046583002513929
0.933380419668791
-1.959453712706159
0.064247271789678
-0.670245679514492
0.101007546175930
0.903958895195984
-1.701433696830459
-0.861070649651543
-0.953730936351695
0.274121524781718
-0.512572031560087
0.247272357421717
-1.016898574088486
-0.895933904923834
-0.542206851900180
-1.847829391939853
-1.093991442078355
-0.572810166666195
-0.861861295179722
-0.117516529736164
-1.766890076739595
-0.607402390835107
1.535256099057751
1.342510147387664
1.353328405124610
0.428805711691848
0.983170332974151
1.459948409760372
1.152326972430335
0.582448399115444
-0.320533669207302
-1.110720673326012
-0.827616710873616
-0.741158309951920
