5.344662062420669
4.371608550319392
4.230647643245362
4.828997046684297
2.872623925247839
0.997032319717646
0.544500021241345
-1.076980493493873
-2.746769947169668
-3.866613311505815
-6.616618014520657
-4.420668309506338
-4.085302777074431
-2.576010061071480
-2.627909590900531
1.209954625938928
3.359951238097402
2.002380682346722
2.373356291592050
2.931708743243869
1.357498968976608
2.189434775264804
2.570804159086369
-1.482546580679403
-0.824067262934858
0.660047164988177
-2.890746914106529
-1.642676499668489
-2.404141841755595
-1.216985829411414
-1.326540503921370
-0.738295351198229
-0.315412716614792
-0.552181907397830
-0.478713720895413
1.636387667221184
1.468900861770336
2.986780779334956
1.481255206147496
1.667999531272592
-0.516556163106148
-0.584532092491754
-1.683307987032305
-1.190109504459613
-2.395877250295233
-2.455571548273077
-1.475840193066574
-1.418716385123678
-2.023166474900673
0.074040327068250
0.587890994013534
0.524308307711128
-0.546412890395181
1.280949081782466
3.374294434559948
1.409557749931372
0.685042316513820
1.761756498683600
1.642059264551922
0.062247800888360
-0.509585323264608
-0.970443831224462
-1.501531187495001
-0.813397334153488
-3.134882007208336
0.745568861805213
-0.148458605003595
-0.944913351677275
0.825598331022256
0.596256983149093
1.114030071200252
1.447785626379714
2.779920982775431
0.223235744535900
0.491994798540857
0.234481316875022
0.927987388706760
-2.046159887021761
0.332315023591127
-0.057344400733599
-0.317515455200226
0.529881000814761
1.046154739011919
0.689974117120941
0.057456248046544
0.613523321678129
0.432326452492026
0.931663414978096
-0.453984557816799
-0.260827912399462
-0.622606612380062
0.054685124799180
0.081705007910686
0.307988654939188
0.506176685976980
0.426804762491030
0.108925807424449
0.319438651826083
0.984061319490684
0.316935229646660
0.510009902506362
-0.009707829153796
0.157380875708092
-0.386059634321212
-0.308763166302514
0.533177442140889
-0.803687572508019
-0.414162690757672
-1.665325519542007
-0.774909038318809
-1.431569312006129
-1.226138971397012
-0.080568986133768
-2.083106771776281
-0.684188198529327
-0.216725891611716
0.759614121769069
0.149743562531652
1.886749952048599
0.680366460922281
0.142199905495384
-0.623569527819533
0.384963303348117
-0.567950094417893
-1.463599298359010
0.400884878985648
-0.583801704388536
1.094567775701986
0.149549245212178
-1.662775812578257
0.051823113894980
-2.115252982796262
0.493070439154169
-2.157572714055674
-1.425795573352988
-2.238717754272974
-1.532997885962543
-0.816795696427385
-0.097814104054937
-0.137438813941161
-1.725855094533441
0.326095367981083
-1.181966711923305
-0.078455980751922
-2.099190194415268
-1.362823518299129
-1.747251768323420
-1.183509195125046
-2.372167426051493
-3.121340227592742
-0.829541921792582
0.461888251199986
-1.724901977384632
1.014802304963600
1.006199788755483
2.032896045896299
2.311866677891619
-0.024995126425994
2.959934724945611
1.077803722288765
1.748780343151623
-0.862574027533097
0.070623836839454
-1.576137530180997
-1.505666487393018
-0.616384619605141
-1.573887457991343
-0.580820647468820
-0.803483047064776
-1.341990451398063
0.245576850078377
1.213958103098867
0.315413665278624
-0.263725295575269
2.465250723225341
2.591048592694920
0.318277801630752
0.223246094160747
-0.385878032084582
-1.349499238928500
-0.318695178111709
-3.540119383482905
-2.888231500070580
-2.565476140205710
-0.651783576715600
-1.438593755962374
-2.019099791277275
0.730464585598606
0.866595631277757
1.282024454470348
1.020500113905166
1.029263858543526
1.324914683274425
-1.381808316106160
-0.374190745713743
-1.306843522235963
-0.201209340497583
-0.333003399312981
-0.616529132644282
0.451431302410958
-0.427147130274776
-2.033506027097268
1.227768803516958
-0.423736090831661
-0.131860379748178
0.456375874735951
-0.793258249646999
-0.051935861449484
-0.004930083309524
0.854632735176775
-0.510361963824564
-1.336272937635642
-0.442708254118212
0.171458511218739
-0.561340310688856
-0.882857880706935
1.417526054073244
1.119424660706906
0.911796259867239
1.758288264236970
0.662912202320543
1.990136322135565
-0.172169123538210
0.357082936740690
-1.310241970101840
-4.447885970340137
-1.244634187030496
-2.088400909028783
-0.662641496361169
-0.330081128974365
-0.421329552022319
1.035448956672711
0.833545879424722
0.731451032854061
2.211403463354803
0.308557085309828
0.327709974620503
0.240711815489363
-1.434075496329996
0.036606928815662
-1.334979481037159
-0.652084849920711
-0.293525585606677
-0.105532486191787
-1.064670806504915
-1.475894879388175
2.456363586138533
1.733474879261286
-0.619464427406141
0.139124311500427
1.169221793491530
0.680670331924532
-0.179427370990553
1.167052125835698
0.268871892974822
1.077581182576391
-0.158115968154028
-0.028121553950584
0.461668336154769
0.221195227926002
-0.483254083269563
0.538111384082456
-0.786313169358891
0.905503656973082
2.652799815135149
0.385212531290404
-0.152348855701964
0.025409542760842
0.106580122216184
-0.200626605966549
0.183781708956438
0.606636638686324
-1.610951075941663
0.951303265637189
-1.326907234761716
-0.698799719865977
-2.097160239590790
-0.468929287885930
0.738073635242117
0.473182882827327
-0.423047555013182
-0.612206097435084
0.149001873796694
1.264761057442053
-1.879307061601712
0.112962876715451
-1.557509918187800
-0.824086145851740
-2.151002402813171
-1.368157681388453
0.864131369702413
-0.931530972797517
1.548798008411194
2.070273669743790
2.122740965821845
3.344731953051238
3.208575246334139
2.565940708958599
3.349346146342157
0.765900554096161
0.110883276637313
-1.865851320271077
-3.552350740850489
-5.559880843770216
-5.664057850967355
-5.869231178164918
-4.487618329127151
-2.933088963690013
-2.878092298614558
1.180556980674924
4.274476880582361
5.972687597524450
4.582979767862659
4.827835791875533
5.630623988561743
3.387415503831063
-0.340391349824746
-1.441012065633240
-2.841301099311089
-6.540087033039010
-7.134445883268515
-6.006614806217564
-5.213841326586109
-5.070648693705787
0.562774471674931
1.868656159067780
2.450862164543619
3.852572644906094
6.071712405869383
8.313204353646952
6.318316283199841
4.422701567804276
1.483663405279674
-0.131055769398825
-3.154818515129279
-5.599791571929264
-6.923066922335329
-8.147655780686609
-7.198284852320092
-6.193954434883506
-3.150911793934395
-3.153641398699001
-1.137709839909270
2.786310808302180
4.183744964770071
5.529283697763298
5.466121322355958
3.942556804244680
5.475583962326186
3.444933028940866
2.036092415783164
-0.527672415624761
-2.885652268885064
-2.791037951240164
-5.516478319317324
-4.380348262019143
-3.994814118114089
-2.633050669495895
-0.991033301413959
0.051226886894495
2.811603351844684
4.221392676323256
3.752817302318795
3.965730606195968
3.182632548907861
3.920254563559528
1.786802031358338
2.229050204090321
2.827096830518693
1.315368952291458
-0.940807743866833
-1.066088381680124
-3.736117905376597
-2.820552864687228
-3.105334753828489
-1.024798996574533
-2.149725043362801
-2.425097456563158
0.382172195921577
2.478576197038564
1.644930661177469
1.708442015222707
2.047225789996737
1.591607671052873
2.735299922638474
2.579088750233292
0.885897854522748
-0.128360763999215
-0.808463588962513
-3.019812028971405
-2.022201681122942
-1.778506836125959
-3.316174274670042
-1.287775658058149
-1.774221356362550
-0.629256000082025
1.497807143347090
1.477514162613932
2.919310204526781
2.497726063261396
3.354240916207123
2.839407131261532
2.727825228213625
3.235817509061691
0.191175843837775
-0.928972032201397
-1.787621213918709
-3.006376466021718
-3.120006379463788
-3.677270140947293
-1.404023358735545
-2.304696746838235
1.023540764058195
0.567964734145933
-0.151687816290116
-0.928975859141015
3.712225384795536
3.295627969819141
0.988312641703722
0.539244271821920
0.306797522413476
-1.121814913016513
-0.797811833320179
-0.047382608479763
-0.952411787352236
-0.633138936365853
-0.406305337919305
-1.483659228938848
1.596432485691196
0.166718553866845
-0.646864133785949
0.276043893305835
-0.086265402537197
0.074066775962388
-0.025730262139241
-1.721638346496248
-1.430861473211078
-1.297187931828769
-0.972364665321353
-1.707874935553392
-0.913180734116488
-2.312603138001616
2.518518650956162
0.605563984620260
0.362834989641466
-2.176716736398616
-0.105816023584850
-0.431827775832864
0.772798389173467
-1.001066455281308
-1.021725993974744
-1.365090426138546
-1.047340502786166
-0.401966976069744
1.702172955682017
0.787081227468667
0.466726939378245
0.823477490146909
2.602529524317937
0.219478955165915
1.312874077610603
1.783883056654488
1.039127849473995
2.517377734043258
1.136202834146294
-0.260345804906463
0.442596012180199
-0.420078277671173
-1.692659479299286
-2.171424690015158
-2.184942882324848
-1.083768053948682
-3.093960712254638
0.410790592743827
-1.017081299701560
0.299601935725112
-0.218714384602069
-0.507007743237650
-0.249517177065083
-0.235390651917203
-0.297416185633363
-1.215220648695972
-0.805873064801944
-0.073333182524891
0.072302912631724
-2.586461998305729
0.697896869092102
-1.116916742926011
1.564343724419892
0.613893176361563
0.166008828411596
0.477666034414431
-0.823011876733137
0.771785201134587
-1.038079508058745
-0.916461617384017
-1.555472323690951
-0.486065604403885
-0.310436274912248
-1.613926004009044
-1.829843739577502
1.686232491636270
0.386730170040029
0.430219903397804
-0.274040458540006
0.712757528719800
0.452206120710406
-0.193648321635341
-1.211188880861162
-0.901033961707849
0.263817623727435
-1.648368346717452
1.318469729902044
-0.121110044754956
0.457199472585078
2.016578999026551
2.713894975209468
0.713725500069036
2.903761691912630
2.226045533383759
1.657046986555111
2.750463878751677
0.338965478230203
1.869946610096505
1.119806087973894
0.194057536328194
-0.698695725627762
0.738104697799772
-1.033268026698899
-0.446813356461156
-0.241665757583895
1.785501979481714
0.093285380989823
1.987311562792460
1.953055143086185
1.994580955285143
0.774639423314032
0.234633168876989
1.622042390513232
-0.509273098456925
-0.942774655172657
-1.493053566410125
-0.246317648232878
-2.162563694827103
-0.355474039878277
-1.413470618477540
-1.199212177944967
-0.733758958629243
-0.132681025260614
-0.033511616220815
2.851695489044325
1.848369746262985
2.484749501591659
1.996458080943022
0.943668047704753
2.046014629207861
0.689604499549585
-0.638260313107497
-1.092584183108809
0.375752914648403
-0.874694155040151
0.563840500317358
-0.910741828055833
1.350147495379947
-0.439706098709890
-1.461663674200961
0.458136003884081
0.701462922535674
-0.339115959285871
-0.583597236519655
-1.632365786887664
-0.411968962502698
-1.147907519351910
-0.545998240201023
-3.391314015964301
-1.538747587668469
-0.638654818269590
-1.201956931688993
0.071257194226090
-0.064666777170413
-3.128814517472904
-2.178905115945404
0.358579067667469
-0.193857781494297
-0.506397542972231
0.070149444150198
1.152012422832113
-0.331440824859125
-0.947236216974489
0.451824968120175
-0.786984723582739
1.135220155662968
0.422744531412609
-1.647748406000696
-1.162186993778315
-0.334356907177297
0.460897373000981
-1.036829330486023
-2.566096736719651
1.314112138021080
-2.074751255903090
0.331733740481381
-0.497945430286178
0.980910304599742
-0.936553074646170
0.742482758271249
0.907317851927703
2.093657904930747
0.538660137278445
1.816449571204572
1.162600240166757
-0.379574971705298
-1.012993518963231
-1.092632712848483
0.797153601992336
0.270138341536313
-0.647096382589117
0.202071645930038
-0.019910392060719
-0.616173357044657
1.863340864379122
0.515482956019063
1.614881016994660
0.322280595746058
1.343343963799254
1.115552900704976
2.248501542463072
0.135739821037850
0.046874625471600
0.141619439578870
0.954999617259322
1.224587025080385
-0.702230574945856
1.137683445490779
-0.475268043816206
-0.148860833795578
2.385224006581042
0.587589444189797
0.391081847566665
0.695573720691414
0.201074832858798
0.932016793838710
0.922722200545939
-0.568494971861219
-0.729489609598057
-0.789929081486549
0.335358445684182
1.437994550943266
2.023565660268907
0.530836568443322
0.947241396267379
1.223467443081984
0.970390531302688
-0.410390339665921
0.350046245894594
1.546690828683401
1.195037716534354
0.154718434103077
-0.471604653061299
1.203331394057046
0.432754132743701
-0.194849955488221
-0.817524497848364
-1.965741181969506
-0.023087437601995
-1.458113837885890
-0.808312839119087
-0.247945846913269
-0.507854530242974
-1.601419176287660
-0.546241503723895
0.293148000734833
-0.047015588219268
-1.281670569327624
-1.191942169396350
-0.267954114807183
1.224024054384897
-2.167248558857159
-0.724364601849778
-0.221321363556128
-0.716377787325808
-0.199388850098296
-1.471783818484176
-0.263506285384945
-0.771838188409700
-3.810543866386188
0.856524031936247
-0.888354419633382
0.756602887147860
0.020748304202394
1.263463492666413
0.006758752755111
2.827907291162759
-0.571078950092956
-0.697848614899341
1.584343827560740
0.947979768168965
-0.141756667589852
-0.495431133024857
-0.506620487326279
-1.534386306291490
-0.647293085175027
-1.495801871886308
-1.819171672510529
-0.417454598130940
1.676121561311356
-0.365627279529170
0.117118503191165
0.607781937800779
1.458941230828500
2.624025777381005
1.241464023280404
0.883457087949674
-1.172307740083372
-1.724719530311671
-2.164813320203670
-0.404775846098020
-1.121120718759572
-3.447697264194499
-0.476331792648669
-0.062602436397027
0.142105068799750
2.591978932932759
1.406309388051863
3.957352711949112
1.259378879872559
1.172273668454859
-0.195850283705711
2.886851572642265
1.498527632790330
-2.443149790341741
-0.159595436629458
-1.570353099947934
-2.486183215917018
-0.126041325348510
-1.536485296935174
-0.274102846259855
-1.448966033314869
0.794036735584072
0.726527392480118
-0.044198116497541
1.693749213924177
1.439528810776987
0.467734039433289
0.659590448524980
-0.598406076688018
-0.229718904856301
-1.092828386261033
-2.354769037058784
-1.858287003935672
-0.766823804045149
-1.430314324933024
1.204486902172601
1.070153123857132
0.464155377375601
1.691527645450253
0.257671754008528
0.554416418725872
2.041515945260187
2.539157559791409
1.510376244647733
2.152395608634406
1.892403357082108
-0.555351247368548
0.623692151215733
-1.740555444632064
-1.214067799008114
-2.239476788630380
-1.702470405033940
-1.232174453852528
-0.465130352886282
-0.750356890966906
-0.139940654230150
0.437957073492792
2.398336040028909
1.092608476124764
1.894549997255173
1.167471132951354
1.033159361798413
0.004796652022696
-0.034054101285367
-0.366290398606534
-0.795968124061543
-0.284553332430853
1.345371466128503
-0.857014709702331
-1.328027642988192
-0.682226691573160
-0.094635359357840
0.513810214397293
-0.434543036839177
1.908400526797224
-0.548733338479959
0.435641089184191
-0.340639622737499
1.010843805632572
2.229578985556437
-0.584161819133970
2.123761602803044
-0.363926315365741
0.051794749398861
-0.990888319878726
-0.918132805421993
-3.247739921798028
-2.632183056072281
-1.541193439901898
-2.734810123973092
0.956499622983137
0.122644038898105
-1.520751842969963
0.136843508923393
-0.221233733906781
-0.129726437118614
2.528764857774620
-0.531617574687050
1.904969342276066
0.787459896742637
-0.081967801728055
1.307603482061430
0.043331164346203
-0.026103733210076
-2.476580279733526
-1.622371956087814
-0.767004240879929
-0.430553241671193
0.230940944805748
0.220565123134843
0.954347457413733
2.577044277835266
0.954181700393841
0.130263465454503
1.569595592987300
0.963280680575779
1.055262060949454
0.422802102102669
0.602153064342219
-0.953332357739328
0.024174933960830
-1.116537159368681
-1.370949060354154
-3.495385856215506
0.195798836078717
-0.854956250006495
-0.059288285670396
-0.524033277851439
-0.883629861705243
0.616898013683653
-0.456237195604098
-0.123389085566468
0.475932905932728
0.707954178799123
0.595584332570769
1.331477887413113
-0.420085332608595
-0.875816735289681
-1.719720041594662
-2.179562375431905
-0.026493521883659
0.858903052859430
1.853117970495528
-0.933038489607158
1.171418061145018
0.306494765648873
0.069643398024982
0.046378926712557
-0.033644677335450
-0.184753975097657
-0.548665124496927
-1.221672896807377
-1.135813330587735
-0.499968154616373
-1.603596363996711
-1.621496467584584
-0.048988822883352
0.201466993087125
-0.185387631286936
-1.468983580907604
-1.469422455930365
0.299999931323712
-2.506027454349071
-1.363924060190934
-1.743961959640059
-1.684602930342104
-0.927895504169307
1.277178044158396
-2.296746505473585
-0.505770499099609
-0.352595145396074
0.536300834749254
0.408372893800246
1.997047768688379
0.742222755708434
0.817262713042777
-0.880379305898431
-0.236387029834637
-0.403390046784948
0.447252443498974
1.167320536591619
-1.568578624665663
1.059261605091616
-0.343203358303889
-1.616373457373145
1.101595512927596
0.784955217666003
1.142588108674299
0.899799207161441
1.736874282433071
0.787104462386157
0.735466176721730
0.349205263043760
0.559523313681349
-0.990988469126992
0.405831173385300
0.057572831009189
0.820261755412646
1.156701781370346
-0.844148176116587
-0.415420354286938
1.961581581861118
1.031102408337784
1.355940572073512
-1.185576841947795
0.366834142468531
1.685021100807748
1.534644130383501
1.995412324107452
0.258414335391749
1.077947938210272
1.581623943930659
-0.329184342476647
-1.427186374377805
0.377827793279835
1.905919784836786
-1.756583637807006
0.738584352885837
-0.455191877856577
0.735183592411255
0.342830515990478
0.022536461620615
-0.831955958474942
1.073354553801455
-2.288899333835346
-0.522006706483771
0.975116803921092
-0.952095834845328
0.167586539357816
0.382516606037521
1.205888675786220
-0.830434027248270
-0.729287145452820
0.361076379424967
-0.112047122830907
-0.224286589776985
0.966722483496346
-0.116464416230033
-0.070741996403385
-1.418358774203201
0.989697927193746
0.914467839431714
-0.357690036376512
-0.282133293416701
0.780115968919091
1.086028906771360
-0.251403452196330
-0.360381579694483
-0.565780606594998
1.216826846524109
1.083326001659869
-0.077897062072764
-0.328435970218712
0.450003655377495
-0.200453317428030
0.063715371656916
-0.594741014884710
0.119171308677833
-2.122313206673804
-1.954253438182424
-2.619025660483679
-0.666087967554708
-1.006159154353965
-0.678140505900833
-1.479571023276728
0.482613100424136
-0.898929337565411
0.823436125041225
2.368786525755878
0.477990817062215
1.317199576272413
0.358541478369522
1.274617351714870
1.280609789818998
1.121127245112283
0.131605461776545
-0.309111109451457
1.114949837993354
1.774637787877107
-0.229682460594423
1.072219457014160
-0.669409499484729
0.249586485235250
-0.793778102461747
-1.848943165803496
-0.879392845472899
0.778628646950121
-1.661169465062086
-0.188841016962509
0.860114031391917
0.804568996118503
-0.106277667877934
-1.587155178151417
-1.422142291347964
0.418356118260870
-1.132040507854822
-1.477085320376347
-0.882289734074324
-0.318402063710094
-0.347962156388210
-0.026960996221941
-0.814716131631216
-0.630568797974020
0.290999878875033
0.429529751574801
-0.242653029133418
-0.257387225217363
0.580350415760971
-1.300301693486528
-2.965650377007867
-1.702928236658941
-0.358202189567851
-0.373852542294959
-1.640370938862686
-1.001384110039634
-1.393014039175873
-1.517364087633251
0.784603918486159
-0.510525935757025
1.698247663853510
0.508459476690033
-1.808902861547692
-0.613762936233580
-1.900238012204990
-2.121397029915058
-2.370950764794442
-3.632653555801007
-2.404737541294168
-3.942696215776506
-0.076801048653919
0.401954780383129
1.628120045400155
1.837176962504844
2.941116119181075
5.351236075270041
3.939999621616207
4.897365575256947
2.033845894006355
1.448230954167473
1.236915931172899
-0.509804402575029
-2.310800418827990
-3.362006336648932
-2.025620640782388
-2.263663506347355
0.020578728041338
-0.562356858663399
3.424406059585510
4.653945165354554
4.649071807037930
5.180875338496263
4.078307760952080
4.869457094296250
1.734538287380362
1.172784863487867
0.583141339206698
-0.569893415539285
-0.906974394003692
-3.635734093345404
-2.630396033286272
-2.197595082057354
-1.969512036586000
-0.252516013636372
1.060102718321013
2.131685638787427
2.374967828012491
2.353005824712092
4.136392865901849
2.731567646753463
2.540806466346877
1.012371147599930
0.930279981964597
-1.078584126044769
-2.612460077130498
-1.117751941371716
-1.824315344188301
-2.446726621662865
-2.408363217038413
-1.553234407558669
-1.739502723409671
-0.283875513904887
1.369398037037445
1.849410817476527
0.274507152909068
0.719305089730978
2.532442014420831
1.251102794143526
0.018390592876675
1.149390643420917
-1.147807850890972
-2.028382279521852
-1.866344418171126
0.182453787826469
-0.835398853945863
-1.326795057598407
1.689425012313936
0.886801169146778
-1.657408058190196
-2.095369582726866
-1.791617917319956
-1.660477425163668
-1.734642829924037
-1.298760006021156
-0.612365779176697
-1.199954772010748
0.005699307674725
0.186045359729905
0.334794569150653
0.601849025136404
1.145256114753116
2.920449027575789
-0.191675117525541
1.252576217388267
1.144720307135094
1.106653646865256
-1.307878227396128
-1.649970051469459
-1.016838970224198
-1.107811809043762
-1.394201387944348
-0.746856895684047
-0.924987910130421
0.948906994630631
2.032636962724042
1.822061650904064
1.245771152512922
1.148318940487921
1.956310301262387
1.659314231717419
2.022687347124137
0.023770128531387
-0.021971772389784
-0.220674539281168
-1.380654511511120
-2.060371812688667
-1.252415807847489
-1.214461099307770
-1.052080329911580
-0.037919357871490
0.659428829675760
0.669029341244235
0.491119344087354
1.111649117942484
2.634104932921828
2.544988748146425
1.194348757075506
1.071618225494895
1.182161022593140
0.283890472591878
2.355428286815421
-1.239761718907640
0.490637777925413
-0.984361119837234
-0.668384821723012
-2.385841092418622
1.284124931342427
-0.309311570613105
0.351291563965899
0.367565134642119
-0.934860164730455
1.644238701358425
0.445132777997593
-0.752945147977448
1.244282707270163
-0.899421773284680
0.463190239629203
1.573648448622593
1.193145576923567
-0.015599061409416
0.047175202275038
0.826299239240403
0.819877919076754
-0.702166300653737
-0.668010811187953
-1.362412517634252
0.228097152911702
-1.283429238994067
0.759745609573234
1.559612777354999
0.722181006699189
1.492629449931713
1.891139616691222
1.827984085729020
1.125255299570808
0.061146629428304
1.432697215846765
-0.454348537487564
0.830073756756956
0.367914118056116
-2.197359540324149
-1.603793653021767
-0.414670927017078
-1.336674787096293
-0.204744239084856
-1.684950405494851
-1.134239063978909
0.018216348696346
0.288432964808049
1.796548828870103
2.091338752410903
0.103574135989928
0.040307143949726
0.679941654580484
1.148232083050728
-1.481935079221173
-0.690178408913306
-0.817905448831357
0.194194674194783
0.656616156243458
0.104121667051510
0.325552594861769
0.503817427680204
1.036777961038319
-0.389488642320042
0.184350743158385
2.489051890122503
2.377065176509770
2.073554617539024
-0.463418039355530
-1.520641489506786
-0.333985556442077
-2.291345196167427
-0.926553482268371
-1.615265248620696
-1.774560432954277
-1.508179886939523
-0.784965164794931
0.264451236159676
0.253666150276167
0.426213757840444
0.901482778141206
-0.944076123727684
-0.021233095086279
1.527402289593215
-0.915601955832847
0.711640588000837
0.542932889155309
-0.548439507375877
-1.206652405062970
-0.708917384617095
-0.935954175164713
0.432745158215853
-0.464634604909827
1.309097807309009
1.678281281360000
0.239885281679485
1.951917178384941
2.397472768743951
-0.694228777921746
1.147841679252944
-0.247442215072066
-0.099818373222434
-1.520293768804073
-0.955426380768179
-1.939576158482706
-1.146325577339514
-0.939586645865594
-0.084513244053852
1.002157679877356
0.986718935741106
0.860819965972806
0.449935213628772
1.441032574552680
0.700191945303127
-0.173772545950658
-0.055799069333307
1.917848802744268
-1.239930014492307
0.003882413238401
-2.109429948674204
-0.252561152413974
0.760777063939011
-0.190077200952205
-0.646786628062754
-1.360960979643592
0.203155205805855
1.743028989802193
1.037421405564193
2.768430524928693
2.148418271482712
2.092169436961647
1.583424434025348
0.942509000922264
-0.260087127629370
-0.863005997816283
-0.581998503862224
-2.904160609296371
-1.827098277198562
-2.555308853020058
-0.442978399281680
-2.219350047677380
-1.369078239161916
0.233447252933546
-1.418964477129650
0.829998553817108
0.268189218393978
1.396187970929267
2.291137700436418
1.096488865473741
1.241827281208676
-0.557554434724817
0.000295946080047
-1.049087078867450
-1.378230953473055
-0.188996711752872
0.182523727236785
-1.584821603052488
-0.229184605050838
-0.911262310910568
0.529453897220656
0.439971419847766
0.431055590969879
1.804891591459478
1.440251834900538
0.216830612877331
0.290284536770007
-1.547112570740407
-0.724995884447458
0.270315920634361
-1.031897046191075
-0.645546278724863
-1.535339439868477
-2.046827612483966
-2.693596775840770
0.253303410192425
0.262454252984824
-1.654517916096564
0.104528466119142
1.466151481341623
-0.809370408314838
-0.306766861442730
0.998569466387375
0.252038898748235
0.670049912893126
-0.140382468330501
-0.902281402246280
-2.267624739677505
0.178391857559872
0.460860774011141
1.375956738696729
0.360804878514146
0.615228626800955
0.705344805636491
0.252152230586095
1.750828109120762
0.925381830147665
0.393969192033152
0.957517459147144
-0.470520898333112
-1.295113050872023
0.160473389029614
0.260303054203808
-0.878718782071471
0.121932764333792
0.084344775438941
-1.679120565330471
0.625341500099701
-0.609986057988644
-1.104777037726088
1.832004127710734
0.412211828298760
0.139859129070278
0.540666466124146
1.059159153092855
-1.162078851846658
-0.957614981239985
-1.056282866335720
-0.560314867604405
0.056990243902253
-1.152479514618361
-0.119301979645784
0.263544653817115
0.315183876794063
1.845599549876922
1.231799192948469
-0.057501208670326
1.819685592203543
2.241501272781076
0.500344788812655
0.382547648419076
-0.293001436437090
0.409764911172823
0.851940748312240
-0.866977294138880
1.367279988804260
-0.455363237759407
-0.473527267911130
0.788325359785618
-0.826848320420549
1.141560710096832
0.641935247971511
-1.131254062690040
-0.413727551994433
-1.237673244070791
0.268336020077454
-0.437104847705430
-1.765171958424029
-0.027230372228495
-1.627326632890923
-2.982674246247025
0.395140304993417
-0.014999422583201
-0.413049860471393
-0.841266596469358
0.156589632271234
-0.741012409784521
-0.478562945112270
1.649021643639062
0.812838824034575
-1.022845810682918
-0.402295173817674
-1.655203766454695
0.320963249033665
-0.445408650918666
-1.333333947171684
-1.093361424790835
0.959858121990520
0.208534500304089
0.134134676447770
0.722168982848539
1.625762287572206
-0.262522845060013
0.066740730205477
1.918116468627501
-0.367021160055178
-0.728822196836223
-0.275392550450273
-0.509457060136015
-0.108979534501853
1.865991358403614
1.190867985022033
1.756426747164841
0.390220994010020
1.054751051237656
0.720961238379706
1.877636616364063
1.264618904719009
-0.616506222687623
1.756317035802187
-0.959793204596251
-0.887094717415807
0.688102330963488
-0.260086786129940
-0.832814495556655
1.072691745150929
1.065215709161746
0.427289883892971
0.015599152218876
-0.356911598545664
2.223260864683911
1.082286231224781
-0.835809710334268
-0.640288879877605
0.345249084866671
1.552382373169227
0.789583180487393
-0.863490462171819
-2.118545330236250
-0.701850219867341
-0.277542359695948
-0.823705158829479
-1.995771066627738
-1.501279229790789
-0.676728618558129
-0.486118719111579
-1.697307854268674
0.185062199300024
0.584159917769028
0.988740536877752
-0.370784276768853
0.979331473650685
-0.909724506715429
-1.614744601876405
1.886285532511357
0.270435356953921
-0.400988180417033
0.530832582458700
-0.317322018325447
0.102460038661780
-0.140270314128269
0.868793836790419
1.129337204445907
0.790269014693247
0.022847759337401
0.682426890931525
-0.638818122467576
0.379628890126328
-0.186254980072041
-1.321177365189055
0.685131452333325
0.050511909576367
1.049844728642690
-0.493566196862833
-0.203201952317815
-0.064769065399001
-1.295288244344946
1.232734649657662
0.276506179957766
0.040401560701863
0.603256812443482
0.876479739538634
0.581223884423322
0.963438162541708
0.423797723225973
-1.763121261369359
-0.115888487076898
0.440531054025317
0.938812253484249
0.983060195067337
-0.528070774401194
1.024400962805665
1.313739320533121
0.201937208167108
1.641178793833889
-0.204209928791770
-0.636540404407589
-1.406564781832092
-0.431710171984082
0.106420949527822
-0.021201198034064
0.768157753597457
0.091643926950386
-0.019565495473060
1.874821393009852
1.033080664356324
2.139117773826349
-1.008349234755139
-0.392114234294917
-1.650752973613344
-0.345186040445517
-1.302526113812535
-0.977805809861835
0.507234193160763
-0.272941036588179
0.405029984670864
-0.435104993768813
0.171235223963613
-0.144981547409224
-1.578873488795590
-0.456950263591237
0.067394116261415
0.925876801124415
-2.629838736720795
0.805588271957523
-1.183386753873036
1.123348097055517
-0.605806147587232
-0.163428207951594
0.034522428716649
-2.525091810088618
-0.068081865472433
-0.612286012742746
-1.069486268779315
0.087824292225580
-0.752525363686138
0.032862149907985
-0.061353457391483
-0.667152667148065
0.395076338165008
0.384376399764052
0.355806757896325
-0.857481710640744
-0.089417740316128
-0.638504198715110
-2.207264440013415
-1.377441793992697
-1.353870634591368
-0.196977913178422
-0.480644936831632
-2.235133495262713
-0.675235340752833
-1.793427868031075
-0.215403010884688
0.421692513165858
-1.302705728843073
0.169769071910533
1.308903890494551
1.796191664374896
1.570074949813783
0.194308961874747
-0.095701718519846
0.349334986654729
1.303444141714222
1.166431288818468
-0.614240269818306
-0.129647600459652
1.178778001168723
-1.137616064497820
-0.945767337169704
-0.550550800665943
0.515838498471326
0.597836475009076
1.475392385060473
1.184381888173590
1.188701634745946
-0.188909644834250
0.890634873608351
0.142030624501510
-0.583988516792164
0.603255763116426
-1.492051430180648
0.087606639867151
-1.004185269897918
-1.728328137251095
-1.269105198649672
0.024882893379030
-1.564686928525585
0.814717655641660
-0.782191750372812
1.892687283301848
-0.462919942114668
0.253209652526879
1.233158915479091
1.232229316576420
-0.003322960735305
0.480195577915503
0.187239496263657
0.211699811152684
-0.543930230752370
-1.408850572064782
-0.998032069359201
-1.507035489017447
-0.646262582879050
-1.894625723291538
-0.852671519529417
-0.578658940908203
0.930522218625357
0.437372700424680
-1.602121296188422
0.624640590641133
0.052235576044959
0.586310988341944
-0.993434681420578
-1.546736876995996
-0.407495665101105
-0.820184973357789
-1.533476834059856
-2.328046571454090
-2.590351092919446
-2.278014258585057
0.217107162986255
-1.754333450802164
0.637728626915694
-0.732410244353427
-0.110991296551962
-0.772117125709461
0.986787095241888
0.044328496766109
1.434498281957126
-0.023531787472249
-1.156127897383701
-0.480284283745594
0.659325267372523
-1.845656138107219
0.241036357873617
-0.546581994589798
0.295542064571148
0.271518654184061
-1.110048747990219
-1.200871489962957
-1.184096360305519
0.034004786207348
0.558790310503178
-0.809732245918396
0.177931887935526
0.277731250664240
1.237579238076457
0.946735536241848
0.583732462668621
1.081478807330299
0.546993581496328
0.276028448112408
0.286142843063025
0.498718210291224
0.725000395101991
-0.092736857687309
0.256915180178695
-0.563778182553189
-1.135364877407262
2.431158014690259
-0.180712894773286
0.964827885054508
0.262845128572848
1.657340693927496
2.083522375786766
-0.392225803965039
0.143928558296882
0.664705597615942
1.170659044441697
1.234567893368649
0.865662569525279
-0.509041328707563
-0.112833574134378
-0.796241964252398
-0.712957033726434
-0.254672290043337
-0.632848120436430
-0.367164282408066
1.609235197408062
-0.145734802951392
-1.099002209202317
0.006137351296983
-0.435846781551242
1.418444413480978
0.638854044847971
0.844070789701741
1.487327051262252
-0.785217041520281
-1.309592205074437
-0.052134115830014
0.715089604925495
-0.612511030237751
-0.675377481015297
-1.544496423195632
-2.730984472056841
-1.279536725818321
-0.111753846667173
-0.635230748935173
-0.318921860604799
-0.457211699000322
0.444525072732205
-0.780358707027488
1.048306919406495
1.267293404048198
1.276477535542481
-0.836576512066476
0.349858583181329
-0.742103634756275
-1.178315590415218
0.133782589827377
-0.398557659475442
-0.219166729555644
-0.120194949741994
-1.301584368743888
0.765085756086003
-0.031718308884086
-0.124476680598502
-0.623174554350864
0.555969667951477
-0.163147830201108
1.127338526370579
-0.051914397892845
1.072013902453179
-0.489446151530527
0.310701011383496
0.273707724025294
1.282180382632937
0.430871856517722
-2.063065402713938
0.350801454992711
0.181463750950329
-0.428194231893468
-0.385084316905502
0.534666649224966
-0.554991358190705
0.030829679223588
0.877687930755315
0.337274004493061
2.078009368213387
0.825509236210748
0.224214243414710
0.339564300183499
1.336004369806219
0.160254633582752
1.920969290183197
-0.320658818247490
0.126831845144098
-0.826173685640444
-0.418834669261551
0.152341344406627
0.045182228750067
1.306289907096545
1.856991474586412
0.622154032119489
0.554464618928788
1.010737668280649
0.582367509037001
0.396429879804854
1.383216351911220
-0.219365745176270
-0.138009220320522
-1.450607794702822
-1.709149186276349
0.105361700584382
0.840646732262267
-2.166818952312928
1.325068399684648
-0.701922407690905
-2.170023585546121
-0.609126966789202
-0.509440361875759
-0.742390074056265
-0.020563792406475
0.005977043111152
-0.437799516484242
0.130036891043246
0.348061793403170
2.232844431757617
-1.127813465283979
-1.137688077101664
-0.882385309276138
-0.095832397859595
-0.048968589154457
-0.232270181743316
-0.965665360203394
0.675586038029038
-0.292669119079604
2.172424325727138
1.478892632849119
0.340377709908776
-0.266534295603105
0.559905685531482
-0.558004753661919
1.982584597445512
-1.740135713802296
-0.017216952304728
1.523978019263663
-0.453276086403745
-1.429565522053861
-2.009411531222074
0.371128634103571
0.975551195854382
-0.061941795698751
2.007839840949430
1.172512902708494
1.062463659986950
0.345622402363225
0.886911065123198
-1.496207267089464
0.375961953402581
0.357667129010412
-0.353554700425003
-0.410533972904759
0.158254902271799
0.094155998267259
2.317294424627009
0.777438435820660
1.486505611533874
0.173704166825806
-0.011320930221882
1.409128664245964
-1.162291970832377
0.940789338597441
-0.623724199745591
-0.850407531916801
-0.746820902817873
0.032739626369293
-1.153245737329313
-1.528690163118329
1.816094428083234
-0.906828586398719
-0.066384877496149
-3.110568234863199
0.065792218612712
-0.195231851209285
-0.651046757389852
0.297039822585597
-1.235987638002943
-0.149679848736682
-0.249855450849202
0.442187730161484
-1.814631129566036
-0.596062550612480
-2.579271815921830
-1.615401961885281
-1.184056511582128
0.036556937205213
0.060553250265178
-0.936429824850154
2.339896239279395
2.265955573751813
0.883739201602449
-0.568911579754245
1.281989503573337
0.711122674215284
0.099569456713919
-0.817198899474142
0.192108742813212
1.957309825177880
0.039884198275354
-0.259711955698715
-0.266387766727997
-0.134802765750047
-0.642225375926314
-2.368820239541042
-1.332817834808186
-0.609221900983053
-0.632174021405772
-0.522496207797942
-0.832886771003448
0.814198498249810
-1.928509524975372
-1.407321851884926
0.123003637669891
-0.485134238091572
-0.342961640300020
-1.773454573378229
-0.913035651181295
-0.948935713816522
0.092508465000429
-1.449688381291731
1.140718531648446
0.492598187148699
-0.392472613239442
-1.080139740595787
-1.979457812538093
-0.777876423765510
-0.733631029374308
-0.816937087159638
-0.490714936576623
-1.066871758913699
0.540821595700746
-0.446889448108814
1.678708235826413
0.024311035744828
-0.894769571192628
0.378414274040105
0.657798640780021
0.974024585551520
-1.142934349101672
-1.406035565700769
-0.854757965868518
-1.070895802666767
-1.079472016287008
0.047512810343679
-0.300677488649188
0.027734663484015
-1.086411728018529
-2.379138790306267
2.576097382792166
-1.616091919005562
-0.094938360911281
-0.705158497198026
0.358867124985658
0.324639004621557
-1.507266539207160
-0.671396477244524
1.932891548377246
-0.863872539814565
-0.777712891992431
0.393188578799508
0.061704319044913
1.567990982219930
0.842380411969291
0.414222661556296
0.032411223569334
0.296260980079543
-0.948980537150775
-0.540471952238078
1.997636380851799
0.770750429226263
0.984249230381790
-0.679756354022380
-1.553394710651101
-1.244538812428435
-0.206607178522048
-0.084888405599372
-1.576979355026063
-1.767155212772839
0.030435778059274
-0.591346430016176
-0.122248479968907
1.135650644785974
-1.624934903547322
0.029875574215885
-1.392343057644573
-0.408952901899396
-1.149284952242788
0.081531926775322
0.703013163860609
0.305174227909865
0.793814227414651
-0.130108110556604
2.057162606892196
-0.281256746016094
1.937875266716964
-0.555252019168388
0.924476151919473
-1.718607151361057
0.223220095479271
-1.399284470469524
-0.020014862709740
-1.002628885951464
-1.165023599301165
0.897279994860983
1.689202972604351
0.512504360574948
-0.005793222347986
0.160071672810008
-1.255274978662887
0.810017909949529
-1.096732072986650
0.124000050703035
0.756624539980622
-1.404551255077305
-2.170294145790518
-1.552130358237860
-1.779834224112688
-1.093595367311667
-0.004114557247387
-0.605372977909102
2.008672541426548
1.513046085200012
-0.840314312424147
0.265762500904828
-1.789040898358973
1.055651463562283
1.114786429085497
0.250052271778812
0.309313215046221
1.680309801481973
-2.020214952825372
0.095930643102573
0.563573643147826
-0.270389437838472
0.750844544230768
1.830534372116831
-0.046341867149258
1.473543751244095
0.745951237718982
-0.129300610564912
0.479069303867716
1.008667212838083
-1.823674111907271
0.048919421201136
0.774986568916212
-0.807576952370509
0.365219886029437
-0.505119644243150
-1.096062051577008
-0.371322296735528
-0.637282911672950
-1.589851598616666
-0.527428332046630
1.008956245896192
1.421033343111489
-0.748809350900032
1.529582685055302
1.428692919306224
-0.093751539395870
0.922325760763205
0.606473845111625
0.356461177386447
2.679276566176549
1.883201431235940
1.689109435206121
3.055565890923539
0.605711754381477
1.340162691732765
-2.435539774553850
-0.659627036737481
-0.376502927070030
-1.960023908546971
0.751359387599184
-1.541871482863940
-1.477690957169754
-1.709667503939956
-1.633674393484427
-0.072728395922174
-0.718916497599068
0.618342536055668
0.397772278877881
-0.255935717348826
1.565799952564076
0.959634385829118
-0.386924892476748
-0.925542512426802
1.202017355323156
0.229922231478500
-0.972587960326862
-0.607926463477107
0.362135527475606
-0.013037304772157
-1.947725902098195
-1.689516277032229
0.042454699270334
0.738282092765095
-1.067755312199990
-0.795327359974117
1.236451162886613
0.976471309613605
-0.138401354451512
1.810247438613248
0.185429439674592
0.381910846293220
-0.238961265207747
0.291038308875674
0.048438695477581
-1.750751996921771
-1.726541821629489
-1.404814234427711
-3.409241511195220
-1.274849463629421
-1.514077212828487
-0.507548198942072
-0.380773958062144
1.614662851206980
0.121987325824601
1.125797225064973
3.030808505533754
2.135538110542070
2.586249908671620
-0.019704130444567
1.661656009673904
2.875013914121530
0.002620816040378
-0.354309008649008
-1.574225683544855
-0.520874004627516
-0.343068839261733
-1.107653667677099
0.998734610278701
-0.197728141860807
3.957621947113180
1.514214372971716
1.918783950252427
2.709672890871438
1.705339013901994
0.488019131264762
1.258128541496193
1.504712427755580
-0.286449646545970
-1.688385785664690
-0.333943415030269
-0.643248845109836
2.255348624277454
0.970499483205771
0.650144004342323
1.042873832918134
-0.515794658935204
-0.099946251942640
0.561964602383974
0.524936280473217
-1.294761202709648
-1.630225284912614
-1.363317274457274
-0.987014824756266
0.246993543418228
-0.469608669405410
0.264100446599425
-0.101710107275341
2.426914676199551
1.614841553697717
1.437059004314720
1.382515454801088
2.667027242994267
1.377718260875849
-0.094234062889408
-0.619038890917972
-1.915264360362048
-1.541325903362950
-0.363134273784141
-1.348749246195861
-1.581594319132450
-1.047843199590004
-1.260756029029107
0.123500337793753
-0.780222803047681
0.434993567866247
-0.000849252592611
0.164820100972375
0.895610728951138
0.004393493165381
-0.901732821290740
-0.403081942075060
-1.600034130451350
-2.096783421693652
-2.027586445703231
-0.693825210811824
-1.883982850032694
-0.962960619791465
-0.758235030449028
0.875038378307388
0.854832165442023
1.848129468266253
1.690318098663979
-0.196059180653807
0.302359285579164
0.445894917089721
-1.115996601317514
-0.051107241081791
-1.111397141165818
0.568234688684347
-1.713413369742307
-0.576177891730011
-2.086322427034124
-0.282870328450216
-1.343045229249322
-1.716094664958696
0.766192571946672
1.615337915161546
-0.497051895712785
0.814726003378983
0.365885725044049
0.458878120842321
-0.259578706098594
1.086712237984651
0.137305746824931
1.405783798048303
-0.741077834359157
-1.025701400533363
-1.349236554217272
-3.053482496190586
-1.323144136676975
-1.166394173217568
1.799201554245847
0.222557764595273
0.904884095653323
1.087110213195616
0.666922214957193
0.566805801564712
1.287746061354942
2.876300899422432
0.675496273131968
0.670292941560934
-0.139402379393528
-0.039621799830790
-1.188234933833720
-0.204261840564596
-0.620237697800326
-1.814741059326399
-0.930303826847230
-0.612195050225183
0.265975568982321
0.217304652776271
-0.839044837129132
-0.568450465358670
1.645175514906811
-0.150539777950979
-0.713152229762852
0.516205667499229
1.176258151652570
2.036685036379460
0.394928868983467
0.032392961315728
-1.275007025531663
-2.432925244990186
-0.260001924079410
0.904299936408884
0.258982494143529
-0.948778022234880
-0.237665244331741
0.469834480819529
0.548657815803878
-0.304513059444536
0.508655081084833
-0.614522806998546
-1.348475837509339
0.878450279557051
1.205310893550792
0.195455895191751
-2.075089536447527
-0.727480400534516
0.292901975742834
-0.963566708406309
0.358440896349843
-2.111451269594601
0.000491834862094
-0.015122293631914
-0.268625892887453
-1.066745473305056
1.289386047437068
0.171871070634814
-0.516488704236910
-0.385041542969000
1.401547605633741
-1.517121517716286
-1.206329484615013
0.793097051408153
-2.580336720440439
-0.799786913632491
-1.006085680336547
-1.295541446720077
-0.335286407738276
0.406550188581579
-1.822109189465770
0.929904562265384
0.067495923155031
2.628133359190714
-0.274142420145908
0.228276011826847
0.256807399964286
0.135995308866676
0.823389704804004
-0.571651184815476
-0.433558378875749
0.184537822185340
-1.296717074248866
-1.549850250842395
-0.047672763493741
-1.622308907250382
-2.482938194056602
-1.077865955230809
-1.792182951469020
-2.232774599147524
-0.755270406558031
-0.477141475343947
0.535685766026673
-2.288799590368406
-0.948291216237238
-0.669050875932233
-0.603792523138366
-1.916697530197597
0.173838265032241
0.798041553787257
-1.059985230681616
-1.895912941433548
0.200725250039219
0.622521941444837
0.829823661564917
0.595592393945480
0.109305186413917
0.625502612671109
1.411678508855112
0.942918491311028
3.113599038853623
0.630700034435179
1.698294625096426
1.912497483405292
0.586533199078006
1.629267441997581
1.279301416653345
0.068202743563475
0.665311456692131
-0.614645106820535
-1.353180145708061
-1.476445574708462
-1.057292616172686
-1.578703116835790
-0.948835837089067
-0.841878097234072
0.694514032795110
0.876958793915503
-0.481493216387136
0.020033792533009
-0.735947540030336
-0.160139083268740
1.282296700942083
0.561611740531960
-0.327536241894016
0.761473482629458
0.215473922209955
0.023078820680203
1.144555174019557
0.292960402125754
-0.466788752601561
-1.144534139279713
-2.243755781447396
0.991900031933491
-0.329308866212455
0.592997633113949
-1.070835851704769
0.761396332696720
0.733251940001707
0.164448996022337
0.192655237438711
1.265530655276754
1.442456447834923
0.626007598460560
-0.358290981628768
0.301923890420688
-0.931003270536444
-0.442849991208218
0.579018008138185
-0.864825783782048
-0.319034682638268
-0.089595891906905
0.886608847284927
-1.215140089877014
0.912850615281525
-0.544639315015222
1.268061050345711
-1.074075180440838
-0.336049291545570
2.013755802176746
-0.979957189253231
-0.173530940945286
-1.125156516132968
-0.159477305461619
1.462168529934972
1.002628493205397
2.902719905968410
2.177905181374322
0.660876993811380
1.099361478303932
0.777091338880771
0.856783204723843
0.649216577913877
-1.058183102100688
0.030105079090332
-1.980485866871139
-2.106235123226501
-0.106692766355509
-1.126316080446245
-0.029478113381396
-0.077249162120980
-0.163687562043981
0.244919944374123
-0.754258855367819
1.541282305680060
-0.317549357268071
1.232455752372325
0.909508663772495
1.024326844159779
-0.211678121385765
0.674369434739727
-0.206207608005732
0.805612928810355
0.252994650187087
0.336267954852396
-0.082701149040993
0.314945655678705
1.368805999204036
0.462635385771808
1.514098479123646
1.318466217854736
1.880994155570206
0.545771956701496
1.556107953821445
0.985497566860410
-1.154630424389924
-1.463604781943463
-0.646975751253728
-1.779998305877616
-2.846045642862074
-0.072704187687381
-0.476581861490644
-1.669842496975451
-0.699497393453897
0.260386709940176
-0.612393969591747
-0.043656094643101
-1.143181400496882
-0.947852088589143
-1.176884958918970
0.430742325228432
-1.717313910283849
-0.861635322536321
-0.149656543761282
-0.195972749677588
0.046221092557829
-0.298293931330749
-0.242454105720118
0.694388561377164
0.634735702271674
-0.722711216587867
0.777410089614736
1.123320870907231
0.393609617691109
0.319726068603368
-2.057136993637788
0.465364528574270
-1.493825293449865
-1.055482078435206
-1.063100548903194
-0.427288097234508
-0.886524883500121
0.984305246313107
0.829447380119312
-1.441899654709778
0.843529486584469
2.577852545115920
-1.354717995944053
-0.961427310140013
-0.050571363737772
-0.877275386450260
-1.076462852761885
-1.685135460374450
-1.283576588109592
-0.417016023924370
-1.525082681212262
0.188068565166355
-0.710397854620431
-0.218857880203535
0.207178082696869
0.659291936705996
1.315509757133142
0.137694499895440
0.528865958028044
-1.594578098375508
0.068264562333443
-0.959990512305730
-0.428990656312311
-0.642102275165249
-1.328182089222987
-0.224155330778501
-1.172678913520782
-0.589719269310420
0.358895322672491
-0.081316836825993
0.372387852096156
1.467223077646052
2.138147061966141
1.451500173599183
1.303778005334169
1.733058226822331
0.473043224732647
-0.199924863169899
-0.445109816476422
-0.336523212083691
-2.564562198283882
-1.135202932546066
-0.729710238192201
-1.137298577205521
-2.966516963183783
-0.695539292713418
1.370487286277710
0.837036438090989
1.457281501932501
1.442616952147794
1.209937531813527
1.847045824139554
0.596374609281463
0.121923833010373
1.219481984114302
0.437524571749088
-0.215624691162099
-0.725655680104792
-0.137044493992140
-0.771304258946535
-0.157996664188182
-1.089306279538943
0.652084265487713
0.065814441462482
-0.386909863216138
2.295469514219081
0.485732984050066
1.511340144893712
-0.969719285304587
1.183170244872945
-1.260148915539481
-1.625534876974047
0.034032516233639
-0.339641652308649
-1.201386847654084
-2.278593178606279
-1.699355060161689
-0.407939069678383
-0.884647451208825
-0.719904200016648
2.373470869890559
1.841327838095355
2.454380767864460
2.475219452945423
1.510959111319773
1.584312104469158
0.008103532480118
0.956270542129258
-0.048741516373021
-0.435279461799427
-1.352844453694228
-1.621683328147569
-1.580733644390899
-0.976235535255489
0.355899081695691
0.564858763721611
-0.083837394018498
0.359830736250149
2.139807393030443
-0.436348519748246
0.358755162561569
0.499322527004694
0.398391614358963
-1.751939745143286
-1.247720131378696
-0.835094417016341
-1.267132606071495
0.371184955768462
-0.747116679199959
-2.531027652901482
-1.208487931952336
1.066471176710317
0.456557902250837
2.047540499525866
-0.361261674633192
0.975987830433135
0.674827519487592
0.709985830787671
0.833896747038280
3.174742978771776
-0.226439597542748
-1.331282741164809
-1.681412291036463
-0.771022654307006
-0.402249571633475
-2.353595055693724
-0.383923699885518
-1.110108398563116
-0.456723392688063
0.449220356985882
-1.384175612022201
-1.795261857180323
-1.509066304184100
-3.071314787969165
-1.746644814643274
-1.842764134958055
-1.697545271829554
-1.470534491713338
-0.735354310698600
0.016225798134095
0.567862948303021
1.575861377873702
0.063275944608623
2.052850451285982
0.805310413282099
0.227058633100899
0.589328865890634
0.237453132611935
-2.576553229606272
-1.820690405154138
0.331537185349848
-3.118254833835135
-0.521503129129873
-0.287007341358699
1.167409815731132
1.109552105000029
2.072406017163073
2.023833447255833
0.381643316645577
1.096034946708873
2.797072367971516
0.325370259785855
-1.445872062759667
-1.703042402083957
-2.072781543395789
-2.041890491784562
-2.365902607721754
-2.085662741309207
-2.596959510846564
-0.909453691862222
1.743668804997650
-0.429112810447780
0.344302048567676
1.055550877796950
0.868599665987980
2.240555078580046
3.910640519680647
2.786956934864532
1.130532257250265
-0.182810292369257
0.253218768524594
1.084912926029159
-0.446601379005002
-0.028763648383728
0.286760757378820
-0.874318641493012
1.158511995059867
2.051821295157894
2.647444451259767
1.525655015368044
1.998073991030778
3.539748348532896
3.369679193880846
1.516708865615899
2.330743776525217
1.901798402741395
-0.157734657802381
0.999550631399026
0.177264225765492
0.859468588016741
0.696067071390065
0.158325847069322
-1.014563097746560
-0.257849342446576
1.364288957465431
1.562072910360585
0.844912531256939
-0.782303495888249
0.357417865863970
-0.867749398485121
0.440226742776633
2.297748198503422
-0.552063629257087
-1.254390906598411
0.033778230762972
-0.877037347842427
-0.929899254877727
0.302810874760559
-1.924757638319543
-0.143087585013560
-1.871193999091751
0.125532713784332
-0.628443420560114
-0.692154260469407
-0.892554727187722
0.543428713491410
0.266705465979333
-0.766493659511025
-0.250876324970807
0.051809979800709
-0.686055343757299
0.630318122104135
0.686921904846309
-0.018884060545282
0.081153130290615
0.729981815936005
-0.494786040679853
-0.222445995946344
0.571739602074341
-1.204794559724506
0.614612197525149
-0.105908918256520
-0.457601869523514
0.072108546944298
-0.726385247884967
1.141825213242130
0.284126812058158
0.564774950648963
0.462649109853576
-1.055793069881510
0.477829032764762
0.148042202640569
-1.403751899135327
-1.533315937031381
0.456704086357770
1.260658759642406
-0.132674672862328
0.620808175114967
1.118124232664533
1.493768921458140
-0.424926499762682
1.022603811546257
-0.041839868264268
-0.534862976033746
0.433478326492928
-1.369465715496010
0.396758521838506
-1.405723837065290
-0.681755747197462
-1.324511012358538
1.048460651325846
-0.929636384500686
-0.682811120558113
1.342810790590952
1.807726881916855
0.824660303710859
-0.000312818128624
0.783365122041375
0.331473339568810
-0.241769833695289
1.557095760705920
-1.204763167737518
-1.815801169772793
-0.125740701188626
-0.162385662755248
1.352728940775658
-1.085048482443269
-1.436151656726976
0.544554634448319
0.450520703931824
1.479264465732860
3.196300313147089
2.265583882658901
2.124142811074868
0.948930483950902
2.225729582085396
-0.357116049850116
-0.582276354791348
-0.691584527400830
-1.384476563327024
-0.421088705862847
0.035027266243271
-1.170363499261733
-0.905201880868437
-2.144266487047474
-0.781666090879005
-0.392270478856300
-0.207902961340315
0.124569080274824
0.363226769378010
-0.281602930224394
1.219693742492100
0.957711048286792
-0.155374867417410
-0.832745135157525
-2.855882716120190
-1.621406157775410
-1.165778187689024
0.139536145628924
-0.160670827594182
1.041344182992092
0.133423282183621
-0.639273875711050
1.234638979412105
0.870563946972585
1.311860831345778
2.592985386334131
0.196795108419201
0.105611700910803
-0.588936596954133
-1.150272542661681
-0.062999010614699
-2.729688524901784
-1.285184850277088
-1.224146600660847
-1.865897407611315
-1.440913592048947
0.983458329303935
1.151303654378309
-0.823439479336535
-0.975238507607033
-1.740463081273199
-2.043032233198415
-1.818603752344138
-0.616133379408603
1.086905491641758
-0.449001194606223
-1.299983950560955
-0.584487851836297
1.790273818967969
1.318386090217358
0.225215396062423
0.010909181244264
-0.542904521108272
2.156858063884155
-0.490334079197488
-1.225768417203281
1.105975988087652
1.225337600947648
-0.881645671472478
-0.080511585034886
-0.991676540478249
-0.451560660933970
-1.021526803694085
-1.275035794612568
0.466049499349935
-0.244736314347722
0.969787245077088
0.615721910756490
1.229559463152789
-0.323142125403385
1.375918092249783
-0.789843968831272
-1.425943456441667
-1.864175752951498
-1.231753293072417
-0.628363758558320
-0.574402457328236
-0.853898931063949
-1.307813413889889
-0.498747605455437
-0.791785052799611
0.363499280564411
1.361108340973490
-0.267135832040750
-0.198662688396162
-0.755620913663008
-0.053414137889457
0.595330894876621
-0.169200521786761
1.763831544153950
-1.188977014631028
0.020112027423087
-0.671010962282261
-0.188176458108706
0.510163160610722
1.134366470703214
-0.462221543191746
-0.021437707397627
2.319203476378497
0.171885226070816
1.061350512577564
0.214494557028383
-0.073090146882424
0.593981552845292
-0.536682115698579
0.571662016049632
-0.095788392705403
-0.351915696165128
1.103159333440047
-0.138133042301154
1.126755696187190
-0.373183131207454
0.201768229541814
-0.949349273328413
0.356505270154475
1.558760981734550
1.994272228245398
0.873870471863105
1.711443816858320
1.229104781564242
1.192878862754127
1.054638932866522
-0.585764523302355
0.066597681523261
1.475140190211711
-0.275494054328029
2.003033362947277
-0.625108854958031
-0.456625810364427
0.344592295570061
-1.042865056474545
0.387977116103294
0.650183740978810
-0.971602577969088
0.172344374668543
0.590579304776518
-0.017204120127562
-0.052042039852661
0.143755772105599
-0.406585064055169
-1.431378918564391
0.345267625280003
-0.607916178703361
-0.706718929986142
-0.271622839997263
0.885194326310131
0.840383599360385
0.298099137633922
-0.898264101523184
-0.214532237029265
0.709084149849394
-0.403929464292356
1.901335109070668
0.611626176089560
-0.397633840619466
2.201292486477556
0.333764537928278
-0.840276221734672
0.109716359851657
-1.131985637717650
1.161051522628706
-1.632199457707754
-0.196215395454835
-0.946958938873672
0.688127062364048
0.522751091282515
-0.588494308888509
-0.279348395017645
1.812378561677495
-0.363793493684383
-1.459685130632998
0.636523791296365
-2.170259432554485
0.579669621642687
-0.689488337937258
-1.129593400544304
-0.443960328870113
-0.316621631877292
-0.333952421434232
1.750114786562199
0.242415752288380
1.532531607900762
1.402197458481430
-0.375264989916918
1.238194976433701
1.230709983793973
-0.325307948973918
1.257500626579930
1.775496624268177
-2.570687181176564
-0.886044490179192
0.125934829121911
-1.360654468681957
0.635206554186220
-0.264108470060194
-1.987874019651958
0.559250984978977
1.939047415660635
0.680870126322383
0.741472567274696
1.586919628928483
-0.032137600523210
0.456724709189383
-1.339006921169288
-1.654670281367639
-0.927294311532602
-0.836794643969232
-1.651467494100050
-1.534297611379802
-0.886140619815645
-0.014527423755782
-0.854809001293805
0.309231377833841
1.041690217721071
1.808714013548494
1.736575797346966
-0.441977320428744
0.034926474510680
0.153241057511092
0.489249082214183
-0.572370069183109
1.537604227668631
-1.592762503365658
-0.182971360727288
-1.537522420871526
-1.639953411413819
-1.469301000424332
-1.127391102499256
0.488419748957618
0.692236803287595
-0.289371125742669
0.251107698558732
1.460455231053582
0.327598605918306
2.206524545562490
2.179015601906830
-0.539750760134597
0.712767252452122
0.554335445005578
-0.379605139052067
-0.902814057952367
-0.325452369461091
-0.566916313012204
-0.242384983517250
0.963797223383499
-0.610168319510414
1.158902378348155
2.115880036551604
2.057385917535674
0.352598862286205
0.715403520941674
2.564451405201871
1.197677755520238
-0.387805701009005
0.618857281469342
0.648814501493585
1.738880430158202
0.063257008275574
0.647438909215709
-2.314345304012549
-0.559885328457425
-1.480247049899692
-0.807368716519356
-1.815462354441494
0.296027749331725
1.135500309948049
-0.801575916787838
1.001429116009050
1.948081998206875
2.671900093906768
0.636623934768978
1.314242940519678
-1.250529398990919
-1.484636245917396
0.776437989556011
-0.738379924396866
-2.104337529039686
-2.517754186059009
-1.795043709056133
-0.722911592460607
0.136995824752484
0.300615464644032
-0.042240663511531
1.760579610843205
1.013452931156950
0.755674143920529
-0.939362862804976
-0.629440153979794
0.151682030092219
-0.507136138685674
-0.086904426502479
1.561198276724909
1.678633971641458
-0.443645087653612
0.602196927159118
1.509922304892901
0.556574497459312
1.177858754350868
-0.985865895119409
0.412245606016797
-1.006315741251621
0.474722591463305
-0.798827068350175
-1.524234023266492
-0.868024515269103
-0.210519693348508
-2.173772687242124
-1.362437962157014
-1.466345759003769
0.292605414967833
-0.186471743830555
0.308267978748553
-1.620369544731205
-0.124456304336555
1.032989883957851
0.602809335115242
0.943957639868163
0.624363472478181
-0.635986933171119
-0.541705644274818
-0.907550182081913
0.032938627045211
-0.093951962373601
1.311518643490697
-2.474573437445715
-0.226463238847110
-0.485583256895339
0.707244281644355
0.631057899981801
0.291014926144017
0.503186426727047
0.694302885100069
-0.533390006267272
1.105020861775639
-0.060359581989443
-0.492091897783431
0.642809429312045
-1.304141096832328
-0.594500857272138
0.092774826273148
0.343877173900878
-0.243740592520404
0.092760396578160
0.775286525827583
1.444955499686881
-0.417347430113896
0.781408606354733
0.241188891961839
1.428349606464771
0.684764755535383
0.428303177235857
0.930315774632414
-0.676621996287184
-0.450417834703523
0.069781351246137
1.150248028091825
-1.992213544531846
-0.116131821281725
-0.007136719186954
-0.009953765535259
1.180274984817331
-0.333448374716421
0.034604960076704
0.288722125601291
-0.984574317632544
0.158413154545471
-0.048557450166597
-1.011432256419569
1.077187461433909
0.629447212928730
-0.244575758437302
-0.652750541148812
-0.618826120821400
-0.102884635423033
1.466099557010378
-0.091612394897748
-0.628246666176555
0.061380897999689
-0.588239336240075
-0.912470883359083
-0.499015445968236
0.493159695342779
0.620693585922865
-0.879959558847236
-2.281831142575650
0.195852183012195
-0.374107341917998
0.309943295684085
1.632330415570524
0.713889226713941
0.346648973118677
0.421907220211077
0.063064901621402
-0.421276727694267
0.816521638488458
0.233175196255693
-2.064179378728297
-1.125929240527465
-1.467368229934199
-1.154548742453209
-0.310667268086579
-0.396482946670414
-0.088556545949159
2.852064114134365
-0.979802444615646
1.788269137360246
0.174565964069844
-0.163594775443532
-0.146024459312294
0.519935699589725
-1.287185722774536
-1.464472413172299
-1.494355458121091
-2.742173844634915
-1.511434321728356
-0.308497246786356
0.696471627226675
1.050371756497917
-0.086806977226242
1.224021514929035
2.145417648718163
1.493513723997822
-1.223207122245023
-0.128372594806844
-0.279322480508191
-0.192037835647099
-0.279744387232154
-1.240332729698138
1.449178822709080
-1.139616188217899
-0.587862946769593
0.814810891135562
-0.390697306646157
-0.410157667217852
1.202108784450426
0.844557747728780
2.717543812519433
1.853462799885197
1.492474335251218
1.083359101190571
0.920306610724302
-0.610664830120347
-0.459373395248874
0.061534545763795
-0.339917645405789
-0.287413212168267
-1.639121945708548
-0.084440857841640
-0.586984209667013
-0.133864546276672
0.662649545986519
0.998102061702237
-0.014408470532588
-0.373208128140734
-0.631711755143024
-0.303068295415438
0.297369450839801
1.003485317188814
-1.854777845177657
-0.649983839460294
-0.442215118702735
-2.107029870046023
0.238378148562505
0.379364915228765
0.085646501517278
1.374674173397330
0.564232108506385
-0.214958881990463
-1.117546657607235
-0.180495361895864
-0.489951934773398
-1.522578578084585
-1.796867795916851
-2.115712611358395
-2.783014699793989
-0.414390900928116
-1.442886756347406
-0.618976375722137
-1.715130910875940
-0.061511088922752
0.406903483029755
2.373499172090932
0.125539239861027
1.130297919857619
2.401413034874807
-0.369053192519973
1.024683166014513
0.538748251838823
-0.767162140247092
0.007190604886654
-0.461833002498442
0.549398907965076
0.894516287579501
-0.203495232079088
-0.799272063344341
-1.209328688786364
0.200768629488740
0.428202678438107
-0.578916176798621
0.508955667082987
1.283771872294498
-0.324150850934407
-0.170623180316226
-0.131942495101451
0.380912849072045
0.718101806438351
0.277311389066902
-0.341714191914761
0.468643015930832
-0.361104872109090
0.893929984001116
1.053850363606071
-0.620691556696440
1.759930535117166
2.029504951130952
2.666349232723951
1.145777740644504
1.719235429000703
1.285524747643056
1.687694256502847
2.399635872963288
2.089882966366958
0.873086651033800
0.771547056416829
1.559984166193786
-0.499302201407505
0.728173570863569
-1.761866519069658
0.138132091993697
-0.090736394830435
-0.487803555343347
-1.147969318509120
0.068862011228827
0.610927068035055
0.535007311679314
3.345087851664754
2.352136464013480
0.514554749196727
-0.073323523404110
-0.331881850550315
-0.993188473676991
-1.212043948323547
-0.594182905477538
0.119068851909093
0.236808256468936
-0.619631558733054
0.990665377966989
-0.228491196954830
0.589415525842519
1.234408829303991
-0.698844509313251
1.375226745306705
-0.365641244446220
-1.169994857456878
-0.367672499655376
-1.834511583401301
-1.674778420254042
-0.890120631044498
-0.316864621009757
-0.623765178774925
-0.552906126764408
-1.024937255341947
0.071727526914820
0.580250186432853
0.424639176892809
0.772428643092940
-0.994782338874462
0.552863999290043
-1.718912361194411
0.207835095533862
-1.159311122822361
-1.120237913753677
-2.738945156305035
-2.362754550057756
-1.402209549639107
-1.718126732738002
-0.942282620944600
0.400376756622100
0.510154278133311
0.360739651940689
0.643925254428547
1.527400514813376
1.352675179395775
0.512807823557599
0.657026425618560
0.187460471962698
-2.016885730662182
-2.792964309579006
-0.718822141102091
-0.335828512339573
-0.917493227940359
-1.253990445896062
0.581445698080998
0.823918100022822
0.016065167096192
-0.131388994311113
1.769130674811636
0.526854471012654
-0.092451848986701
0.497118785365023
-0.192486962307040
0.441573522079137
-1.772655736576177
1.329626881176172
1.242718688830137
0.476533501309673
-0.665475245815420
-2.128389181280356
-1.200087352410180
0.209564679754962
1.191025836592415
-0.321334703137894
-0.998782858970295
0.693189972638422
-0.709690152281922
-0.708991837365333
0.855208878794108
-0.844817229153151
-0.244730918202910
1.135196976499284
-0.396106950843062
1.318777076599124
0.317337225771776
1.782468444678174
-0.994835182112133
0.090782791937921
0.020607197208470
0.198368773216279
-1.206242072860458
-2.674270183854450
-0.649101833758857
-0.825442998353670
-0.753475623821623
-0.111879789341544
-0.958009202855086
-2.352277173286124
-0.975990065378209
0.194735950790665
-0.819490925872524
1.727810165877840
0.063301887074329
0.128025070968500
-0.778639853800258
2.437317577477436
0.591901415347918
-0.095305496261103
-1.009668692867521
0.161565368537301
1.759126334105459
-0.417694683638414
1.930130827992131
0.869497490320015
1.352254091891018
0.012406387729711
1.295654593783041
0.405427731948596
-0.019488387242341
-0.150548300455706
0.405279921947139
-1.427491961034919
0.747729626774816
-1.850599777830477
1.542538619681927
0.021029152047535
1.390290513824494
-0.652150967611074
1.362260143056757
-0.037121473292225
-1.157973651750169
0.210269390254088
0.006462026235803
-0.969034628384175
-0.570839831709270
0.839227629074019
0.018545430482157
0.946014362659985
0.727251268785532
-0.091484155178217
-0.114147469675807
0.070500707177108
1.556237959387395
0.164104737559146
1.317817365661737
0.855214234949832
0.172675783454496
1.570782871176362
-0.056082205799466
-0.475580759093174
0.447945497095469
1.748378850996313
-0.673687613884933
0.039804125291880
0.465817451590048
-1.275606461788213
-1.031436047892915
-0.188394105989860
-0.779283524061951
0.553951794773383
-0.441295743654398
-0.683597371170001
0.075985575515407
0.191484130847704
0.026995170262894
-1.239340268790640
0.750687263744080
-0.619160474953351
-2.458505709522485
-0.098900986704982
-2.444973940204792
-1.039151035865382
0.192479343831380
0.833391013876928
-0.613083969353009
1.713595102716499
-0.962580342839151
0.042698399829384
-1.300073340690377
0.326329689317415
1.658765040371009
1.531386121728900
0.933102073796998
-1.032192250068342
-0.110874882279612
-1.097168426145641
-1.603732278815851
-1.121893824352126
-0.113234665666925
-1.705865782076947
-1.626071591221483
1.415465486291348
-0.211930396569963
-0.215694359777297
0.330600429978225
1.156413598460584
0.340971532073320
0.812913578705043
0.547190590448188
-0.149557996088833
0.446807481700825
-0.060874727025402
-0.458046159302721
0.699932707958073
0.243216867427630
-0.739745406921375
-0.643484415665693
-1.687598351518807
0.696194508476359
-0.608570190635862
0.328419758921684
2.045078413208413
0.126626468160872
1.290049763682268
0.731253790701480
0.559557462501019
-0.397322945912837
-0.225487216842818
0.837816228250055
1.417639359956767
0.423957845952956
0.233087507499525
-1.029837522310510
-0.629409821063495
-0.979835243426563
-1.819192403462671
0.622723083794977
0.296343467047583
0.676638743188505
-0.861027808519883
-0.117540374416750
-1.213128157158532
0.210361924887599
-1.779078272795756
-0.720888801793734
0.001373794935668
0.519600208970708
-0.128382506661452
0.106204417234846
0.890746977775465
-0.827402001791674
2.269949003758522
-0.018791087104723
0.462593537051595
-0.422490511033980
-0.065438633590489
-0.145898783198310
-0.307303264385999
-2.053644212658201
-0.273249100492079
0.468768653452464
1.391661701956341
1.454410975190128
0.315809588033538
2.762924305890236
0.912942113413078
0.190327551339421
0.364063807198771
1.167017201696986
1.266914980132299
0.478341539697497
-0.626331796864462
-0.427070648313470
-0.460767409695416
-0.475002566496047
0.760969541459986
-0.836733146865159
-0.558315205313096
-0.197939630297075
-0.185705391341493
-1.452569473244358
-0.183305196648585
0.131275771397047
0.586840112552002
1.066533812455355
-1.300122741605354
-0.803013259449891
-0.591608328711948
0.852428357864116
0.255181037616829
0.001860847656598
0.624616435600656
0.831252348676902
0.199900730385727
1.022811477877773
0.661947901367581
-0.349250021104278
-0.331192964244636
-0.585070728377218
0.017515877091325
0.880289500561900
0.330523949921349
0.788576119714309
0.510511987666489
-0.749081643000919
0.169590415354456
0.272914919617676
-1.475450328336748
-0.633552164766157
-1.043867232576417
-1.338684130713778
-1.002642339465750
-1.503650546674141
-0.617266683158626
0.853302713640274
1.042596892602155
0.071798273200228
1.206263470854774
0.785363101642737
-0.707886879517646
0.868123781781181
0.451845536626430
0.901887318699224
1.185225294453599
-0.679547481658215
0.801928150303134
-0.422067177921293
0.888449632837904
1.355195199219188
-0.536722264308950
0.234644712745738
0.197950256573548
-0.025366267021683
0.095102682135572
-1.376970576714193
-0.475340705233241
-1.747840319425044
-1.169857610234150
-0.102015061038309
-1.829528766922941
0.013534009055405
-0.300817658030903
0.342644409137155
1.555555312004160
-2.070470752946204
-0.292547357504502
-1.068717153052421
-0.010359243624585
0.325886967681559
-0.458228332332959
1.866377672308415
-0.542991445037953
0.212467575785187
-0.168580254587956
2.116554468224072
1.703217415183941
1.088500802008032
1.318272685733395
1.664670477436892
2.698689736374252
0.359958150223966
-1.078007901138628
-0.857133478554196
0.282409917589672
-1.300852531148733
-0.468423262958339
0.006738185947419
-0.482186421960951
-1.565338354888891
-1.446350398040576
-0.323519687221819
-0.141435283468904
0.840454349921649
-0.311899261639122
-1.413418425435140
-0.109917897318119
-0.361794233129541
-0.262064741575150
-0.688046739695245
-0.388021155678750
-0.978853589541668
-0.110471037342968
-1.717416410445251
0.279548325827877
-0.935999719953100
-1.180521973447116
0.074228503614893
-0.977296103718516
1.030087484993135
-1.178051296389306
-0.227327569474920
-0.553401847808211
1.654454970224228
-0.377778460780194
0.079915513544672
-1.265934726483941
-0.078683959835906
-2.421612602550148
-0.471477425601059
0.069610158621187
-0.530701384524600
0.527326424633327
-1.184429672031345
-0.339164725780004
-1.744864202569214
-0.291593057214562
0.085827652306965
0.995973910946927
0.506102502345379
-0.375848032538642
0.477903202064138
0.484551649554190
-0.974953002741816
0.233639669775414
1.008436470198149
-0.397494775638910
0.599384362892701
0.861291792184241
0.754636306124558
1.677982018942150
1.267814313660740
0.792423365075696
1.054562835665831
1.359540321044058
1.213443671372901
-1.007373070872758
1.774951416337545
0.011329842007127
-0.339073470031801
0.822418430913363
0.165207373895702
1.467594861278033
1.962994444263557
2.737745255311502
1.111988167649038
2.264469974506938
1.141962878406009
-0.546466097743948
0.107938080871030
1.874881744861586
0.822551889405578
-0.606219401337966
0.394614468284335
-0.406482905913105
-0.984475382056855
-2.118598729875599
-0.184531113705877
-0.122891614122267
-0.417004157181926
0.141797450300965
0.690064655202718
0.547063710566311
0.621424020489836
1.349545849129179
2.359283446542808
0.841353563938234
0.075704230035614
0.091235562213524
-0.301429670551530
-0.389422984283635
0.348413103373855
-0.455170270823871
0.729537060262543
-1.109166256446753
-0.865665662684651
-1.426568631403756
-0.650774126009252
-0.533036750885829
-0.889202693110098
-1.555284335481069
-2.670215001885011
-0.964517875214550
-1.054900188074297
-0.015864211782608
-1.325985636361337
-2.738185812087557
-0.190707349856867
-0.642916222398358
-0.267738901808853
-1.279761234568939
-0.909272482799875
-0.235778276211411
-0.242903198428034
0.089765535365446
-3.271348899386810
-0.893378876503746
0.663435389608370
0.443947359062442
1.465192578401761
0.059025786050485
-0.654432916437251
-0.287909368493074
2.476870522335860
0.755761321472900
-0.173924275652255
0.190750908347116
-0.346343942467843
-0.312212102113724
-0.161623348860953
-0.965266435771451
-2.577032810162204
-1.858491255784069
-2.076038580924437
-0.383361849449136
0.101497328728788
-0.022418706273924
0.865271939644456
1.798044103878509
1.452411923291471
-0.069590745606986
1.118485693607378
-0.629480497420323
2.295193041942891
0.031175861066956
-0.063221338461970
-0.482773304234842
-0.951468422390941
-1.489143501040109
-1.444924233749543
0.065579366284827
0.408946430108417
0.530894834716705
0.279270646726726
0.699720922940928
2.382676991906248
1.352924023700347
1.617136247579127
-0.430574338377694
2.700846132388327
2.744022541612789
0.194050319419764
-1.836042599795301
-0.103833188783226
-0.396477986598747
1.066077439921651
0.419661724743130
-0.230799781265565
1.581962627777910
0.837472572818553
1.880657297869154
0.313416031221564
2.159984325580885
2.078994085726645
0.543021393088965
-0.141179734656839
-1.522966550970899
-1.243392490586662
0.276358959777955
-0.303353235579970
-0.936328423969330
0.610492993354560
0.306498392856976
-1.899820696255802
0.962256945720790
1.005304101071929
2.804070651802338
1.529219271261873
2.219433909635256
-0.061640875654199
-0.084100368073897
-1.443468241913706
0.176702985044695
0.635961794680885
-0.541460944484713
-0.998991832374794
-0.935173819454712
-0.576722008228565
-0.645149726735347
0.244591538478814
-0.459583691039769
-1.042326727304939
-1.736984850858526
0.695086999679706
-1.350359287881625
0.901345117294368
0.672703736794756
-0.643672530705499
-2.464859105936079
-0.446700054883978
-0.933836746091689
-1.793740530356986
-0.548521057660783
0.704779919572799
-0.470434451119147
-2.397003112811876
-2.209634022015619
1.933668413869364
0.487846997176189
0.327129688610227
0.894193538677248
0.113292414948508
0.001040896705152
1.456732670917310
0.794912419966055
-0.387953447798501
-1.177046982619254
0.219426437386025
-0.924021900412664
-1.199995490352145
1.432856449475553
0.702074567534828
0.905255424118736
1.074015838921459
0.142562541937649
0.061311758492075
-1.165755996339645
0.858746164053035
-0.780876659765711
-0.018364272825150
0.020380019741238
-0.935742895040520
-0.745468004809614
-0.892592702605909
-1.459811049898874
-0.446114521776367
0.369846928701882
-1.461119754298187
0.011133867932441
1.537065755548647
0.052132514435560
0.190598119720481
-1.308954443636384
-0.100397563321676
-0.450139846797488
-0.301534186903755
-0.707335996481137
-0.640758667147735
1.153647533952863
-1.725721635998642
-0.304490931323505
-0.266239857638226
2.241917951874027
0.574907152047177
-0.209846795740216
-1.378809885706215
-0.518053485350852
-2.083838404541133
-0.766461394352441
-0.785518313766575
-1.737562326152585
-0.888798108915611
-1.705429814619209
0.645628904469532
-0.257118214540546
2.005364272703383
-1.086707906887831
0.464927215588903
0.919792084151838
0.128258281936289
1.521383433341875
0.565483034230816
1.005086445640150
-0.604393426538347
-0.846583783804101
-0.111618213320155
0.508174112301844
-1.448485664583337
0.288047287633315
-0.732015726236393
0.004988034451159
1.026016309398612
0.161137120951418
-0.401887775972252
0.971902442277849
0.266396388544930
2.313198120689201
1.046910662335261
0.625118456995508
2.024326412966037
-0.199423084001584
-0.529634854557055
-0.191992503893642
0.297000479672762
-0.245447632327157
-1.048073081892511
-2.337959865612571
-1.889458937222503
-1.208110532358396
-1.513466297363912
0.216947982345238
-0.898830108782527
-0.024347739782520
-0.418967397440156
0.331073423091929
0.492338803733564
1.106384242151452
0.588111495366450
1.091350986606195
2.652548619194919
1.548615537231534
0.218810162586721
-0.176488418285549
1.023876662178699
0.292974903099794
-0.293088792359099
-0.337985251808711
0.263093238053719
-1.576710891946200
-1.835702227745561
-0.807762867216349
0.990142690814963
0.357177022354334
1.831146636173797
0.692321363008096
2.702788404915870
0.900174967347571
-1.339325680643418
1.582216672250172
-0.598612549645844
-2.291892451582796
0.018945546153906
-1.192876913611284
-1.901670174138143
-1.838167490957396
-1.685476164595332
0.095928753854884
-0.723133612255270
0.111647465010992
-0.242403013167985
0.465642843256701
1.404113926415333
2.421579318310546
1.692306837198333
1.201937619270574
0.855404551275788
1.518075205090151
0.776336542635599
2.250277981348789
-1.188681972178459
-1.252324435657787
1.110501139492321
0.132662013502096
-0.965275627188926
-0.157785282572358
-0.345817386790369
1.293904681378520
2.240149724616719
1.935105231883260
0.819249785226381
-0.107762616882923
-0.293258450142758
-0.665250821715579
-1.163358908805093
-0.245618967565688
-2.095146910564216
-0.514353985179950
-0.122991002812410
-0.345521212144132
-1.138940966518356
-0.845718113440824
-0.433380345317107
-0.799681614034041
-0.593047359793957
-0.637643971539130
0.534600111994683
2.236226125966396
0.865522575027374
0.030050041840778
0.229304783375532
0.410156629801338
1.046660388761877
0.834213855345950
1.227580133991677
-0.561325282831388
-0.785253788312172
-0.444532765064061
-2.037073314964144
-1.675954257497253
-2.113614496881339
-1.196691338866263
0.090556412817008
0.352009992602788
-1.838410792787520
-0.465951987046487
0.408719187814394
-0.556344816061316
-0.686934095302994
-1.543041925424669
-0.475525198371255
-1.030521714146457
-2.136875225657453
-1.307834397377585
-2.133147012560996
-0.434025407719893
-0.861869263988362
-0.415191295928795
-0.298160658620408
-1.166404113916014
-0.079229712560362
1.028423255587652
