-0.873054612251417
-0.068692414535827
0.073756699705387
0.475406968421103
-0.219531109316203
0.059341651261648
0.217060262224154
-0.218111182820237
-0.160240412852395
-1.308778121789687
0.135371257440259
0.830167019117617
-0.313394696663781
1.681337813382284
-0.214393399723650
1.594513795316055
0.139921101153752
1.549147480433571
0.305732135622246
-0.296768158638060
-1.109106989500063
0.797991704256328
-1.892546427314270
-0.301307658488921
-1.176110166595704
-0.545606684643267
-1.517706974373752
0.916397165384427
1.022027932162941
0.600311887337889
2.154226350107689
1.980351867592955
3.310321368012949
3.631981493915217
1.885780041449023
1.125127553543121
-0.288805276426502
0.114010111656906
-2.825596378217437
-2.032558444240673
-2.471960618653223
-3.333340957706165
-0.973717918079785
-1.219021381377703
0.528751691384561
2.602841805360722
3.450420990490957
3.344459954525553
4.892771430839928
5.725962406775941
3.522394243297816
5.205059805374709
2.163416054025173
-0.463415048461409
-2.029583623791245
-2.203267672856521
-3.444329631194801
-4.867363167210920
-3.430609777180230
-1.342402986385804
-2.270530508021936
0.038070243862187
1.172747878120584
4.315099886718081
4.471147312089424
3.427386980385806
4.203461589214357
2.978227350679369
1.865750444880657
1.630515060816945
-1.625452882370981
-2.082152468745196
-2.776812160264121
-3.661255746759333
-3.925479728550843
-5.212649634943719
-4.632275930507992
-1.606759853432446
-0.317087456453403
0.303103248473338
2.438333149799942
4.593248638306138
1.577190654561505
4.068326359114438
3.679997765636066
1.352436341020743
0.708497185636828
0.618076736468230
-2.489647681711141
-2.094357793053671
-2.016508365835367
-1.548516966864412
-3.006970994311997
-1.849616631396660
-3.305794326049755
-0.963438937053615
-0.995334776833057
1.126563055854675
1.199727932858013
2.815700500790278
2.100055990770221
2.124793744974601
2.124027464099021
3.600883792418219
2.012791822603319
0.083594768225535
0.610099662837330
-2.366424738634207
-1.692309972163477
-3.769243740631659
-1.272908176026464
-2.011858065032133
-2.432910640698380
-1.149200544094642
-0.245580997178176
0.235507629010132
0.958757820367039
1.431886339937289
3.104446174356171
2.183045389855383
2.451920063993847
2.175652333831137
0.231716413404977
-2.215074773904200
-0.000476806201656
-2.118955321927503
-2.199595804471937
-1.342321596309662
-2.878063314328095
-3.731643883773660
0.498057833751280
-3.063415756452773
0.158279060820655
0.897254232373763
-0.535023825481350
0.261533100307141
1.209672383285636
0.932573045792836
2.978843754529459
-0.207142497863669
-0.284561414722954
-1.502258360564903
0.036886640337102
-2.162877090228588
-1.376446088732886
-2.052969397197346
-2.010617185112055
-0.960910333753222
-1.029934027998715
0.393234766545840
0.740548285224603
1.874393603436974
0.938830721575711
0.800202137552968
3.331867379928741
1.177612594554218
3.006869963910490
1.645459383295713
-0.067540367057257
0.990762556407110
1.357936759163155
0.817978425045729
-2.314008752187994
-0.031013904761918
-1.757540778006322
-0.667971221202290
0.366466000301575
1.402023888533050
-0.454253210517874
0.444899395176170
-1.029506377980969
0.571261081295484
-2.163876416277003
-0.425555068342875
-0.611636604848612
-0.029231435778089
-0.272781664695323
1.500971503391581
0.966522301551607
-0.326781306680974
1.860486617571134
0.053531866112065
-0.040969530298055
-1.149610454025570
-2.297899442515242
0.043443449571938
-1.195642665746501
-0.306348548246801
-0.249035609700601
-1.202165449462207
-1.728104499521427
0.270120753514660
0.793756128225385
0.200205452259039
0.036911958827647
0.628255631069902
2.074430005396841
1.854715833781198
1.590641693604060
1.109482417045132
0.676388707155906
-0.168052897120616
-1.778766354366930
-0.565145814708494
-2.265765410432274
-0.456504846939010
-1.967560261066127
-1.635271715993973
-2.852042857369137
-0.189319153785335
-0.022638375289092
1.869285051175276
0.617157925482359
-0.484936731355229
2.336798044614652
0.639007863593184
-0.316146607820623
1.164763692796263
1.284788244667952
0.274876125758778
1.148451311494349
1.535455976773016
0.811648233046871
0.272067832856613
-1.365904981668140
-0.384179994352522
-0.636443403307894
-0.793344401230445
-1.204525247619128
-1.004408850714195
0.370763810945449
-0.484361660598295
-0.370733329938202
0.386093098750142
0.809499758115467
0.050760503830025
-0.957044062593266
0.387771639317273
0.171601489507869
0.208618525813318
-0.839412866400995
-2.012959296530136
-3.237887100136951
-1.377265389466110
-1.286678604680039
-0.280905255045627
0.649187667668790
0.436314204360786
2.821692462526258
0.330727963454583
1.304070446218246
1.585150075204856
2.322167867023826
1.513118677473231
-0.477077025195564
0.200116939889112
-0.281330016349403
-0.114481613992001
-0.556959071437826
-0.161546210688938
-0.210471171919062
-0.847048444916702
-2.760502642096340
-0.617546353214626
-1.321957805844887
-0.747266043734965
0.159888055537662
0.726939929406212
-0.985037016048214
-0.095054067603057
-0.306707785577076
-1.703022924299576
-0.466006982002064
0.671144508055605
-1.102464364370698
-0.507271494235558
0.146161555007283
1.372754531340083
-1.273524522617082
1.291128627112174
0.062353115321058
-0.495139051197785
0.456706138491180
1.302743062742941
-1.117022832547239
-0.824925576601703
1.396751413407449
-1.690717768691249
-1.994165135005634
0.123903366410436
0.327908863444854
0.502600921542702
0.451351756020538
-0.090814755754387
1.989413755325493
0.130321140474399
0.611574697729570
-1.935671579562836
0.432183072747530
-0.311592937674644
-1.861045538233409
0.428108084561594
-0.039871909437088
-1.722779800558843
-0.532872298076474
1.306003594803998
-0.172491169771921
0.825586570423767
1.327405576035954
-0.518505215889246
1.993985313656053
0.488646346648372
1.854968819887153
1.703403582540540
1.145333851663874
0.986548919205192
2.006585485655708
0.407686529580293
2.063266933948269
0.243820649425336
0.840374034903501
-0.765528980281812
0.637533266689745
-0.392110011816150
1.043524383183060
-0.307217936182845
0.502015525555097
0.556872816696122
-0.772520098731716
1.426526203733141
1.969275651306146
1.277156096853302
1.932609890452619
-0.342896410871687
-0.416759607498770
-1.706219035282646
-0.005261408226009
-2.459808569640856
-1.763069407356397
-2.101652029672662
-1.300126953903406
-0.387746846206836
-2.207963358995086
-0.134547115635572
-0.993731385923575
0.203711659641126
0.169925835227261
1.660389098029749
0.561825165370119
-0.282907794446930
0.969049368442489
-0.020708481799176
0.313150529154995
-0.314861620036745
-1.602123716729427
-0.794647499795984
-0.559505089276349
-3.230525802605207
-0.737804734858247
0.194055592467431
-1.443381940673869
0.980116846350747
0.592876910146059
1.617121203791244
1.788078009018273
1.248428533795491
0.041018580051741
-1.408155952829652
-1.266999312135404
-0.745619101093467
-1.256862757586499
-2.596015581160441
-2.684734202089599
-3.472303637847653
-2.802271147086716
-2.185845958941303
-0.368515794977746
-0.781786140134514
-0.203743898280864
0.443039003173556
1.434602254126059
2.282004581866921
0.464930409116016
1.437829739263774
-0.489519687591069
0.467724434834838
1.347631207969938
-0.704794635415167
-0.144541806427158
1.406449685049396
-1.172257251862882
-1.052203466686110
-1.135388314579897
-1.070237060195901
-1.417672525975596
-0.261953974648846
1.884469469116443
-0.772265779088754
0.554511469924772
1.492310639764134
2.800701891251749
2.268898459163499
1.349630811349415
1.457196054616654
-1.116414856433392
-1.782493219737968
-0.426190248122911
0.321761844833563
0.191754299283646
0.122464780137512
-0.018391542619041
-0.117992843675420
-0.381832589758191
-0.240951133779735
-0.852971833253174
-1.210563320295690
0.518549393435118
0.489307658019518
2.939283350064565
2.676989096394147
1.674693707048199
3.570276227327699
1.360468326637336
1.526891678449313
-0.968001356359757
-0.489054281116412
-1.477208964455939
-1.638537839407272
-3.381910780936237
-4.194338234756218
-1.395720550009936
-1.317575323556192
-1.656239620840093
2.387100970790297
3.474719546607794
2.879131391677850
3.925366402257862
2.451624835085662
0.098632737331017
1.444509716980347
1.556713643329090
-0.434861288873088
-1.721002300853148
-2.239608195708088
-2.343835364726609
-0.903455152187396
-1.453990928827229
0.928289981295527
1.461595014555164
2.843409271526543
1.662783800249782
3.059130951787624
5.134844153739372
3.215765961164505
2.267554156792320
2.483249024573697
1.167549329486842
1.719414316094847
-2.066404354912475
-3.291201034611776
-1.238947428368845
-2.178611237990760
-1.020051024058652
-0.595071674262176
0.447095838587901
-0.046166220398602
-1.031112854120893
-0.527743239451891
0.990977736919743
1.562480127026801
0.360789788117250
-1.189697344394299
-0.267368904099919
-2.134598101412628
-2.307218058050205
-0.614847934640977
-0.847176809789952
0.008310868646744
0.869583542392893
0.730484591580864
0.244695222233215
0.979703542372176
-0.219802376306733
2.179397895291290
0.020678775077622
0.368762584477399
-0.837452513616467
0.223815384147309
-1.005830737269997
-1.430013638940412
0.843620736905799
0.273902352744750
1.034201393131357
4.095236270647637
0.630185816342116
1.923415665317416
0.571872312949223
-1.366446079835504
0.066909884879664
-1.083251326543411
-0.490522703580087
-2.094304825431146
-2.150099029345005
-4.934675328354768
-1.800023244893552
-0.563424898014756
1.542247562856494
1.702200001613396
0.172691658530485
1.016105841051206
1.152282218692956
-1.221749166102262
1.138614839707218
1.202877277030732
0.302806625925171
-0.894832084545771
-1.484560627300589
-1.374953508814119
-1.507160113709969
-2.961780066027270
-2.146899770314814
0.442647606079846
-0.210792012472679
-0.047866411175513
0.912816709396640
1.979275893727200
2.557188327054632
2.826497230478847
0.908906138589088
-0.338647840566724
-0.278698219201041
-1.058208296937309
-1.438549928263362
-1.264183171186642
-2.315769347256913
-1.862271814431005
-1.350438130828359
-0.313894145604784
0.912910111446026
0.810967719340877
1.091615074422884
0.178977360409049
-1.319941586366718
3.299939867926688
2.343031709668029
0.130884221851387
-0.629048278520889
1.280900182210041
-0.392977114872714
0.709926673245678
1.129728505893248
-1.295809938932959
-0.731669744279300
1.830505676809343
1.357214261794736
1.118433616965006
1.230652410340118
1.282724821775306
1.672298031464568
-0.208475791707303
0.003864523691364
-0.257069735291412
-1.121024978424941
-0.322146592164552
-2.984120753680708
-1.171737136126678
0.378495172648370
-0.456528383425985
-1.872452875332630
0.199749234150367
0.741063765873033
1.088448573994738
0.320236574908540
0.127793408899991
-0.734539835494875
0.727152288469295
0.261492167346399
0.140877130325095
0.888702655524981
0.746592020568882
-0.704427668861844
0.084189381403248
-0.599499169951209
1.265993284409340
0.595998653699098
0.350192973270499
-0.547078011424501
-0.409115472546682
0.688935301424970
0.096527526806264
1.423697542597400
-0.280458082111799
-0.438310422688426
-1.679805817099654
-1.622999676954760
2.733087533126698
-1.110121007833696
-1.470112488338567
-1.859746108980972
-0.255611257695628
-0.184040940570975
-0.362683753913604
-1.030827875538509
-0.945028876868099
-2.232153518456710
-0.288284429465534
-2.037737746628673
-1.147421588531726
-0.104856238893610
-0.993537439566645
-0.865767846902453
0.166967175634416
-0.638501122783899
1.349148002404357
-1.011816906871611
0.045490657383436
1.169357742751739
1.106187176368858
0.169805674803177
0.935636571132034
0.769544694747712
0.525419235169432
-1.041194352210039
0.118876603827184
0.356922108142365
0.424605147138700
1.754955677989859
1.372865835566073
-0.733580393273130
0.230262541345449
-0.418179838199339
-1.255601901694828
-0.689493414510782
-0.665356388528877
-0.687914561573148
-0.684265659854987
-2.587967249031411
-2.186327337491514
-0.347945146150638
0.144969614661014
-0.245840969091790
1.085713514591202
-0.702878278322137
-0.206834390126429
1.425643389910107
0.632446225714785
-0.678204279416733
-0.435616821872238
-2.652823363720011
0.347015251187876
-0.973027024629650
-0.387112020211000
-1.233773984144835
-0.064851273302133
-1.241584928348477
1.272585279489030
0.188573739678850
-0.401265740257111
2.243799562221456
-0.379353153692274
0.274937401758508
-1.625220097787212
-0.169526970079834
-1.215468693808529
-0.589485983083049
-1.158310178517660
-0.756220437470425
-2.463717706124721
-2.702786400750139
0.511607928488833
-0.825060906080307
-0.913056394919552
-0.361767005626381
1.249050148125157
-0.375695471324661
0.135888080552457
-0.283647368055190
0.829448221541230
-1.860757884783198
-1.977879929393108
-0.493204765223327
0.034635774495579
-0.882814360432392
0.490520002942761
0.244655547737338
0.032481773696086
0.596993129683968
0.864379295342821
2.147951343121319
0.277882797593118
1.415987064460599
1.712595926610757
-0.998200980466893
0.727359451352473
-0.620703747176630
1.927337875132329
-1.039399995299788
0.567262048775206
-0.130702131993512
-0.630399781828107
1.253809817455856
1.341122218850991
-0.832926126791730
1.850812264932962
-0.662905163598562
-1.808712632558990
-1.278125269644702
-0.441362117147309
0.604048042318167
0.010211714994291
0.586327856576363
-0.116833243616746
-0.129981198409727
1.009581067589031
1.064585767490362
1.421723662928239
0.600210566044137
1.302984577109866
0.109348048544036
0.220591036546329
-0.716977958122451
0.874835731350138
0.695826886233596
-0.304479867945760
1.601424733274197
1.771102057809189
0.624696346333724
0.400276213138920
2.012253730034994
0.372293832726092
0.869726125641384
-0.394508771158325
0.180914173805290
0.482665059082690
-2.289768643039150
-0.591806473193786
0.755684472086518
1.175618887813219
-0.926215175162786
-0.954481777534900
-1.328793418178718
-1.353940056007535
-1.003553985011496
0.221326802932451
0.137203482256053
-0.858976143947997
-0.535785866114592
0.739838793833906
0.385860224162476
0.910606277425731
0.792358882934523
1.208405206599782
1.068308722568354
1.209213604004349
0.521964219951652
0.217280381294853
1.066823382132579
0.078733599260112
0.005966638005620
-0.156690565363090
0.564945079283230
1.534906037026224
-1.758110057118075
-0.238158052201617
-1.006039920714487
-1.469248026230410
-0.662094925250984
0.395335192266827
2.126075822159624
0.323905481257500
1.662391968329079
1.078277645682019
0.409739612249940
-2.132073951809367
-0.862924491655512
0.036532116681762
1.313910048765812
-0.569396350650009
-2.565060916144444
-0.064883654841248
0.458575818849020
1.144798265307364
-0.667006620802460
0.884814065722532
1.222814272302567
0.629169443185990
0.712006148561140
0.475034288888867
2.385874752439844
2.329465425001057
-0.217579309922072
0.343197057927577
0.028816729794753
-0.310677940259814
-0.581252985152023
-0.632954044948718
-1.762536858115029
-0.903089025400991
-2.073754025592077
-1.357830596814156
-2.421066069026103
-1.431406297262118
-2.526250977803706
-0.944397024565061
1.303930551223353
-0.473503094568122
-0.306202459834333
0.784722632918050
-0.560738733148465
0.835959615856773
-0.970498784668434
0.676823775066660
-0.956419354950986
-1.745956251467359
-0.272210938998707
-0.249174689196062
1.557587810175089
0.295861731238184
-0.844280339601894
1.274778064302931
0.936814517768609
0.677439609902838
0.653696627847129
-1.013889789044280
-0.035527386588455
-0.416976122922888
-1.636930452477780
0.045302110717713
0.180590371538911
-0.377118306837996
-0.674135198125140
-0.810449354209883
-0.772758512552933
0.396084363343141
-1.351095337812308
-0.012592334715876
0.268976231865941
-0.996272966301098
-0.796632960467459
0.595410335899653
-0.123795935232260
0.935393197290843
0.205306369275458
-0.201522103690307
1.135974647662433
3.491729125447281
2.069678171697905
0.549741678385866
1.051624819430068
1.522570270670120
0.892438003823629
2.124472521485378
0.415689983411515
-0.244456894753251
-1.127427287406499
-0.188969923882910
-0.082690614065819
1.401362908085782
-0.828212525878929
1.598670563478862
0.968881651620035
2.400670307844588
3.363160452497413
1.755694118983592
2.640071432822789
-0.391744807178118
0.752935316144537
-0.265836581388662
0.565765773649832
0.188722944405550
-0.863778591657182
-0.322557515332630
-1.053896246781740
-0.883867118491675
-0.300255993620589
-0.816550151816132
-0.871460501957418
0.499567048462371
0.284438919933179
2.562526684423577
2.781498320189167
0.921222272659321
0.489298144119824
-0.916783122348526
1.147958444689997
-1.926856736958841
1.149246927012247
-0.329958854536580
-0.365867292085983
-2.123870872688518
-2.540273536548708
0.273192451473302
-2.269262378775511
-0.423202532072134
-1.556415221405701
0.416449938263115
0.003540239629022
1.696035595311149
-0.031308161622038
1.664482027272934
0.412998018985176
0.149319497529236
0.992368378233988
-1.441509454489448
-0.988699603677381
-0.369492245052599
-1.052523281431478
-1.801439681797526
-1.013692117568722
-2.178145591684526
-0.880606044676901
-0.932410471593491
-1.208369593117046
0.514559036035651
2.009502642238705
1.097767475680688
-0.334785944421171
1.372382220914365
0.442612597551529
1.207695781600844
0.684208634260989
-1.315759511108807
1.030206288811254
-1.138826382160158
0.062802650653014
0.092799626538455
0.399710089817176
-1.648072538851349
-1.064787043352774
-0.892119782081793
-0.628206541075277
-1.819108460145061
0.660512327438641
0.347469286536769
-0.121515618576519
-0.455574605730097
-0.628562406998581
1.449293431104604
-1.052379970815891
-0.045824120220353
0.144438518771447
0.152699316204004
1.109077569266988
1.342769060334487
-0.374315749482693
-0.348094683919874
-1.234355677601738
0.002559465257986
-0.105792250323034
-0.601818899891870
-1.144174469023908
0.234469502866434
-0.890364111780224
0.719718899449842
-0.051666007456857
2.762676297218327
1.611656617324451
2.407035030476574
-1.130696519119278
1.187658690795564
-0.710354485251687
0.733180803303746
-1.199738127670510
0.992712383592451
-0.231948773680470
-0.485048035933798
-2.252986139886766
-0.917055980840302
0.322824194904414
-0.652799015967572
-0.732496509037491
-0.237346597967487
0.390352915103222
1.469811880311170
-0.509908072143199
-0.596101514833963
0.887478877669592
0.564686596708680
1.080428828062364
1.098507353338011
-1.056441845769305
-0.777252886777677
-1.968422083271422
-1.138302292111868
-0.615953652046569
-1.455034937435058
-0.426095692091399
2.317963543300337
0.608205638888255
1.714772183437236
2.750278347631307
1.989439752154657
1.301035897797459
2.596765722276213
1.443706072380829
1.300351313503030
2.243241532289497
0.418586692046757
-0.924575278363019
-0.825757356578627
-0.946614281838589
-0.443585999058527
-0.112375356029836
-0.403428588991174
-1.743434761676061
-0.458444936646646
-0.058441173655102
0.658847816720631
0.206429861005350
-0.738306151877362
1.545166838190916
-0.289689341877540
1.809950318830881
0.001645594852546
1.043995123887225
0.726991334815028
-1.010078188039413
-0.489957292795963
1.047121433352879
0.342933467910090
-0.032174630147779
0.009129100311181
-0.273608282605693
0.915920904496133
-0.169616213846072
1.322712129977391
-0.508439011378785
1.967945032472262
-0.211563786137924
1.357224075562953
0.573152907063517
-0.271456270017105
0.411664624276901
-1.913684254942673
0.149224993717076
0.022893367632625
-1.393027502521110
-0.454153964956284
0.117201344671210
-0.825384157424721
0.293343929413540
-0.146711865888642
-0.821382183811400
0.011657494509376
0.647920648225953
0.446436462134240
-2.534584873952629
-0.144836508791354
-3.034408703640866
0.534119380580995
-0.594542726272112
-1.281822905711041
2.034363917157723
1.115049082835168
1.514051756884862
1.187122699780065
0.745870645159571
-1.035695611413465
0.497608232556014
-0.194094676734009
-0.306033501186333
-0.847232479433179
0.665257247624308
0.844794571634658
0.602351573731960
-1.016436754996408
0.812047285881209
0.332267746169834
0.672844756183902
1.407748519708530
1.278541409368815
1.108647192230526
-0.306555518228062
2.123406887979201
-0.089724959992363
-0.680774241068091
0.995721834211523
0.407817289710615
-1.701689705979911
-1.565368246874345
0.347030422334557
1.419236202740744
-0.539642799000520
1.569249311364478
0.462261444669185
2.052931175320790
1.944555544725569
0.669851042275482
1.265710151606649
3.428361786021299
2.109893242494352
1.386703844945789
1.362250285950521
0.683767249242706
0.513488932923913
-0.131405474772961
1.034618313100906
-0.922205629506453
-0.862536773673656
0.389854886071929
0.921322268783890
0.125659644236476
0.682204228197291
1.256092378261569
0.745190563430692
0.207872135837292
-0.600647011276583
-1.893447173982988
-0.658890094654349
-0.318563450072793
-1.629059644642401
-1.001485953803832
-0.880441404778141
0.641740005020774
-0.107118970773380
-1.973277510788631
0.707389925056189
1.834822689046550
0.754715595622132
1.564319841537528
0.567550702987652
1.353809573479039
0.379983387469688
0.596636673648317
1.581873452346813
-0.408911328916995
-1.694430474171165
-1.051643423753227
-0.525122707072022
-0.442596509713272
-0.942706443125543
-0.970497633399463
0.044339539692142
-0.170783358802358
1.210831309575221
-0.723322997801767
-0.931796858590797
-0.909384798273352
-0.452566656321965
-2.956191009471671
-1.781831798210045
-1.446333729847955
-1.065711113349235
-1.914621157782400
-0.528359858503989
-0.219001075235289
1.924271894421980
0.301088683479377
0.427563044874648
0.965289545387119
3.236287065812639
2.716891086048822
0.976373682024297
-0.820142453060517
-0.077647131814991
-1.578375964978099
0.359445378035210
-1.018065551285674
-3.049347911320832
-0.603959972364028
-0.289605710935180
-0.020453352063018
2.021819265034352
-0.038158033299474
-0.498785061024447
1.803701433166177
1.200321546649729
1.261690305738137
-0.068510091894905
-0.327669809744849
0.637820445508483
-0.049838132066640
-0.488405496752721
-1.710479698328544
-1.959314314280988
-0.219525372036636
-1.432710568533461
-0.984221057265784
-0.088184386353426
-1.635404987161574
-0.325184641949969
0.209232150434983
1.600013669178945
1.424932424555226
2.246509786462703
1.802563389218012
0.056002136566487
2.140628979146643
0.146232750896809
0.410254223141564
-0.524920904538353
0.854550494115961
-0.510304383188422
-0.816756839962408
0.514691414020622
0.790002367118578
-0.002328537670247
0.832472167298915
0.586854390778670
1.779593249817261
0.780354507838957
0.580632890873252
1.254123599217116
-1.814496285601594
-0.613617199607481
-1.718107802572305
-0.622039269054792
-1.353377382499441
-2.079652479556521
-2.001748623312954
-1.944200278893867
-0.983827977317197
-0.729619480207890
1.399936024699322
-0.364276520779599
-0.273003853194175
0.995821503259361
1.172662706104056
1.729541194006703
-1.562470515872203
1.152736316992925
-0.202151263067871
-1.080885145170327
-1.369708569223075
0.994868623140146
0.294661122315341
-1.482440416278276
0.460317728035270
-0.158247155655188
0.847680055982896
0.243520455942712
0.182518060254753
1.046295356877077
2.985199538217262
2.162771921440464
2.825611591951335
0.859313119906136
-1.118258902209827
0.268733128105189
-1.181432115820841
1.151105694038626
-0.998618720146804
0.256076827560766
-2.248472462104705
-0.310720058125179
-1.062174355145352
0.436538215355261
0.328423621753615
0.385625660646142
-0.520784226059446
4.016372761399539
1.167408468647418
0.684137652027958
-0.455054664050268
3.291149909096669
0.249981120683271
2.276997189760727
0.269536173616436
0.052835727417997
-0.171597515237524
-0.623882999961081
-0.685744014764091
-1.475130617832172
1.051623171867122
0.199589413434258
1.741367363797422
0.339012661669195
0.626888862596714
0.036502290616582
0.648973856835106
0.245875927443838
2.862569648142923
-0.051925085910430
0.185009860099059
-0.649067952354875
-1.430847727355079
0.142685257426066
-0.458703521310250
-3.343824061242834
-0.503714974870439
-0.657068982183323
-0.318212142693260
0.255578884256924
0.439218866607580
0.292156843606606
-0.934493756184197
0.053712215669599
0.987730334318191
1.955217772438951
0.990796528120746
2.144345760424274
-1.477843932647174
-0.250127478827808
-0.702175285142024
-0.000045192160537
-1.469152503826891
0.909135984000938
-1.304621668681195
0.029274505338527
0.363260463081400
-0.051419435003201
0.497751599865518
-0.222719957862604
0.887238712152351
-0.439557937014530
-1.005868987850405
0.107949008902175
-0.969778869920248
0.009590292643405
0.243789294902225
-0.329036980235295
-0.762236993066883
0.232056719904358
-1.856385346111512
1.049360297367218
0.955766340717422
0.552693821818251
-0.245705705422482
-1.651235519418907
1.007475901598804
-0.915163729948969
0.660617488291775
0.157442605209953
-0.187578791395109
-0.621078072617422
-0.342950876589111
0.488402754569646
2.344011914336936
1.267919055979021
-0.379911411536105
1.486351548369861
1.031930850879361
-1.182300648413030
-1.135033767813092
-1.089929161560141
0.765108250398186
0.304332283664858
-0.943966348089005
-0.434346527061105
-0.714510073440401
-1.239505896406150
0.759054088833271
0.306050699999068
-1.000880599605966
-0.357812865168877
-0.145835605269404
-0.965678322595943
-0.076072823390600
1.182628417679459
0.785176110442635
-0.665820128215237
1.106831589501883
-0.769664806102851
-0.891208953668244
-0.695857782119939
0.039166167511859
0.800777721593122
-0.002947228459988
0.573405356485046
-0.716489883705630
0.550854907983829
1.032490833458848
-0.422382666516606
1.408320963623731
0.614714634329600
-0.586950734293950
-0.736818025266366
0.991992155482565
-0.335315822398510
-2.769981027980917
-0.298511605395509
0.068800926069820
-0.494682679060285
-0.285446232826603
0.973583251342527
1.534918426904256
-0.363720474381193
1.371231910310179
0.047276493962687
0.703571486082890
-1.650633539462853
1.228273377089433
-0.540731965620343
-0.439858134214917
1.521982927171970
-0.960656705390871
0.208662288092320
2.293054009374133
1.237598253100010
0.927613299869333
-0.324865345732140
1.331926882441260
-0.314992536637707
-1.305955858962565
-0.443065384465916
-0.220823644405350
1.521730469022488
1.485152407759201
-0.153546453019774
0.226197556316691
0.240825576142534
1.017934975299416
2.561987620610249
2.451180170955141
1.096229193583249
1.077850172199385
1.163401874156761
0.839423179966017
0.613332402395254
-0.124579752137743
0.237504332865474
-0.770608392037110
-0.855778684656999
-0.782671663237816
-0.701163218822656
-0.786836825631650
0.496368388339116
0.642567655394191
0.420682571504359
1.545434297585126
1.014525835339408
0.043997837978994
0.268481905563444
0.072257912951752
0.393570230685036
0.626550034487161
-0.249660021930200
-1.561480448430610
-0.976692376575150
0.309849538021028
0.004063401410314
-0.651509264001273
0.198528460349551
-2.976843132983564
-0.911941247186338
-2.142043472325259
-0.322737842678875
-0.618887818712856
1.094943087010430
0.147271785298033
1.219009111869964
-0.112357588113648
-1.903788920369785
-1.665027928230505
-0.860739651881711
-1.649898791866770
-0.224420201657795
-0.437762363326640
-1.634456181533942
-1.606989202874103
-0.759692504910576
-0.770534723567578
-2.155788303383501
1.077700179254408
0.755050151957409
-0.881368590340434
-0.178990424542364
-0.243385052806222
-0.053828032522938
1.539766305054730
1.499920876194366
1.088891218552261
-1.491774639921404
0.571502299361489
0.299235928119756
0.018188432375960
-0.715237599813349
-1.679855114493675
-0.354319940083199
-0.692769206960369
-0.644966969792260
-0.523826006451182
0.030545511743108
1.219989829443984
0.178634938883281
1.691302524157268
-0.099246154605316
0.294954487101117
1.379805983140001
1.632017977744121
2.027271998779195
0.452485551803544
0.055594452510044
0.700501286630664
0.471746414328221
0.611966088881047
1.581784616908184
-0.085555954646036
-1.339812386853473
0.242644401853523
0.269608576760110
0.948056826791817
-0.276179820947689
0.963703691344062
0.221202464276071
-0.136776390734855
0.855261138900911
0.433174286891132
-0.015698884929163
-0.525535724912200
-0.885595609214140
-1.515703290624433
-0.400337557849434
-3.241734660048188
-2.206853085818873
-1.317996823936623
-1.429201648665119
-0.308760908941295
-1.095755139279440
-1.354762186643933
0.062890147509139
-1.383755019189980
0.506710537342283
1.385006159298529
1.516608727841534
0.951301379744278
2.232471025394005
0.448255153105712
0.428311991969984
-0.964893259114530
-1.564655596739301
0.043111266967054
-0.244827686638673
-1.573151658632528
0.759618375016402
0.568629962248480
0.993208127457878
0.138851080227127
0.858447371796201
-0.301546913609107
-0.659837291326826
1.203913458465190
1.312237581091627
0.003086755255464
-0.331093630238860
0.378312203518701
0.322351791217914
-1.015667451765370
-1.121685802164589
-0.517664639765680
-0.859520402830307
-0.385817454980940
-0.886934923406645
1.125006611871185
-2.073810040977571
-0.207384044997530
-0.544782262143416
0.504825953406564
-0.436351402407608
0.896897224805042
0.698063134110914
-0.581540390108913
0.534693293596988
0.068717377806993
-0.403711573848935
0.001451524939904
-0.197780191039322
1.703038601521647
0.676089979787383
0.952563886338884
0.058561667239562
0.365001727593431
0.575280988481562
1.847471186335244
0.938207961561273
0.480646709098263
1.288227055599791
-1.016510318923097
-0.397399587842336
0.197811695987289
-0.028598629675388
0.565488682962312
1.238043342742843
0.200009198493848
0.784458503339064
1.294281098260116
0.081193646351337
-0.100879510723227
0.172342478780634
-0.357359771480364
-0.343678738192102
-0.656102808305925
1.904652492348488
-0.253324273815354
0.091812075549114
1.642058562685611
0.190466942286652
1.285568691321107
-0.171767676941592
1.304627621870266
1.926005785666198
-0.439658998309097
0.519136510149250
0.406081779520838
2.588516791147615
0.859375120673243
-1.481138020936313
-0.453300056269967
-1.340088313452519
-0.531123074309785
-1.263133104250747
-1.476157768543798
-1.253596451558123
-0.164611454399275
0.657368283070629
0.099597058693545
1.122944984645083
0.345570933802168
-0.233271678869285
0.539577678474671
0.797145452339885
0.463629517413321
0.741910556455492
0.830363743054329
-2.159611960768753
0.353485496736041
-0.195277983701704
0.612228514716430
0.401396336924362
-1.086348937186320
-0.099490019012313
1.624080144266246
0.682539884408508
-0.188803959467830
-0.050025663881846
0.159544718205227
0.658265917453464
0.948687749675295
-0.375095691254316
0.930243057714557
-0.378596033011833
1.003098118860149
-2.123294388686122
0.038062471998802
-0.733560953734796
1.967453306053630
-0.495380459907318
0.812002737964767
0.820118242138607
-0.178809041070176
0.322919905737573
0.224373865221879
0.193741983835747
0.787442324245941
-0.508365729201865
1.125565656506291
0.379707631955318
1.289214486195543
-0.398524397087176
0.817342027623758
-0.826361784640185
0.461564475348870
1.269570448000104
1.260442941786134
-0.132003166721513
-1.130578105369358
0.448660367706521
-0.016558277826259
-0.039914054541433
2.375977402874233
0.715708639051647
-0.520325195971483
0.968636712384716
0.747861817968392
-0.210121463080224
0.227620962436868
-0.138912608283502
-0.504015594631252
-0.256000743337829
-0.221764300120553
-1.599629104605858
-0.498602595194595
-0.610867687126084
0.361199509239463
-0.425220198364254
1.442768497380668
0.893773910249126
0.300883151464875
-0.684413812755105
-0.570383670671410
-0.545918078174243
-0.465653046917042
-0.421949577748728
1.783321414116028
0.405756096720782
0.674938048748961
0.398253929104438
-0.019012380970627
0.223774853263629
0.642257886930530
1.578690756594357
0.769466578611330
-0.891438132335931
-0.587837749675901
-1.117197820785938
-0.623978410451194
0.801082989099421
1.268718296913747
1.256002396737007
0.950875967734345
-0.470148849891965
-0.154863607147804
0.930108867698954
-0.792935270277350
-0.437879209436682
-1.187866040393844
0.447577791941650
-1.674073528089381
-0.510654973866657
0.633516525707533
0.203842750702005
-2.363290084256315
-1.299808439838373
-1.882097050760034
0.022428333137794
1.861912652081400
2.113493755772465
0.495003086200969
0.685952256225242
1.034507850739137
1.405541241629733
0.122686731612116
0.352898765907987
-1.137999816438289
1.111464273990266
-0.353322475813361
-1.462492424891788
-0.586725162451081
-0.777126261218276
-1.401924836686623
0.415519728199182
1.636327498982413
0.993398512308331
0.051366006480178
1.071828048934669
-0.189324536499101
0.601515404206619
-0.130786616201971
-0.724691882868905
-1.806062687732710
-3.384983837399384
-1.373115785003966
1.702386228391605
0.425575943812869
0.646762434683209
-1.562449495567540
-1.223948389429095
-0.472369607016443
-0.554575605560367
-0.944484361671886
0.076919577040344
1.659607002593194
2.225719408126060
0.500286151443472
1.789632367677272
1.187593327615935
0.483169155382429
0.148327472630041
0.050818335108563
-0.937283653530692
-0.925867604033549
-0.499124154293104
0.187785091227776
0.802626337669183
0.419619092354989
3.186223196834515
0.920708981228018
1.104069922287664
1.799388252486667
0.629996566664378
1.334707560901950
0.621243948194456
-0.179577331852220
0.221058353006732
-0.399224566193992
-0.239580246772849
-0.015005886291532
-0.680506739169364
0.129737936730866
0.413861578889438
0.993753482058596
2.060748333810410
-1.741012276338542
0.156132965777005
0.756658689112621
0.458523220032415
0.746964380345073
1.111134777381728
-1.046093346980870
0.377846654512993
-1.043249653126544
0.179420206712155
-0.392062159699530
-0.808458746499662
0.832892329958706
-1.049137558637683
-1.135434029007093
-0.400912805583259
-0.416982472124161
0.049191734898361
0.679370407970415
-0.163615012825103
-0.691062861535742
1.589908974897181
-2.125040956650377
-0.748762936421613
-0.506235841338117
-1.124396480778120
-2.058303358756544
-0.206355399681957
-0.040850445488500
0.014573989663194
0.405954040523570
0.530439340402831
0.375396455352925
-0.349137942785582
1.840541544055860
0.403786710382623
0.146490272470484
-0.215138717448591
1.486899814325078
1.842557068774709
0.408500943639586
0.970116996666407
0.719034826740758
-0.056842302456679
0.125927555945541
-1.176746742388582
-0.711416368406939
0.653755050887508
-0.153251467824095
2.326229746970118
-0.498035145248531
-0.555392428866467
2.083177825568369
0.025105178292351
0.082094162533799
-0.450588192578418
-0.017660013862599
-1.344131605392617
-1.070690966106842
-1.205871134341573
0.164590277996607
-1.968242249615893
-0.981409671231208
1.025702540606655
1.722209829578665
1.340338589683439
1.463996639022384
1.978480739718836
0.817172370095239
-0.787459437933001
0.705185922754048
0.283273350215493
-0.780328192975310
0.274779079089558
-1.637687007533439
-1.785713851090120
-1.156030966452835
-0.137156319415701
-0.874008385460352
1.101941763965513
0.757768398454715
1.582749704868355
1.958953482545313
2.034851779805904
1.760158575652472
0.807289109816615
-0.443469976957934
-1.301850581163069
-2.111111132485537
-1.277615062427008
-1.695035626883990
-3.708157088096780
-1.794050290791389
-1.424724403940013
0.244052113381489
0.929870499293375
2.154709861908285
0.974436436947269
2.064328682584762
1.322662244626515
4.217268433492061
1.999780677587612
0.589929412675088
1.330262823954733
-1.819901310762141
-2.187127232577356
-2.314683064383377
-3.093198832288003
-3.789853730679867
-2.654472516500716
-2.109235833541773
-0.234379370696867
0.696063046495091
-1.235481196122437
-0.413355618548490
3.889739506449319
1.980212142441450
0.938120544910142
0.097279131009936
2.559217431378419
0.416384695609874
0.396567361163805
-1.501415821053046
-1.767773065468321
-3.087129387895426
-1.081697919598855
-1.577680047625522
-1.061355036346377
-0.104667783878220
0.491226007414849
3.282225579079734
1.013543081414171
1.145545009491340
2.758263620880665
2.122100086568515
1.359249356509593
-0.493747497460786
-0.590722007491485
-0.151042048996127
-0.162112589760280
-0.806634737032899
0.389370276146264
0.946511907637565
1.571694437039052
0.586619167193501
-0.285808477360181
2.314128118924239
0.118863811089116
1.139003954684392
1.750414337860728
0.711759430116258
-0.926809060506474
-0.990526392810819
0.052775684491864
0.024337596544347
1.820355594036280
-0.410608420046594
-1.568303606708924
-1.591508274812393
0.635114463144442
0.054293060851394
0.557835988180538
0.483122846416057
-0.531936699071457
-0.090535591970363
-0.127328191313896
-1.357442637199620
-0.621120636875959
-0.847555403908359
-0.094462677667855
-0.504551220362840
0.084061052950923
0.410920543775053
-0.309761756660980
-0.198880585382052
0.427037220235186
0.233474365025680
1.622640679090279
-0.934420172667722
-0.877879176011423
-0.873562640036151
-1.069015700459658
-0.737308019175754
-1.902864437072721
0.519464045167460
0.238675904131916
-0.715186915096712
-1.030135682250612
0.804520411252101
0.918378041967077
-0.067663286026953
-0.094141006497090
-1.007833466616340
0.344514877945343
-0.285976995714274
-0.907556417200226
-1.208645531216093
-0.037029470669320
-0.930888927073718
-0.527195732658540
1.688233189967253
-0.388546225002787
-0.197516636741939
-0.967583049035239
0.208387586936874
0.050155193139074
1.261491747055215
1.641729169452326
-0.155812768372061
0.526410733141865
-1.673037865963221
-0.580155983830371
1.368615573175451
0.109149009854506
-0.514527196596793
0.031226844353711
-0.005448706562529
1.414890904196026
0.446529849154919
-1.031686165157204
-0.384142263592529
0.114963490982428
1.287444845507737
-0.499819008543236
3.520535350157562
1.496438466377527
-0.798607337934781
1.176150611704848
0.011283074359158
1.145142500111893
0.802404494711869
-2.286002787399396
-1.334123000412990
-0.303856432352012
-0.213207417171567
1.771088297159745
-0.649150642819236
2.356957018816059
2.412307038609231
0.552261379984815
0.942212435935948
0.813727807402631
1.081031364477926
0.048868164948127
0.015494147255966
-0.172881127216504
1.157303231045745
0.203983082397742
-0.575214640105240
-0.456636280406998
-1.307258697400022
-0.462048539080673
1.185986946142291
0.586839271677893
-0.896676625016805
-0.623768997692856
1.695661429973184
2.072207086879250
-0.210666314125606
1.253470052136931
-1.503543158117195
0.369178906929869
-1.013594438776711
-1.198868414860833
-0.901765427535256
0.780593029213929
-0.782183093224998
-0.163298213482175
0.213317641154892
-1.134216658408578
0.713795192647821
1.176017112493673
3.015203309290249
1.153853648413672
-0.200463172575690
1.878161935908097
1.112747054964066
0.001176566203479
0.407885454202933
1.017636969892445
0.448105258033975
1.005500047397548
-1.755232341190342
-1.119797881681837
-0.913532294413868
0.110553821001578
-1.165513899811164
-0.762988282740171
-0.377592469034743
-1.186506833842956
-0.234419889351349
-0.213045072127043
-1.181011747929533
-0.976613460584523
-0.796062578762627
0.713046148129363
0.065197081381381
-0.058435081886000
-0.184606309655532
0.065566313504100
1.045167326555243
-0.463578743575674
0.408902985060144
1.882852034554552
1.594001450083663
-1.072284887851162
0.936507910186787
-0.188414417169717
0.220041690940152
0.472206650782067
-1.326431868271231
0.600857320394555
-0.645427318533877
-0.238260305931270
-1.260059935153895
-0.309042962088522
-0.431429701723394
0.743012985408152
-1.016656973282365
0.111643209170793
-0.067573459485826
-0.126936045320033
-0.179899045233168
-1.032772505322573
-0.033733015281117
-1.172787912437229
-1.361232080982817
0.666537670436665
-2.799691793196109
0.360535296140034
0.661818549398360
0.463668059466778
3.017823122352582
-0.489371727492579
1.335219227230216
-1.506320502330928
0.503299764207753
-0.680735155868311
-0.737615385485726
-0.424985105190425
-0.588946742637853
-0.753448428857325
0.146097852157582
0.565050305529098
0.389563787194417
-0.120842650837357
-1.145062697107506
-0.019150162498108
0.148654651172972
2.001786790183692
0.027918294902892
0.622894931921422
-2.000494458255524
-0.285070192729346
-0.967904021254324
0.487555195264653
0.529403638746499
0.496616662497314
0.361731451441398
-1.306146233275690
1.077521476800229
-0.877796633775486
-0.537998718412050
0.070429885818480
0.576261504143697
0.672086070930229
0.038677978689420
2.276070366624754
-0.646466924813140
-0.966191494348359
0.197198383487135
0.255784562046457
0.278932785818366
-0.177733858272751
0.384967266828709
0.990009059152510
-0.934056114756467
2.291030594709006
1.402417843240197
0.456418877987781
1.385089463830925
0.705734813891944
-0.790821528904518
1.165799641349111
0.223478612444083
0.757226617234294
1.296943317468258
1.000346250895082
0.789451363301949
1.110281665046350
1.087321404091727
-0.146960224994153
0.823872519799235
-0.105068655256888
-0.708883686861270
-0.718114348536044
-1.108816012033832
-0.049973036977069
-1.861107322040460
-0.144793605999452
1.340213515913652
0.194263205423834
1.876700688542762
1.260180409975599
1.099753764723077
0.390753235110951
1.481741490968963
0.984217465386388
-1.456200173672582
-0.657148966588638
-2.295482785784839
-0.086897666903947
0.353644002058726
-0.482890799433823
-1.462535794450246
-0.858910118521628
0.195876286601064
0.223141414652162
0.632040626981329
0.191162116323253
0.705241049410039
0.940510570092521
1.180310825157433
0.851621262127427
-1.441523595157464
-0.151797972111405
-1.238309543910149
-1.034839079499142
-1.430888745062754
-1.031766954405737
-1.277825923678625
-0.935421678662521
-0.795439884548034
0.099530049913324
0.178102871630291
0.379058999153494
1.818308361830119
1.819921767974605
2.774893791795896
-0.179305725077083
2.073200140332518
0.883066212527541
-0.226902616186083
0.634607283988413
0.373170994347264
-1.308212562805466
0.277965411159491
1.195938769090826
2.413284577524563
0.284183164551728
0.935848844387444
0.595947363276298
-0.012091747296270
-0.203228254775720
-1.145449755645507
-0.249812691730625
-0.969057921399713
-1.386470854691475
-0.329566576244853
-1.378029248996853
0.358284858485344
-1.024735634031445
-1.732221448011804
0.559546789639219
-0.678865747757130
-1.211712730666920
-0.391246215459254
-1.137507782289620
-0.999186834627070
-0.297225218269063
-1.484710535057312
0.999277215612853
0.402264275081090
1.192902482218979
2.713366361221512
0.360905670592466
0.187814273348782
2.445201494294843
-0.477717781888852
0.475925128927278
-1.054106434173791
0.636929471852428
1.893591619277293
-0.261170836873078
-0.178842671733366
-0.519523011363043
-1.350817679084708
0.853140158720796
-1.375098038847439
-1.344492639938479
-1.427395807989299
-0.258977673198794
0.559893832139429
1.335336370959443
1.492672681713154
0.101728319275767
0.384553500512240
1.426969481703672
0.234462586400367
-1.886382766569016
0.381446656539973
0.172814091275533
-0.486543233505683
-1.515024393532454
0.147527644431084
0.531474838284959
0.785168473725193
0.626650698702317
1.304050955525831
1.436686792133735
1.715985184333250
3.632249662110869
2.996520526793771
0.544358389932942
0.817241571070316
1.111924029594975
-0.002254923799998
-1.844675239325013
0.302200551120669
-2.583852606499403
-2.090932599894115
0.001485095332861
-0.703464375206349
-0.769194928918612
1.072805592136040
-0.306226204291043
0.531952163538869
2.016727526368229
1.325769883157050
0.589582889519125
0.738421890280029
0.390865207740013
-0.441847684381040
-1.512833272114591
-0.656761686236461
-0.138217665292660
-0.847133446883151
0.483383867066125
0.658236692114628
1.563988973719129
1.685641101671465
2.591423799581008
1.067450111765456
2.910287361427527
-0.664860476890981
1.061680696184382
1.980659230801959
0.321887413472609
-0.654755113880212
-0.410174043906731
-1.365513350031600
-2.147991587385016
-2.675498533346051
0.659133450764319
0.617015107611032
-0.185395920298357
-0.806754365615096
-0.177727779435493
1.426722186551206
-0.955366557121474
0.157290880459597
-0.981351211276026
-2.231389284362703
-0.392339119975309
0.167488292970292
-2.594218846368766
-2.040730212467262
-2.048647973948467
-0.403029094932325
0.240186052892852
0.966597577974356
-0.144137299294504
1.319768563097194
0.664782384412629
1.202991582815706
1.749167750997539
1.611506137206879
2.794266166240436
0.382745845209383
1.890932453525598
-0.116819366253571
-0.371929383084547
-0.769354851514492
-0.654135797715212
0.273597154801003
-0.963243951239980
0.042895708143147
0.519287128858390
0.416531029228478
-0.598834286397623
0.985001182445764
-1.035867888100615
-0.676557620169706
1.221683101521931
0.257746108835445
-1.253753089700562
-0.041188213457401
-0.133137790010499
0.187054567841601
-0.016177027743222
-0.772219328543643
0.039236594265614
-2.192854238560210
-1.655549468029002
0.917267447535307
0.036975884152622
0.816737171197826
2.157602574704474
2.338190840623347
0.352614371112829
1.361616562059531
0.230593545956038
-0.056921009127918
0.925322839486508
-1.211210304929384
0.863698325826786
-1.749054219240239
0.208168807166762
-2.573001225801180
-2.271510468574908
-0.617985610832195
-0.557843471011109
-2.391386913865878
-0.374387645382169
0.099845691977021
-0.003625757537850
0.273109501259922
1.632754721672122
0.417865699147604
1.065384925885257
-0.330772066213999
1.230704865201961
-0.283722955229636
0.649665525021273
1.619186476317799
-0.472134809207042
-0.454549016921465
-0.714323073400270
-1.578500934620860
-0.580867442778942
0.674503136760858
0.371919480696946
2.333418526488912
-0.266568703212237
1.138172976160882
-0.175359157157741
0.383619774481608
-0.821946811005543
-2.265533750381641
-0.694453831292664
-2.170677324100940
-3.196661631470192
-2.236676651075204
-3.054651898828362
-2.059448289481036
-2.176301319707608
-1.276474850918365
0.388738402049926
0.731908302843808
0.712795696411703
-0.192814139369785
1.759040471871933
0.610684507090175
1.127051339611159
1.625335745620894
-0.669286550380459
-0.110112243466961
1.562555203874191
1.205339191954366
0.272452591047719
-0.802408305827538
0.298515264444405
0.598342555220269
0.685413295676702
0.115063676176964
0.180987590511025
1.430343253288795
0.880032291884416
1.937123835047685
2.306097236289232
1.481573068281550
1.905122050507675
0.963401581822328
1.089019814250139
2.811019269620797
0.048734431093782
0.587552493555636
0.325829878973886
1.374774074485833
0.338749796665825
1.059290302366309
1.582112670228327
0.597932432456705
-0.170522885402133
0.991762498039950
0.739197462998906
0.193416041727093
1.444770175541426
-1.631421881182894
1.904006804015666
-1.009250935938100
0.277094755815618
0.389365700176715
-1.396263019637473
-0.946957012488090
-0.525780974251447
0.013183521564726
-0.307392157311329
-0.937730540780559
-1.038364939042868
-2.229431037606037
-1.682118782368022
-0.632178140858041
1.523253931236355
-0.951171283479102
-0.388189546562129
-0.254235949018537
0.989486103792671
-0.871800816447695
-0.852269876997474
1.466907205722881
-0.946357541055226
-0.651922757434396
-0.161943474939664
0.268089611683210
-0.456423428378175
-0.739262116727122
-0.615772410556524
-1.098724237742928
0.765106275999399
0.222631982968926
1.021533969037774
0.836234107728551
0.876155014743499
0.036737933027551
1.777411136540815
0.727973681300803
2.387172365820948
2.528038219778754
1.050981773395022
0.442644905055336
0.712366754059558
-1.077953020966208
-0.271318127097483
0.458082323204277
-0.240324573902829
-0.279514605982527
2.493811309771595
-0.007365081587347
-0.328906040785409
0.417281341055323
0.595254789852374
-0.350038624315188
0.336399464870294
-1.707603419314164
0.493874456346104
0.759849047976330
-0.110809111850769
-0.102475075576472
1.731314915771196
0.755063968905514
2.060678431558648
-0.026383206152578
0.203251784118204
1.052181650066333
0.010879446842534
-1.635545858326171
-0.596844703770329
1.157406918943771
1.051425364560271
0.927335148723141
-0.718578665083070
0.201414915346091
-0.001683770074332
-0.113692765248839
0.632428031200565
0.398293247790254
1.023172921407217
0.569733776872310
1.390245734768248
1.835808268770665
-0.854707116518004
0.225709059731938
0.465497118390348
0.254043122328582
-1.171902442258304
0.889411084840660
-0.612284163882132
-2.385276494647294
0.437724909756354
1.224804725166285
0.240875193336081
-0.583269447677097
-0.656796884013055
-1.455867180350635
0.087365637404130
-0.308063715108349
-0.253865825018841
-0.342706025579700
-0.430867444194814
1.987082077502385
0.683034471686330
-0.059960697560217
-0.679616115968460
1.228710839190464
0.999582604105741
-1.470294760593558
1.212291879925162
-0.123031447543738
1.382794507077865
-0.740864409679864
-0.655839265976244
0.208994371868292
0.602340185397806
-0.438119082883007
0.519063611323875
2.152641007036021
2.996529517478680
2.809363424849422
-0.075033633098492
2.348089483220233
0.196051649751446
1.201962997263053
-0.106388944031024
-0.574893759206677
-1.475008258595587
-1.148365204302102
-2.139679113900585
-0.577219053592813
-2.260889812821490
-1.478001076917994
-0.752671670856822
0.087276256926763
1.013515412853982
1.472694704624764
0.715165828979848
1.003561694728053
0.925701680343590
0.769857206610680
1.939211914011299
0.335616341701752
-0.571041679646933
0.340902211820466
-0.920012077529801
-0.781832546849474
-0.704238602128232
-0.447544665771426
-0.019363719226903
0.799751903377539
-0.103180266893954
-0.931261744429191
0.112207536751151
2.436164750743955
-0.387541684817362
-0.142619266316318
-0.713066352272275
-0.444503005030855
-2.946716678314167
-1.260324174575060
-2.047284658868276
-2.597261570105315
-1.653832630214049
-1.070222902313990
0.118332318414502
-0.197933119490152
0.269071757423232
-0.465930338706478
-1.206518660966287
0.545232456490722
0.986781031193076
-0.388106741768430
-1.873540733844342
-0.956991423292804
0.498837126620103
-2.073151257613161
-0.224960233897889
-0.632214621833347
-0.852703779898648
0.246028521241315
-1.349318722965154
1.406113111969959
0.281548001596196
1.587216089339997
0.450680799767595
0.341671274104563
0.822046604335356
0.195384313062730
-0.811302550083992
-0.422621084035219
-0.862393988598198
-1.114136506202726
0.090033926044435
-0.881940400613862
-0.129819268478678
0.209018482003635
-1.312733023461280
-2.565409704880340
0.413847164004403
0.622199436578139
0.699130245930101
0.937726973699674
-0.451571698708253
0.787513777285124
0.384861610558586
-0.896480226567960
0.471863213217047
0.599000144435688
0.183246500423994
0.082039721423673
0.193664115037583
-0.276310081014740
-0.862453271112045
2.247545079978423
1.440330007129115
1.149881795554379
1.838076176651670
-0.305270244047035
0.614330263324807
1.645294924904746
0.547215038602044
-0.172971347803856
-0.731278400253169
-1.368068460994791
-0.584371107063137
-0.310488764054642
-0.488626848545349
-0.864288432884214
0.918275527907112
-0.537034514638423
-0.647818194406835
-1.233033925834696
0.535122949757011
0.798322787031392
-0.219257358807674
0.837625599629552
0.737243944205765
0.413469860848508
0.185945228087269
0.192703540114441
-0.289472391516747
1.079100347078087
1.182883169961147
0.431770137675963
0.367981448820050
1.142777102174211
1.216472031734354
-0.507363927809340
1.021005742875112
1.568313002230577
-0.075457819165966
0.362439080153070
-0.308299318277360
-0.729859052935234
0.024608999083848
-0.689308940328373
1.048960867768814
-1.330969436967553
-0.216973146337072
-0.178307006034255
-1.531569126061717
-0.632869526689374
0.332086536802396
-1.545269653144073
-2.511976444550457
0.987371526849260
1.260442353635842
-0.666570357477204
-0.151479804213133
0.546954332610938
0.293595676537011
0.801584338620343
0.739929061846906
0.224407484835561
1.437879884228788
0.407020210800959
0.771575025505142
0.610344910984290
0.740438801873655
-0.724417118971313
-0.448125769656761
-1.270808283217098
-0.687547483435376
1.807338781803417
0.194463081562602
0.261919426865491
1.404128408807768
0.866967883871594
0.076281212626042
1.357438060096428
-0.893397533817957
0.368099466359237
0.378877749811986
-0.087582714187158
-1.315723913481988
-1.182660734338245
-1.266999791863434
0.138260113204524
-2.281707718874202
-1.295563347875352
-0.256854460326729
1.214033676647782
-0.060545851086765
1.087751290519997
0.942982376977925
1.399964668245382
1.054114214865399
0.370367365639676
0.236727148752184
0.647984785424639
2.298434329972099
1.028754214079451
-0.222156852301868
0.239489680201971
-0.404896705901684
-1.005366998594294
-1.705524830855140
-0.892352342417175
-0.811373503311060
-0.032056208970587
-0.620284103324941
0.952871952141351
0.972451653656481
-0.109859871787652
0.844598565640860
-0.341575365010880
-0.491922338687964
-0.371244661408828
-0.287111325965949
2.198295714386375
-0.472383256779500
-1.343984021476854
-2.191161348543576
0.007896627464763
-0.969489188152994
-1.174506064985560
0.938105096960121
-0.006651714872439
-0.258673423243634
0.965226760391694
0.847311788995930
-0.385041754118058
1.169038405181344
-0.113681018409320
0.499952375258970
2.122660660983010
0.934789163965610
0.473386698165641
0.442513270540454
-0.638220402152738
-0.462348684020965
-0.078527930878232
-0.948528285405033
-1.839791623559494
-0.352876727355837
-0.852019706789977
-0.912522126867152
-0.996932207793146
0.799269751206426
-0.016331713958537
0.933966933386449
-0.107607560491288
1.104523555751616
-0.782077789202763
0.844630726376007
-0.268488005004682
0.906777840594532
-0.082617780178167
-0.224864545616293
0.404977709805361
0.341815778173129
0.004049965706334
0.058935274593226
-0.269992723837516
0.755244123424099
0.320223605284399
0.584207601902741
-0.272932340553672
0.916235099386552
1.989200047631468
0.282379877513495
0.143911187478974
1.688431520476537
-1.313062115559018
-0.075331125962838
1.778065926927228
-0.533061757798656
2.407793021344282
1.873027297979859
1.613063763901839
-0.300667881909399
0.949636867177948
0.293766548696312
0.400483772487125
-1.632652382298674
-1.600932912594454
0.386874615429763
0.996790703853165
1.045564255398535
0.776378422891851
0.174956486373949
-0.469476263462107
0.105486918346790
2.336305854517995
-1.096284683784636
-1.073365214160396
-1.653837151412778
0.339648745929556
-0.381150197055810
0.715156949111331
0.889795810603890
-0.694283300386466
-0.950702551548354
1.227712131128392
-0.151793962248470
1.525425813151443
-0.312306643373907
2.244878618371304
0.205401213658972
0.252709583048205
-0.183627743584647
2.286600826783305
-1.046965749855983
-1.419192731863869
-0.634834484034738
-0.456887083670421
0.093258846354503
-0.770006539206385
-0.968141246101121
-1.391574651808464
-1.914348203099073
-1.499872528666716
-0.752886371587060
0.891411506487325
-0.213959410444918
0.548795503284119
-0.706659635750465
-1.313093913545997
0.284250330668370
1.016323506343256
-1.020207589379037
1.183724459538593
0.257851100773353
-1.143596102080740
-0.836087877764050
0.865122599359457
-0.050297037975760
1.303815364326706
0.860058489704604
-0.129726726670534
-0.358903974379577
0.665280850262428
-1.173503282955898
0.475794379332902
0.847712449737718
-1.305260142599812
1.088086078535861
-0.894740688512420
-1.935069417257083
-1.169941237989157
-1.307267313653476
-0.475506496729789
-0.218030717650245
1.189485249767483
-0.062517914434304
-0.509979136531535
0.330311317563889
-0.371237518615510
-0.563625820083434
-0.176598720946673
-0.600117907191427
-0.662668285480037
-0.725341632360910
-1.106959256348333
-0.010192598222983
-0.133058359652477
1.344270642362667
-0.268397929299190
0.598819887748539
-0.915408737251842
0.767232282601019
0.519070097851536
0.867961806219116
0.269970929902967
1.865768255688413
-0.620612448551624
0.502248564257806
2.554288333965545
1.686989102384067
-0.746874381286349
0.725989403901910
0.026184022414943
-0.734394167116053
-0.835200989197995
-0.795156215848768
-1.550953571872413
-0.948926395830943
-0.970383844016774
-0.722728125592560
0.699412884603842
-0.231726574744688
-0.317353608073934
0.294333223583921
-0.769871267696839
-0.944009399184374
0.443399381019346
0.091217508203208
0.063215508936613
0.082697600039670
-1.492287977995139
-1.420145331645593
-1.032477075285268
-1.499854654696378
0.284917289052259
2.168730409550306
1.714535271999826
-0.667178972924602
-0.022251390640283
1.439930507398750
0.254498504528641
0.207520774397507
-1.326795372774104
0.676736127451025
-0.413883231840313
-0.829496946356372
-2.020526939802472
-0.755951143058242
0.990201944023433
0.418486314866852
-1.004871735622686
-0.636564730431398
0.190258497563746
0.299679213815569
0.953083190714972
1.473263522971976
3.465199313806763
0.452934096642958
2.454272055343186
0.295659543380367
-0.612963810195635
0.590731701551986
-0.671166465390522
-1.019637106876223
-0.415749222791607
-0.487639787109753
0.064126982959768
0.498170089946497
1.421772817004165
1.250458545053908
2.291690054626644
0.802209322342425
1.548028250230794
1.771121558905582
1.221984176893163
2.672005687561856
-0.297527145500364
0.286578180390326
-0.725153620300686
-0.818835311950771
-1.443552970411819
0.092975523736829
-1.204176271116711
-0.159110722068018
-0.216640300071845
-0.212782410057422
-0.910342952602943
-0.032897771000168
1.007171526526406
1.084440936595815
0.013211449334820
-0.312927204396127
0.352530059382423
-0.211738836006067
-1.305860915275454
-0.397835764646910
-1.349993549014147
-1.505962591780617
-0.074718830705356
-0.361264743905160
1.046887180969774
-0.248723914688806
-0.269722342195279
1.294801135640048
1.781731366884940
1.074749702455654
0.308819615490012
0.664730825473833
-1.815936734307893
0.300380096734154
-1.261310238576965
0.477264403393974
-0.383102922303910
-0.049106377877205
-1.924477371021032
0.519053745958059
-0.737036585255363
0.915074585977245
-0.331992806227063
0.069327661744722
0.234395556940995
-0.511320450267388
0.148994688246915
1.639406928875208
-0.414263551731064
0.572997304201707
0.497462365790705
2.147693050775519
-0.498374435982622
-0.067510586498599
0.661511379570786
1.414687256089954
0.743520961630219
1.437585143322243
0.923127169073904
-0.286722534847676
0.893478758706601
1.644311113862257
-0.036826903276174
0.284709411388718
-0.842357371351245
0.761772781675506
0.966786975536074
-0.167969344507592
-0.428052540368347
0.101468382155504
0.099661853696370
-0.337034510995755
-0.492975429172183
-1.130063596045700
0.320978122195394
1.594432984671231
1.482672598980915
0.673108843064576
1.178047060667215
0.767863409603462
1.295979740512842
0.509293097258833
0.375401350724442
-2.329771974146470
-0.059236829145934
-0.805146673233748
-0.275317688122968
0.463941458293497
-1.355171702744632
0.348569557939830
0.077364742056689
2.451103159679224
-0.596421857971854
0.897586793975579
0.669685981136904
-0.562109574926674
-1.084662222294898
0.816869885349005
-0.732445051108361
-0.100510471555459
-0.006812345218448
-0.996171397438782
-0.058582551801812
-0.095978113613652
-1.669723585145779
-1.716213905089147
-0.444029455117824
-1.537926302260664
-0.264385630193882
0.567361414251630
2.725111918917316
2.080751023983000
1.237615207062635
0.945289440162662
-0.431725710052223
-0.194296125925312
-2.362270339015584
-0.312745550337216
-0.553194900071710
-0.789971174425062
-1.746733944521994
0.464203918617021
1.959855470115841
2.534955559950680
1.506783537466176
1.284354136266391
1.127113071717881
1.511555676465176
1.369947343783294
0.111374314935779
0.368905241905442
-1.439326066680882
-1.174492576883572
0.185146708037554
0.025726069560952
-1.567185689782627
0.146780150860452
0.372215085905910
-0.229994976062858
-0.420001148436132
1.838510923707051
0.224147909277785
1.586065128727976
-0.223859318048457
1.164592293981684
0.465181757240900
0.621463471938144
-0.577592448116823
-0.378471268174203
0.683370108563589
-0.225539640463703
-0.914699130475077
-1.119621875597527
0.069463366394869
0.178947445089398
-0.505131122526876
-0.753140805111876
-0.595235504634850
-2.360889873181476
-0.037676273448374
-1.423337444765195
-0.908988260335651
-1.527977978204431
0.450943728330100
-1.674893678221934
0.104129493337865
-1.106812351649846
0.336274930483107
0.337903646156743
1.265576748772457
-0.674173977400576
0.539634828043057
-0.477701715615735
0.589422854974187
0.585727050936259
-0.343253999120883
-0.566767179726190
-1.210773328442664
-0.164680324821058
-0.957613075948443
2.145724986571699
1.307550461798664
1.181372254400380
0.873325269726975
2.798165122068877
1.214311819528725
1.158004375382345
0.212973492385578
-0.929373366868421
0.322802579855067
0.005218246382751
0.169728113844811
-0.646560272209723
0.179197681578371
-1.923356751688394
-0.874285145035304
-1.045520503130385
0.402700387250857
1.405970332531900
-0.578885487736488
-0.350825266093841
0.116022501570524
-0.571797789181366
0.101521590049225
-0.693888867062111
-0.072420582492356
-0.749723162051778
0.630710407388419
-0.072991097298018
1.005084872979185
-0.182147350238529
1.313468377514368
-0.250685263577066
-0.550872621987026
0.239775650747959
-1.166566516263507
-0.812954524795323
2.031941893311098
0.902677504487762
-0.099196442660662
0.874266143519214
1.037566158368922
-0.447242606868606
1.747024956709980
1.117553003584031
1.081923886587631
0.656436321057383
1.776106824546251
-0.246209402067008
0.180990476351610
0.722045398175896
-1.498402165201497
-0.650698972359976
-0.946943874468086
-0.948994527944892
-0.130140048082701
0.202267817429399
-0.064057625111580
-1.512092386147331
0.472292035425386
-0.908144113957839
-1.009082148269107
0.100694097097153
0.236256981141542
1.072141543417109
-1.095931340286835
-0.592402367668141
-1.306134915333274
0.115587539213796
-1.243202921251697
-0.848549494078323
-1.406617170594422
-1.366588786208625
-2.215262370172114
-0.180406826489530
-1.119622595383483
-1.128152604049395
-0.517582074939379
0.025950477282116
0.041027228581911
2.740357376062944
0.738813162603885
-0.371546862694090
0.401714965858457
-1.244098064195303
0.226846445661553
-0.746320634867301
-0.116532786216844
-0.892070024202653
-0.850005068400795
-1.469998376093828
-0.372347394894505
0.063335035269362
-0.055794031571412
0.055952676925075
-0.266159736418707
0.595441130670825
0.990936325276285
-0.117276784802268
1.093186727772339
-0.100723111679859
0.978886845193800
0.182761314188199
-1.242746745293858
-1.004978102863532
-0.467891013496125
0.672791430934440
0.363463870268162
-2.280312818899796
0.284208722189020
-0.233500030345389
1.822553279887878
-1.030383854042651
-0.389969500763225
0.067141724004738
-0.262676902129821
1.409665416188538
1.048733596796181
-0.631618972692355
-1.358543676672882
0.427358875076122
0.189032471183216
-0.463857752708378
0.133751277685105
-1.052360158871862
-1.760793816615019
-2.148171783054461
-2.757585204822607
-0.154608282592353
1.295453912545019
-1.914224592633385
-0.104744742311619
-1.355890989370602
-0.424745747829854
2.841434716587353
0.023710434920077
0.888227227266347
1.440815174456855
-1.100909673289159
0.080001771361460
-1.742245700108701
-0.119104531650370
1.438548577090990
0.965563452183901
-0.420673936167975
0.197509294561483
1.393782734386346
1.290616567024793
1.031122730170673
0.065176884113154
-0.602721176552928
-0.415455230568287
1.987426994320653
-0.144164032846824
-0.588380828020835
0.478809560967960
-0.054773543705430
-0.642011492488392
-1.412697288212490
0.895057911158009
1.700287661825521
-1.144615085057005
0.127464818068906
-1.589563183803215
1.594749455348109
-0.419418414547130
-1.594828531520949
-0.779201660917638
0.564512571997613
-1.009826240630508
0.227682490085840
-0.708959832201461
-1.518287077972837
1.955506718960520
-0.021295363502325
0.030751008975059
-0.314645473540626
-0.331221472537628
0.160900263596183
-0.480311718909201
0.559839868333634
-0.594994474653708
0.706109208373413
1.401930675052193
-1.768480921336043
0.312726266980375
-1.230823778878519
1.994436586123595
-0.290988266781713
0.355767050424063
-1.036699199826545
1.697052305393535
-0.712358889979953
-0.124890069178429
-1.260088425320471
-0.258384647463985
0.727238810198452
0.448879380305356
0.559326384074652
-0.076276978592491
-2.887975945872004
0.517455593597666
0.688453872374051
0.189425800745019
0.076342992925470
0.343593188047874
0.058998730106074
-0.144921810688197
0.845537711572214
1.725889695017870
1.391252133922700
2.245812035838294
-0.095650173608314
1.530757515916191
-0.834686416995262
0.577174882023712
0.224683351576286
1.168086140637979
-0.358553429403909
0.803324844738837
0.785185647622866
-0.114563799413458
-1.118047504361076
1.007640334513163
-0.925705605401890
-2.015684196421043
-0.100013270416119
-1.367766278593542
-3.032710640925268
-0.367931262312160
0.344378473350031
0.626733034886981
-0.301740260084373
-0.645580882496429
-0.397027723803654
1.114240291058229
-0.121793616418312
0.442130509144472
-0.318247443871177
1.694182662229849
2.032177013171696
0.871332162364429
0.108477952150708
-0.121909114634464
-0.289676875050701
1.089340468415532
0.606479351881952
0.585565606483680
0.573006380608330
-0.605504670748625
0.129689492132958
-1.328826927168015
-0.440062458788897
0.099809118190927
-0.315458879668800
0.895641473101153
-2.176843247542108
-0.852301075292857
-0.764090471514345
-0.832781472964014
-1.609211471993669
0.766787928267782
-0.155372374299516
1.255561094932376
-2.144929304008817
-1.479719720588558
-1.359569788795736
-0.158705267893375
1.096075963612594
1.123530021025921
0.259632774403029
0.740316895083137
0.503767437594833
0.553829228300662
1.249834865674522
1.171319437682680
-1.047893785031858
-0.561327411879215
-1.194580065740293
1.310298405096644
0.661603624559530
-0.173121784002032
-1.388947381457441
1.154421904494823
1.135718616482042
0.643228854769405
0.106247196526506
0.253205888196892
-0.299360994312809
0.681807703663783
1.035480707018154
0.693398112715030
2.302322029020814
-1.669920760210119
0.216097605116716
-0.666154992199036
-0.368835979106717
0.253315062574668
-0.640024030312699
-0.831975195992603
2.410958246709880
-0.166833942150243
1.686049631627588
0.726348249119177
-0.519670147344359
1.901548081240835
0.810082793715660
1.351708700756897
0.574311213989221
-0.276966440803124
-0.631546448409863
0.447346791770767
0.419834961933087
-0.745941925452692
-0.846912179505009
1.385724627587719
0.895495230108338
-1.148266501664787
-0.758468134111382
0.014865220375119
0.445137463599501
-1.456005919624643
0.508961773984031
-0.196590594498043
1.486452732705940
-0.710191735452596
0.873358881261688
1.310810967908976
-1.415640695753892
-1.182853096228684
0.323884856772807
-0.130549784505404
-0.593814842374688
-0.363230797056852
0.168968207056810
-1.332021336526384
-0.212468285476803
0.512199513111516
-0.991429574452664
-0.065101171363053
0.998959851310325
-0.623773344153145
-1.295114342568095
-0.236853000624199
1.901573484138151
-1.784796472211082
0.176702767739718
1.004172465906971
-0.972973908742133
-2.517903313558826
-0.743286746054849
-2.233342275403445
-1.298458445191340
-2.246724815440383
-2.956435526492022
-2.919318039808465
-2.162914921234305
-2.666604743895159
-0.342467670513242
-2.376201134099595
0.195572359941724
-1.100466115238006
0.009442907637457
-0.040144152485546
-1.153645980500822
0.166737808833499
0.001581643290831
-3.333731499870670
-0.909198850970022
-0.937859615751755
-0.762071193557198
0.046868520097563
0.233666358963292
0.015849439259437
-0.799310893880807
-0.670850968852394
2.177722023959073
-0.232640091343928
0.307390455074585
-0.121414577591496
0.151495113046474
1.917878409511778
1.507997932467793
-0.924446242936945
-0.117282803938344
0.084871318548720
-1.689130987372783
-1.219328550303848
-0.809718902341041
-1.490870818517839
-0.413583636735233
0.357489056513842
0.013389169841347
0.600694481231355
0.970949973332522
1.773988961661700
2.663408379488765
-0.340910554833323
0.204337426011069
0.478669336528962
1.072717831612169
0.111890956943387
-0.044612411406301
-2.163838246092138
-0.128751931499845
0.293849901097061
0.168082162506922
1.090639201811614
-0.734792943133995
2.081204967060826
-0.199626922582762
1.482892747177614
-0.727840992223463
1.654735972661376
1.620453017277791
-0.435418812404012
1.290746375592931
1.375679366985071
-1.734292801622290
1.672041498778734
-1.059503770685424
-0.977210087897847
1.502648190933329
-2.173838138445181
-1.014607650133115
-0.968048401451556
0.606392954845798
0.249635964111725
0.720187119330650
0.714041938900976
0.207024812186094
1.015509767436438
0.063760668605101
1.116262738907555
-0.108723297859857
-0.508307325367859
-1.301237278367386
-0.066695184591006
-2.810291789396595
-0.187372610548947
0.715977541733672
0.231788028447049
-0.610526996062345
0.822749735846859
1.711863505332493
0.433591981642760
-0.018954002107443
0.761758058943770
1.968649326834853
0.715703337273463
-0.098547823093508
1.398526983395794
0.402499792075660
-0.453223284799197
-0.461181256677297
-0.607892201165461
-1.364229022728285
-0.063661363898975
-1.718294454771643
-0.496073168251061
-0.370835878933843
1.485028369257098
-0.117639598756206
1.445905838685583
1.569752717680082
-0.060203313039195
0.613000246140945
-0.895381757406331
-2.161274363247696
-0.381191035398220
-1.582700208757561
-1.294562469013069
-0.474272350892929
-0.398381949917875
0.788309500044833
-1.274080857979828
0.637885809463300
1.272598489026473
0.660643908308208
0.724314523556299
0.580584008566215
0.030169553293652
0.384431786304115
0.114563169717244
0.459773735079657
0.321398460033938
-1.410549676986466
-2.610476475119166
-1.385044941640384
-2.039549972670913
-0.952831939864607
-1.730821187144129
-1.669240116091955
-1.333729941577721
-2.762512201533216
-1.597506845723595
-0.539372929979828
1.761429240419427
-1.730984973381655
0.425125873811054
-2.205454829792080
0.282946824664353
-0.475154342543695
1.124455825761172
-1.410816114219032
-0.635120790566906
-0.777662176368179
-0.433153686052303
2.370053941385192
-0.276757719100147
1.641232504586002
-1.893101437837483
2.012656215798587
0.312667951001940
0.741540270178857
0.507090177113923
0.665002098270968
-1.007268962305654
-0.035099101566267
-0.646422789747415
1.064936752540579
1.012465021952817
0.612184449357172
0.252952698424213
1.432870974261394
1.082070124599751
-0.435040292359725
-1.015420337906643
1.668941986160647
1.371886422339549
0.282082168451579
-1.634098077010574
-0.426186918121663
0.698358531513488
0.571757085208288
0.410102579571533
0.894288352921858
1.757462620662900
0.435905229074833
3.060325836945185
1.855771670835264
2.150988019766156
1.833032382134768
2.625589850853931
1.126405719752108
0.402675232502760
0.035029199620827
1.878294846995804
-0.859853148587700
1.581605183536674
1.407291175196943
2.248604548217444
1.568918170760405
0.775684733349348
2.112058514413903
-0.259723992860648
1.347307829636110
0.743331517830511
-1.378047434791483
-1.172501407856967
0.534364813465907
0.162807182775139
-1.803044572423634
-1.452656091664968
-0.817829954869603
0.671639750452072
0.133279908836964
0.325672480574103
1.834623680511658
0.255977072139760
1.016833950431927
1.523673333430193
-0.598951084446110
0.942055980166762
1.715780350573651
0.863190961900099
-0.163495516995342
-0.172136086083234
0.019391933008991
0.681248253088238
-1.304915090135820
0.002282083806209
0.285158576591423
0.217879029353355
-0.360563830774952
-0.995697176684095
0.445782818347976
0.631487491681528
-1.044836508905641
-0.656140132067510
-0.738290686425944
0.555816334182200
-0.517541522004768
-1.642556773668327
-0.199500475692864
-1.160841253738107
0.503899545015442
-1.511072621413572
-0.673341438698506
-0.752575033176549
-0.992104756522196
-1.012021481143507
-0.424937240054716
-0.596833869089662
0.021471207701796
-0.050954712843207
0.372817709809465
0.297108604225785
1.085150439285891
1.638886445375110
0.089448081955533
1.676337449064818
-1.015674650926720
1.231294650431581
-0.338738813671864
2.548005972234837
-0.257149508041745
-0.560615610343397
0.310356645189056
-0.901152926206337
-2.448606015422128
-1.040897518444945
0.482497548798986
1.845887814571586
0.935371149201444
0.707112162273620
-0.753039568956459
0.448725202307057
0.209428842899218
-1.566140383966418
-0.537431647420063
0.142205020860328
-0.014444377940681
-1.379000881837935
-1.106432685700649
-1.161735341737475
-1.058190278671549
-0.006324434695373
-0.023995872788187
0.716869377635962
0.258863664422710
0.491075929566626
1.027290603051949
-0.645047109910830
-0.685231851845036
-0.039833852482415
-0.333275530607358
0.139991034515704
-0.425659219287247
0.776123162925588
0.867313495532141
-0.150304088920265
0.177050716445032
-0.298961582768385
0.198110942858677
-1.309788502756140
0.452923122295599
-0.234862172427751
-0.829199585674983
-0.952652359269848
1.166259906771183
-0.904995726070879
-0.708971650927869
0.041381279237355
-0.595285116322004
-0.581781809820572
-1.489793306738789
-0.982321209843550
-1.181215904516162
-0.818131450545785
0.305912332505247
-3.242923447686550
-0.148072205287967
-0.418150358691215
-0.232125633666451
-1.150658471255973
0.362098502379156
-0.000184675348522
1.314133902756970
0.281225696647694
-0.731202115828367
0.165963121030322
1.419444837558827
-0.129561069200282
-1.679503940532197
1.762658318603746
-0.075171936741027
0.990452275090766
-0.595938951769194
0.207387800778916
-0.830767975052311
-1.772801812684084
-0.420559857407018
0.129040077560584
-1.910569213090021
0.359964058897168
-0.142286592506960
0.368191748114937
0.219465848478814
0.376023471680988
0.684115966302184
-0.704276888741043
-0.516983948623431
-0.000080893778535
0.197665486187322
-0.594138819170120
1.683007564528373
-0.346894170451175
-0.786811854835815
0.165898521674187
1.101390979846224
-0.899168096618029
1.065299168647611
1.118179439584572
0.560050540746030
1.405559053595328
0.893168555214542
-0.459244276966066
1.087095498109731
0.493158006363436
0.976864189007731
-0.249210066977272
0.817688273953167
-0.083507448376389
0.779760741343921
-1.484970140299799
-0.060985519336480
1.339825755218540
0.827449044787971
-0.680636786613618
0.384713105079771
1.739350103760554
0.463730033696889
-0.564559267801904
1.645423152540935
3.498235306182070
-3.015163815461392
-1.703796278929600
1.070668884362387
0.212581944925272
-1.211766198440374
0.884840206960550
-0.892363460136729
0.481370343268985
1.338821883075180
-0.033332866890738
0.062664461227738
-1.297337986116978
-0.510233708845287
-0.019286708669404
0.037749925984081
-0.115517959022512
0.277957740315685
2.169752781515944
1.002722036768001
0.680118089997688
0.520369258788820
-0.879524227307477
0.149160081642194
0.269968227681982
-0.497398002367751
-0.368260949447729
-0.408462761257194
-0.364966149979316
-0.041651294101341
0.765300295969598
0.121231473859274
-0.430022723813327
-0.468682774507126
0.888346774717909
0.935217066711944
0.252423916735459
-0.159010017243187
0.689575755634688
-0.344059051962159
0.693429335979941
0.944605242762831
1.912954688889081
2.707973513416106
1.579430122563569
0.652459602989101
0.019318834492317
-0.319068700535089
1.512319756120228
2.285153576024626
-0.314542242017831
-0.468575755746045
0.345466451883002
-1.535414370795628
-0.185880384010398
0.191357550754868
-1.862070638084784
-2.891243024908793
-2.761767603078745
-1.461325676357583
-2.776902280887199
-0.945060397930113
-0.648389845175448
0.669838217301884
0.945057568621126
-0.259337544113320
2.638749049364178
0.391785333816212
-1.241019138168232
-0.473189410527380
-0.207110407680278
-1.790341387999109
-0.306299039695774
-0.164102485095699
0.122207610862518
-0.587107276641490
0.846872624954015
0.382083505154555
0.811145897246520
2.139849228361340
1.023821142710172
0.872973785993449
0.043482826681274
-0.581071421773848
-0.380370252718259
-0.650014944505869
-1.311632980973417
-2.021049913679715
-1.225453662820313
-2.983393162977343
-0.669805417826478
-1.349381768967823
-0.132383926920737
-1.260674959849318
0.386500489499896
-0.737120344435036
2.057586967018687
1.426407926028023
0.809026111982937
0.899927968403102
0.492335730456028
0.754320900208880
-1.661040563352680
-0.362167324963186
2.670367573838713
0.370748707922389
-1.275948890237189
0.613805029755681
2.483425987595464
1.487335422841498
1.748709534211643
0.439230916471207
0.510242634766493
2.437212705375344
0.944221224110560
0.158418308249663
1.714515788314668
1.850185404419535
-0.332107545356553
1.110825871460952
2.290020670321585
1.284218742484140
2.074747451962329
0.071846312627767
1.116621835328393
0.175082333323661
1.016391658092088
0.788889369873129
0.586449059642746
1.136558915137730
0.380205314244072
0.906959327989669
-0.177462890338984
0.749815344308740
0.771701578114369
0.992732135619420
-1.239698349355668
0.507588393116418
0.046350741488673
-0.623416208685936
-1.258677587527773
0.073297797885635
0.909647183791232
-1.619518556920425
-0.714121462305449
