0.975286572805512
1.000753481102144
0.459429332090454
0.858559884903183
-0.933942093013732
-1.082693145442880
-0.899834028440371
-1.418446343934000
0.724587266640672
-2.323328469494252
0.960950430845349
-1.035012263062861
-1.124800850257102
-0.005155634370636
0.635078342857240
-0.049791073456088
0.588568714463556
3.177950197377108
0.678970325390764
1.492223056314243
-0.145479487012301
1.143547162262115
0.077477742359759
-0.520567786858188
-2.717784392448045
1.094900062883510
-0.104126827910357
1.519955251151639
-1.635100678501710
1.650521498403358
0.644604991476764
-0.951230531345276
-0.347172563960297
-0.423590945112566
-1.255126994033971
-0.177217469038427
0.059945585391351
-0.795470438168320
-1.256979671530789
-0.415765371189602
0.139663655391631
0.897709354041220
-0.433349964467765
0.352720486600870
-0.143729863796155
-1.224108393415970
-0.169257159043387
-0.436100174107736
1.518784019761038
0.854426837767146
1.379886305463420
0.626598773962491
0.135395617261881
0.473352082050007
-0.730307524363553
0.362434573852394
-0.407879076017661
-1.221712552772592
-0.138174941117844
0.239869057064999
-0.920204546980370
-1.064790949571134
1.277371988752333
2.128329451245707
1.085338156461256
0.024906288734098
0.562866021178795
0.285450826909220
0.307936468083377
-0.384146372789431
0.538007861334659
-0.496075825797064
-0.999184803228396
-2.106763756176454
-0.714835340013016
0.061614189012268
-1.143007203578259
-0.281704684545300
0.508623393907840
1.080572540399880
1.314511808880190
-0.035291117464471
0.982896511245807
1.233469330249320
0.577458620942996
-0.850393784469542
0.700818925207862
0.455410375462406
-0.548380637851186
-1.486856839590077
-2.737790137657274
-0.873018573332389
-1.299569513990111
-1.505354164719678
-2.141630712271020
0.314486353502900
1.251276267862785
-1.025030164684306
2.391005902461110
1.089596988548956
1.544043831331406
1.207958546854431
0.361385881125920
1.084612845710988
-0.178631548454517
-0.294253748930722
1.626373574955974
-1.698085723782181
-1.672530699027720
-1.429324249177499
-1.637751516649381
-0.861616868447724
0.336679393138600
-0.388090294292603
0.313051708224816
0.757006960449942
0.767098760462288
2.103633723610306
2.291143835070750
0.307283394643476
1.277274861319528
1.055950403211523
-0.417875211427831
-0.324084169679603
-0.674361397138967
-2.008562853707474
-2.281915859224056
-1.750127333315496
-1.721220300156752
-0.796422712826455
0.699480595218866
2.300107872863813
3.224645251336124
1.433263954654031
0.750986337854048
2.740149829281289
2.042355021376569
2.726044388784595
-1.288699244467086
-0.751218060927540
-0.688107721323592
-0.679147046317833
-0.825358777588051
-2.194773906046928
-0.729924988737454
-2.060381179423367
0.302129043029248
-1.590000768814646
0.116054351638702
1.307412967337565
0.577363066255645
0.926253625326077
1.472830658476526
2.280706752104897
0.804938436124439
-0.021599872707195
-0.263526492902968
-1.127733819229152
-1.756287904187519
-2.426102784073338
-2.630116022144001
-1.887317183715296
-1.511149584361214
-2.071258856456250
0.616476353942629
0.392364447679847
-0.211964110137633
1.034841689011351
1.946597427324684
1.256597213279949
1.764997657131141
0.323092363777508
-1.086643553047579
-0.101005567455606
0.304206318215624
0.930751095134043
1.095186987278056
-1.183447435794467
0.258008040526111
1.481403756802039
0.759066936591753
1.508135691564621
1.592726847642324
1.036402241329954
0.355281023486922
0.159195748759927
0.403081698484623
1.159463063078252
0.116386869150667
-1.145677708416024
-0.069849550507500
-1.373136466157891
-0.756197621530358
-1.355761679739093
1.676550564195617
1.160148526171684
0.997553018487566
1.497833657228273
0.350344750304321
1.073906754430482
1.335977405282153
0.668563619005269
-0.369069717093268
-0.327699547576530
-2.952647401239541
-1.831614940578322
0.222589831340162
-0.829567717208239
-1.875698645913239
0.406517387780012
1.048858130635687
0.861739827418804
0.794522863894569
-0.380465112932506
0.896239763159848
-0.180487363202057
1.158598759740765
1.516631913621422
0.576011965990282
1.789916185514565
0.883436092475130
-0.986770582208234
-0.158985712318738
-0.514264331998796
-0.040811507635546
-1.031281150824555
-1.526491601702705
1.074301958747550
-0.043726300015594
0.951945334542142
-0.105104313036838
-0.095087092828577
-0.073532433668897
1.990604216108177
2.472338474009292
0.031719944351774
0.056697311209338
0.481506797984318
0.268031309827719
-0.792635034047904
-1.675630070807046
-1.726917858358479
-1.998194842110284
-0.570766004543251
-0.963214727599798
-2.996661056843694
0.145869081103953
0.896545308519285
0.477314088032946
0.115537518247587
1.978286383252424
1.586803894428775
1.690893839412660
0.578852126100835
0.699690141289817
0.297251660446302
-0.054766361413981
-1.135740408026588
-1.732185574233178
-0.592066994754605
-2.140202781429336
-1.768188839719468
-0.874851474225445
1.149622699833551
-0.129581277450239
1.738077644668744
2.151714266524091
1.182579620098534
1.393578604696881
3.495779263969025
0.269926785902004
-0.485638417458858
0.620152731264927
0.578069040619373
-0.947995034858490
-2.270101191327062
-0.790778544890524
-0.295254238253691
-1.484117243654060
-0.963708463615710
-1.997372690111620
0.649260437937442
-1.571553987561680
1.187795478672461
-0.832126827215314
0.619010303415436
0.242307524486105
0.182839369204698
-0.870623978806750
2.040535914777138
0.832081774878936
0.575988550932760
-0.242728995244211
-0.998656091481679
-0.744605146695201
-0.915113282781922
-0.745448235285711
0.338899187349054
1.457860712661194
1.111890362117233
0.271522027618244
1.052355427209853
0.080741807819544
1.172711449944093
1.128107310158408
0.682186993839646
0.896596993063208
-1.500594758021904
-0.320255026801980
0.019103083206407
-0.238217392331327
-1.143389602046777
-0.040140311438893
-0.715147027331829
-2.020458829353922
-2.493684960293049
-0.567702193926565
0.535768945602889
0.076247004058058
-0.373026707948405
0.247808231049686
0.105419923455069
-0.296601184108243
0.926260985902404
1.007453531793217
0.057834393027436
0.035165879613801
-1.367791887340401
-0.080991307546821
-0.406513733779177
-1.785958798301734
-0.276324911343995
-0.059478359820496
0.345503703765799
0.438651044783934
1.471209309587508
1.449779054222119
1.446604422042288
-0.003182270576616
0.070274571988220
0.647925147626725
0.387050221381154
-0.740179259326263
-0.884495971511956
-0.021308423976871
1.018784112320800
-0.413419426534371
-0.928655831042967
-1.884078205030238
-1.129625831142137
0.258178817318213
-1.970651208336444
2.036808701963508
-0.011673638843931
-0.265537522697956
0.542140932482484
1.836916558516778
0.151141135086508
2.102905999619018
-0.016685134707728
1.677529610371171
0.611608983697046
-0.143552669611933
-0.351680383383618
0.561614728184614
-1.739443922943094
-1.523855264951144
-1.834694001427066
0.237350989165097
-0.420812595335537
-0.421076545968874
0.640672260924936
0.076354848374340
0.413555369491850
-0.285196283114844
0.638829424076870
1.269681882756057
0.643084922963652
-0.754216467500292
0.272306439579057
-1.758330868498095
-1.330169483273153
-0.197741779126332
-0.655755498951586
0.270529482524670
0.357309972723458
-0.418604617704933
0.359059581083677
-0.205633733219273
-0.302833146341694
0.903959771985977
-0.884887061959945
2.335394748637873
0.179360161341611
1.388904805362581
2.597385236469504
1.645505322512292
0.829591733672037
2.668875856562388
0.303441792513287
0.521689553883051
0.564477254515943
-0.690734119377572
-1.049090749947570
-1.276491209809264
1.452502681482841
-0.358090692685786
-1.156778878484842
0.401721308559387
0.278994826507261
0.833497320862494
2.144418243554959
1.119968961886295
1.182002428687219
0.066515475818320
-1.673927581367149
0.729556423045059
1.771857897854151
1.218676080559802
-1.360847866843538
-2.277521811340472
0.051709992333767
-0.018209944791384
-0.500284237231809
0.229913020969316
-0.225301195038892
0.981384205849184
1.501249491786937
1.122832274548161
0.242475251160162
1.798120872508033
1.174300989505915
2.452827296518175
0.602452706292088
1.137593562221901
0.334107847451209
-1.457794338025560
-0.155068719092850
-1.083066305568331
-1.373813557760289
-1.669926396647780
-0.058518003956882
-0.415000822438810
-1.071247401267138
2.108847599175859
-0.951080708706265
1.768760936393550
0.444561168796218
0.760920136201862
1.583228269815659
-0.254162757322518
1.559156066250237
-0.589135782899605
-0.909902255610677
0.942530725920144
0.476855027711200
1.468659540270106
-0.535944014003906
-0.270430285193432
-0.062131813963865
-1.457715851560351
-1.262673562167719
-0.520969222510841
1.068609707590111
0.837171618584841
1.725894074548363
1.974931360570678
2.029737666296586
2.533711511579322
-0.214911327243072
1.040141090244753
-0.716135143612592
-0.626119936165312
-0.637697285361700
-0.362445400591319
0.593151067913485
-1.191822600595099
-1.438040293063901
0.559977213975693
1.360027165357667
-0.809267556354129
-0.218868500283044
0.664042901745062
-0.102475698569277
0.465835238707355
-1.023223928097957
-1.067057489127692
1.551560104664173
2.190738599053403
0.477849868530942
1.402418061384448
0.864741432245971
0.434936723447252
-0.338348316508142
-1.033574416638085
0.622029806633341
0.627064038557062
0.257206389740784
-1.012334012648244
0.376304479492717
-1.214576380351437
0.500560812101581
-0.449919474363488
-0.315913309828073
-0.998986339345424
0.991234941656527
0.007911949965141
1.097024006825698
0.111276987594499
-0.046528417232952
0.121404558339938
0.257781481523994
-0.328489868159653
-0.404284760332412
0.113418507038433
0.143193722967267
2.008866005697246
-0.529311172562685
-0.315641822061085
-0.331932328519333
0.552353724888364
0.140927255640506
0.615215930236336
1.232894795660269
0.506443644851486
-0.567443836236607
-0.093867731026806
-1.304367365766079
-1.900577240028062
0.353024676575928
-0.595256034566901
0.535498098190326
1.179546973705830
0.429354565536588
1.311951268294394
1.453576770146767
0.242669443605181
0.456675691300704
0.642551042107208
-1.619788359609746
0.162263670515605
-2.449652387653660
-0.143263126070788
0.519303876972878
-0.512754688407141
0.308057370133746
0.225002473672435
0.438237860495143
0.004261839096044
0.729681841258606
2.088352455480840
0.230123336046451
1.408437657811305
0.652752001436679
-2.880406196601499
-0.339945415646869
0.097726211915339
0.243524572190885
-0.079389416787094
-1.165947813790928
-0.667948778852441
-0.070382645311327
1.434731139527911
1.095099063829201
2.206288874143768
2.027234871864811
1.401096632225993
1.510846828139309
1.851178031102869
0.048358107457294
1.094515822982608
-1.394898377149852
-1.490321977090995
-1.411565546912552
-1.323887847030280
-1.709319181087836
-0.246363848017209
-0.887094962454350
1.104088658825116
-0.261341443999126
0.109536173519457
-0.088642980442754
0.281883438120051
0.208650646345775
-0.140523774251218
-0.018535213077304
-1.310016887381337
-0.343804503006035
-1.316772987450787
-2.061304349137469
0.216398138720031
-0.038174750481219
0.756219123609237
-0.106643053896166
2.142693424074579
-0.087987764830256
1.361774485522973
1.456174742612027
1.693440226156857
1.385370311359134
1.980645578356060
1.716359202069157
0.721609503406871
-0.235961438442550
0.468759592657966
0.736435568730120
2.349103978402044
-0.932971977747688
-1.062228921423854
-1.115580353190130
-0.796551608802503
0.153447067782466
-0.989831258117155
0.562002861668027
-0.141883668016347
-1.733933582060609
-0.410167727555886
0.888315313241131
0.354370107056819
-0.340769068826525
-0.090297194274394
1.063988173024948
-0.974591441896350
0.996273818555627
0.664498599752047
0.147779348016153
1.220052961240469
1.283931384371320
1.130622339021144
-0.314595990906881
-1.315739271517405
0.964379863290602
0.451372622664320
0.813110680707820
0.168507115362908
0.182161546688294
1.904361637259596
1.114055874058945
2.125968137648250
0.285739482481912
-0.347227788790784
-2.488911477592239
-1.237432229763120
-0.075673752015430
-1.888602546544385
-1.276017787509852
-1.725612667769202
-1.012969789726474
2.292014301829982
0.026278699222355
0.304474888154610
1.356751781710678
-1.306742883005722
1.047598134138416
1.745608696803290
1.611085602623697
0.468689830141215
0.690895458270055
0.050681262829805
-0.103618760380800
-0.866545879852511
0.707304796767385
-2.735057408233379
-2.312328663735379
-1.727641467630117
0.148201253359332
-0.085234255436721
-0.429292297012905
1.625389966017993
1.424234189251947
2.201296058180946
2.056882201706708
1.310364992507399
0.453592724856627
0.725578113494784
-1.730639521920394
-1.713893658960870
0.180764417108633
-0.791308496047999
-1.140868978750071
-0.789328051469625
-2.673966024963793
-1.103523578906858
-1.224815199101909
-0.284922773867960
-1.264617793004199
0.603945733978287
2.233740820440357
1.004913022060143
1.302720112249949
2.032153219577936
1.369883693244556
0.869771384551886
0.565219922214960
0.746954212811587
1.924926985127456
-0.350402567817777
0.798924284962678
-0.704746832924915
0.706244930498093
2.462951754618848
1.594774127486354
0.338994317788010
0.583762415404555
1.776204680942568
1.722412697844020
2.137462454035820
2.728479094872639
0.790158708670502
1.092355141978556
1.526583203282734
-0.535607175425776
-2.141044688417524
-1.160390077298197
-0.222391996262982
-0.874589607787068
-0.327451106130641
-0.277865677582707
0.137521091462906
0.831064013559562
0.257938484234444
0.632505863340030
-0.924459131947336
0.623208696919849
0.724184615676908
-0.527974435504014
-0.406395933504693
0.768751778737242
0.968436453372054
-0.100213332064469
-0.394581288399889
-0.388162693980726
-0.466117142607173
0.447419891030904
-0.768129280717911
-1.387000272534721
-1.687701677721785
-0.286338198047812
-0.820416494915123
0.195982327103210
1.916005907537830
-0.466097969116876
-0.445237677628309
0.118052344499968
-0.236262999986560
-0.883282776985430
-0.004390017434533
-0.097714275866624
-0.586883904199334
-1.213265759611051
-0.903437944592291
-0.930124378166429
0.582517862235662
1.612240359836579
0.627526517998103
0.156477082919389
0.488944823004273
0.792838780717095
-1.215557798777290
1.577764589939418
-0.156112296318510
-1.725326087813842
-0.027716712330317
-0.152187607151577
-0.846680689824339
0.721209668461347
-0.542922628155990
0.493267926566766
0.166375093995716
1.765150199915436
1.769839063410240
2.070053173040731
0.967605555756177
1.996894028542784
0.733691974472248
0.382153456157479
-0.446024984381564
-0.365322657785152
-3.057254908825893
-2.149362271270046
-1.670215284595302
-1.339486505302489
-2.098267620336912
-0.005553896174464
1.929222227456646
0.457260530103701
0.977550591837406
2.509447454825418
2.225108428606782
3.649431191012785
2.318403774604185
2.609507909445169
-0.002550234149732
0.276597662137697
-0.684623845505023
-2.219336992247555
-1.004037351511430
-0.577944436890491
-0.329298020833583
-2.284872148882927
-0.314283270066114
1.807368955370827
0.009505843617365
1.360998986145171
1.650481729444677
1.572846568130098
1.440229945471033
1.422177668134908
1.551168308273326
0.197505053500380
-0.781674085501117
-1.828668151853497
-1.912312397841737
-3.701459989669800
-3.446372494220489
-4.007667340898081
-1.441601271051915
-1.009072592189798
0.241203978561911
1.731607498748000
1.033564117377399
0.786654773760693
2.168267093000438
2.168072799062788
2.493634416531376
0.626410471392981
0.144058470288818
0.800233056839075
0.698002115576513
-1.306833557138890
-2.766510902345975
-3.541162474376760
-1.727811190151028
-1.214427889508704
-2.366116425517408
-0.944274628250941
-0.807430579756422
-1.056650841429851
0.498722462770261
1.467433285873002
2.339313697555368
1.998829457442473
2.269382331938651
-0.260933960860777
1.159456075755007
0.061774673411450
-2.779962508754045
-0.061633793308422
-1.294757723004439
-2.526574924544541
-1.249715751487825
-3.465489103531201
-0.006278725272527
-0.006288757071642
2.666731344750884
1.340550449313567
4.004706766166085
3.229225829306983
4.145485834197149
2.958781343438162
1.840569698684330
1.941031298698182
0.256275265243686
-1.720610617667480
-1.299637483012332
-2.165973170113009
-2.874203023165974
-2.560898128444012
-0.271701644298440
-2.258249853485859
-1.343121642622746
0.956103517432088
0.315122828951929
1.773308102733407
1.197445059973133
4.101571086173301
2.216018576587884
0.212000594996911
0.250350654800892
-0.606543278605605
0.285298835138950
-1.295170234972245
-2.026578691926213
-4.272542384366394
-3.319993622548725
-1.595913429461812
-1.208838822477136
-1.795632808897980
0.579351571001436
0.476842564502565
1.779510725273075
1.685372556085019
2.487570804945323
2.270659021228790
1.753874299428426
1.279637432831330
0.653089426261501
-0.581132255483208
-1.199132979737337
-0.626745524472942
-3.650901946278452
-2.683016061791179
-1.559420723960910
-1.189718136653394
-1.852444995294896
1.125730608557223
0.426451683152341
1.296926508651693
1.978883626562256
0.854660339790913
1.662739197333556
2.160407003603960
1.124070335153540
1.015651391861344
-0.683414695621257
0.462433680611105
-1.296793690395417
-1.500760523821197
-2.797746514147754
-2.590154397242553
-0.807215810623904
-0.813922224094347
-0.484441872662552
0.859724540963925
1.510916015327201
1.963419856245874
3.747420258661590
3.521497956519660
0.140511522471586
1.332681243465431
-0.129729921518715
-0.049184758009870
-1.696782166274119
0.224665426043714
-0.037809429623119
-2.226929920429938
-1.128825915568613
-0.682917613155099
0.487556844053791
1.030272524157457
1.086538457429720
2.231223874332870
0.743223531393145
1.371111226770646
-0.152465160306482
-0.536310860912802
-0.569253991701979
-0.799641101176039
-2.547152664320627
-1.563678924061523
0.876469261217867
1.191123618387594
1.517275810858584
1.234152283692086
1.718971950560004
2.582645101437230
0.624677612083601
0.791097336417936
-0.053380047159629
1.539651146048812
2.209868300060951
-0.630212442444035
-1.744866100728062
-0.752196832370021
-1.458096318435375
-1.084572806210981
0.361851659527580
-2.095724020118835
-1.367622223153875
1.348025665986849
0.205865416209389
0.858376222233529
2.378944436024676
0.403105392593088
0.035183940113835
-0.508091529398456
-2.175148021094390
-1.483872777786444
-1.148722539074998
-3.285899462090768
-2.349258598477619
-1.887133353584087
-1.563973948265751
-0.465828354224151
-1.167806917590396
1.888909704398681
-0.289566379956943
0.949246053176516
3.874388648024823
1.662054194992802
1.192451837524125
0.763920169185207
0.637496168980338
0.773343879525439
1.056455251055778
1.973424968841997
-0.556818634064673
0.310425173958561
-0.740907581711585
-1.597118078393013
-0.063443710973224
-0.221360804159289
0.653905769474258
0.826427299152210
1.249314256842176
2.108658042899432
1.377568883466172
0.400642343997475
2.166584711351707
1.938766168243530
0.268604316450268
0.714800063460560
1.081384031573082
0.424150519097322
0.062276519054409
0.446145299139139
-0.280213361975673
-0.528443226207535
-1.182274378494622
-0.484361043841028
0.161369021230937
-1.202298853528468
0.656147019140301
0.778927193192443
0.073485234862866
-0.805424102014393
0.686452124779384
0.952803561166164
0.469818605586938
0.740146257594398
-1.634970502177479
-1.234871985149140
0.080450079172017
-1.100378703703212
1.673386590664607
-0.256992982073707
-0.577580985098242
1.313961209827581
-0.276324054975942
-0.080011840382052
0.498978843013467
1.163271421152053
-0.179226637917465
-0.852852416860858
0.761364637136578
1.092963570796093
-0.277190053562548
-1.457930263735531
-0.600369747961815
-1.064086499777638
-1.181225842611748
0.199466411715925
0.371666934670107
-2.101336649256362
0.067184447240579
-1.032671057568177
-0.284112511781594
2.188734095936452
1.186135389073404
0.860778038621617
-1.329597938715283
0.032849821357438
1.711286856208208
-1.163253870167512
0.741860539100440
-0.387602112528352
-0.664935939398317
-0.467108432091487
-0.597690095837372
-0.880785610306469
-0.796113176149890
0.749136677753852
-0.742440625953875
0.151616670143219
1.246936308706331
0.502761316311064
-0.361578947041247
-0.359437186319636
1.094886130740494
-0.356211550990364
0.546335480263803
-0.670973616079880
0.193405259863349
-0.326240098333297
-0.229885397478957
1.078889367382992
0.541508825347962
1.050373542406323
0.808543997299146
0.195061220194317
-0.606896902434230
0.609221569924679
0.891883891177532
-0.654601410479305
-0.854636620886347
1.577730686726303
-0.251991542049254
-0.241323233012782
-0.908457779154863
0.398973082591990
0.351263379751870
0.553543140659847
0.759908578870758
1.252785488950722
0.362746174996594
0.953618035046897
0.035859277954537
0.712010915027058
0.420637189632222
-1.902582724902299
-0.889969748220166
-1.966752191875269
-1.722358299824065
-1.071088647843688
-2.133118758705697
1.493911385073146
-1.128677681355034
0.361644200621058
-1.205274526248817
0.544086075287194
0.836646586466099
0.278566257423730
1.834353065626736
0.981121928232448
0.773106620423603
1.777637597984610
1.028807581745492
0.395220409829093
-0.679975020296129
-0.298576826796884
0.499076114593095
-1.414228169110076
0.020416723700343
0.411714211649175
-1.099031905620637
-0.703966450771315
-1.220568174864070
1.336599318185509
0.730494399256158
1.015243504484627
0.561188852265840
2.099707551146929
-0.506577093330113
0.427359060135251
0.994192275058644
-0.823547100859786
-0.313515448482666
-1.882127509136257
-2.437525401539355
-0.569864186896272
-0.927163395078544
-1.262119053744134
-0.932799796951144
-0.406759363318341
-0.845593576602542
1.483946249897743
1.607018699004831
1.458817215816100
2.973164031163170
1.046795817667257
1.084313252370497
1.239284306270767
-1.164526536971386
-1.016993060900636
-0.088179959433376
-0.352666302458244
0.478290938406407
-0.504391596334804
1.813514719164774
1.484970672662193
0.263136124860772
2.269020026671735
1.799875544132856
1.073633821940117
0.210628040835186
1.782939623574766
1.099425132595309
0.706991562551090
1.392764244797094
-0.821479804195743
-2.124069256777003
0.141517310554166
-0.843989458108730
-1.029558201518954
1.736215413589656
0.606737285141748
0.955452115681001
2.483812853903341
0.882553829746181
2.093117193604835
1.584651094425745
0.797101835081228
-0.216330698564690
-0.270150126846058
-0.661881436636112
-0.123405068721188
-0.722707627878883
0.796197178450604
-0.006067316412088
0.081603797662966
-1.251920029471721
-1.342624835744786
0.016008837561379
2.193616163015589
1.065493969728414
0.221276155040859
-0.539235441900919
1.224350884018799
-0.901326419077106
0.699065502051888
-0.877685087430382
-1.386298518850870
-1.607835385505448
-2.280362456257737
-0.359691790564046
0.982397315225858
-0.421065734707179
-0.259943851225994
-1.463990272228265
1.125409147591975
0.976767595701516
0.737339820871106
0.973558920160824
3.602016451316111
-0.817758903063210
0.567194021400928
-0.792088181664011
0.598045452629231
1.022020901572035
-1.420577384273385
-3.467576013974509
-1.036571135416755
-1.517290451632864
-0.074616268617414
0.639620926474172
-0.021113791404602
0.815233677746547
1.559103643569641
0.952490800894842
1.346376001396407
1.300969812119968
-0.370034297388175
0.617113311294490
-1.405645580116808
-0.041624678705384
-0.864193092277025
-1.310019482951779
-0.724581883424540
-1.051755430094808
1.376167946887267
0.924791584240727
0.079572614270801
2.102494396628935
2.637587100422986
3.201004965405974
2.645652397284997
0.117838741809586
0.054511143155468
0.351533306254921
-0.950714638112258
-1.769803060752262
-0.516590027988833
-1.796177695688814
-1.099596149537384
-0.479804342162176
-0.474904286849771
0.362723063702324
-0.328658325632181
1.763030391162485
1.210719029902873
1.563095773059718
0.555455291946981
1.034894047524291
-0.530189777649991
1.007775280418896
-0.726508400983668
-0.920453200870162
-1.202166867827024
0.092753569702588
-1.130399891547951
-3.364558659365833
-3.275260284743940
-0.883706246358870
-0.877256487975116
-1.403775057144905
-0.110071662317835
1.146159665811834
1.622239669048416
2.157641235005612
1.395045329357897
2.366367353653157
2.152864553233425
0.419982340873521
1.533838318669899
0.276916617971360
-2.620720304409822
-0.024725317608423
-0.539961733914482
-2.855483021878595
-0.738385450377625
-1.261550929708100
-0.059716457218648
0.453387880870611
-0.637114183624347
1.456773335479026
1.010240223398231
2.264128886406642
3.143434259206463
3.058692248226528
1.722121394042306
-0.263797156848403
-1.244113324877472
0.547947591415303
-0.506140604540612
-1.262255840403486
-1.649571433678366
-2.634593680989259
-1.459376965233351
0.192704434959702
0.108083686172896
0.774186871179842
2.680939984877345
1.284814873782556
1.931892555659553
2.118487231236963
1.398877486990032
0.840746464640241
1.901144353392985
-0.075746134299255
-1.150586151974399
-2.879751417866516
-1.748859481084185
-2.513989748450199
-3.324365311161365
-1.250429410809690
0.237447771772014
0.508541414887622
0.384352946525361
1.446904160421508
3.504312632929245
2.424953430381896
2.739910255761183
1.691676682733491
2.367751019924235
1.641233508469138
-0.597259194778768
0.024139667788716
-4.187117395458103
-2.125241052354492
-2.837836574908624
-2.565915523800970
-1.550547603376115
-1.950659009463074
0.755935150312892
2.533742896732428
2.335454758149575
2.897133564824418
3.110156656408703
2.668410931492764
2.021849586967398
1.722431902400090
2.203479046847416
-0.761476756565120
-2.117235475998606
-1.930580618296590
-2.370522590643970
-1.684435120290451
-2.796021467169893
-1.202406498299915
-1.068019115300270
-0.322052923452559
1.460833931901330
3.729358639731653
0.669629053505222
4.668152045609767
1.966891818901606
1.153933929026083
1.442987646153417
2.473593227844034
0.240796770608486
0.118609756962719
0.363456844825863
-2.018147565066796
-2.372235152997666
-0.799038684823440
-1.028372256889262
1.201734188331379
-1.084419529961444
1.782004842720209
-1.466642562022732
3.262404153462098
0.387733186834436
2.882847442666949
1.584296165855793
0.529147332679111
0.843254380724868
0.050752512090138
0.502815510517194
-0.183198629170778
-0.300152780263373
1.378964643427568
1.172740432664972
-0.919751531712451
-0.324537669632712
-0.710542411097459
-0.642084380001965
-0.484527048356524
-0.949378576906974
-0.903257758745061
-1.183635673814257
-0.770985881151030
-0.930349768881637
0.604500674619382
-0.228965724917601
0.214872074908420
-0.341030160065036
-1.995284248816716
-1.772939479453409
-0.123358297662695
-1.567504844757380
-0.196154847252566
-1.362694165487316
0.382104859217957
-1.810017315848566
0.117683674180504
0.253283556866389
0.316758751355757
2.134503895094539
2.425499640083163
1.750430711453887
0.707650931329922
0.276100576075259
0.629263791674052
0.334697600827045
-0.122142032135786
0.950851073523696
0.012217685649855
0.912634526092508
-0.547986002066600
1.191474534243894
1.393982577243664
-1.062248849310214
1.069356775042998
0.276810657239275
-0.390709713977566
1.546646517885674
0.106160303801274
1.027012265045749
1.018105978921502
0.998669687466854
2.125564267794677
0.030467527826348
-1.282727792540011
-0.030869910572967
0.123814239970704
0.193795473477548
0.521893982425046
-0.005381191669462
0.211070470066789
-1.272799146396815
0.997361029745371
0.683047830565997
1.403843972482637
-0.006455359257997
0.564822824097478
1.128865314276817
-0.058726357871677
-0.657884730470057
-0.387312407213455
0.826620895254196
-0.580934235904777
0.475896665512989
0.439132117191545
-0.623465621969232
-0.616464878923105
0.059966012526742
1.257634712241971
-0.648970525677092
-0.899061263966136
-0.699642047758457
-1.561097848762936
1.028937247631025
-0.809341351750138
-0.629507909808116
0.708733818039109
1.579364357811502
1.052429284404205
-0.193058825934254
-1.143824513153453
0.553452451125079
0.225205077657453
-1.560890701964435
-0.964980470301425
-0.904183216719575
-0.051503577941629
-1.060833560751624
1.451854279771182
0.500364714894669
1.196607476921072
-0.606157096115741
1.061298409396711
-0.283868642521382
1.883565330156633
1.030785986084777
1.128151255542232
-0.418956628785661
1.280220676150204
0.587182367306407
0.632777674827979
-1.219565503033425
1.359156025805606
1.247787975606437
0.574605120461204
0.019675220588821
-0.067959664260904
-0.028355264730814
0.773943837550028
-0.038121084928162
1.840302036060667
0.185316109383874
0.421492527691834
0.846610889972018
0.534330392262214
0.922491682671465
-0.401274671107210
-0.920790681136059
1.317373382113338
2.587723676000234
-0.359995341584657
0.952243905674198
1.379797036210130
0.721966021145544
1.871887069982468
1.996573958531079
-1.423725181255921
-0.907982955947798
-2.151708094798537
0.247911235815809
-1.906953117557236
-0.131514597498217
0.162112539810236
-0.583563366910174
0.129775524414604
0.704564257360682
0.686014779838452
0.382034135555443
-1.121745188080312
-0.312964883400774
1.614048067426433
-0.312971571876509
0.283578337840274
0.431633079186223
-1.776829462844532
-1.089579019292169
1.082418915569451
-1.243607273087526
-1.030177722337861
0.518850242488500
-0.490179906299471
-1.200936395549954
0.413806631124331
-0.864472836670793
0.291418436804582
0.502433397988515
-0.404458187058528
-0.531215506437092
2.153131029169044
0.086064234000974
-0.548623773930167
-1.455201856871051
-0.542668061046383
-0.346701230688482
-0.945578895594241
-1.425176165746215
0.311033375108837
-1.255491550999020
-0.742906782836007
-2.975650795752644
0.932167835402399
-0.343257244944802
-0.163031103574159
-0.071738900622975
-0.414616116729703
-0.578615073250294
0.455999205080176
0.787223611715156
0.117520167183900
1.400159085908495
-0.339065455432192
0.667467779749501
-1.948963334664483
1.392915600055311
0.425103518421767
1.461057751231857
0.717082262408309
-0.120717973031325
0.615188430402795
0.153952321748583
1.926155635101696
0.292650620379138
0.488693985167037
0.718144503945234
0.318002431411184
0.760581612485138
0.719580937956939
-2.511382008281626
1.313318731789229
-0.616105364290872
-0.792336297355999
0.135512286566759
0.797829342005279
1.552574745366863
-1.423829966178856
-0.925833921953224
0.075930139217533
0.653013318054457
-0.590524059803377
1.454214589426608
0.390411662248348
-0.076091605279120
0.415531581837172
-0.375831347681646
0.350197023199083
0.618819831420192
0.007941816205260
-0.433204419523921
0.003783507953079
-0.759626704008134
-1.276691815037711
0.750771688921204
0.892898656536994
0.079055328049723
0.089551781369054
-0.043016745535572
-0.752541565140073
-0.061829827228362
-0.534500883184577
-0.337070998572625
1.058617823936668
0.562441204460785
-1.147329858056482
-0.779518937541867
-0.515810151849090
-0.378674459426805
-0.039254721998982
0.368721415002746
-0.881471038603805
0.634934131022991
1.016765985420781
0.310887983203490
2.278269233769761
0.202490297845826
0.358802340725416
-0.750914377114542
-0.238842535185477
0.308007909116808
0.831565914067946
0.868568684771739
1.119641286188837
1.256556063373083
2.225922698512561
2.333970571798187
1.062523948195897
1.102456054818709
0.328082676919656
-0.027118534796472
-1.850135556071717
-1.144430886529562
0.110172344302670
-1.479244816623972
-2.276209967448172
-1.044348239499895
-1.245467182788371
-0.242126279049288
-1.044881088998560
0.761693395520542
2.294112069388440
1.385893402948103
2.021327585350228
1.302769468314811
1.761204569592519
1.038608257190947
1.359517598691015
-0.365137862617127
-2.193349966744464
-2.714429355663223
-2.469104887622207
-3.985924046921129
-1.956847579616217
-1.068822005503220
-0.768943928691059
1.202650334668928
1.441649579560576
3.278777785180936
2.117169901975598
2.369338034389086
3.592865677114026
1.627233916653765
2.309855737525282
0.383257421400582
0.114594581971405
-1.991084910193107
-3.398116217988954
-2.899934741660480
-1.627026992977963
-1.290133529670617
-1.510531120550363
-0.960512684539058
-1.762874987121187
0.151796891771607
-0.380105680031140
0.957325267866524
1.720557346173098
0.925301015769920
1.075293496864856
0.438470751197572
1.321786521502429
-0.519233097765012
-1.746754837172269
-0.609979492971650
0.440121693092215
-1.715640701327962
-2.087529520404835
-1.404223656143603
-2.471269419892298
-0.843419264700335
-1.264028123648094
-0.359852548142969
-0.198647263262669
2.953659745752045
2.518122030064271
2.501913979736313
0.413383556910962
1.494022355779845
1.277140525126723
0.047320460290949
-0.605303483922332
0.219113933471312
-1.503965883024878
-1.762855723140072
-0.804064116426008
-1.741135098102411
0.364077633160201
1.934043178087345
0.866443037712667
0.400782713737633
0.000248724382654
1.778870979558974
2.484812537117131
0.586422244673886
1.295161462839964
-0.037961674214866
0.533705885991165
-0.091666098399762
-1.321423129580511
-2.525029846876868
-0.479136174259936
-2.238777816674084
-2.407393568048060
-1.390636611925828
-1.828769986001197
0.864537733413044
2.001547128949324
0.866274585869576
-0.686780235916596
-0.119665754833344
0.939840277148545
-0.290496680570450
0.040114472386490
-1.314591085977716
-1.032956361448625
0.943167978628299
-1.729793827185639
-0.406261573661432
-0.497528210443209
1.223209632592213
-0.354603758139794
-0.174692261384785
-1.064683355838562
1.323267526835158
1.830268517119864
-0.869377834313624
1.938208147046763
0.740502879654536
1.234535930912294
0.364864948323306
0.225129904799333
1.649131421777934
0.989635063913376
1.314837014240019
2.001174251375282
-0.332301851150712
0.072597980774658
-0.885481193820026
0.643331898483413
1.066138705473067
-0.414440886385064
0.661483391882815
0.171878989436528
-1.473793363065321
0.240431857444982
-0.208637338757731
0.934055816681883
1.697790321932322
2.092960720322572
1.265497594582110
2.270336826001579
-0.541958415049387
1.254293478526218
-0.762080334988842
-1.966226987573307
0.168761614934945
-1.096987138320547
-0.476280208484243
-0.130545967571366
-2.280428195741309
-0.361353028483690
-0.586885512340690
-0.477026645404398
-0.057059984930127
0.532836934162169
1.089251617402562
0.345447251150657
0.138887141535177
1.332132977982289
-0.736266973875455
-1.280137480936905
2.807707035861539
-0.949270846198031
0.379795626131633
0.045225658459594
0.701898231429504
-0.859582806487635
-2.776825688692542
0.923216720598930
-0.221471748135356
-2.362812268601977
-1.041243654570255
-0.210637699903973
-1.011179406654592
-0.538007185350821
-0.114396056974118
1.547461135917676
-0.452560260796417
-0.191564865712611
0.165529548327347
-1.702615848376860
1.837731166309705
1.571945842537073
-0.822733616078433
0.099808132633585
-0.269756018694124
-0.150083869204356
-1.726959710858011
-1.195458358721388
-1.529294601479566
-1.819011494733363
-0.646708069793100
-0.142757028761831
0.147150495534471
2.023453311319535
1.564590605090161
2.177568389344685
1.355542691055395
1.937189669576520
-0.350594394220975
3.217712455271492
1.256964478912928
-0.224754637399181
-0.502917037978879
-1.612378995644523
-1.627374249128080
-0.539756110548012
-0.629006846509203
0.344015377585069
-0.691944582273887
-1.838173679088920
0.851391682010519
1.932740248282601
1.476173874065094
1.975381397199812
1.003318365179062
1.569438444846022
1.494135789045697
1.013372472960611
-2.377231242920249
-0.188612056426110
-2.179058753031686
-2.592490741335264
-0.557863803427238
-1.180170852362922
-0.875164579517056
0.775073517292256
0.536876296730966
2.339985758171266
0.596329471876737
1.154192310339855
1.228524492567241
1.954182994109517
1.439677191945960
0.874621665552331
-1.641026502303018
-1.534574885761639
-0.594182439350108
-0.484469183671421
-0.475642374524126
-1.064582501059745
-1.288659012205705
-2.294739686903313
0.254183791172497
1.352432233683201
1.490946248642333
0.724754851476375
2.432692729811776
1.228641878379466
1.453335302487349
1.041044117001833
0.405256280194902
0.283204378959324
-0.335199142631676
-1.405417987885149
-0.265045962508289
-0.500283844554952
-0.058511075974887
-0.112266628768938
-2.018936364006439
-1.083672342454035
-1.354520056826508
-0.774494412243899
0.278759945035187
3.723603526679449
-0.102986781387460
0.902695002762565
1.152357285178868
1.808207672222732
0.282150501600623
-1.016470352740969
0.878936373505638
-1.094900120897400
-4.160525599818413
0.034633795063950
-0.733335018785710
0.102113811449071
-1.221148774074968
-0.738834747247368
-1.518003152108336
-0.015896984280342
-0.585944616268740
0.172239752044348
0.580988797664147
0.964840948388617
1.234221536838955
-0.320559952700526
1.413013434965677
-1.542458081464093
1.295085169002378
-1.741743805748071
-0.949860208897874
1.214070848492583
0.318561747752318
0.964204776382327
0.384825232323587
0.996358044370840
0.992931421931565
-0.153977689170418
1.377654741961342
0.361912256627747
0.497035699056386
-0.698681038850899
-0.651924946024142
0.351027126215756
-0.694999994709080
-0.675078504313354
0.172648846332910
2.316145368341453
0.548366452256400
1.337915937964991
-0.307644953045104
1.296138042357832
0.379001548776701
2.353221666762585
1.974841853745753
-1.148696712688492
-0.975577368280953
-1.594199515419340
-0.050786498477154
-1.243281998709124
-1.214879116570126
-0.939857726355856
-1.206156673818129
-0.667584037576999
1.302214000189189
-0.124794229623436
-0.642071864311058
-1.498276070469004
2.554473261203242
1.577796339219213
-0.218850655187422
1.561216658136242
-0.190313876470429
2.460762949405557
0.732519178602306
-1.773742673427666
-0.571133869723730
-1.291442145204456
-1.791804239334327
-1.016243952153160
0.296200065000722
-1.735167164240657
1.209363333903319
-0.427687436974480
0.251348303654076
-0.909298472222878
1.168737922393162
2.008918679702558
2.425410666113656
0.976667464071727
0.223368057185162
0.007373460156588
-1.943504892316616
-0.991120799937754
-1.125573353230533
-1.325139033047895
-1.738296049765622
-1.856654331744109
-1.803853076771158
-0.302208470587134
1.263591851651534
2.112805527650400
2.028628977876815
2.721669406504580
2.556220164301902
1.538154829294031
4.029257057640750
2.671076134752547
0.011104528376703
-1.159830452791557
0.504509167516437
-2.875699894680588
-1.413873415106306
-1.336357168578808
-2.567166438315930
-1.716642141713269
-0.754628468397964
-0.746223866642915
0.225865690662081
-0.213528658501388
2.109938523113799
1.013056318498906
0.510326831257746
2.862226060700436
1.524182465469376
0.768417905523858
-0.735760201928405
-0.973953333891870
-1.746205486625599
-1.295258842851348
-1.630991156900807
-1.544553482544965
-1.774806246841084
-1.408964433319983
-0.615628891590097
-0.420199203112710
-0.457459446782070
1.702615875221463
1.420635260801549
1.063100702105562
2.548901118384300
0.362294796756484
1.591102768508254
-0.226094187145909
-0.957012357207498
-0.386260879915717
-0.448642244511771
-0.628843458375284
-1.464681893394217
0.502192880907332
-1.701699443916818
-0.841072806230945
0.395183700095379
-0.029583203162789
-0.044675717956758
1.707628636883076
0.017199765888779
0.192183317246419
1.340120863897456
0.418772211916979
2.566688517153662
-0.147501390420243
-0.506890250388700
-0.191121807051990
-0.982314033223080
-0.731200798174922
-0.638019911812028
-1.801773209289121
-1.831792361721905
-0.451292022786919
-0.046031681894567
-1.209940414644138
0.830909736139356
1.541729743252993
0.606909642582486
2.087235773836655
1.416875182872672
2.849593182838563
1.031390690682841
1.529054293815590
-0.275946396910035
-0.505376250641656
-0.568931074854062
-1.050805858747792
-3.113106232915664
-2.074138856212326
-2.364074781963907
-1.102152033736246
-0.247628049045620
-0.747078806280341
-0.693237276256862
0.482974422777869
2.288374126859261
2.881193527230551
3.224796342737488
0.304588235183978
0.598419357003335
0.814868213107299
1.386625148716371
-0.217823744796863
-0.683452664664151
-1.526759853130732
-1.351249820987286
-2.281913644064320
-1.680881910743736
-1.231696357860187
-1.615225169160736
-0.060790526324049
0.248962911597655
1.126421879614012
1.732950453140505
3.064114393062043
2.184043835598280
2.455596365120777
0.944895224657467
1.388496070405198
-0.227732066360874
-0.379955836345540
-0.915027417107272
-1.497571905374888
-1.068894793990664
-1.974940957615702
0.131451269128396
-1.284036713966864
0.167432769344144
-1.000328077389524
0.441904803628509
0.135089603635861
1.094058789565119
2.316844287571652
1.509413947257632
1.683504208013930
1.749599437891372
-0.230440554268373
0.524953123551294
-2.271670863488595
-1.386832834209630
-2.510853975400557
-1.256618941885547
-1.014640969693015
-2.454899753241387
0.623748005272658
0.624826426326028
-0.000849355420718
0.064705280862473
1.081679584542210
1.422011837486179
0.475180282035329
1.357181175860465
1.268182724569749
2.730588610685734
0.321253658266239
0.866207662154210
0.147948903373084
-0.639837933503911
-0.118060167751940
0.179409948422857
0.552977522280749
-1.123121552238631
-0.432827711584203
0.424458762771273
-0.424202406911945
1.067326556162152
-0.311190193104580
1.921701275311051
0.696917929685890
0.548599543715237
0.094330042351796
0.896484817082824
1.037003039670142
-0.334765368993815
-1.532683889430119
0.870727275191215
-0.100967616059287
-0.313576538813202
-0.447375106356792
-0.446802338089481
-0.090979414624873
0.801062697669508
2.290572675560976
0.122250922447363
-0.854210693737125
-0.353352371818357
1.079236427151234
0.821080636931162
0.591361586659854
1.710599384337857
-0.714205629646018
0.950626056224126
0.600419908954062
1.235773091419597
-0.407748011284166
0.097114794905728
-0.065379352024640
0.044036964488131
-0.533440271193197
-0.087013327073659
0.608160211047488
1.213688780596485
-0.318566976807492
-0.636806610095035
0.092571866005569
0.689633472175798
0.503231798003522
1.692705183787962
0.326624185605637
1.030464441038949
0.642518187452449
1.046297477475457
-0.316512156633540
0.046403199596487
-0.147217028749168
2.114412631226553
1.095209958303984
-1.942152540348873
-0.871142520834404
-1.209572580089698
-0.384844693835483
-1.664849071411197
-0.067950525098380
0.108842533259938
-1.846051050048515
0.116612073167040
2.052059418766033
0.464327641220093
1.190641280881070
0.861367288643439
1.151368142194757
1.196831967162144
1.161046105483456
0.442712399848585
1.509119757614410
-0.898887928193594
-1.533742825354824
-1.983312365090712
-1.645283045366886
-1.647754026597136
-1.600203450949403
-1.015165897827891
1.309072584043096
1.440846493713339
-0.340072139953465
0.157791067021246
1.642904073030406
2.045704662010203
1.171347917588790
-0.529266349952654
1.270832580367110
1.717231431954390
-0.488348202124024
-2.308808079150432
-3.099390742556966
-1.403851078137358
-1.935240341702162
-0.098895323799296
-0.901627704672367
0.590382013369335
-0.079584574593892
0.472306872666937
1.389112244316620
-0.700653313402628
-0.547080128790634
-0.483755790931791
-0.633564572381432
-0.122173785141127
-0.329361384486310
1.127915410875983
-0.190838794188442
-1.545396211972668
0.332831228768310
-0.544096910677742
0.520011042592781
-0.229739387689817
-1.963342989400368
-0.627177764134386
-1.450320900421905
-0.701891770934615
-0.350190306294327
1.259583442969206
1.880150500419076
1.587252640464028
1.586890221396489
-0.075986897559714
1.606670636683975
1.278115423097465
0.062849152017789
0.735617641759492
1.092968693402151
-2.013508841856332
0.566701700694071
-1.817915306103420
0.038793157549030
-0.129006534462654
0.826788872473124
0.742180279757331
-0.763844076086390
-0.219654392624880
0.633765225821765
0.253242654509524
1.586520688797766
2.146906614517016
1.446344359325771
1.843973196766321
0.145021769189933
-0.112997001160008
0.105088077349647
0.581304333631192
-0.130911873320032
-0.798335800079835
-1.142288542681188
-1.040708807879359
-0.483412615786475
-0.071746720390463
0.757641514247492
0.637735805759482
1.297852692947959
1.871914045460499
0.854895648085354
0.041758289655546
-0.076639982720218
0.889371980708724
-0.674793433876236
-1.632254919399037
-0.448189149136109
0.532920007659623
-0.382458661212550
-0.637979911303822
-1.807850122296252
-0.754354117388396
-1.895866162916484
-0.522843296391192
0.023100875118707
0.865352258028448
-0.375224058312816
0.391006283963375
-1.122427850668277
-0.401603288372956
1.124798685994009
1.045341096485419
1.225530580314705
-0.113747830355922
-0.085779430857079
-1.878853211121232
-1.554244380285629
-1.224005027820577
-1.770758831330813
-0.140575343594478
1.615524310209048
-0.871613346170349
-0.984205406311296
-0.350559729884585
0.801583645288032
1.201323628433647
0.245763505888433
0.315467544156417
-0.365300409904763
0.762465299201357
-1.726815751475111
1.126611960529518
1.072194703510666
-1.151508198016464
-0.971322082055276
0.255340754662612
-1.603261326004834
-0.216604565280835
1.686116071109613
1.569670775412876
0.719397770859341
0.417776249058387
3.477625754257715
1.303532528989387
0.391805545058408
1.597571327208519
1.069817525279380
-0.236956963534776
-0.196166128527350
0.504526034158289
0.322214880343565
1.393901248018043
-1.768581361990118
0.381422037912746
-0.214469928284392
0.514457035279994
-1.062517469936272
-1.340896894877304
-0.117237897879484
1.052531224173116
0.305459769459699
0.307832083474212
2.557408410536993
0.955659734745568
1.919889592360216
-0.728387419583854
2.048918311518619
0.282001840385566
0.255350287084118
0.986646155278083
-1.111070488946091
-1.296460364811428
-1.517185729455232
-1.209529099721950
0.865597373408700
0.054917062646926
0.225592922992821
0.611453130032174
0.251678274160112
1.531597984708725
0.173647251426814
1.410689661437734
2.198765692943776
0.915440450007748
-0.602594255839444
1.908875126712483
1.131066577640300
0.099703171911201
-0.551848576445300
-1.874546721594227
-1.352664270631113
-2.744292646903051
-1.289602306423903
-1.838824035240310
-1.153721879983032
1.789928140056204
-1.268160126792745
1.778106938690808
0.244128864237340
2.121300849436779
0.122408364439176
1.964145844912171
0.544299482148807
-0.793953943823503
-0.448580111400908
-1.160340838560833
-0.501714191184281
-1.482438272599890
0.027606741124156
-0.909087125865339
0.421971837266657
0.418062052293759
0.756486404243288
1.498703918528477
2.437774538615795
0.473969201151639
0.952320577731492
1.879112244134442
-1.007018746823285
0.591379892374148
-0.388005902146063
-1.563251422125291
-3.376534010516222
0.333487367982827
-0.155720316433193
-0.414391574283611
-0.273352602235372
-0.953661518618614
1.275902910757024
0.318063218573642
0.083824653415985
0.788955037203646
1.165755371285945
-0.416486042746111
0.579095405668245
-0.197255995001813
-1.637573485448913
0.226010914891638
-0.383398107325075
0.102798149637689
1.648019692575909
-0.103480233711448
-1.619543372081523
0.344715427479089
-0.240249363423191
0.063467246885546
-0.186140680437522
1.749554842464905
0.287277965642543
0.593079163793510
-0.273918137634198
-0.133757808436053
-0.182075575660816
1.668868728463823
-0.273405974614803
-1.284418190368540
-0.335812211759346
1.096171950040909
0.098119474110630
-1.351038287959962
0.189037155576875
-0.140294303821337
-0.379871173123222
0.692164855735800
2.620735732795029
-0.382613130181535
0.519166430226591
0.667392106422663
0.095750524460359
0.155617503756908
0.369211317314003
-0.023185104404848
-0.282085378218972
-1.133400465057520
0.534953851034029
-0.448329414202558
-1.105045177572479
-0.615522991646739
0.228338928567052
2.166259367918324
-0.531333567744994
1.406370300441579
1.158399908108097
1.558390064672695
0.686091180162650
2.685908447942739
1.963529200363500
1.286193587013034
-0.374693548116275
1.068868440859241
0.567209401290219
-1.497131593812623
-2.833929419824391
-0.976023228170039
-1.135644777356291
-0.303707796082415
-0.101771311519002
0.361299656663449
0.042416196138985
0.978197402938159
1.223295684934729
2.309886356258522
2.067587247951272
-0.059966374616720
-1.071847245072268
-0.200594988931146
-0.808646727310850
-1.253727847239092
-0.248594122440626
-0.912770898806179
-1.371546738320328
0.062798676439939
-1.339348700317011
-0.198900715165137
-0.806042834482407
1.138962514303596
0.853847866972934
1.955280101789138
-0.078704968796407
3.005706168302288
2.502418990975207
1.104246208739355
0.182173923690200
0.048656474600324
-1.869569588018587
1.282672247459090
-1.164278976223093
-0.847120539830156
-0.429622715199668
-0.700857407249347
-1.433763582853322
-1.084456186884967
-1.080832307240030
0.214554607871415
1.302314573409484
2.154446420674569
0.685449162983153
-0.149977939532317
-1.237118492047915
0.636837537924967
-0.162029563689629
-0.749934518878675
-1.637563023488737
0.321362968507845
0.089235936304115
-1.306928448245309
1.102148654926770
2.130045371311713
1.246889802033488
0.468861879753020
-0.018282362267588
3.134460626438702
0.511019230281245
0.125392770953518
1.270868341651938
-1.138603678039722
0.961059050439164
-2.337999414658469
-1.525541133874874
-2.902161314164022
-1.162751094590769
-0.871928768375812
-0.875899513911903
0.705683761411191
3.103565456311953
1.168869315071576
2.190017930697489
1.469903947288155
1.228808485874022
0.851765240717158
-0.790201723499111
-0.657812071064658
-1.671602403355020
-0.500524983382108
-2.579525099534482
-2.502233503453730
0.631098710579342
-0.933294391202231
-2.562193479097111
0.159002643601879
-0.029395809080325
1.979313696882161
2.062609684360399
1.648177923450152
3.524816818324733
2.545395311586115
1.331711655383500
-0.612764896548323
0.841705982121313
-0.791327058898594
-0.727218944846226
-0.309339686306486
0.108335984161766
-1.017754994534192
-1.265236220990796
-0.137361466576259
0.944795201809588
1.037672221756863
0.643311767462796
0.728905237277637
1.606492357630330
0.465015732232800
1.336387730471492
0.251100034120758
-1.625341867722440
0.523237463771578
-2.226481283630974
-0.901329028694554
0.156475190909932
0.346293491393991
-1.544902324128304
-1.124430121350994
0.077298322547128
-0.617363082110887
1.747461419981755
1.228146550905040
1.279855376992671
1.785336059415497
1.896487628108657
2.513484255271181
0.297606764155719
1.278959344982929
1.681790525393557
0.709473156538872
1.515714761765693
-0.749268508261894
-1.360228340276443
0.483159283635162
-1.239962604957962
-0.677296646865126
-2.170796083703277
1.158757922520493
-2.016739331556772
0.330342741223972
2.818757157798683
2.308129476808597
1.375705468912756
0.968737183162919
1.153756446800579
0.847674877434382
0.973760620521189
0.732088775120844
-0.210910281309813
-1.377745153338418
-0.074357042237324
-0.689567680176012
-0.912676927587348
-0.909492197348068
0.965959827874276
0.061758075106560
1.827163050160721
1.241233316118800
1.333656412876827
0.626577233746945
2.365982124451770
0.631972181669882
-1.370647053914852
-1.262874667908772
-2.026419396214716
-1.111885365369305
-0.022058423341505
-1.523494593792983
-1.339257499324645
-0.799220816726902
1.156412493471066
-0.351632353218127
1.671975702797884
-0.102887771070233
-0.031228518383242
1.501074390188409
-0.185159398684794
0.887172091010275
-1.371140001665202
-1.052827931816742
-0.452783742732198
0.140107370754224
-0.025756550053924
-1.137404407418478
-0.204910508455270
1.199042786114279
-0.470937700141652
0.480171391874225
1.066575976211178
1.960317330984794
2.020143224917612
0.516841532263778
-0.092040947085868
-0.988651797105392
-0.763158441466806
-1.216012533297715
-0.415156574934285
-2.792375671721754
-0.791477775792938
-0.299345483939775
-0.887353276584137
-0.111820987081853
1.644837143975865
0.440268424772925
0.546577428994173
-0.134542050878078
0.657911897417934
1.364577566792415
-0.758653259798244
0.229216534694369
-1.439591074968771
-0.208250154250717
-0.910677899457172
-0.921553520710291
-0.881497124480811
-1.928619612909475
-1.412380932213313
-0.707586825492970
0.209792021356809
-0.930410954522192
1.464587899086117
2.097122864188063
1.733688625206746
1.056347956191800
-0.794477408555171
1.088628532942288
2.342712910923983
1.289910617085974
-0.405041900971638
-0.523883632482950
-0.014376295556431
0.612263726183186
-0.388090859107940
-0.598535298812954
-0.899659081172228
-1.886531637465766
-0.619776360532513
-0.648450350963076
0.468737235885751
0.254605664883297
0.284571431821793
1.588744743367001
1.495235058794591
1.248886412613224
0.829487183916281
1.100462361413019
1.292164974705282
-0.693671161005606
-1.298169318985833
-1.418529220173857
-2.151035458987221
-1.473358332552552
-2.472598568070489
-0.082653001231159
-1.371735646176901
0.646501679520561
0.654077752922317
1.675714868440776
0.503815883335578
0.915180096557342
1.696610071449250
2.459743599890330
1.863204458471108
0.291056332528051
0.076021300560546
-0.283120105654446
-1.359577665475121
-0.659740437233527
-1.031920550559027
-2.322477011759331
1.192691100155123
-0.101852149279443
0.336250683643532
1.279101330693158
1.579276351870608
2.580024311274581
2.165410894150801
2.397398067394080
2.381669243736741
2.615285755202186
1.058427028668127
0.373036112766224
0.860858470665750
-0.680847011687966
-0.455498095170877
-1.553286248902416
-0.880623882317253
-0.119475106406282
-0.319064913458207
-1.101518139813513
-0.150145502650869
0.132608934724206
1.001705125966424
2.188652733530963
0.733236145568654
3.058760988453666
0.579273905374767
-1.651926140807220
-0.456435739476574
-2.790934725637710
-1.984093581099801
-1.777311950774222
-2.048171774348759
-1.872031430122204
-1.061619583132568
-1.382404964261554
1.441710589908101
1.231564446684691
2.126406765502016
0.914905425930005
0.899956238392720
0.802781122234930
0.287854579240446
0.852606514866322
-1.419125468223507
1.038486850479470
-0.571607188941423
0.100948827650323
1.188221585483241
-2.184917626015368
0.456819631875713
-0.344666413364074
1.854934288885769
-0.615944941146191
0.894103987224337
0.365685389389878
0.572498115834057
2.741269129820331
-1.048057561559954
0.709873350770888
-0.332808989767342
0.825916919305881
0.346367129495946
-0.507213419461485
-0.046765661990583
-0.293299898471403
0.185044317596476
0.608366200253988
0.322696058379025
-0.942251832072438
0.484013173369023
-0.614607855171782
0.270611411567657
-0.801044010307451
-0.718425627718645
-0.940713986600862
-1.594883704989875
-1.423158975264537
-0.183298629857520
0.048786947559274
-1.030375445619726
0.961300503594688
0.532856818319742
1.764571899059307
2.643552611880491
0.952008432465214
1.882976727394963
1.067013135626120
1.911187279039492
-0.210658174537169
0.255330215839154
-0.845705028194320
-1.513201335749766
-1.061555642516965
-1.240612630534308
-1.296165201703060
-0.786777401806518
-1.098603721811785
-0.137326728000945
-0.989656105032809
1.485832483174763
1.389024626872868
1.461695509573989
1.609402309836328
1.930853723547745
1.323161150162745
2.722885533978947
0.601841960555866
-1.485385847676459
-0.913319819799244
-0.856288169767685
-2.239198880178741
-1.818099541590460
-2.862449845738410
-0.956297831597051
0.142567082184307
0.325822026087803
-0.422693745799366
1.708948964851473
3.277759803039839
1.889425757184129
1.176722113397061
1.049732066028825
0.215857519943000
-0.468314608804277
-1.960127580648632
-1.554616563195820
-1.532726840707114
-1.679391930337005
-1.168696961550833
0.607045670663582
-2.123415458116315
0.060370448167131
-1.502514724337323
-1.648295842466740
1.524776487267686
1.700171076977737
1.131955736580716
1.796038846298324
1.355278446181935
1.417006550863225
-0.032312282078403
-1.149445410541209
-0.637874251911944
-1.000780052497113
-0.739287875089265
-0.093319848559959
-2.532101048828574
-2.048168700995672
-1.048156007141446
-1.284854578164501
-0.495748310237758
-0.046463135889360
0.811804807533225
0.870723437643367
0.212312664036326
-0.146041268567953
1.433122237321564
1.859959935433497
2.000045930176639
0.924693911532211
-0.379706126118888
-0.623317598992281
1.012400232733024
-0.889069152799486
0.464177085786247
-1.925676072006454
0.176468916224399
-0.732761061952699
1.017018016119227
0.373227062766552
1.534085694609394
-0.439404883651039
1.195242745582830
-0.741630855312656
1.533625698354148
-0.023889237341013
0.863947794611818
-1.644236295477409
0.854147292477564
0.681212746066586
1.581208257833318
0.884218112030177
0.349387939886294
1.264420731635542
-1.009031835800465
-0.928771627715331
0.490704613994523
-0.549554297148213
0.106812192815811
-1.858071405669776
-1.705575822639769
-1.823255080111365
-1.331363927060391
0.308099070523701
-0.189565517875694
-0.470632958093070
0.475306663513236
-0.449271377789641
1.482183344171887
-0.338435734500898
1.108429966467317
1.134264900955134
-0.135558110249353
-0.192386703721743
-1.194408063495799
-0.086005574800682
0.184883546076786
-0.563758290909730
-1.247415208242837
-1.688640010495805
-2.179030450920045
1.326704955302831
1.513587323151563
0.708064030968583
1.762407477629393
0.922178580674814
3.797323443397590
2.696611165472148
1.939974756149683
-0.064104781392913
1.816010889852461
0.490144155901504
-1.019309274757544
-1.811291434647611
-0.796401952328081
-1.406723263011735
-1.862131147673737
-0.986814779316466
-0.399570061113559
-0.680870092269261
0.131934776124743
3.224202381431926
2.123343328893752
2.036613541511181
1.046292069685077
0.918048941045669
1.019941274673903
0.122159828461591
-1.015905840808726
-0.339767711043365
-1.441163904832794
-2.618267673571677
-2.477022984374337
-1.857821464989642
-2.280721959691392
-1.331267787197921
-1.102225022446060
-0.209816173204146
0.657631696754885
1.236633444522514
3.597756757042813
2.553581903819136
3.164178186764508
1.159364680190812
0.997923810968900
2.036845036094628
-2.341898662703168
-1.277650204531301
-1.812753250191607
-2.592292670266285
-1.715069204962220
-2.806004865023634
-1.294911356072369
-1.035550403245372
0.154017304538566
-0.582895532391766
1.398172276495972
3.067380461801909
0.133015134270405
1.064545732152351
1.408238793318428
0.701141445838883
1.388537447634372
-0.352996925328623
-1.054954136158019
-0.316255958783916
0.072019686149535
-2.676932750343600
0.178358216170326
-2.550939127244734
0.078854734299745
-1.006840116720370
-0.843129383320330
-0.512453428299114
1.701882756705030
2.155971743570328
1.143125962913286
2.705043597831333
2.118146202010075
0.755670005214952
0.458855698206260
1.318010567226846
1.054594348267208
0.628481160226049
-1.011748263013239
-1.128563076091136
-1.655536597570433
-2.604533108729133
-0.336315369530606
-0.513421710360038
1.828431057058825
-0.365638947932166
2.476207938035376
1.723493307262299
1.335750887327515
2.888947389177370
0.211230783586899
1.754236405556540
0.580346373256356
-0.561623286825552
-0.167867777755412
-2.108390647910998
-0.151480833300751
-2.221666304105252
-0.720459786516308
-3.369733730734306
-0.868256026427940
-0.085359294081338
-1.060666703833467
1.492998046022751
2.901927866534868
1.678096230661744
0.763685533956529
-0.154894127748377
1.083726848351686
0.314847417847995
-1.208994358927782
-1.646049719489791
-1.443717784628270
-1.736460112555519
-1.489222444036512
-1.309102348420458
-2.219680042147563
-0.616701534259004
1.076567554847385
-1.914069694521473
-0.298168616136700
0.292256090782582
3.259537087189366
0.741148178826980
1.611963658721938
2.108727602079437
0.807952475211387
0.117411421659017
1.820206935371306
-1.106589087403755
-1.256366056721406
-1.749804348497964
-1.407038512442768
-2.370158498859109
-0.320922706875038
-0.036682962687988
-0.557565409654782
0.568755391440125
0.514060561854788
1.175028261401560
2.778326631831889
3.013246958261362
0.917756153869728
1.152731235625560
0.447614649405259
0.387492328636794
0.870995090312480
0.557000605111971
-0.374397614650301
-0.807419126416355
-0.591769213312462
0.283621989810946
0.448609793332273
-0.895931794325698
0.892784147859914
-0.825254728818314
-0.226995484184788
1.828544569051861
-0.590323965993327
1.599329820315742
-0.277841669498984
1.691113672673836
-0.052168914183180
-0.625670418211955
0.982014497053843
-1.265280550966645
-1.930562604823550
0.545265537252669
0.048232673528020
0.507347581380377
0.264868257568603
-0.566083589822814
-0.326018204304587
-0.216924522795272
-0.714918022121957
-0.479295520051961
0.232395985815852
-0.158624722582581
-1.304831756361693
-0.789104096342816
0.038660890709223
0.513568010952479
-1.721222923522168
0.309663238094670
0.110986411109885
-1.363638463882183
-1.848882294673096
-0.196191307318209
0.900308993182764
-0.279249590035745
0.618311039202366
0.546203393259978
-0.425305579006231
0.433817322034013
1.037693459280994
0.205500614260374
-0.099648239951721
-1.071072090382985
0.308093609758070
2.333643729407734
1.726639260227244
1.851287275025580
-0.527562363396935
0.749051898547876
2.229684978883551
1.463934764170068
-0.423067701786287
-0.896342586836697
-0.716349362906494
0.501613654383791
0.245754534931012
-0.798701170932314
-0.439113771784913
-0.816270736327094
-1.154833852899006
0.492435370768810
0.439567671256460
-0.201498528835143
0.294536753579226
-0.189600616183618
2.796907513234893
1.647980816205501
1.353275264832543
1.151250631814910
-0.004858054423383
-0.268950226882511
-0.388498417750773
0.430471108776834
-0.505324093445987
-0.181571659552661
-1.090429226237842
-0.439558078933458
0.087497934348992
1.347803617895675
1.472885588253156
3.438065237537122
1.968721244079271
1.013082468766972
1.736314223975313
3.187891769487947
0.260956395174418
0.763613064599867
-2.458875419463044
-1.106748661389755
-1.748851457302938
-1.968505715615208
-3.649229960767920
-2.858090819409390
-1.405755336954927
-1.455585196968961
-0.032776672081770
-0.137041966388940
0.521068016780527
0.924453847510151
0.407348890435176
1.413250593467438
0.949570357286938
2.633004004292157
-0.061525957199167
1.559659383874360
0.317017028859192
-1.102699331066482
-0.944612597418173
-1.376119245630440
-2.754235047993792
-1.298479278824915
-2.801630418159618
-1.081206516308553
0.022560014115657
-1.105630000150855
0.602295639123496
1.131236468158913
2.116261173051824
0.911346440345244
1.519525092648253
1.523869992818850
-1.514081292441921
0.497383582066677
0.154151537539284
0.856599647261828
-0.827124419916230
-0.865681678145092
-1.313594939190651
-2.222848163665800
-1.068628287202735
-0.086943849731972
-2.455941909237753
-0.932423945495111
-0.662918609536214
0.106503145882768
0.741786980157774
1.267532807196611
1.595183446154132
0.587302477225494
1.305486239193159
1.065925845998731
2.651876268303108
-0.625992038879709
0.719684139464012
-2.057427581561277
-0.393907953890730
-0.164467108398759
-1.627545594000418
-2.084686196078732
-1.442974458028672
-1.234529305442400
-0.669503509295163
-0.451001703230925
-0.919642580125319
-0.449827346528915
0.639729288296311
0.850408404442947
1.366047356306718
0.686117746097929
0.506181193253327
0.920331994311872
0.579060269016361
-0.887991751886840
-0.542089550565985
-0.691172888235983
-2.245851727407272
-2.226526890903970
-1.636981640998699
-0.088379641317863
2.112720153906244
0.580644632939670
0.956912676024926
0.396515011285442
1.201798121193280
3.113136214446548
0.577685700536197
0.614932188040669
-0.196373656540306
0.015761251237128
-1.989479385346750
-1.113487158999035
-0.826069698555345
0.220594574202622
-0.685054471263118
-0.528361054053824
-0.408249457956144
-0.688600037145943
0.670928105513559
0.508980765253525
1.308135438170231
1.516051952271991
0.987305214726031
0.265518574083671
0.039952517574004
0.843168482383507
0.683303052343890
0.252842082630161
-0.594959267175109
-0.175835844208691
-1.414575998123854
0.014525550326518
1.335409622122376
0.817527189006907
1.258331608153922
0.527814872868178
-0.203394852473161
2.378898301556183
1.211419750672417
0.361497146370492
-0.456895109542380
0.390518305512490
-0.125042527018244
-0.349511094011228
-0.153512725320269
-0.491311363724786
-0.990650812926293
0.359916771295986
1.716351776031728
0.910850056686621
1.040983831999907
1.869589106256152
2.087660903016676
0.212292779729904
1.476005832399344
1.631235531119344
-1.922310465280810
-0.667673422703707
-0.971649470952806
-0.449892078168239
-0.400942331701253
0.116231489807553
-1.041890900580682
0.001731718518038
-1.000546654640414
-1.407037481562221
-0.656552503253918
1.644958350385786
0.802306962967754
2.176027992424245
0.880782717178248
1.565576303258985
1.682797210944805
-1.249263985215000
-0.286298963714206
-0.873066620704360
-0.002675149406032
-0.860840099992284
-1.776661543364165
-0.442339094827761
-0.657520561099887
0.076656373680030
-0.413103013334996
-0.592773149443350
2.122889930303149
1.311531421649903
1.365115058534516
0.286394656515204
-0.458784581848818
0.348920700864869
0.293373207538328
-0.620701054444480
-0.912514359305309
-1.421730473949777
-1.476247506025085
-0.754348910885295
-0.139483738350824
-0.289629583708866
1.195254842122498
0.392858356263163
1.077616608367037
0.594891683400221
0.375906212126273
2.080558260548507
1.324550827231973
2.106472266688260
2.374808270947572
-2.364474889963209
0.265646993273912
-0.869015094379693
0.092308717968682
0.336115183720541
-0.127990620572497
-0.703859023189485
-0.204523523422687
-0.012737006047082
0.475685879101036
1.580459080551386
2.437055570996463
1.883811952473981
-0.253288038553922
2.727876940775073
2.045546643883701
0.900078345447792
-0.101737139872856
-1.350764113492361
-1.536488584849914
-0.296616110849035
-1.704751614432687
-2.505073017793895
-1.728947743865663
-1.761127923354684
-1.298908278541286
-0.345209640351181
-0.253461160698687
0.359735559965742
1.347106231735753
2.947958607942076
1.383255449295857
0.611987596789668
0.286805208123113
-1.045660793209757
0.805849965459703
-1.715913368076712
-3.012084076106186
-0.374708123623793
-0.658359816984978
-1.024090541053798
-0.325357887530009
1.190342979762827
0.616878934447119
0.447725014546365
1.312400278716636
1.487701140854609
1.873370786133142
1.942778581140319
2.669770495873570
0.520035895508198
-1.616676505303895
0.288900828272747
-1.020178813893950
-0.987330381658142
-1.147900042866516
-1.572929541074922
-1.182907553459362
-0.940743656610599
-0.834143588583577
0.901770170612283
-0.375087160661259
0.636039869440599
0.456484699029343
1.517347394715600
0.086528681715305
0.470401505826997
0.210717635200872
-0.852625663903631
0.822066639357980
0.096000931992414
-2.308616353326931
-1.817318335069429
-2.776634385439955
-1.178598267993302
-2.914908952803071
-1.028906907761766
-0.202904385691525
0.885457994170643
-0.839578063344226
1.344471152116903
1.474208033665810
0.721961692999930
1.536668679364369
1.779704953744505
-0.427323374583258
-0.160094882958858
-0.659239350294373
-0.795455357736782
-1.092750035168476
-2.755658029993461
-0.674564167828013
-2.595290829025473
-1.111991044057331
-0.652636916596083
-2.636109089480922
0.123271964156388
0.533611716651482
1.965512453493302
1.765707199338510
-0.435607736201507
1.960852166526953
-0.070128407274394
0.490050158235215
2.401666370298834
-0.900342686644678
-2.171949134765907
-0.487635627869913
-1.198816960917518
-1.529332139170391
0.041044387257325
-1.809632737349960
0.813715987135555
0.399888022049289
0.462436916558628
-0.608268466347488
1.714052881706671
1.286006587839673
0.865400425873104
0.967283686634101
0.590629579954026
-1.545087827562673
-1.339195910605421
-1.818465908177043
-1.015519912677339
-2.061065919325515
-0.197949378233144
-0.483618030096553
2.092334110342968
0.163157508079111
1.126556304298896
0.614437316139531
1.678634142572991
1.675667012553155
-0.022248370189003
0.328345715584581
0.282989374548132
0.667987324487459
-1.004915555133862
1.146591964819319
1.119502640935905
-2.285804769945595
-0.143245009867816
-0.828046273783600
0.171611725069467
0.653961727350740
1.039184544135922
-0.349446762078859
2.499586703032942
0.621653749205734
0.629511480723604
-0.225951130597063
-0.098591176576019
1.745190967963450
0.311664396574834
-1.118542924982634
0.345584859662621
-1.006208892892954
-0.736430730876567
-0.704676542624085
-0.193389487132190
-0.038362681777617
-0.349873071716341
-0.446465624390152
0.806600427767901
1.298175927625799
2.427257267751995
1.658257917483747
0.217053861184607
0.044077972776606
0.872609425588073
0.706634652018346
-3.052868639670243
-0.793141237751000
-0.200112322262083
-0.475877012471628
-0.329926605059309
-0.745889649079540
-0.416782235977617
-0.378286204706308
-2.278027689834660
-0.572802259727978
0.312378455844239
1.197788566729729
1.599881434643200
0.034605883754039
0.582167374999717
0.657124614256846
1.443954289335358
1.624992225955699
0.625874263304770
1.386842755033042
0.029712479283507
-1.721646626869355
-1.530483056109474
-1.287536589103865
-0.113250462353657
-1.251720542177603
0.851698924995263
0.053235566606479
0.743998413226153
3.708887343285497
0.991278482731583
2.625728131166649
1.375237837331311
2.523733981102073
0.205470757730170
0.243263720948343
0.810354255714707
-1.426547088952295
-0.882791955042355
0.036276825233474
-0.882479673386614
-0.996801527094164
0.074770415969648
-0.998455151394861
0.818878883385249
0.095760638941463
2.412407456818646
0.368589696231412
0.283369741077113
1.187054168793324
0.848056353117063
1.783757870235288
0.216113513093921
-0.048191218239424
-2.046481715940321
-2.424697738855251
-0.511619046987490
-0.679397279570313
-2.168229428591379
-0.925721191815388
1.781878885762316
-0.345849839183680
0.111715003276531
1.909593426984975
2.310662966254672
2.100338677841149
2.623986620357347
0.603602104618177
0.605458164557634
1.719075997291326
-0.329682778397898
0.434368913702251
-1.138577771390896
-1.833844887681761
-1.511483046556862
-0.692851704961163
-0.942917384598621
-0.840072098678613
0.586102240143650
1.193375169875496
-0.349156124348837
0.129709503727325
1.280765908489304
0.894447372935619
1.846621068051625
0.865043664120544
0.031642910850464
1.850883578428971
0.109672027535666
-0.812052463526037
-0.136762142898123
0.024312319855620
-2.141711910244245
-0.663079605100344
-1.985247864798102
-0.931643701103834
1.387881799868515
0.109807888765182
0.984025280488882
2.678912783743423
3.464300963499885
1.215665012670862
2.102656431579548
0.801305734936480
0.868575902030474
1.727633083699800
-0.068436769728167
0.551817066749166
-0.537284007073755
-1.754383619077860
-1.530824387113148
-1.273890040159766
-0.439862465076594
-2.721556729279262
0.417133974315220
-0.312385959179585
0.628534084079554
0.359269671788456
2.795442970741457
1.390203828178469
-0.388609554597985
0.668357364794958
-0.448218250947700
0.131073825953000
-0.472026564971259
1.289096655776627
-1.423082633133216
-0.376495252063735
0.811293702050827
-0.571514365687873
0.442094695977842
1.571654554155052
-1.146833588334909
-0.072803232694378
0.018735546517545
1.535903000071619
2.219321089494878
0.120186609921848
0.801106306980594
0.530114138765274
0.037561439807884
-1.153620193062296
0.079852130954533
0.297077885507902
-0.646780321643939
-2.381139201229822
-1.622116410977710
-0.080586974335355
-0.551317491283878
-0.876075452127899
-1.154288420234852
-0.193871010922563
0.094728237820153
0.192560466810765
0.401105338063921
-0.366733700787460
2.286605992177014
0.704455202483609
0.067244126312420
0.167681987142136
-0.636460469608609
-0.050568460632783
-1.299826860311259
-0.251800477069090
0.935622536815504
-0.482578698110907
0.460271962862759
0.077413491933830
1.735270686574786
-0.312177466537671
0.687814508518515
0.168648889401373
-0.456155752213348
-0.497083883497242
0.294061812375984
1.704284689926720
2.681580807174361
-0.076108364279800
0.832774546993306
-0.837779159400159
-1.787271449269367
0.469204814119531
0.340305929487190
0.337204659623931
0.540349497543045
0.389932522090798
0.961046397567889
1.910857481996751
0.541552663404401
1.704966567639409
-0.296318578470164
-0.317866543603523
0.625946033199899
-0.315339323557832
-0.629685471211956
-1.051492901292405
-1.220874107465746
-0.658555961701245
0.366291945982160
0.080247825226749
1.126802825028015
0.931501558984804
0.613238933173416
0.977361633116558
1.831854748755607
0.444258694706716
-1.355216135894849
-0.294328580090484
-1.218454033999080
0.066098990415282
-1.482116729038218
-0.996858411711316
-0.734338131563396
-1.616897290140187
0.227962082033521
0.150664817743323
-0.005780403724552
0.098392206908271
0.880652502763561
-0.175005776909381
0.300037530273063
0.088743274796148
-0.959671298842052
0.566169252122431
-0.110215489665206
-0.489850725481713
-0.482898329240775
-0.923389347803748
-1.620176153560927
-0.760824370573559
-0.858737970761453
0.428178571018745
-1.747649811802314
0.410818976724810
-0.895703068237231
0.845556015113527
1.177984502982921
-0.177585080968667
0.801509288028858
0.909416289557573
-0.316484299355754
1.419184816219129
-0.653965615898333
0.306032585661156
-0.787350266821210
-1.011044452808933
-0.749304999072426
0.057265990604525
-0.081648051843721
-0.186686646146176
-1.170851813077015
1.023831465169597
1.778723842480604
0.819892656033694
0.693798254758400
1.422234557320963
1.971991003184978
1.737319938800667
1.784886153933261
-0.290400796582348
0.480330681520760
-1.658924435831415
0.505471959941461
-1.095586706388937
-1.021373912368724
-1.517128525841833
-0.909447535062051
-0.938182903934541
0.922860453011776
1.218736981294910
0.576656444480721
0.564759437854972
1.463353826436722
1.604072565648977
0.030828762072856
0.044049929344450
-1.759056504396048
0.721263289380885
0.085914583754416
-2.130237395433578
-1.924698533072785
-0.042553525271081
-0.635279538376907
-0.732158160507127
-1.752390633344667
0.405665604459163
-1.417239696476979
-0.803064929338026
1.043223614050082
1.671740652514362
2.482720797482046
1.953233465828695
-0.264673261688414
2.220184390939385
0.201113830194521
-0.573680906961112
-0.924886035622575
-0.706929588243433
-0.545927625364691
-0.938389439833893
0.527476026234079
-0.659589890279683
-1.344906300270437
-1.061254847691093
-0.714461175816713
2.007843781838546
1.914696697845095
0.663383270452891
-0.138284057229760
2.752965743274419
2.188572870321939
1.068299948242030
-0.565458072190584
-1.273641669075030
-1.536751703996424
-1.804589861415216
-2.074432368558255
-0.807906709349355
-0.946106226728886
-0.309023616813614
-0.893899495401050
0.669624601417956
-2.328332124204784
-0.329731213958303
1.792723238174281
0.668787057998799
2.114554381355294
2.136006530261797
0.038103984046344
0.763480548660178
-0.753293803458830
0.297205372808895
0.287614820617321
-1.104850921682413
-1.447584254286420
-1.601712297132374
-1.211428137519023
-1.044573832494393
-1.931463881683806
-2.349368235089388
0.001760894705091
-0.340844302591885
0.571210402767705
1.772071654930904
0.354521953691014
3.094856060885810
2.455179654230032
2.244667219546243
1.920763993996856
1.698191607115986
-0.506749644185805
0.606601627748755
0.853816830930127
-0.280565948442117
-1.603255456152869
-1.036133886316458
-0.421755195809010
-1.619634527845446
-1.579373258706949
-0.150534239614265
1.950169083118335
2.348295305987719
2.425204538537312
2.952797941452850
1.759852679026366
2.908422604211997
2.429154174821730
2.612618423476347
-0.858209229160550
0.418654873156718
-0.596023817772088
-0.206424896701135
-0.985577254863638
-0.912143063003636
-0.430957743982141
-0.988505166868089
-0.446808403446843
-1.737599151141043
0.366329082421777
0.975393625597615
1.443009337116032
2.820207445350040
1.244170797308912
1.158999755166158
3.274572347807754
-0.240061439705272
-2.506878275465371
-0.060855845495229
-0.742296531296330
-2.352888020336769
-0.903174718339215
-1.251898805760029
-1.610666911544312
-0.668092676747340
1.595082753853558
-0.115739540266876
0.545746052947921
2.592285071974489
0.453621219789799
1.850851362721369
0.120597780204767
0.888075386617657
-1.029452022203964
-0.409995452331932
-3.050593050971434
-1.137214360190739
-0.695863212798239
-1.894336870722115
-1.503302889890591
-0.576868796497905
-1.021600727742812
-0.424941304788204
1.398716104675809
-0.506659471185305
-0.413789667775870
2.576055354267450
0.954659029280008
1.931680670930145
-0.162750009738213
-0.105642208502688
-1.709782966140701
-1.574859087429025
-1.468675037998788
-0.836345560484155
-0.768240746215730
-0.512707154608699
-1.055942126760363
0.154211377669002
1.280907600032076
-0.063662170211735
1.654236008283603
-0.616296019264763
1.262123096063295
-0.062869292178441
-0.317331211237605
-0.518511176001282
0.632637197135991
0.553676686190868
-1.389061642796768
-0.110753775836386
0.595269832176385
1.022684128558287
-0.060591277967639
0.744926377098187
1.882885540541051
0.031462161495152
0.473633825076861
-0.479682683535319
-0.275448791260556
0.078261142131223
0.557919089581831
0.300346960474194
-0.210001553913263
-3.228277205750194
-1.329218930005231
-1.461132873841370
-2.300313214244485
0.184814707645420
