0.099591809372022
0.549717415415606
0.706796076029925
0.512473648386582
-0.755921526537859
-1.227854979270202
-1.013561965891853
0.616097730661194
-0.466011691388971
-0.081875679398965
0.595533690312198
-0.408694313519087
-0.273576625428159
0.008183463393265
0.616675444998889
0.571024583579055
-1.498247881265965
-0.758146430316344
1.260754768063299
-0.872728071271729
1.281027535558394
-0.526382077855862
-0.013222075688771
-0.413306038113842
1.120226013461868
-0.689699158867378
0.550551703548829
0.207916543301955
0.201800584044121
-1.202421636584430
2.697765144903978
-0.396042225329572
0.116060221095363
-0.559730410966059
-0.763427487417222
-2.211610470304763
-2.070392991179504
-2.983250284869754
-0.181887436414565
-1.172989864916663
-1.026682070942462
-1.201351530514941
0.185175890696716
-0.138391472222445
1.150811348300087
-0.791332035351267
0.326067361822838
-0.948707987782664
1.154095894336675
0.377840850139831
0.770243319682388
-0.334249870591656
0.202242805650114
-0.044179144250639
0.465422318157292
0.286355533469697
-0.213577753873156
-0.592752507105388
-0.474886151748710
-0.528098496873570
-0.230206315640924
1.792462897157276
0.672471090789839
0.283851226669799
0.296781583333002
1.144059834937305
0.882486278128444
1.215732818591520
-0.099410917248155
-0.808793083500353
-0.293822247323101
-0.563972992044637
-1.134558265672088
-0.766815388083785
-1.889768303534383
1.655302238525362
0.373875196940322
-0.960353078397705
0.558571483448801
0.870304540621003
0.595961971192833
1.024613146347190
-0.759986161233376
-0.068981894568129
0.177019073399850
0.634801437643873
-0.846041835698668
-0.353080059031642
-1.985658870960921
0.501168413716187
2.105080845031841
-0.103814405047371
0.752327105208591
2.175690293597998
1.368440640536368
0.491880470120002
0.961427803149681
-0.304139631050349
0.314586577672456
-0.074776866333437
-1.003131308442451
-0.385664384214049
0.844881548404709
0.292019341840859
-0.052891448402791
1.148833140560919
-0.147396661944630
0.714951034711785
0.173074682817138
-1.509237872255297
0.372290298413582
-1.023974811937177
0.221298727785115
-0.478743362565216
1.518465189686217
-0.759110775776945
0.024352367803411
-1.524406027112589
0.738540330900362
0.304539844269791
-1.035994205232124
-1.153634702738951
0.556523788276463
-0.114409278706815
-0.152677761095284
-0.746732803061547
-0.158757311179828
0.304253910202374
-1.211009076962237
0.118699100554708
-0.343743893092459
1.340961747885496
0.045176421785985
-1.198268012207999
1.396471455834070
-0.398709594509730
-0.500215670344921
1.020225792932081
0.693275554683071
-0.712876469683360
-0.241814874147841
-0.641422468937857
-1.727193416122857
-1.473322558870912
-0.055988565644085
-0.150442410056351
0.825289698119869
-0.424941821865244
1.200746070784138
-0.329367230885696
0.472212829018651
-0.162151026182277
0.432569791250813
-0.317511970548453
0.232290614012354
-0.014710841640912
-1.894923867273565
-0.807050572380133
-1.050133705917368
-0.943103852036114
0.232139681451990
-1.273548740465402
-0.786003408858833
-0.218073366193982
0.023890245109068
-0.664852623730496
0.947105120648403
2.784307358784114
1.079311854152903
2.564810072908910
2.298429583218241
-0.771092475771412
-1.027479308139973
-1.633768234602232
-1.468892446448770
-0.299257634829364
-1.121610852993523
-0.325340692163014
-0.228370800328159
-2.631584151299511
1.501776775983064
-0.245339881063261
0.400797807029887
-0.680406283011857
1.251105290237315
-0.236839932262981
-0.556002176462330
1.223847659223871
-1.439325957746294
-0.682040300306007
-1.952813875693576
-0.086489340006361
-0.355332291603847
-1.637067284452144
0.050299659062084
0.991796109333242
-0.441647782036352
0.028662914767298
0.467899317602937
1.072559207294428
1.108557068939702
-0.793190300186674
-0.171157007026189
0.956364483207272
0.022541830152965
-0.934773760371827
0.560704130039924
-1.299242837719691
0.454441212067393
-0.342000532776330
0.067505707475677
-0.822121866857720
-0.281426373357580
-0.155264827804761
0.103362093066814
-1.205211064424717
0.615648724019439
0.172155355795517
-0.090999003014106
0.553748400437999
-0.946973728906096
-0.166043424271021
0.798412940217008
-0.908462567696993
0.280876090032660
-0.537629656586189
1.384197229542697
0.015315411681545
0.937672899601649
0.936871559485434
-0.558308664444660
1.177720272612300
1.076478057424620
0.378945787776236
0.054243535251334
1.750224790322013
1.529576644211221
0.521330760476788
2.554419847474444
0.981766775024745
1.134567548791156
1.957485225410055
1.436293454586733
0.404583801307578
-0.240638710426260
-1.565387882660397
-0.760946719212080
0.396705703641290
-0.282135413867968
1.292312874995130
-0.615230347003397
-0.732274999531033
-0.164065159399854
2.050897901087930
0.465091957452428
0.165237321330885
-1.145985324259175
0.989736742510777
0.437027035185875
-0.017872925100941
-0.599420198090356
0.301917361908832
-1.172834340424475
0.102818199012914
-0.374090705659023
1.269466235797823
1.726772722544487
0.682182096432725
0.857570695714023
-0.544580495624269
-1.057636911786219
1.543616101486318
0.996694518928084
-0.543411104354755
-0.815701372535183
-0.265416631764938
-0.641371970119757
-2.046301979048311
-1.230308911386359
0.364084480357185
0.564457102778381
-0.724151560284917
0.095787521294886
0.334609718061986
0.182102454452021
1.548850689481516
1.709229743284734
0.571495199908444
0.702425996369912
0.211511358484897
0.577537525211851
-0.947874063361097
0.472341648496922
0.735394177244773
0.510558073200186
-0.375328146547919
0.793732178987485
2.324890665336543
2.905989517575634
1.847367517755256
0.313008132084977
2.287643606938492
1.801281143346611
-1.783930486433946
-1.549150757186306
-0.701512784906047
-1.461170759315859
-0.974285298153537
-0.005384357608283
-0.746988288893148
-0.427204635808902
1.382240234414121
2.574901551537696
0.832618292654302
1.433181730290638
0.648338659403299
-0.111692551649245
0.640947383411140
0.970146225586937
0.843462327799892
1.297770535713319
2.080805717934091
-1.416809815478434
-0.194390864297855
-0.895019835398734
-0.324577067387422
0.642529379379261
-0.075259977303885
2.074697559787817
0.215293306434842
2.054971915977839
1.025258657297800
0.678495003311413
-0.333939763514565
0.605300166785842
0.499467693904027
-0.083610379337373
-0.244531723726397
-0.022725803986128
0.277995693639531
-1.442196688187550
-1.006529643218556
0.433900724041136
0.172579860675450
0.808420918559834
0.161607391524512
0.494373490493984
0.088218429131115
-0.619924240113803
-2.793664853465970
-2.157995316920305
-0.090862963468696
-1.510185050304325
-0.902301285929623
-0.625809640371054
0.178355043924032
0.882561623492098
0.939192477477502
-2.343206042984826
1.355849449606092
0.908406467243912
0.180684998982394
0.110469221359710
-0.100130219887684
0.758919700736729
-0.119530026511845
-0.009532428649554
0.497279561807779
-0.007167463853596
-0.112776448005720
1.191543153234709
0.407390553199703
0.862418641165863
0.882438422423557
-1.849130799999593
-0.947691382152836
-0.625744025087993
-0.333604341274817
-0.029224327428240
0.223573796069658
-0.849785310079751
-0.300025935897002
-0.475522251799273
-0.450765394958371
-2.036644752773644
-0.564628125782311
0.871122785042782
1.051879822676202
0.028029710442643
0.574776619380737
0.583310933506070
0.076683990323260
-1.405333109894907
0.357604405642957
0.651931694951373
-1.346494356919306
-0.183254853044408
-1.811306125308354
-0.974546557929247
-0.450135244357019
0.288546098804041
2.375755585167696
3.105412269890764
1.093172044752519
0.296968395008563
0.728589087213120
1.302088667559763
-0.104929547924119
0.225384644516955
-0.200264310500630
-1.193543304689080
-1.014085082930417
0.445467618456740
-0.657283826667241
-0.242708888365126
0.663759722746306
-0.164952994720066
-0.176382959213490
-1.216412376907061
-0.235548757991933
0.013865402135315
-2.007648792044436
-0.022281084375580
0.259781004184123
1.258640355566614
1.297338355386155
-0.022523613367124
0.100563042881545
-0.033224380219222
-0.626380679866979
-0.639058905817857
-0.628177614940616
-1.086118423991396
0.902358340059806
0.978611297517201
-0.358964681676268
-0.219342741893125
-0.285307484573050
1.515288081351804
-2.641786414196174
-1.672439140776074
-0.652967246311720
-0.338501441293101
-1.036266764165032
-1.580223802472496
-1.596514396694344
-1.279609830814032
0.890861241427055
0.532738313395630
-0.055786762029938
-0.026015707574895
-0.959389796065320
-2.091634958483197
-1.548907535038492
-1.080382525659343
-0.117019207640533
-1.764351509265758
-1.347364801325836
-0.927711531213937
-1.371182074561911
0.399145203775285
1.037347008699131
0.923512953278120
-0.688705817553793
0.841060761479626
1.277945425423017
0.671797999369975
2.085737149831068
0.729605841037912
0.116868362742761
0.708707105954242
-0.586310262304096
-1.005661601532394
-1.017640791467337
1.066328227246814
-0.363289817784142
0.040572319961960
-1.252380183159361
1.608674980325153
1.477215276974916
0.482091535070760
0.083148625347575
0.335546588480893
2.431554082749696
1.152249879892226
0.735295220163029
-0.301827567783187
2.212248668894468
0.612281141909855
-1.236611783059625
-0.840255767668082
-0.163987896164276
-0.812683679952728
0.084369501405658
0.011495915883679
1.098157276983942
1.000405751960179
0.113360956563031
1.408530928384993
0.164643539691244
1.183542722003720
-0.139136415567852
0.686420977052518
-0.221284508451918
1.539432150337370
-0.660997009229990
-0.157267909747787
-1.010913871991097
0.708181904628287
1.343136284631866
-0.360933296159833
-0.078742707885206
-1.088043262993466
-1.464520815331802
0.208187079367623
-0.415588795683464
1.017079012311945
-0.048738857020419
-0.661733364356220
-0.786152893545104
-0.833149558168175
-0.898434179620164
-1.047780747704276
-0.293370292407413
0.423658348323504
-0.302207498386020
-0.812730221476520
-0.757486043377555
1.552620222145265
0.430936182461777
0.653468670432507
0.344661376123279
-0.118800870540394
0.951240603530382
0.679207012675617
0.386365808104286
-1.116643342198705
-0.739735272039083
-0.538001144745450
1.222222896744324
0.160260113178193
1.094782539363973
-0.329410181335283
0.739995744116686
1.027608058058562
-0.355242225615117
0.136547995599924
-0.514281872116384
0.943102872022469
-0.450158125220028
1.027664897714787
-1.717066966767443
-1.780757320258511
-0.831749238869857
-0.145337956056758
-0.834568946364719
-0.049955347233176
0.271351515687581
-0.254647817024017
0.047007030286348
-0.687651924011739
-0.006791112644684
-0.168750716191477
2.894148375861262
0.226537822110384
0.143001466408277
-1.210829448351227
-0.793006947901973
0.595815315170055
0.887878621878321
0.412720973890765
-0.821002417489891
0.256708399046484
0.379890753457794
0.631589436330370
1.125621721826976
-0.335644271596212
0.114081454834962
-0.545504847684932
-0.921230736201352
-0.602410712628889
-0.671842660929653
0.465002810580498
-0.550807326761446
2.193125762287268
-0.050865739972337
-0.747391892372313
1.181288479024734
0.101605511504009
0.256792205208105
0.773247536614600
0.574431638186977
0.931632628329724
0.307829923225660
-2.152315013734782
-0.436979948150282
-0.996776852455440
-0.314181711235383
1.916160296612606
0.563461450857280
1.284938645252161
3.557252084431645
1.939494851457024
0.949282572844925
0.459322051227165
1.126948058417210
-1.001782870940013
-0.632456653632269
-1.791233981791166
-3.220548823367934
-2.521676360142008
-2.046178532654563
-2.502655882761275
-1.291499481193322
0.020991264806433
1.250158669606007
2.266257050372243
3.391031184322978
2.674006076071284
3.499943691913693
2.837684407866446
2.769582930555782
0.546225590861088
-1.261220723494836
-1.076733883698892
-2.079341663957947
-4.786660959066250
-3.131567846098376
-5.268421581943120
-2.754413752875523
-1.985763442773963
-1.262620266902717
0.278589603449817
2.750277906127059
3.820297257200704
5.424710601937012
6.205282421840033
4.203047749087593
4.733113715545420
2.734266391617040
1.690778986766297
0.612008215207917
-3.267231139527854
-4.654052183700273
-4.297650428239191
-4.238677697940664
-5.148706198819435
-5.338756160325342
-0.930213473059330
-1.818728128888505
3.116011288085855
3.918993245173713
5.617560085196684
6.319159053772932
6.320690352956767
5.030573299413808
2.853141980995124
2.931126637431670
-1.350907099492575
-1.121829921400358
-3.749164148014289
-4.657735549836080
-2.883595679788733
-2.922192918991942
-2.931194663096116
-2.940448830951720
-1.155703554843080
2.968164873654625
2.465990508747164
5.206384669211011
2.777563615848604
3.109040440768449
4.391833623982986
2.752999724207767
2.301285770570773
-0.240023802178735
-4.422512242926047
-4.957275283646761
-3.477143201673676
-4.774829972102880
-3.860281299717910
-2.576552923114631
-1.296555346286740
-0.691176522567297
1.320465416809283
2.390067320620344
3.029195296707337
4.075729821284265
2.444721381301195
1.587032755258720
1.645946899345018
1.021898778849352
0.682933726321955
-0.664970091836505
-2.569251358100821
-1.900254322303686
-5.261322860873907
-2.651617847456875
-2.717042003355170
-2.468113919753089
-0.487985317737098
1.744745084986043
1.277352047806040
2.394345371037819
2.400525526536808
2.048823800443057
2.183041860268061
2.567814874326881
0.429647235568252
0.215740421583763
-0.575979132486233
-2.146763737318761
-4.038396992615183
-3.942700599541848
-3.502960765061431
-2.186822889405712
-3.138430499009135
-1.001550110757918
-0.508405555128545
0.488590820228273
1.289902738775155
1.395736707396635
0.426465388390072
2.687264280715778
0.616008435027937
1.499023120046981
-0.859548336039351
0.196041605056064
-1.758797642133116
-0.546624985829790
-1.710469144981096
-0.967046226810733
-0.627119041964057
0.389091516204188
0.784899419248115
-1.638462379130944
1.208435365790770
0.077167490310774
1.911627329726576
1.929484853883380
0.267999639193611
0.397115511439480
0.021004043925061
0.817137142652926
-0.722376898962769
0.189399185615264
-1.466653631963125
-0.135324380035578
-0.857261208744091
-0.933178004951881
-0.357501817321476
1.531289310787087
-0.504431909670911
-0.994039799292512
0.114100397470964
0.377968449456039
2.052598880779404
0.973197971738218
-0.647414198272556
3.307762999389885
0.195644228872023
0.866845223533028
0.268277086705481
-1.231205845112885
2.041754680426879
1.156597689544025
0.108391647894406
1.558042342400771
1.075261801584734
0.799059731590677
0.802804049708992
0.536819614578431
-0.731296994407241
-0.852057286490097
-0.413360170392527
-0.302996718109338
-0.433393031619597
0.791440905732570
-1.824907711329592
-2.468331826611154
0.384523184603230
1.004603053248347
-0.628960334581341
0.737096916913366
0.455336157489679
-0.489513375669997
1.144852456430817
-0.683953564670545
-0.813761182743066
1.616185855946947
-0.014616862041478
-0.269249788871201
0.283443753920207
1.491125613972583
-1.399807326657814
-0.016569171764910
0.168291291879187
-0.415146255999823
-0.021703858920856
-0.799510030630074
-0.526363731801982
-1.477543531844691
0.273733709939074
2.023308866230447
0.601865264998548
0.421853259715192
0.325919778887587
0.988538689579703
0.238569482285993
0.128798948104373
1.236654366258619
-1.150202418764481
-0.113737706454054
0.130376801415442
-0.802104176937204
-1.581947977694503
-1.295108440474921
-1.523970627173530
-1.519814666920586
-1.264678978461286
-0.879401472842475
-0.581204202298941
1.281560847217367
0.134249105564101
0.500916526346044
2.128508741589155
1.125759755982043
1.079743589168691
2.522012858388889
1.018519671852466
-0.578815575097190
-0.268337846622278
-2.295657605655737
-1.706178470523774
-0.256705456061457
-1.242317417097582
-0.389129256053591
-0.918231113259919
0.078653106113203
0.315800592332124
0.245559166171522
1.688592533790022
1.840570406780778
1.440586956073302
0.372863121749587
2.231331130447134
0.599868014175740
-1.614542516097175
-0.181178315765176
-1.758799630305695
-1.475765577939720
-0.646754382477940
-1.247581233371403
-0.973554187440677
0.344091366493014
-1.066705818631714
-0.241082848824038
0.745490851064908
1.324707576816681
0.756434624339520
1.139904674625223
2.629494691739428
1.766368083469844
1.254645032996044
-0.579867042823734
-1.215049705439973
-0.547539569856205
0.665761815467387
-0.875158138452127
-0.044712170012287
0.692273734707937
-1.436199238352610
0.054543305154963
-0.253212543377835
-0.357191757967078
-0.084605775182694
0.984155867481357
0.345452320077939
-0.471854902852733
0.009043978960003
1.120698606817513
0.496627862319105
-2.389939486729152
-1.441359375322395
-0.768642700417777
1.172518273810772
0.877844903089485
-0.279733563747479
0.127481720609194
1.191248365097688
1.036563465661932
0.833086480404081
-0.430466473387138
1.724981856408491
0.685170021820956
-0.340618982608805
1.437732244514349
0.088170320949527
1.126128868986358
0.633619572021107
0.509630259395331
-0.296640828888023
1.902945310631065
0.367480907422339
-1.080563655568648
-0.305148657857976
0.254692680271392
-1.312552314682980
0.325355240893011
-0.216946304810841
2.280603199191042
0.927658112308766
1.439637926236967
0.474148425065752
0.848791409074994
-0.878106105323652
2.540521592417538
1.188506653526358
1.295337543728713
-0.164348825708054
1.539060847746432
-0.970569916227974
-0.529524729765555
-1.923479832218540
1.240841973201835
-0.499646015493163
1.213211129320617
-0.669474128732072
0.013551550505541
-0.458767227011981
0.414421672520740
0.815796008017716
1.486248545553615
0.749802457284970
0.643624053133495
2.242537413502692
2.401304468804151
0.057031903307380
0.540879577215790
-0.335334907385052
0.293568216805516
-0.717893096528854
-2.556267511755704
-1.849403914544554
-2.458908023696799
-3.738133983160388
-2.809027067110676
-0.438065209882290
0.669442252977884
0.724787414516453
1.224655611372829
2.287145661183333
3.490211354161425
1.991301655108083
2.737137854977011
2.096083617619846
-0.426678137881767
-1.434666538391103
-1.345175723425644
-3.948366644836635
-4.680961473529599
-3.356389734480274
-4.085030206575851
-3.130150965219422
-1.016743845884143
-0.127468295243464
-0.128343791999279
1.968847947369508
0.321186934212565
2.077043706164508
3.730902157800446
2.682788407393753
3.196482692098592
1.783220289849607
0.524097225714073
-0.412437492545211
-1.417382086564702
-3.350714412127911
-3.870478387751309
-2.860917645890086
-1.250134274338106
-0.768336553788918
-1.881373366902908
-0.734015419769836
0.010851478197960
1.035384581441921
0.646255168286159
1.096546279559468
2.709657470103457
0.982015100736137
2.493425324274337
1.252609200601326
1.348529157924350
-0.822642725559965
1.129025029149198
0.694714798327863
-1.251070057096997
-2.464936813466420
-0.185878871448958
1.397635534468871
-0.374357174574573
0.199171896922516
1.830942005326250
2.169237689873524
2.227261044909586
3.736309521271340
1.888272328438416
0.833708673510667
1.136486721446890
0.553525875871968
-1.368194951012458
-1.417638517976973
0.104580232815494
1.548129713137822
-1.648634840704124
-0.118348814189432
-1.939720903967342
-0.972850833644600
-0.057139724182980
0.652722958154327
-0.909335702768451
0.173647136148580
1.542752573382589
0.204397472982004
-0.599386399528623
0.823553698462174
1.511080454850704
0.355433235844220
0.397633679126300
1.403620617127467
-0.055958955681891
-0.316694149336288
-0.072432468013308
1.091161341244607
1.619484566805318
-0.085429792169437
-0.389874616861425
1.273958775355519
1.274848227834296
-0.092506710699047
1.551868137445987
0.824685528644846
-0.512525161561219
0.165453112868717
0.010326136239176
-0.479969279149217
-1.024657349884068
-0.743470554852629
-1.689691397447580
0.158430551052457
-0.045753451963832
-1.204195697966900
0.058462728206879
-0.228091456245826
-0.433613183849906
0.779624484541537
-1.236608793686998
-0.307034914111259
0.261294935842548
-0.896327865364932
-0.027324079817105
0.854087600409066
-1.475185091086322
-0.943099464394709
-0.949415730439592
-1.094845879747595
0.585075382763771
-0.556323438360131
-1.255344087907381
0.322139093736560
-0.469873004130592
0.137632232333164
1.372389518043424
-0.893000305525014
0.183931031096939
1.693078807893013
0.818201193608649
-0.969437839058177
-1.544605685914251
0.199531140935445
-0.297980361200769
0.005320575943736
-0.071435310554485
-0.497183103456070
-1.176799047667802
0.887814104300436
-1.172002663918593
0.409515971909943
-2.137112979036341
-2.262619690966330
-0.886874872394682
-1.524450672148351
0.453594092698378
-1.262876703924424
-0.257677150338932
0.278253395926727
-0.471166902241235
1.330428611576303
1.131060007975035
2.477458585494075
0.841294624873797
0.191456505583981
-0.915259964365208
-0.299906508886769
0.852420953251580
-0.601085336508857
-1.171088175276094
-1.601977210825423
0.164698765554452
0.171279983308621
-1.923302126593490
-0.335304159878614
0.047369870145177
1.470322949575542
-1.148795459653186
0.663821574123578
-0.056948111599675
0.817218690881011
0.431262748538982
-2.116743794805991
-0.107159987897373
-0.025320798461537
-0.196833702781821
1.404948963876269
0.601249125220753
-0.464320616635089
0.893476184986913
-0.185787938300312
1.092587737048683
1.231764071996129
0.345002715083644
0.472025153981835
0.820396307758127
1.219851540866869
0.504033817627775
0.231751748420948
-0.894271050764655
0.403318939899392
0.028256598199595
0.577880445745581
0.227785492376760
-0.065785326913867
1.341926494285599
-0.215437147210412
2.514927979695449
-1.012473819218706
0.432167488740646
0.597075576339913
-0.683792605652230
-2.321159782343447
-1.931630570860627
0.825445907614054
-0.446671134016916
-1.139815955855966
-0.869079770543227
1.219851322026141
-0.068168282929539
1.450147305724194
1.249498684635893
1.029635198117025
1.455299384782807
2.121527396401328
1.474130601419883
0.103516255524588
0.649288256473068
-0.518341106221277
-1.227920366301982
-0.413682734553514
-0.896844821000218
-1.385598149093544
-0.610909418083912
1.059746107411867
-0.193456982375129
0.109957010029069
0.818453117616867
1.223230771674483
0.444672301128517
0.612446050557216
1.911313713382533
-0.323783290358410
-0.304117223145602
-1.484107512469823
-0.170145420438410
-1.990463047062680
-0.024366249330116
-1.691697423395485
-1.517428951578973
-0.866474745610083
-0.833142432159025
1.184097104884629
-0.624497183329676
1.863627657172552
0.752141255446146
0.843423509742544
3.790675199380492
0.439464083899712
-0.032741379366426
-0.118602153237882
0.750090653641151
-1.000497679831403
1.786475987530981
-2.026542205018318
-0.439456703066306
-2.141649622518127
0.471652958507035
0.932504650450620
1.318147963753552
0.958033949904204
1.590882555055033
1.379592722109624
1.023052554717604
0.574726580562398
0.947766377419597
1.198541637847820
-0.615741016946738
0.926205810997544
-1.347926663228777
-0.683503445880034
-1.948234439913525
-1.220762768157149
-1.322065623165818
-1.162263069460489
-1.313554062793865
-0.195401394839815
0.165646883289273
-0.268343787827091
-0.012719552160152
1.033745171064271
1.677250549539828
0.934407364799858
0.054527469274499
0.651388232970968
-0.202523817932444
0.519532667932210
-0.551340654249874
-1.724065910929896
-0.530502424510022
-0.151274783969747
-1.676588269737338
-2.448034181371447
0.845213746388807
-0.710930824341019
-1.094477128761951
2.139123309633153
0.123502471915202
-1.104961882018846
0.312885545265632
0.978876301481429
-0.128295481370060
-0.106205507895616
-0.984186886320272
-0.686339969094676
-1.178823663023763
-1.446662923989961
-0.165537107707622
-0.308969271243834
-0.890849275383519
-0.098263418320172
-0.001539478973523
-0.767567445520201
0.014262450065410
0.568325159629832
-0.733440952120910
0.595968316026577
-0.810918127261667
-0.258499495903426
-0.364810883785589
-0.650127614571587
0.800271481901091
-0.575996981736297
1.119301621220420
0.082276217493069
1.537127209882816
-0.965704152716638
1.401431520580799
-0.111524009249318
-0.005455701008410
0.385173204933034
-0.517948599348295
0.294776617206308
-0.226750172107522
-1.128222837846215
-1.013666643324920
0.350763398538167
-1.337799442059914
0.736597357936311
-0.311804072009325
0.665735301350758
-0.110976533256025
2.444715374826025
0.341967807228500
0.695061527358233
0.704089001878298
1.470946837152541
1.264337016767223
0.043511765073370
0.044866832529811
0.276550963255436
-1.302006992934942
-1.359256593933547
-0.199222765674448
1.218926222912444
1.359268484850661
0.334363170498707
0.080605847619441
2.919996824020956
1.700853857043313
-0.542849759091672
2.513400409162789
0.983801223784674
0.813151845716297
0.143540092078999
0.575921621211332
-1.280809298774018
-1.619306937951310
-2.981078694456495
-0.706266209527350
-1.865427228224971
0.463536219707000
-1.086082213509096
0.297933392775235
1.769186245060479
0.734630021643074
-0.428692649881393
1.126978982385173
1.596505231892577
-0.957924663661756
0.597342654724511
-0.763362353999749
0.930831384000607
-1.050142779934607
-0.450683431610608
-2.318894349680412
-0.048698652989524
1.646314648033085
-0.355490155997147
0.448554580424121
-1.480471427106476
0.013183231696755
0.210736065153129
1.474234080823229
0.747314015559779
1.015027102425589
1.039485983174918
-0.600826214390969
-0.659819265020497
-0.355357099058815
-0.315566434475198
-1.125725245158826
0.047929783642332
-2.824036420177040
-2.675411076261903
0.614511515880692
-0.571049356334151
-0.419351805702873
-0.071779878787127
-0.841744789055058
-0.354669710877082
0.680806734180218
0.812246134541621
-1.240384167615913
0.000189879044948
-0.221918158655105
-1.362979396771051
0.481606174938049
-1.528127751803521
-2.203793644790458
-2.030847477564675
-2.615125786741983
0.257266139874028
1.019770777156022
-0.866400633409261
-0.225307525674256
-0.473982674875076
-0.054066071494876
0.546231234861108
-0.578931405097039
0.790756027455678
0.220735752595319
0.189670316911306
0.460323782140025
0.722752568672581
0.100761596508026
0.789847436721940
1.068514825510610
0.545069097486817
1.200590509125869
-1.517248808998784
1.591284396544925
0.475449850416196
-0.954233810214269
-0.110813491502054
-1.018195280628080
-0.368680272983723
-0.555376015452136
-0.825156274207324
-0.638651949523708
0.076497757848379
-0.998686168807259
-0.055969573407135
1.287182701651443
-1.943768990978654
0.263244116944906
-0.818137601257801
-1.308826809806745
0.052616970976086
-0.526459141756064
-0.177838475056970
-1.556868924514347
-0.094298503114838
-0.820234264137662
0.019397376072701
-0.805589798532885
1.345787224937028
0.866073823149136
-0.388876699553045
-0.457272605426059
0.485976842882339
0.690312052963860
-0.236154995127253
-0.925427830985170
0.864348421601938
-0.871478567493880
-0.702188266775957
-2.583284435258931
-0.664024188217046
-1.524037971143003
-1.010392775007767
-1.359243431885234
-1.152925545751808
-0.092862510505829
1.563767684285050
0.895811494118147
0.722233257095516
2.137462639745094
1.197897123071825
2.270682028354345
0.641430310266528
1.450250026906712
0.457592583915480
0.633325524457744
-0.044977973701091
-0.056227922026248
2.111918369289878
0.414175212993555
1.243443419958537
1.919245676983454
-0.793536557451084
-0.332823599589438
-0.566866414977136
-0.174054804810683
0.980070027792899
-0.173306438191702
-0.676313129238860
1.759991130704838
-0.015988681547106
1.401093478405870
0.577225336012435
1.065078130385331
1.354559216069349
-0.336208075999244
-0.219942941034421
-0.057450297521069
0.500809174008016
0.273634017488911
-1.135681849988057
-0.344572793715788
0.278645376142506
0.959953639071365
0.211342320044888
0.336785135663767
2.084524592443774
1.431602687681206
1.086741812192174
-0.004276710278235
-0.524901621290477
1.329737753933589
1.153740639674680
-1.252894185848808
0.510178872789781
0.667783446527653
-0.629390496132295
-1.170057238162459
-1.385907756866604
0.235853754603758
-1.587321648932405
-1.976156011599477
0.765952278504334
1.099110468805249
0.151214632950230
0.789443303447596
0.044995701490544
1.690433917516486
1.163030839073836
2.009419162006135
-0.481434018028135
-1.712265379242767
1.893695670902287
-0.635977179733095
-0.833091140741427
-0.091825108333655
-0.847444117242484
0.097900092381303
-0.980797056273249
-0.383691911745301
1.037178210731605
-1.021777768800817
-1.147006438646299
-0.128190230828387
-1.622529979215879
-0.941001921602543
1.657240317798391
0.870572966002250
1.105615750132790
0.489735608895962
-0.738551549134200
-1.499605258580460
-2.905241879655915
-0.870605294585134
-1.818503247445214
-3.369335911969196
-1.325296159648142
-0.998076207506166
-1.727453987710017
1.171037481524109
0.557891149809904
0.862840725897102
0.654813317401585
2.415057243493526
0.030303994378250
1.481979122399081
1.572335912220552
1.070013521140798
0.675832399216127
0.924626566927035
0.923969873746873
1.671658291692489
-1.176731764678658
1.920130091530021
0.771161310676522
-0.036668790349587
0.702829209333129
0.347998359062121
0.129029399799757
1.638162079069031
0.209742054762356
1.517635865943290
1.423523876818577
0.436173473425440
0.637011163969356
1.123422030496527
-0.282669870745594
-2.058412625803414
-0.260772989995239
0.190650110014445
0.043223060666197
-0.223776885115446
1.060251186277484
0.708127076406107
1.167815378160320
2.777188518857387
1.789848300601672
2.003921153326272
1.109793503515997
-0.560449509948998
-0.280011133749235
-0.054065624553912
0.222701647273601
-1.977540338341537
-0.522256800156646
-0.614468557879565
0.486310963032617
-1.400298905904180
0.307366163305709
0.579535868732267
0.947054901759732
-0.235382218620692
2.145028256558328
1.139903399575222
1.585819559187908
0.508916300916342
0.527440543341600
-0.221016671306872
-0.616951894249950
-0.184284984642983
-0.576114889649867
-1.035707272115880
-0.298132511814809
-0.104915035540186
-0.115657917268349
-0.074972434484589
0.489716536287568
1.237617482944733
1.187404495634544
1.432821923037308
1.184089421914947
-1.088143005316181
-0.635590320902326
-0.092530512904451
1.181564250493960
-0.381944936369756
-1.950837185105528
0.483438788508886
0.856367517133271
-0.647608915297867
0.375396758819311
-0.297721207117290
-1.160710188253746
0.288804617357322
-1.847688712575354
-0.115240653657402
-0.124081627767736
0.506417446171113
1.179328354799264
0.213182389648596
1.280183534771055
0.655534091855131
-0.675340044008371
1.408292644184211
0.640833936103812
-0.155785934331988
-2.734684794450078
0.077451099879681
-0.347539590147799
-1.500882420436520
-1.346570390836800
-0.348236083220768
-1.339764692508506
-1.313080487044154
-1.161522495513950
0.094745840306786
-0.135561491204213
-0.009781809774513
-2.937281469279183
1.429075821646637
0.098874864027797
1.421385375044693
1.113221793618775
-0.993069823055256
-0.419954640844982
-0.714524559572037
-2.320602143129810
-2.871164948579674
-3.061529880816646
-1.758509270577792
0.221300537847877
-2.571592670777440
-0.261874205768611
-0.254181107471386
0.739157369129071
1.377060587074163
1.234722657567941
0.525710064814313
0.083177493248262
-0.584457049537279
0.063610256646177
0.588271227512658
-0.530455942834830
-1.886828728501622
-2.075924030967586
-0.694599069939071
-2.861524340836977
-0.778446678030009
-0.443637457249582
0.575003038864287
-0.144430210214461
0.000267686334728
2.214054982460972
0.522189576750919
0.892609841795245
-0.578590189881464
1.581346039299636
0.154364456120603
-0.583296007826912
0.152413603492991
-0.098108712497978
-2.323256798274170
-0.173751179785074
-1.527779552621566
-0.919522892914853
0.700379271988091
1.885524782399578
1.197737615451923
1.780321628685418
2.350253815399410
1.428341496156293
1.297530140037349
1.375712021157426
-0.200089062055040
0.712340817818889
0.112539511081294
-1.533419551968296
-0.137882064516602
0.082218233957724
-0.028952237808251
-0.388922253390673
1.840323319426927
0.763137173551830
-1.210930271572288
1.724279249253398
-0.777798128464591
-0.182768506566583
1.526923456411615
0.418881574788561
-1.086275195362091
-0.899044621880546
1.895220672800244
-0.891539414373025
-0.308626342873836
-0.783259431636465
-0.532570206539680
0.645924020898480
0.308839529168067
0.004441045848829
2.073693264499617
1.547906605258265
0.137300382270133
0.838007514573800
0.309736485323439
-1.715352484687815
-0.339182431062914
-0.614595738085760
-1.286508722609539
-1.918408726628696
-0.184049958611588
-1.512233486942858
-0.722481107206711
-0.853951764887801
-0.423718863198709
0.493513041772461
0.215135081112142
0.503674199631169
1.709172094703093
1.503007113955710
1.642795146652250
0.822196370227135
0.887769451699303
-0.065580465253136
-0.884984587766815
0.080169326221061
0.030242481722466
0.179869328965849
-0.600510226139265
-0.401664579561615
1.311554751729738
0.605955577123068
-0.677742587004654
0.605767231450515
0.426224215288350
-0.293331756647053
0.926475525533589
-0.126373214658548
0.630254483470275
1.086919199662447
1.632817235981345
0.255589266630375
-0.808523091080128
0.476597535110412
-0.240365368680194
0.080288443242748
-0.981089712398131
0.686797795312881
0.102801237603156
1.467608138374867
1.228283655263495
-0.005919817545774
0.203119220820774
1.669747061787069
1.206733334672023
1.412248718210224
2.211967806480558
0.260357535595409
-0.328552425841234
-0.178787442369936
-0.567914599091099
-0.862855136008097
-0.426817943638456
-0.918973721459121
-0.405625368983527
-0.947989607451895
-0.486310611181576
0.831741105618857
0.899438751874066
1.314213662742133
-0.567600318658874
-0.545798274953768
-0.597347880808288
0.417951523430335
0.621397700889964
0.662083833720106
-2.543195102796298
0.102955997310852
0.812243808243176
-1.174146317237498
-0.902860542859089
-0.280403863928854
-0.711405468824021
-0.026309929785623
0.313889755821228
0.372195338589205
0.224768286291541
0.002249178322704
0.917007682498720
1.449709096804589
0.456496703891096
-1.189679483428935
0.731092241635164
2.079088727790181
0.198252530255185
0.904450520570078
-0.403003244483164
0.605467566530553
-0.462378633737221
-0.280435720630814
1.745454836262050
1.025973842740648
0.324367512320434
-1.253236251559259
0.319534193591825
-0.471192256517453
-0.161199652464983
0.356837770299539
-1.172627714059540
-0.259542863001528
-0.494696593351165
0.639231555911094
-0.531428479985829
0.837315191775083
3.123163671037622
2.066886267733437
0.805170803043191
2.473221961568461
0.857884158353615
-0.557162560580514
0.757032797093010
-0.661125074907907
1.443688664187150
1.011890942556622
-0.024151226189185
-0.480876088324516
0.237967734336150
-0.195216464063008
-0.741211799545099
-0.728923052838025
2.311636036385267
1.115993413081952
1.654250746172142
0.269126222501646
0.499766836702443
1.717119479696608
-0.982274557150930
-0.895282041900854
1.326192600849933
-0.543249011339830
-1.446938193563949
0.071903788626352
-0.989305028313738
-0.797981824886550
-0.310020378729276
-2.144555547389432
0.452302757306295
2.039657514750698
1.200879342206825
-0.378523438289839
0.284331503573766
0.129035499403940
0.296770133761127
-0.961221404256040
1.664801953325122
0.295894827212804
-0.126592408265750
1.331664747680777
0.630906714899190
-0.634823076483219
-0.871320934873013
-1.098169166735132
0.349053597988858
-1.323581275626818
-0.674787141243092
-1.659691531060481
-0.498233762369242
1.432429447959109
2.390124230252408
-0.513684981630481
-0.461859784356541
-0.198797996175225
-0.551130988692036
-0.125019448011054
-1.080703967875986
-0.251522658667443
-0.868691236717488
-1.518925798791832
-0.814256435527893
0.801004224007234
-0.108477846370422
-0.067920772263137
0.438199134634030
2.384490237677090
0.723597827208101
-0.895659871095621
-0.052472972602768
0.781356266773192
-2.228982582982214
-0.840910374210367
-0.543218496958323
-1.020852220600947
0.278051661070397
-1.244372220584693
-0.001848560792932
-0.603559741757541
0.346963636593476
1.010933331434629
-0.063387979086133
0.835523280217217
0.545960113891301
1.475042234092599
0.443968860142143
-0.719503969860664
-0.451068767334418
-0.571905802023967
1.352479292072622
0.631951893542329
-2.177630230565882
-1.589714591973316
-0.821889005464091
-0.028082217894157
0.287054465765144
-0.097881926515725
0.615850835845824
1.126195708447943
2.353625476412643
1.204786813363928
0.153631606845381
0.650287509546134
-0.071158908266246
0.401316878897816
-0.854198039519089
-3.186165032999379
-1.405680445404772
-2.069102570619519
-1.129900559318585
0.763889835828082
0.344975093706886
-2.385624803467705
0.290628570544507
-1.120240320462648
1.116042758543925
-1.009003892706518
-1.548030882121727
-0.950804881775947
-0.959311737014844
-1.219856555412236
0.090867237272077
-0.783654207908328
-2.339307492998890
-2.693592123851146
0.413228394732720
0.398336285280693
-1.857708332380712
-2.187795040964071
0.572789685154093
-0.177404718091300
0.089622699633061
1.013878592583745
-1.304958128032081
0.244356375663184
0.542578596912813
0.603580993452166
-0.903039051194461
0.199700503417122
1.454705360118691
-1.337695413059456
1.035781668373622
-0.226057443545726
0.574716165541770
2.420255331143663
0.040200081103548
-1.125615878711341
2.186830106036267
-0.385484924753686
-0.410135727211954
-2.146381630115904
-1.972446291240783
-0.761963953268327
-1.821444253312140
0.094862157545304
-0.456582828043988
2.043264075900112
1.785241425426897
1.166646107180880
-0.311068334088237
1.463635936237109
0.682201576659762
-0.430809002142031
-0.478035749469825
1.535819810021546
-0.537650508097550
-0.399447481467073
-0.585809937262663
0.947360608978336
-0.012544631666206
-0.642381068410530
-0.449962388922733
0.400857021537552
0.169978492911555
0.392184579069404
0.883910465492213
-1.740190953049635
-0.451060871574878
1.673520609381644
1.528327173174118
1.502107205535617
1.199223925517279
1.065135199321100
0.555220183921841
0.879519365367492
-0.347298791353237
-0.061142049425912
-0.262079760442668
0.003990325175298
1.845998266415336
-0.414921223030442
0.463797294415462
-0.312146615731326
-0.080413258094718
-0.469853410514623
-1.023394995190572
-0.070647155746065
-0.531341574060256
0.087785596557047
1.128777551090372
2.288114441172397
1.639701858297257
-0.639611998882917
0.887475482987060
-0.246813222605161
0.815745218979660
0.670087092491178
-0.324166039160963
-1.057274896079587
-1.341900827320794
-2.201307186098364
-1.260501321941060
-0.117227163781105
-0.362152739931356
-0.667372861452539
1.591968329428619
-1.363377518437559
-0.548008673925367
0.480944411660277
-0.164207848842996
-1.473657889108029
-1.418479614808164
-1.956906399273990
-1.144701658576083
-1.630162837371879
-2.629152635565880
1.047870225187911
-1.451538718694644
0.005668925441413
-0.675887891622567
-0.745493507119347
0.002914215888276
0.604646100349319
2.659163852560645
0.567093907870336
3.285943537556023
-0.067510277360404
0.542615309571058
1.472916366555459
0.487347726169263
0.722406251135321
-0.682565563737767
0.101259505322450
-0.117836941263533
-0.215953943427408
-1.136132476677043
0.712516841328555
-0.128543402036139
1.280922057031098
0.997629859189133
0.208592552400096
2.270837739515187
0.444742023012418
0.801309764021974
-0.753748942580671
0.040546894254668
0.361907697771947
0.288950350127564
1.970315061269148
-0.064268417074602
-1.152748984018142
-1.067025287351249
0.158944457344904
0.655494059919340
1.068658682323889
1.583961069588335
0.284694848928567
-1.131223070065179
1.144527019166473
1.198229337171964
1.125284516478499
1.072515953124240
0.027934424866047
1.536096519888063
-1.244468212730935
-0.610330518606301
0.418240015479880
-0.466685713582910
0.089656707426803
-2.110387840999418
0.406296626094800
-0.222075297570890
0.328703111875848
-0.537712710205936
1.481940408185340
0.557829005723799
1.157046894879297
0.449029904069388
2.166982932801267
-0.056194752488816
-0.563929758822124
-1.269773843277191
0.255715004143293
-3.485292227536439
-3.517308455355430
-1.224488015187153
-1.846041975839173
0.377831919506917
-0.003388771382665
0.312851288105031
1.798354745388171
0.596528115341505
1.492019064518789
0.337195112875975
-0.335295105899027
-1.012030635283561
0.196544672663802
-0.016955333755736
-0.515366267491982
-0.234458681055663
-0.177987531942163
-1.850082679001591
-1.231170137546284
-1.307771865667417
0.095153714842548
-0.848837634393120
1.503509256364913
1.707049927851647
0.844746389870779
1.003641376685040
1.134193484024491
1.371149094884296
-1.296615768904458
0.838056323014509
-0.644963592319798
-1.557691328415100
1.685004666528243
0.241012433891878
-0.893135390094223
-0.382032257825762
-0.940023777754575
2.675072126811535
1.270329365249385
1.209141784671231
1.153189164915273
1.776625066128824
1.230771027613898
-0.125193601836186
-0.305231289933296
-0.181681570106617
0.234173940805240
-1.070144366371409
-1.503167428984079
-3.575437781614861
0.747045833727304
0.322754881843437
0.716284223396311
0.637587211472211
-0.723054248843832
0.633134384453953
0.139899522284161
0.680112281232655
-0.883548920865122
-0.365777486646652
1.088879974359700
-0.178933596521657
0.692428379934170
0.539497658281504
1.021403550542019
-1.478165386799942
-0.565956644771466
-0.201355425714403
-0.239192226037290
0.237969196947543
0.604624767248242
-0.782443329667220
-0.539135383221614
0.063940542326413
-0.150798093896630
-0.593132906933723
-1.900552963531585
-0.547909237380509
-2.147679993968673
0.502504468684581
-1.103906463098246
-0.328244698795308
-0.566855974525959
0.872974864226698
0.843502770535181
1.057973404383950
1.734873052867236
1.686711676610702
2.450069882831408
1.727083887340062
-0.058604898119108
-0.919288010777226
-0.682770886504685
0.854931182871200
-1.129591892942453
-0.624947538824901
1.189054044415840
0.831369945614322
0.167446874661750
0.990105521705173
1.362808731794970
0.991850989028941
1.840797017802736
0.214825155193790
0.716505714958649
1.633606026447722
1.414547954521463
-0.733056162217332
-0.164588722331380
0.399119699380229
0.062310092815675
-0.982805624262439
-0.730529082182758
-1.386868851490632
-1.773636362713437
0.268031216792285
1.870948350612724
1.918519753344356
-0.273785763220438
1.808649642651281
1.110518032984585
-1.379863521519616
-0.571563390403766
0.285636946303038
-1.094848375481671
-0.385395521374034
-1.453831434210165
-0.937282036515884
-1.073827922188058
0.027337351711695
-1.594041512508163
-0.251361825948163
0.841548621408513
-0.833036131452835
0.733316626421294
0.838805330761562
-0.396595564107450
-1.506475539147257
-0.413630761476992
-0.501263347144313
0.340010704011941
-0.466153367918133
0.296429664532955
-1.614029430807704
-1.050693945062841
-0.666347469544556
-0.808621993711694
-0.645594554951424
-0.573826867997011
-0.486166440281002
-0.603449323096519
-0.283151008362774
-1.624847474422138
-0.994573865477313
0.498158756605198
-1.487285503264994
-0.431769263484493
-2.648829801890888
0.136026128160825
-1.959231609442134
-0.266180862223820
1.237851090520370
-1.085822309268523
-0.583340121001991
0.738164996211364
0.169891691913590
-0.952551780472550
-2.249831214824929
-1.720327918304509
-0.820375344425398
0.400048674091636
-1.582104121588674
0.355509820895513
0.220903835003703
1.598045148698244
1.061288050247919
1.404355046771851
1.355221554734326
0.943041956820837
-0.052343992017225
0.949792298063073
0.191752835562964
1.019769238614997
0.691924592930402
-0.375901591589801
-1.019081792067402
-1.362855878958599
0.964971346194765
2.016402861948874
-1.031689027988663
1.805887790022041
0.187008363046313
1.246611555143025
0.294669257511009
-0.343370328745850
-0.265797180820314
-1.091946772608196
-1.715898946061983
0.522341704990599
0.740890692389725
-1.559502165862392
-0.131852684960693
-2.119646148497262
-0.903513110650452
-0.354132306170737
-0.195606945845174
0.252879397392630
-0.093643374781986
1.307767169774002
0.932589598639817
0.287556104089578
1.836743402855208
0.457195029231335
2.050486975821932
0.350997897759609
-0.877683851303535
-0.601009118327753
-2.033236389995618
-0.074228251213410
-1.406642408768323
0.731916003043120
0.940754919988581
0.691112417863865
-0.788725986050050
-0.392373771372934
1.627003216354903
0.473404582805656
0.391335843316887
0.074497100947785
0.720353839395251
-1.304678782708574
0.021393760920356
1.399036792218794
-0.201807910277799
-0.589776830847375
0.459838467023846
1.599620123889241
1.287917400232898
1.385708380325066
1.667218351879628
0.240666182285612
1.219168126682652
0.973898441370333
-0.120052187964351
-0.780375616038176
-0.261008941749134
0.612705286505693
1.292479177680984
-0.806941216555079
-0.341612421449532
-0.491727669804949
-0.964031906033843
-1.157563520217000
1.109992597677791
1.667354740232543
0.463508706098927
0.883251100778103
-2.023454052870971
-0.990725027292227
0.537467702057230
-0.057783225333819
-0.346263075620789
0.381703642497254
-1.095737033138149
-0.323225273162131
0.084730829413954
0.888009332007945
-0.425688436606966
0.018026680631380
0.158912137718393
-0.184597739932400
1.104620266041699
1.246709652606088
0.638795033988468
-0.236325753741642
0.016909737391631
0.235501345543134
-0.304855921985857
-1.665738054971675
-1.324468616380493
0.489938484039248
1.330146231480364
-0.411730945645259
1.409212546710885
-1.271566120239369
-0.534719257882503
0.291424290751962
0.319344317336111
-0.329386415676335
-0.869427307847933
-0.142897672233235
-0.371957671194293
-1.026920027376218
-2.731830901888333
-1.176766841341322
-1.748045299256773
-0.857118514181496
0.144123001480585
-1.113412590579576
1.031348633433418
0.702459210820061
0.618644121705268
2.572001843272608
1.187555161133726
1.337613672984660
0.529421772877395
0.500823327410321
1.165278025840578
1.401105158444981
-0.087442127864570
-0.257530119692166
0.619374173135712
-0.492114210432107
-1.241794017624654
-0.725648956933046
0.683085701777596
-0.731291364517943
-0.572055381795156
2.062420466126445
0.289813709036314
2.043925682981896
1.204614277530416
2.058615283641349
2.694190452199044
-0.286575910463455
-2.084181870639131
-0.068777252091356
0.344478538041817
-0.175224694502235
0.426465104366756
-1.065192444749595
-0.228721480288059
0.300162177628751
-0.912598315993905
0.721317646902108
1.070605325905991
0.453254303648680
2.134693865305048
0.891944998362421
-0.057999117523226
-0.053878539911699
0.028475051375997
0.463514239647420
0.081010020816278
-0.967722552318611
-0.541750587999804
-0.105170485325438
-0.459219135278584
-1.454965845976538
1.263382859108785
-1.082517849274373
0.005578155626445
0.345865199863228
-0.165008993187423
-0.663602284521104
-0.564308952138248
0.954468068777117
-1.162918535643348
0.332103572483929
-2.507277578453707
-1.162595906962457
-0.742556198853519
-2.136121834553377
-1.372738306950372
-0.135167832050435
0.663942343473640
-0.291665874148264
0.529768862225834
1.050161465217768
-0.072760471317237
0.432562504903670
1.504855020294917
0.206288837500549
2.558077118781548
0.297251787493828
1.728383415811958
1.793534845866460
0.659887520560853
0.672100544205162
0.292360285115420
1.806349469352727
1.616696906001825
0.853169970702557
-0.772107272864293
-0.133203343735156
-1.038002199227074
1.890615529103195
1.655706009335107
1.833029014780193
0.346093724706113
-0.527576448169893
0.184388849525824
0.367105173757839
-0.357154999342416
1.583031262620987
0.110453050012017
1.689904957224515
0.809196618748313
0.534639902861103
1.533853056847768
-0.045967968471961
0.722073710142243
-1.605572255798319
0.086110962819711
0.359033844518286
0.083181375734523
-0.569361793900672
1.156349077687898
0.124152196094952
0.942148011627476
1.818031362298925
0.520035821801417
2.111767332245038
0.060947826200730
-0.173451589165875
2.695993352410696
-0.719255925084343
1.080917983107160
0.091482454467804
-2.454653177394059
0.533777168668579
0.287475552052667
-1.153064714414699
-1.246512259993489
0.768541543983099
0.217939709621267
-0.892839604378513
0.544296604969928
0.936460781376609
-0.585713025502446
-2.138120330959258
-0.541645185521433
1.155025887406384
0.557844837527693
-1.338320132953639
-0.435963800781569
-1.072920569132562
-1.166985382975613
-1.740691464262705
-0.205015420008105
-1.433526964136292
0.181182522730911
-0.410156882577042
0.261397854048838
1.165706328722642
1.050285142703558
-0.150001637075620
-0.132366156512475
-0.287064282642958
0.829193159971321
-0.033208822226643
-1.266060392365819
-1.059889941422752
-0.346440357111864
-1.464667024794124
-1.163416202525084
-0.527469884380024
0.175712701039371
-1.351079486070237
0.516258879362676
-0.300449178419207
0.776372989664007
-0.017871428930629
-2.256065473252493
0.638782928470108
0.541367490879683
-0.127837620555547
-0.429782081356997
-0.000705315021855
0.671274353736193
-0.238615984915704
-0.142354528260151
-1.022103936058123
0.685905814535036
-1.086633466782387
0.797285980327233
0.563088830284184
-0.685314441890302
0.631753997974906
0.986193000658465
-1.109461680669574
0.675502015670030
1.154319882933398
0.233930195684960
0.448335173907528
0.678252811670371
0.928721004178666
3.109717601009089
0.454469976891036
1.187089860541066
-0.305918022131295
-0.309004506539534
-0.064672618679223
0.046543567055430
0.245289877010494
-1.041031305151562
-0.781636512600076
-0.626172033342526
-1.644097185430068
-0.026039857908619
1.210649606137607
2.708697928297386
1.160038812320067
1.480040038623908
0.426273944080384
-0.867983530844801
-0.001109087439133
-0.806609899455060
1.425244086402414
-0.730688709487822
0.929003496413980
0.782073669829128
-0.449720349795826
-0.420706059246537
0.475396156489459
0.205709378835277
0.908677709544170
-0.299980630039350
0.705421433074358
1.900038238506324
-0.071152748445501
0.849474731333233
-0.681178445531883
-0.304823073244327
-0.101452173482826
1.728175311657218
-0.195446520540286
-0.381667158454911
1.048408197636569
-1.452192471730996
-0.607451996339362
0.444173149878275
-1.646338320720747
0.034838912076438
-0.865977408946226
0.759890859050560
1.019442381687477
-0.279839240227920
0.122050472749630
0.588901718238813
-0.088759520981655
0.139065406933948
-0.655052733947185
2.239358912451599
-0.528730820319461
1.323216582756803
0.346334887977669
1.124194963223562
1.116827519754840
0.809933061133033
0.988620664411048
-0.911138199024662
-2.586519489131283
0.435619931234351
-0.411670130985194
-0.354930730831075
0.167938059877109
-2.362323690629379
-0.305870118783960
-0.590196253418631
1.108775182668472
-0.973870577169336
0.752810697862265
-3.378202536613631
-0.603663965543889
-0.640356232336078
-1.818953786887934
-1.676527979423840
0.256568649124699
-0.780575751155891
-0.993827429869548
0.454546762449828
0.436102654239310
1.187683118549656
1.722109515258982
0.884009532602110
0.648465392271950
0.514533631063867
-0.028641162560796
-0.610254434191364
0.182018207600665
-1.105580724975716
-0.993692865380490
0.399785081265732
-0.862656028364649
0.674468448546695
-0.334818801588499
0.812182631756475
-1.127379015867648
2.226447402576361
1.307235264214771
-0.787232804634934
0.054386370145592
1.674351389010425
-0.199981278335365
0.768645287784368
1.819825701391592
0.219304728640282
0.968822374122074
1.381913149699887
-0.039631712444813
-1.163785919641437
-0.112828478878936
-0.731092393338381
0.963418695740873
0.017141596322537
0.796406664869599
-0.056193868863382
1.114999352756288
-0.160065320678668
-0.120033768103579
0.592430143733650
0.151810905551917
1.061564585614108
0.252851323465391
-0.187480670229415
0.550223112305079
-0.183641297362344
1.504250227358919
1.465309795404653
0.888982396530787
0.194144964231897
-1.970670298812539
-1.329886384773173
-0.571973115356257
0.229631442469134
1.079805541263962
-0.676649708127957
0.563994528827717
-0.306062398240571
-0.342288435573330
0.480281806176551
1.496547892418413
0.112971254287418
-0.854058943303181
0.450254385809560
0.391876979739487
0.991327396610635
-1.420440153671051
0.151338976853656
-0.067787171122668
0.496737154991948
0.903384027498722
0.409449351599617
-0.101595613487736
0.125634468938337
1.035454952807379
-0.944578147104055
1.024426376585505
1.082708491824276
1.366621940934552
0.102724390377209
1.012344071555054
-1.214809929407979
0.750009624695442
-1.921872936785636
1.174929726253408
-0.080669280408086
-0.578912187715930
-2.636935872200010
0.143088243868070
-2.439487713134763
-0.914432311712494
-0.805817855812992
1.090410713991487
0.677509837229313
1.843781022968993
0.752172385973084
-0.658880559337920
-0.119741475715949
-1.222416711476560
1.800916135372625
0.841117582744610
-1.029291897624541
1.228078889810369
1.146419644740922
-0.759572980876996
0.247659555836631
-0.644848263598266
-0.805994264582910
0.485922795476968
2.228153786604617
0.165054761708680
0.880988679587531
1.888974554925209
2.157125171108988
0.284806098683855
0.630367716439711
-0.461223627729566
-0.305837555184358
0.481329677636194
0.130596336006503
0.765914970605338
0.999942678200042
-0.293223105352423
1.391228720909974
-0.402571416543964
0.585340387624726
0.250341358857084
0.327987444663305
0.447096322044262
0.021005118744160
-0.725196841328654
1.278383132597838
-0.000942205350634
-0.339746953465895
0.606613400175561
-1.511974425252872
-0.638793626536820
-0.662312585856632
-0.135620754283733
-0.353469199938610
-0.030574207502032
0.375558343238379
0.206634055089197
0.243276893745269
-0.922757834494272
0.545997177078324
-0.250498033456351
-1.819432421195262
-1.011096612539799
-0.435271386531311
-0.850555039783175
-1.367034958643773
-1.538472057909690
-1.094128819159642
0.409081429139645
-0.559215315539437
-0.656292841003263
1.506814858597394
0.487311217166516
1.230052391276585
0.663823044745710
-1.409106498895793
-0.511574362305222
0.736111524174108
-1.932203783432167
-1.117595578963093
-0.014011132015533
-1.110213982688594
-2.712303518293207
-1.491972336626425
-1.763324769721606
-0.960237101559737
1.543041203541611
0.424238543402007
0.074244690405836
0.995076329163052
0.584352148485908
0.580712662340168
0.007263988891132
-0.175652345013233
0.215799392738457
-0.432733189915363
-1.226041814515255
-2.284494251164592
-1.135833539146632
-1.744957530655078
-1.096395969029381
0.514701554388716
1.569807565731152
0.656377896420319
0.909663936112406
0.134729792795448
1.859185333271159
0.230751036848115
1.445813848246037
-1.117518022670242
0.201220547583875
0.390338290232593
0.991354878057370
-0.933595203750781
0.132695969650527
1.988529835520508
-0.169333888943615
1.438138179843557
1.031763978072314
2.403761543065164
2.060742793463612
2.353839606139759
0.956241648823671
2.088127338473911
0.410441806507229
0.982486022289315
1.170401711700007
-1.575841096822968
-1.545922169540670
-0.241206948707983
0.012218848766626
1.246866611672856
0.040608736076587
0.723624786269630
-0.188374742247532
0.925153556835493
0.706582722700778
1.002670661784170
1.878967597670890
1.206203044397898
0.330530325551021
-1.402004973484287
-0.353151749719773
-0.089598074525209
-0.549909540686041
-1.403845697174423
0.619021298805668
-0.196788943547151
0.566091679121537
-1.090023146148583
-0.209010182785600
0.057151696940561
-0.132384791124663
0.074511588840747
1.666086783477670
0.224831606410070
1.161515157088602
0.595317960968736
-0.075638091061353
1.262929061570783
-1.230588325616716
-2.469710261989706
0.442578420853444
-0.585738893070713
-0.082935686286689
-1.518584403695277
-0.975206723946170
-0.344264928108405
-0.075041217256966
1.201578646264130
1.855416375698107
0.328709613938356
-1.147654243564801
0.637023317396653
0.341311209172912
0.359261233893366
-0.767436741548948
0.055595398866579
0.659153100906773
0.825409505043078
1.123878990367073
-0.323152965245029
0.162376134335612
0.546019792506080
1.073202480926956
0.476702160871710
1.796419034890953
-1.139014447258675
-1.169784853688705
-0.786945497402556
-0.440018706957360
0.210523845705860
1.416252824140959
-0.861426580696967
-0.032313865455373
-0.010193657287557
-0.108207599441813
-1.333557241447630
0.642432872384484
-0.018769335274435
0.291898968752445
2.682697036017555
0.645574243479147
1.560729648217395
1.410057032865506
1.126117668987807
1.566781930890925
0.448070972070773
2.902670746764802
-0.017276828317613
-1.347993181294339
-0.280524442229098
-0.995789268797310
-0.227231444518799
-1.545933021696101
-1.118678986769988
-0.700492215550066
0.169769654557445
-0.819815831484023
-1.657431701246457
1.472786151953096
-0.224807644872339
0.764506106711650
0.316681828766457
-0.410228347378362
-0.093398135020558
0.263164034518187
-0.460365765575506
0.272074493205303
-0.537891020164105
-0.284248091866639
-1.644937197719435
-0.031663468083086
-0.327660096294545
1.731045788275363
-2.213846132158339
-0.682475750794297
0.041958429907810
0.327079742859885
0.631030085308198
0.718110478477626
-0.341304374880339
-1.718511695625243
-0.560889690464767
-1.636093819602578
-2.518105327949332
-2.996303300544944
0.348492983605977
-1.732899013321386
-0.891022042536044
-1.209520102683646
0.450288527684892
0.309358596535663
0.815864849274623
1.837329060112293
-0.539767337086531
1.582840926384314
2.250514749094751
2.676972842069643
0.699110818462580
3.865567898998233
3.651451699010495
1.379768360063656
-0.117148009496411
0.937547000384382
-0.100070485365701
1.057117136414650
0.289706917100633
-1.532927574724070
-1.776503286412179
0.016456906904973
0.820796124058972
1.149334524691288
1.654577943831543
-0.075605403110327
1.021895148399582
1.355376346334666
2.365057566741708
1.408314531048960
2.813570939822926
2.558603584832093
0.455551803738983
1.844958156348663
0.433273551837415
1.457521887051548
-1.565052525565169
-1.021251439229050
0.240904771040624
-0.572580849178520
2.058839720847548
-1.459570327932250
1.843903891368658
0.477971856540341
0.728005396001809
-0.056269755602620
0.547966816674793
2.292369550014253
-0.024291463780818
0.309753161851145
1.900652242367974
0.255865516337164
0.314917926486935
-0.941492082752467
-2.268132487795593
-3.292328064962933
-1.066424751765074
-2.556871171575016
-0.617190610552762
-1.840532644776007
-2.241942806612307
-1.081822758671632
-0.556878002840994
-0.330900882144299
1.023469065982510
0.642945388456015
2.115921322194109
-0.190995136935260
1.477770540120690
1.234659994456618
0.026825444475651
-2.050681939796942
-2.931455754065066
-1.805570758953300
-2.239183510573362
-2.630431064431854
-2.295859566273241
-2.206449454121340
-0.387643156901379
-0.657247363269540
1.562184672511959
1.147898981246969
1.926758960230595
1.982868282602324
1.588923198162720
-0.603015344816983
-1.994242476441675
0.630971049519784
-2.026132316492589
-1.378756541115420
-2.828225775464551
-4.320373692759818
-3.696180245749926
-3.242390113070996
-2.212891276330680
-0.967431322157015
-0.428154927690660
-0.992405101626828
0.524995160107252
3.361715666117612
2.364781078464954
2.767413335524390
0.838520263136707
1.859995423449502
-0.081741172813642
0.593318945183084
2.283677496407347
0.202412492912762
-2.098160390301778
-2.269182416122346
-2.513897538584684
1.024507128578498
-0.449618645646438
-0.675466316044262
0.066432113730831
2.089223185812878
1.702985643384561
1.898231123802886
1.499801824051687
0.245706603143047
-0.625906053129660
-0.343163395844824
-0.111636637052005
-1.610258891391037
-2.361427946836919
-2.361522996498184
-1.021210532593923
-1.856007861811858
-0.705023191071017
-0.702431658628219
0.060377737945188
-0.721920995327865
0.284856711428275
1.343577979737772
3.638534128852095
3.025635945474499
2.641280100395826
1.442623248244048
1.359673241983304
0.075485575849535
-0.265502586826246
-1.029232236835161
-0.508546659149902
-0.773867478015915
-2.335738308533528
-1.010154469685688
-1.325598984594627
-0.878610165116160
-1.011943668005605
-0.535870353344252
2.198294265780699
-0.269756046244862
0.898771578124239
1.692124569721573
1.369930807242979
0.413500841507892
0.672310130968735
-0.993060366371946
-0.151793074694992
-1.623018487123510
-0.490618683986777
-0.852552756736144
0.306077425664868
-0.776442150803801
-1.198767217453891
-1.122935502513819
0.372466058507051
0.729410865328715
0.803245288866306
1.388729474840916
0.764744077976363
0.639002987194567
1.099422102374097
-0.365885179034673
1.010385836136902
0.185896559682345
-0.281732373068863
0.486054254626594
0.097280824888927
-0.217894308659636
-1.452828343520546
-1.521897923429255
-0.731260226314584
-0.663244684489032
0.565483747236252
0.515884756184736
0.705234966723775
1.784561049197459
0.019553637076775
0.051154861015197
1.014658395985135
0.493308881093369
-0.409634250151006
-1.520355246050581
-1.516915925190152
-0.343120440736416
-2.679377260112248
-1.687184887632869
-1.327650831290588
-0.810868004184652
-1.676100499279440
-0.870138826102201
2.524051457847937
-0.899276931831112
0.688325365147299
1.377934453370797
0.621990184691094
0.770028526960714
1.642376801089977
-0.270983504664870
0.759958481463800
-0.197746542406477
-0.823388230127259
-1.304712565123968
-1.971931052960389
-0.319142800597497
0.475827310498211
-0.291610505760494
0.172975385190728
1.440132191669936
0.847273450742896
1.678089974373445
3.054409967368418
-0.459072511951747
2.327463195691605
0.296067024490509
0.161255559513381
-1.409402673642257
-1.189465814955791
1.544801226006325
0.331313203931914
-0.277371870626631
0.310685370875682
-0.073059369580940
0.743429263839144
1.185010426285651
-0.907928074859342
1.869073430139264
-0.503828838878452
1.764520942138338
1.358163259536897
1.780962051464815
1.584245568050216
1.537032744405665
0.308565571622420
0.662782534783583
1.142638537340985
0.468972293664566
-0.173948839887513
0.107480979644090
-0.313489284289130
1.817250040935041
1.615165081315088
-0.245659493032323
1.984097918170005
0.371407911897448
1.975891231794413
1.027499280650568
1.332238640553494
0.707422786018694
0.683025520786966
0.842291834322734
-1.209404865313624
-0.321276800262670
-0.726379394810723
0.156837541382562
0.455576395070226
0.469460016395040
1.118290594842501
1.008416221106136
0.319731691623794
0.621008904672613
-0.981429365752176
0.382341134706733
0.259268975548910
-0.796266050963247
-1.243632498096079
-2.089614748794729
-0.932889640186664
0.723888752850330
-0.009522990913000
0.074036536837738
0.487049634598494
-1.338416561127385
1.286054535988043
-1.801425934582868
-0.465334541950097
0.592446715278911
-0.504639645558946
-0.345131690331760
2.006001685090419
-0.217104962989379
-0.183662506789394
-0.487593714599295
0.835739956198418
-1.620108355268296
-1.116609221070254
-0.909425272565308
-0.834096907071734
-0.144164772605509
0.053067008797015
0.906544305874802
1.290432028426239
0.143004554108324
0.563709423512549
0.728118749075950
0.094121207857024
0.608840975460997
-0.702388087403284
-0.256189433954753
1.336031083065096
-0.190873916750123
-0.807283233370270
0.773934357768420
2.866554530304195
-1.216044709151794
0.683710789580130
1.348816224171292
-1.521512308472069
-0.449897739912893
-1.327091223796496
-0.716332083317726
-0.403711133219789
-1.489577850967572
0.545047280956510
2.120826953960274
-1.448885844015091
-0.040388096449219
2.200898518404065
-0.278421982193058
-1.280989114664882
0.286928420552766
-1.053538530852429
-1.642139957061439
-0.621070185450642
0.264996047493284
1.792037310205650
0.550512734206389
-0.109441422648726
1.231535257059389
0.670260777124110
0.947013563551317
-0.323130614561716
2.417645246434122
-0.805127249620338
-0.977355168489421
0.455010597310875
-0.327337003325954
-0.682511028010211
-1.281243091787432
-0.561713839936271
0.129360025904828
-1.113653844712387
0.065183494712176
-1.798839724195446
-1.820065069112686
-0.593907354801892
-0.332520094417491
-1.372918523188801
-1.088438004082195
-0.437763111014557
-0.697965603419985
0.208649054431990
0.305556744585332
1.061584889589903
0.235985452073223
1.056568089612285
0.669066190905739
-0.399350919031468
-1.194842137958689
-0.744945695690139
0.011123908470843
0.666322301356112
1.905473781290237
-0.029581202835920
-0.939879546843820
-0.399423176989976
-0.594203919241038
-1.305890437072412
-2.460618152457334
-0.914233939292259
0.607210765656708
-1.327303421563539
-0.258440860570547
3.142646892875562
1.935605946208360
1.481331982471670
1.070176766306327
-0.605587711962859
0.587080792035987
-0.866256538097414
-0.873526695088474
-1.860899649505718
-2.551713792691595
-2.820790121499694
-1.456348736314907
-1.308029789707664
-1.387336818092557
0.483782513065782
0.624108138030065
4.382645725737087
2.133029733247309
3.133042229241325
1.316253032524541
1.900258992095962
1.162601382639464
0.694575314203193
0.315577383862400
-1.540558140198521
-0.248868502525571
-2.281881866946397
-2.637513480565616
-2.393178670021892
-1.362080478484591
-0.520434221976347
0.551250411904109
1.785364644110829
1.916945372089345
3.420573413109981
3.084690863668065
2.295420709820411
2.136127051295293
-1.060296269003775
-0.786044110138953
-0.212033124702198
-1.563858694701895
-3.155564135330845
-1.763068581421636
-2.829866100719077
-2.888547108687564
-0.244862245272628
-1.504893470133239
0.451685742561189
1.615114687149172
2.529102410695234
2.541662254008086
2.994254509056050
0.359361961660507
-1.200839151187105
1.368122457711618
-1.200573965489037
-1.122538891098158
-1.192605444105360
-0.835462659311430
-2.195846994409984
0.150394979978140
-1.363104594606385
-0.442501188320495
1.249374869535487
-0.028251879559644
0.168270800338121
0.164873010285925
0.662916276032303
0.918985062456460
0.722400462542554
1.871728362903164
0.577778751127980
-1.509367057204058
-0.824675731171517
-0.552935891594688
-0.718189878685634
-0.185153582609346
-1.485504613341694
-1.294292254212120
1.288007880296148
-0.983049139613472
0.636756641366382
0.993139377604303
-1.919662750263471
1.141741878769778
-0.729974113194313
0.587933922406560
1.794591092948122
1.793210943367309
3.790165226659526
0.611156442595604
-0.357178152781171
-1.023124318615097
0.203544062229951
-1.009415187592166
-0.271375210032999
-0.968502283932607
-0.175353047386159
-0.949990208848154
0.626412695998802
-0.303159313409452
-0.512676828056990
1.143389972008877
1.383139283169401
2.277090195792143
1.082771943732320
2.052328113773733
0.733167123710203
1.370988725235138
0.018945262460722
-0.999738461446375
-0.042376442483318
0.791892296392891
-1.431830011612403
-1.562069606106379
-1.173170310804848
-0.172818694332633
-0.662890095104160
-0.267895254889728
-0.586014062230644
-0.015481524415651
0.000855830195486
-0.660989184346358
0.171815250826659
2.300328250581298
1.437887432209555
0.965759700696759
-1.421632995406904
0.708556491434159
-0.373993456415822
-0.954411434409884
-2.273784527084484
-1.790200162757087
-0.141350344535037
-0.788672927521036
0.517938030910809
-1.121539760569855
-0.542652165165381
0.515326566575428
0.329292012892256
0.222169076967789
-0.727727262792847
-0.707049921757367
0.624848721078674
-0.295288891630782
-0.227473023615433
-1.039966334001978
0.162294706402487
1.120286352412153
0.342565135696986
-0.233596459328918
1.233064414874560
-0.676229556602693
-0.356165488515011
0.363047806593917
-0.777693999138450
2.478192038215678
-0.979844630174121
0.877509600350006
0.469088087637948
0.937993949583273
0.984665582697194
1.781037516304792
1.027556337337083
0.432991507901744
-1.126524202110660
-0.888650085252879
-1.812850517245159
-1.361983510102950
-0.030985729635138
-0.601466417879795
-0.016244358289617
1.756523644585076
-0.575168638181878
-0.267509119906971
0.310859559769046
0.442050342863124
-0.094537720167098
1.226038912320708
0.304199601013279
0.746312696669274
0.926318970254658
-0.349567060759684
0.131416475484234
1.044605509504258
0.763522968572206
1.558295053881433
2.318812925399982
0.570407200623881
0.660999037985350
0.551545497206867
2.753357805937187
0.920263215841275
1.624969748815463
1.056592760296345
-0.128808521512065
-0.163818870465922
1.295974773598616
0.338082685206384
-0.586738778181606
-1.346787006016135
0.660336833559373
-0.108144090026130
-0.251411245819553
0.174800162248912
0.852849871650518
-1.905577783733585
-0.609723447604152
-0.168573308694438
0.416302137788678
0.666142476573083
0.358786709711591
-1.732678737023774
0.256207097887320
0.245087361501321
0.281131000352838
0.362504501758953
0.668824484091299
-0.736615831528362
0.373387929098569
-0.768371130118862
0.508617909154914
-0.761228802673724
0.462417831789899
-1.258639451684850
-0.979936642269792
-0.411024514259960
-0.238158474031650
0.027830067325712
-1.751946152532681
-0.272200646705114
-1.974223809353805
-2.007781297700170
-1.083103220498775
-0.799743727374522
-1.194639428256097
-0.834195625735813
-0.460992818749514
-0.107432148238081
-1.722620309229334
-0.384947261483102
-1.065561604182878
-1.723378471402873
-0.770885045288433
-1.865762716220329
-2.044085982993800
-1.101916851731016
-1.338065087314348
-1.292879407535726
-0.843083517658166
1.018063214358936
0.200930107043065
0.707906326135194
0.437969152666406
1.807298331292175
0.515054259894222
-0.702820801246633
0.394615630518075
1.094432203989204
0.075399698350684
0.595801763740421
-0.582879197508762
0.720888123144413
-2.387563213009889
-0.378855348999371
-2.137560864684571
-0.405714592989971
0.835657478685532
-1.145895863209700
0.922461905864743
-0.183895468809884
0.448922844369148
0.393490416195154
0.659956404481421
-0.815716519182663
0.098678002622050
-0.624810864282826
0.118196723377554
0.617061439946028
-1.258873007312959
-0.700282328301141
-1.319840767087593
0.855015535092255
-0.706881432237907
-1.359320616235154
0.432772186834385
0.132186579808858
-0.590763863264306
-0.066334447345705
0.656284704961353
0.128503345447518
-1.205185317001051
0.739550728975312
1.395388575646351
-0.382564458861987
-1.037729033441639
0.679398008336373
-0.034347675167565
1.274539920663855
-0.686561288268406
1.308260359149622
0.765835971731261
-1.619575583624091
-0.337969972365310
-1.128119243710065
-0.750644599561593
-1.422620445814852
0.738208247939896
-2.041987613501594
0.572496486256772
0.266575362403411
-0.764471689807573
-0.613941432407945
1.101890271195761
-1.500941896911056
1.598714247865644
-1.468402963248954
-0.480420465251199
-2.887822498593375
0.707698801029847
0.345908066256639
-1.096341368801031
-1.517120931128202
0.663068953928365
0.691339874580527
0.558277633257602
2.092753431296842
0.607709297510577
0.664484363043931
1.125686827937839
-0.080814972563141
-0.180093786757544
0.467341083253006
0.524585767764572
0.428589088110895
-0.524605686208740
-0.172168742748310
-1.461890388615807
1.173558863243442
-0.087634367138204
-0.215931496627530
1.399101164822336
-0.129395007943288
-1.143138166076276
-0.158903478575752
-1.619277562782384
-3.244084085317263
-1.804222155012237
1.681816922491659
0.213798467812479
0.027845567176903
-1.812176467021470
1.101288966135090
1.290555791015553
-0.028745168775895
0.621558063517909
0.686575066256666
1.389390231226185
0.851459328870784
-0.376346929698501
-0.680514006409911
-1.649258943447136
-3.029657970911608
-1.527992205235680
-0.335461665077191
-1.221266753484893
-1.359804473327873
1.296242433497540
1.642564421503202
3.242112937871545
1.412240025586781
0.019023895498562
2.726296792094085
1.537830827475228
0.091656665614703
0.316922389159976
-4.280373125173377
-2.435501459514746
-2.920651740673665
-3.087757834775669
-0.204104590842256
-1.981389734327839
-1.917755221746013
1.459821485914621
0.753073452720120
2.689909560408597
3.447532011420265
1.635943734038020
2.381041704793265
1.371276726918133
1.227051868237549
-0.872510887020928
-1.029437507906326
-1.603295297984241
-1.448784323571936
-0.941729024490629
-2.986681233024972
-0.713413060231632
1.057143778355630
2.963023952384245
2.797843560291426
2.964541038318601
3.034104384297652
2.770696422028384
2.195083286227370
0.707496745651368
-0.121307346363953
-0.430507968785716
-4.258174003913433
-3.860716201122650
-1.890990644483482
-2.195050172354961
-2.250659934302644
-1.359991586628980
-0.177566984908176
1.484369178189428
0.868803131482486
2.445832893877898
1.099290078026817
1.148231134496667
0.583863914252511
0.884521304224538
-0.161041855754186
1.796188408362813
0.571252823503875
-2.198728052520221
-1.621595091876983
-0.062130820055477
-0.161529297317253
-0.128332749052027
1.513279584166859
0.612619278947871
0.197278820799701
1.257677358368008
-0.526199454816533
0.319659079131694
0.969960159229980
-1.076771089071849
-0.984502824324332
0.146543804076544
0.788101512088785
-0.930903371011326
1.220227623761449
-0.569836033117433
0.817113004270434
0.426919369206998
0.847372316153606
1.344034553210813
0.675219152880129
1.748305573807863
1.274659643941464
1.333587297366400
-0.355490470230631
-0.832798020404198
-0.938391249100671
0.140514018780137
-1.698845969013129
-0.102302393289066
-0.608307421823992
0.949363427220399
1.753691332358547
1.669947890705757
1.921019598910390
-0.962515536666066
1.864269226805519
0.505800265124036
-0.515271748099204
-1.102889918007418
-0.483528131641050
-1.587195751390236
-0.875198383130957
1.017228857291482
-1.387847477243765
-2.098875630551502
1.664685486036049
-1.768954061824456
0.361599424552073
1.390783663284908
-0.048942250429640
2.139112203177097
1.596537163457486
1.040025134515835
-0.769602059713101
0.159545066966342
-0.036705672341275
0.152981793176992
-0.579803736525296
-0.096136310360465
-1.831233807205801
-2.095497214801074
-1.149207585479567
0.693640005039075
0.159096141929776
0.432860187759208
2.536671233290883
0.827801041929227
0.647668910899482
0.263902393738022
-0.077962849536861
-0.266512884125257
1.086513590874040
-0.508247559578842
-2.148559081327715
-0.116755051294302
-0.396388106582615
-1.273276834032302
0.028205741324458
-0.730226822969218
-1.071482257232775
-0.345426080723537
1.385528364721240
0.884290547529269
0.689710290504497
0.410676515746438
-0.261988796467264
-1.241813999803971
-0.982763056082804
2.339983523479658
-0.381752835617895
-0.710296769371169
0.793997038346769
-0.289538721264340
0.143643877604922
-0.672560500651183
-1.044664654129714
1.044586959694586
-0.525280494517443
-0.131210098172632
0.011570637788883
0.893061060779432
1.401261843320063
-1.200406845631910
0.068538642571086
1.893273996213487
0.347891102244706
-1.289854794613937
1.409066140088725
0.141879477262151
-0.558271081003937
1.378593367896787
-0.566292954460221
-1.006942571925605
-0.315712068829938
0.399314988828356
-0.994221990817498
1.524160723100680
-0.946794998235203
-0.700416408389339
0.046284524512731
-0.476032216806518
-0.585499436285812
1.812354951035483
1.154492651362103
2.328120083947054
1.372928320974914
0.967389544456219
1.142509638276332
1.049015186163319
-0.019901025790300
1.838432564711808
0.691725221191281
-2.174040892163931
-0.830964381102841
-0.743485341369927
-1.356295087669517
-0.676855605249706
-1.852196789014882
1.127970643770302
-1.511460010607797
-2.817077656727915
-0.829384646994427
0.296044721110835
-0.439175639239226
-0.554346628512483
-1.392560909144598
0.563329827780116
-1.017737421885247
-1.091919041992218
-0.759956618434205
-0.128475749503467
1.078249354215633
-0.067756758937294
-0.189452547463713
-0.679489032972288
-1.517652775185053
-0.021521084986803
0.540648065489448
0.208230482694637
0.411182290146331
-0.085196481578751
-1.252889210236637
1.619365424929493
0.513076075733389
-0.224204940324054
0.193486022216711
-1.407600535022302
0.746927830529629
-0.897461977104384
1.151321864657600
-0.522123971745443
-0.023744700562139
-1.300144702292946
0.698565108601806
-0.910999662195545
-2.090994752094914
-1.162959284280146
-2.465875616819543
-1.343550377342523
-0.477974730414200
-0.671294218462333
-1.572640253215559
-0.092594620080982
-0.662084766599787
0.484369227250546
0.251627540427419
-1.204124925951028
1.170180976685798
-0.204403468036977
-0.764085763079307
-0.349211371581700
-0.238810238451222
0.234792826518381
0.674758466345838
-1.678046782992799
-0.627038299030276
0.603086836121412
0.447870178607443
0.585398668876580
0.343121020084738
0.134282164363162
0.115105786063752
0.199346480373212
-0.899138094219522
-0.818313044494118
-1.691494247749211
0.786185291211578
-0.799622618180275
-0.687698352880230
-0.904829164034266
-0.128513591178828
-0.936339125087517
0.275952595035284
-1.295526348824547
-0.446564843686345
2.351966670759833
0.099480472450178
-0.882023159138875
-1.144626785904615
0.969884883624250
0.383099986205250
1.063415150549227
2.084229104260409
0.248240957507908
1.453650553011352
1.518609105928042
0.038500491885319
0.208627482532166
0.047101363397394
-0.513544390080193
-0.317480087496230
-0.116017992373005
0.596388519827353
0.737257206830863
1.924841878809588
0.634076751248285
0.147144401456839
0.022951340049429
0.688602899978855
-0.625680798325762
-0.350219689112548
-0.551651826121751
-1.058676830300058
-1.304052919080662
0.540613367068735
0.246930110643513
-0.087213222955348
-0.246774474011787
1.085587764301048
-1.356988408735449
