2.572001843272608
1.187555161133726
1.337613672984660
0.529421772877395
0.500823327410321
1.165278025840578
1.401105158444981
-0.087442127864570
-0.257530119692166
0.619374173135712
-0.492114210432107
-1.241794017624654
-0.725648956933046
0.683085701777596
-0.731291364517943
-0.572055381795156
2.062420466126445
0.289813709036314
2.043925682981896
1.204614277530416
2.058615283641349
2.694190452199044
-0.286575910463455
-2.084181870639131
-0.068777252091356
0.344478538041817
-0.175224694502235
0.426465104366756
-1.065192444749595
-0.228721480288059
0.300162177628751
-0.912598315993905
0.721317646902108
1.070605325905991
0.453254303648680
2.134693865305048
0.891944998362421
-0.057999117523226
-0.053878539911699
0.028475051375997
0.463514239647420
0.081010020816278
-0.967722552318611
-0.541750587999804
-0.105170485325438
-0.459219135278584
-1.454965845976538
1.263382859108785
-1.082517849274373
0.005578155626445
0.345865199863228
-0.165008993187423
-0.663602284521104
-0.564308952138248
0.954468068777117
-1.162918535643348
0.332103572483929
-2.507277578453707
-1.162595906962457
-0.742556198853519
-2.136121834553377
-1.372738306950372
-0.135167832050435
0.663942343473640
-0.291665874148264
0.529768862225834
1.050161465217768
-0.072760471317237
0.432562504903670
1.504855020294917
0.206288837500549
2.558077118781548
0.297251787493828
1.728383415811958
1.793534845866460
0.659887520560853
0.672100544205162
0.292360285115420
1.806349469352727
1.616696906001825
0.853169970702557
-0.772107272864293
-0.133203343735156
-1.038002199227074
1.890615529103195
1.655706009335107
1.833029014780193
0.346093724706113
-0.527576448169893
0.184388849525824
0.367105173757839
-0.357154999342416
1.583031262620987
0.110453050012017
1.689904957224515
0.809196618748313
0.534639902861103
1.533853056847768
-0.045967968471961
0.722073710142243
-1.605572255798319
0.086110962819711
0.359033844518286
0.083181375734523
-0.569361793900672
1.156349077687898
0.124152196094952
0.942148011627476
1.818031362298925
0.520035821801417
2.111767332245038
0.060947826200730
-0.173451589165875
2.695993352410696
-0.719255925084343
1.080917983107160
0.091482454467804
-2.454653177394059
0.533777168668579
0.287475552052667
-1.153064714414699
-1.246512259993489
0.768541543983099
0.217939709621267
-0.892839604378513
0.544296604969928
0.936460781376609
-0.585713025502446
-2.138120330959258
-0.541645185521433
1.155025887406384
0.557844837527693
-1.338320132953639
-0.435963800781569
-1.072920569132562
-1.166985382975613
-1.740691464262705
-0.205015420008105
-1.433526964136292
0.181182522730911
-0.410156882577042
0.261397854048838
1.165706328722642
1.050285142703558
-0.150001637075620
-0.132366156512475
-0.287064282642958
0.829193159971321
-0.033208822226643
-1.266060392365819
-1.059889941422752
-0.346440357111864
-1.464667024794124
-1.163416202525084
-0.527469884380024
0.175712701039371
-1.351079486070237
0.516258879362676
-0.300449178419207
0.776372989664007
-0.017871428930629
-2.256065473252493
0.638782928470108
0.541367490879683
-0.127837620555547
-0.429782081356997
-0.000705315021855
0.671274353736193
-0.238615984915704
-0.142354528260151
-1.022103936058123
0.685905814535036
-1.086633466782387
0.797285980327233
0.563088830284184
-0.685314441890302
0.631753997974906
0.986193000658465
-1.109461680669574
0.675502015670030
1.154319882933398
0.233930195684960
0.448335173907528
0.678252811670371
0.928721004178666
3.109717601009089
0.454469976891036
1.187089860541066
-0.305918022131295
-0.309004506539534
-0.064672618679223
0.046543567055430
0.245289877010494
-1.041031305151562
-0.781636512600076
-0.626172033342526
-1.644097185430068
-0.026039857908619
1.210649606137607
2.708697928297386
1.160038812320067
1.480040038623908
0.426273944080384
-0.867983530844801
-0.001109087439133
-0.806609899455060
1.425244086402414
-0.730688709487822
0.929003496413980
0.782073669829128
-0.449720349795826
-0.420706059246537
0.475396156489459
0.205709378835277
0.908677709544170
-0.299980630039350
0.705421433074358
1.900038238506324
-0.071152748445501
0.849474731333233
-0.681178445531883
-0.304823073244327
-0.101452173482826
1.728175311657218
-0.195446520540286
-0.381667158454911
1.048408197636569
-1.452192471730996
-0.607451996339362
0.444173149878275
-1.646338320720747
0.034838912076438
-0.865977408946226
0.759890859050560
1.019442381687477
-0.279839240227920
0.122050472749630
0.588901718238813
-0.088759520981655
0.139065406933948
-0.655052733947185
2.239358912451599
-0.528730820319461
1.323216582756803
0.346334887977669
1.124194963223562
1.116827519754840
0.809933061133033
0.988620664411048
-0.911138199024662
-2.586519489131283
0.435619931234351
-0.411670130985194
-0.354930730831075
0.167938059877109
-2.362323690629379
-0.305870118783960
-0.590196253418631
1.108775182668472
-0.973870577169336
0.752810697862265
-3.378202536613631
-0.603663965543889
-0.640356232336078
-1.818953786887934
-1.676527979423840
0.256568649124699
-0.780575751155891
-0.993827429869548
0.454546762449828
0.436102654239310
1.187683118549656
1.722109515258982
0.884009532602110
0.648465392271950
0.514533631063867
-0.028641162560796
-0.610254434191364
0.182018207600665
-1.105580724975716
-0.993692865380490
0.399785081265732
-0.862656028364649
0.674468448546695
-0.334818801588499
0.812182631756475
-1.127379015867648
2.226447402576361
1.307235264214771
-0.787232804634934
0.054386370145592
1.674351389010425
-0.199981278335365
0.768645287784368
1.819825701391592
0.219304728640282
0.968822374122074
1.381913149699887
-0.039631712444813
-1.163785919641437
-0.112828478878936
-0.731092393338381
0.963418695740873
0.017141596322537
0.796406664869599
-0.056193868863382
1.114999352756288
-0.160065320678668
-0.120033768103579
0.592430143733650
0.151810905551917
1.061564585614108
0.252851323465391
-0.187480670229415
0.550223112305079
-0.183641297362344
1.504250227358919
1.465309795404653
0.888982396530787
0.194144964231897
-1.970670298812539
-1.329886384773173
-0.571973115356257
0.229631442469134
1.079805541263962
-0.676649708127957
0.563994528827717
-0.306062398240571
-0.342288435573330
0.480281806176551
1.496547892418413
0.112971254287418
-0.854058943303181
0.450254385809560
0.391876979739487
0.991327396610635
-1.420440153671051
0.151338976853656
-0.067787171122668
0.496737154991948
0.903384027498722
0.409449351599617
-0.101595613487736
0.125634468938337
1.035454952807379
-0.944578147104055
1.024426376585505
1.082708491824276
1.366621940934552
0.102724390377209
1.012344071555054
-1.214809929407979
0.750009624695442
-1.921872936785636
1.174929726253408
-0.080669280408086
-0.578912187715930
-2.636935872200010
0.143088243868070
-2.439487713134763
-0.914432311712494
-0.805817855812992
1.090410713991487
0.677509837229313
1.843781022968993
0.752172385973084
-0.658880559337920
-0.119741475715949
-1.222416711476560
1.800916135372625
0.841117582744610
-1.029291897624541
1.228078889810369
1.146419644740922
-0.759572980876996
0.247659555836631
-0.644848263598266
-0.805994264582910
0.485922795476968
2.228153786604617
0.165054761708680
0.880988679587531
1.888974554925209
2.157125171108988
0.284806098683855
0.630367716439711
-0.461223627729566
-0.305837555184358
0.481329677636194
0.130596336006503
0.765914970605338
0.999942678200042
-0.293223105352423
1.391228720909974
-0.402571416543964
0.585340387624726
0.250341358857084
0.327987444663305
0.447096322044262
0.021005118744160
-0.725196841328654
1.278383132597838
-0.000942205350634
-0.339746953465895
0.606613400175561
-1.511974425252872
-0.638793626536820
-0.662312585856632
-0.135620754283733
-0.353469199938610
-0.030574207502032
0.375558343238379
0.206634055089197
0.243276893745269
-0.922757834494272
0.545997177078324
-0.250498033456351
-1.819432421195262
-1.011096612539799
-0.435271386531311
-0.850555039783175
-1.367034958643773
-1.538472057909690
-1.094128819159642
0.409081429139645
-0.559215315539437
-0.656292841003263
1.506814858597394
0.487311217166516
1.230052391276585
0.663823044745710
-1.409106498895793
-0.511574362305222
0.736111524174108
-1.932203783432167
-1.117595578963093
-0.014011132015533
-1.110213982688594
-2.712303518293207
-1.491972336626425
-1.763324769721606
-0.960237101559737
1.543041203541611
0.424238543402007
0.074244690405836
0.995076329163052
0.584352148485908
0.580712662340168
0.007263988891132
-0.175652345013233
0.215799392738457
-0.432733189915363
-1.226041814515255
-2.284494251164592
-1.135833539146632
-1.744957530655078
-1.096395969029381
0.514701554388716
1.569807565731152
0.656377896420319
0.909663936112406
0.134729792795448
1.859185333271159
0.230751036848115
1.445813848246037
-1.117518022670242
0.201220547583875
0.390338290232593
0.991354878057370
-0.933595203750781
0.132695969650527
1.988529835520508
-0.169333888943615
1.438138179843557
1.031763978072314
2.403761543065164
2.060742793463612
2.353839606139759
0.956241648823671
2.088127338473911
0.410441806507229
0.982486022289315
1.170401711700007
-1.575841096822968
-1.545922169540670
-0.241206948707983
0.012218848766626
1.246866611672856
0.040608736076587
0.723624786269630
-0.188374742247532
0.925153556835493
0.706582722700778
1.002670661784170
1.878967597670890
1.206203044397898
0.330530325551021
-1.402004973484287
-0.353151749719773
-0.089598074525209
-0.549909540686041
-1.403845697174423
0.619021298805668
-0.196788943547151
0.566091679121537
-1.090023146148583
-0.209010182785600
0.057151696940561
-0.132384791124663
0.074511588840747
1.666086783477670
0.224831606410070
1.161515157088602
0.595317960968736
-0.075638091061353
1.262929061570783
-1.230588325616716
-2.469710261989706
0.442578420853444
-0.585738893070713
-0.082935686286689
-1.518584403695277
-0.975206723946170
-0.344264928108405
-0.075041217256966
1.201578646264130
1.855416375698107
0.328709613938356
-1.147654243564801
0.637023317396653
0.341311209172912
0.359261233893366
-0.767436741548948
0.055595398866579
0.659153100906773
0.825409505043078
1.123878990367073
-0.323152965245029
0.162376134335612
0.546019792506080
1.073202480926956
0.476702160871710
1.796419034890953
-1.139014447258675
-1.169784853688705
-0.786945497402556
-0.440018706957360
0.210523845705860
1.416252824140959
-0.861426580696967
-0.032313865455373
-0.010193657287557
-0.108207599441813
-1.333557241447630
0.642432872384484
-0.018769335274435
0.291898968752445
2.682697036017555
0.645574243479147
1.560729648217395
1.410057032865506
1.126117668987807
1.566781930890925
0.448070972070773
2.902670746764802
-0.017276828317613
-1.347993181294339
-0.280524442229098
-0.995789268797310
-0.227231444518799
-1.545933021696101
-1.118678986769988
-0.700492215550066
0.169769654557445
-0.819815831484023
-1.657431701246457
1.472786151953096
-0.224807644872339
0.764506106711650
0.316681828766457
-0.410228347378362
-0.093398135020558
0.263164034518187
-0.460365765575506
0.272074493205303
-0.537891020164105
-0.284248091866639
-1.644937197719435
-0.031663468083086
-0.327660096294545
1.731045788275363
-2.213846132158339
-0.682475750794297
0.041958429907810
0.327079742859885
0.631030085308198
0.718110478477626
-0.341304374880339
-1.718511695625243
-0.560889690464767
-1.636093819602578
-2.518105327949332
-2.996303300544944
0.348492983605977
-1.732899013321386
-0.891022042536044
-1.209520102683646
0.450288527684892
0.309358596535663
0.815864849274623
1.837329060112293
-0.539767337086531
1.582840926384314
2.250514749094751
2.676972842069643
0.699110818462580
3.865567898998233
3.651451699010495
1.379768360063656
-0.117148009496411
0.937547000384382
-0.100070485365701
1.057117136414650
0.289706917100633
-1.532927574724070
-1.776503286412179
0.016456906904973
0.820796124058972
1.149334524691288
1.654577943831543
-0.075605403110327
1.021895148399582
1.355376346334666
2.365057566741708
1.408314531048960
2.813570939822926
2.558603584832093
0.455551803738983
1.844958156348663
0.433273551837415
1.457521887051548
-1.565052525565169
-1.021251439229050
0.240904771040624
-0.572580849178520
2.058839720847548
-1.459570327932250
1.843903891368658
0.477971856540341
0.728005396001809
-0.056269755602620
0.547966816674793
2.292369550014253
-0.024291463780818
0.309753161851145
1.900652242367974
0.255865516337164
0.314917926486935
-0.941492082752467
-2.268132487795593
-3.292328064962933
-1.066424751765074
-2.556871171575016
-0.617190610552762
-1.840532644776007
-2.241942806612307
-1.081822758671632
-0.556878002840994
-0.330900882144299
1.023469065982510
0.642945388456015
2.115921322194109
-0.190995136935260
1.477770540120690
1.234659994456618
0.026825444475651
-2.050681939796942
-2.931455754065066
-1.805570758953300
-2.239183510573362
-2.630431064431854
-2.295859566273241
-2.206449454121340
-0.387643156901379
-0.657247363269540
1.562184672511959
1.147898981246969
1.926758960230595
1.982868282602324
1.588923198162720
-0.603015344816983
-1.994242476441675
0.630971049519784
-2.026132316492589
-1.378756541115420
-2.828225775464551
-4.320373692759818
-3.696180245749926
-3.242390113070996
-2.212891276330680
-0.967431322157015
-0.428154927690660
-0.992405101626828
0.524995160107252
3.361715666117612
2.364781078464954
2.767413335524390
0.838520263136707
1.859995423449502
-0.081741172813642
0.593318945183084
2.283677496407347
0.202412492912762
-2.098160390301778
-2.269182416122346
-2.513897538584684
1.024507128578498
-0.449618645646438
-0.675466316044262
0.066432113730831
2.089223185812878
1.702985643384561
1.898231123802886
1.499801824051687
0.245706603143047
-0.625906053129660
-0.343163395844824
-0.111636637052005
-1.610258891391037
-2.361427946836919
-2.361522996498184
-1.021210532593923
-1.856007861811858
-0.705023191071017
-0.702431658628219
0.060377737945188
-0.721920995327865
0.284856711428275
1.343577979737772
3.638534128852095
3.025635945474499
2.641280100395826
1.442623248244048
1.359673241983304
0.075485575849535
-0.265502586826246
-1.029232236835161
-0.508546659149902
-0.773867478015915
-2.335738308533528
-1.010154469685688
-1.325598984594627
-0.878610165116160
-1.011943668005605
-0.535870353344252
2.198294265780699
-0.269756046244862
0.898771578124239
1.692124569721573
1.369930807242979
0.413500841507892
0.672310130968735
-0.993060366371946
-0.151793074694992
-1.623018487123510
-0.490618683986777
-0.852552756736144
0.306077425664868
-0.776442150803801
-1.198767217453891
-1.122935502513819
0.372466058507051
0.729410865328715
0.803245288866306
1.388729474840916
0.764744077976363
0.639002987194567
1.099422102374097
-0.365885179034673
1.010385836136902
0.185896559682345
-0.281732373068863
0.486054254626594
0.097280824888927
-0.217894308659636
-1.452828343520546
-1.521897923429255
-0.731260226314584
-0.663244684489032
0.565483747236252
0.515884756184736
0.705234966723775
1.784561049197459
0.019553637076775
0.051154861015197
1.014658395985135
0.493308881093369
-0.409634250151006
-1.520355246050581
-1.516915925190152
-0.343120440736416
-2.679377260112248
-1.687184887632869
-1.327650831290588
-0.810868004184652
-1.676100499279440
-0.870138826102201
2.524051457847937
-0.899276931831112
0.688325365147299
1.377934453370797
0.621990184691094
0.770028526960714
1.642376801089977
-0.270983504664870
0.759958481463800
-0.197746542406477
-0.823388230127259
-1.304712565123968
-1.971931052960389
-0.319142800597497
0.475827310498211
-0.291610505760494
0.172975385190728
1.440132191669936
0.847273450742896
1.678089974373445
3.054409967368418
-0.459072511951747
2.327463195691605
0.296067024490509
0.161255559513381
-1.409402673642257
-1.189465814955791
1.544801226006325
0.331313203931914
-0.277371870626631
0.310685370875682
-0.073059369580940
0.743429263839144
1.185010426285651
-0.907928074859342
1.869073430139264
-0.503828838878452
1.764520942138338
1.358163259536897
1.780962051464815
1.584245568050216
1.537032744405665
0.308565571622420
0.662782534783583
1.142638537340985
0.468972293664566
-0.173948839887513
0.107480979644090
-0.313489284289130
1.817250040935041
1.615165081315088
-0.245659493032323
1.984097918170005
0.371407911897448
1.975891231794413
1.027499280650568
1.332238640553494
0.707422786018694
0.683025520786966
0.842291834322734
-1.209404865313624
-0.321276800262670
-0.726379394810723
0.156837541382562
0.455576395070226
0.469460016395040
1.118290594842501
1.008416221106136
0.319731691623794
0.621008904672613
-0.981429365752176
0.382341134706733
0.259268975548910
-0.796266050963247
-1.243632498096079
-2.089614748794729
-0.932889640186664
0.723888752850330
-0.009522990913000
0.074036536837738
0.487049634598494
-1.338416561127385
1.286054535988043
-1.801425934582868
-0.465334541950097
0.592446715278911
-0.504639645558946
-0.345131690331760
2.006001685090419
-0.217104962989379
-0.183662506789394
-0.487593714599295
0.835739956198418
-1.620108355268296
-1.116609221070254
-0.909425272565308
-0.834096907071734
-0.144164772605509
0.053067008797015
0.906544305874802
1.290432028426239
0.143004554108324
0.563709423512549
0.728118749075950
0.094121207857024
0.608840975460997
-0.702388087403284
-0.256189433954753
1.336031083065096
-0.190873916750123
-0.807283233370270
0.773934357768420
2.866554530304195
-1.216044709151794
0.683710789580130
1.348816224171292
-1.521512308472069
-0.449897739912893
-1.327091223796496
-0.716332083317726
-0.403711133219789
-1.489577850967572
0.545047280956510
2.120826953960274
-1.448885844015091
-0.040388096449219
2.200898518404065
-0.278421982193058
-1.280989114664882
0.286928420552766
-1.053538530852429
-1.642139957061439
-0.621070185450642
0.264996047493284
1.792037310205650
0.550512734206389
-0.109441422648726
1.231535257059389
0.670260777124110
0.947013563551317
-0.323130614561716
2.417645246434122
-0.805127249620338
-0.977355168489421
0.455010597310875
-0.327337003325954
-0.682511028010211
-1.281243091787432
-0.561713839936271
0.129360025904828
-1.113653844712387
0.065183494712176
-1.798839724195446
-1.820065069112686
-0.593907354801892
-0.332520094417491
-1.372918523188801
-1.088438004082195
-0.437763111014557
-0.697965603419985
0.208649054431990
0.305556744585332
1.061584889589903
0.235985452073223
1.056568089612285
0.669066190905739
-0.399350919031468
-1.194842137958689
-0.744945695690139
0.011123908470843
0.666322301356112
1.905473781290237
-0.029581202835920
-0.939879546843820
-0.399423176989976
-0.594203919241038
-1.305890437072412
-2.460618152457334
-0.914233939292259
0.607210765656708
-1.327303421563539
-0.258440860570547
3.142646892875562
1.935605946208360
1.481331982471670
1.070176766306327
-0.605587711962859
0.587080792035987
-0.866256538097414
-0.873526695088474
-1.860899649505718
-2.551713792691595
-2.820790121499694
-1.456348736314907
-1.308029789707664
-1.387336818092557
0.483782513065782
0.624108138030065
4.382645725737087
2.133029733247309
3.133042229241325
1.316253032524541
1.900258992095962
1.162601382639464
0.694575314203193
0.315577383862400
-1.540558140198521
-0.248868502525571
-2.281881866946397
-2.637513480565616
-2.393178670021892
-1.362080478484591
-0.520434221976347
0.551250411904109
1.785364644110829
1.916945372089345
3.420573413109981
3.084690863668065
2.295420709820411
2.136127051295293
-1.060296269003775
-0.786044110138953
-0.212033124702198
-1.563858694701895
-3.155564135330845
-1.763068581421636
-2.829866100719077
-2.888547108687564
-0.244862245272628
-1.504893470133239
0.451685742561189
1.615114687149172
2.529102410695234
2.541662254008086
2.994254509056050
0.359361961660507
-1.200839151187105
1.368122457711618
-1.200573965489037
-1.122538891098158
-1.192605444105360
-0.835462659311430
-2.195846994409984
0.150394979978140
-1.363104594606385
-0.442501188320495
1.249374869535487
-0.028251879559644
0.168270800338121
0.164873010285925
0.662916276032303
0.918985062456460
0.722400462542554
1.871728362903164
0.577778751127980
-1.509367057204058
-0.824675731171517
-0.552935891594688
-0.718189878685634
-0.185153582609346
-1.485504613341694
-1.294292254212120
1.288007880296148
-0.983049139613472
0.636756641366382
0.993139377604303
-1.919662750263471
1.141741878769778
-0.729974113194313
0.587933922406560
1.794591092948122
1.793210943367309
3.790165226659526
0.611156442595604
-0.357178152781171
-1.023124318615097
0.203544062229951
-1.009415187592166
-0.271375210032999
-0.968502283932607
-0.175353047386159
-0.949990208848154
0.626412695998802
-0.303159313409452
-0.512676828056990
1.143389972008877
1.383139283169401
2.277090195792143
1.082771943732320
2.052328113773733
0.733167123710203
1.370988725235138
0.018945262460722
-0.999738461446375
-0.042376442483318
0.791892296392891
-1.431830011612403
-1.562069606106379
-1.173170310804848
-0.172818694332633
-0.662890095104160
-0.267895254889728
-0.586014062230644
-0.015481524415651
0.000855830195486
-0.660989184346358
0.171815250826659
2.300328250581298
1.437887432209555
0.965759700696759
-1.421632995406904
0.708556491434159
-0.373993456415822
-0.954411434409884
-2.273784527084484
-1.790200162757087
-0.141350344535037
-0.788672927521036
0.517938030910809
-1.121539760569855
-0.542652165165381
0.515326566575428
0.329292012892256
0.222169076967789
-0.727727262792847
-0.707049921757367
0.624848721078674
-0.295288891630782
-0.227473023615433
-1.039966334001978
0.162294706402487
1.120286352412153
0.342565135696986
-0.233596459328918
1.233064414874560
-0.676229556602693
-0.356165488515011
0.363047806593917
-0.777693999138450
2.478192038215678
-0.979844630174121
0.877509600350006
0.469088087637948
0.937993949583273
0.984665582697194
1.781037516304792
1.027556337337083
0.432991507901744
-1.126524202110660
-0.888650085252879
-1.812850517245159
-1.361983510102950
-0.030985729635138
-0.601466417879795
-0.016244358289617
1.756523644585076
-0.575168638181878
-0.267509119906971
0.310859559769046
0.442050342863124
-0.094537720167098
1.226038912320708
0.304199601013279
0.746312696669274
0.926318970254658
-0.349567060759684
0.131416475484234
1.044605509504258
0.763522968572206
1.558295053881433
2.318812925399982
0.570407200623881
0.660999037985350
0.551545497206867
2.753357805937187
0.920263215841275
1.624969748815463
1.056592760296345
-0.128808521512065
-0.163818870465922
1.295974773598616
0.338082685206384
-0.586738778181606
-1.346787006016135
0.660336833559373
-0.108144090026130
-0.251411245819553
0.174800162248912
0.852849871650518
-1.905577783733585
-0.609723447604152
-0.168573308694438
0.416302137788678
0.666142476573083
0.358786709711591
-1.732678737023774
0.256207097887320
0.245087361501321
0.281131000352838
0.362504501758953
0.668824484091299
-0.736615831528362
0.373387929098569
-0.768371130118862
0.508617909154914
-0.761228802673724
0.462417831789899
-1.258639451684850
-0.979936642269792
-0.411024514259960
-0.238158474031650
0.027830067325712
-1.751946152532681
-0.272200646705114
-1.974223809353805
-2.007781297700170
-1.083103220498775
-0.799743727374522
-1.194639428256097
-0.834195625735813
-0.460992818749514
-0.107432148238081
-1.722620309229334
-0.384947261483102
-1.065561604182878
-1.723378471402873
-0.770885045288433
-1.865762716220329
-2.044085982993800
-1.101916851731016
-1.338065087314348
-1.292879407535726
-0.843083517658166
1.018063214358936
0.200930107043065
0.707906326135194
0.437969152666406
1.807298331292175
0.515054259894222
-0.702820801246633
0.394615630518075
1.094432203989204
0.075399698350684
0.595801763740421
-0.582879197508762
0.720888123144413
-2.387563213009889
-0.378855348999371
-2.137560864684571
-0.405714592989971
0.835657478685532
-1.145895863209700
0.922461905864743
-0.183895468809884
0.448922844369148
0.393490416195154
0.659956404481421
-0.815716519182663
0.098678002622050
-0.624810864282826
0.118196723377554
0.617061439946028
-1.258873007312959
-0.700282328301141
-1.319840767087593
0.855015535092255
-0.706881432237907
-1.359320616235154
0.432772186834385
0.132186579808858
-0.590763863264306
-0.066334447345705
0.656284704961353
0.128503345447518
-1.205185317001051
0.739550728975312
1.395388575646351
-0.382564458861987
-1.037729033441639
0.679398008336373
-0.034347675167565
1.274539920663855
-0.686561288268406
1.308260359149622
0.765835971731261
-1.619575583624091
-0.337969972365310
-1.128119243710065
-0.750644599561593
-1.422620445814852
0.738208247939896
-2.041987613501594
0.572496486256772
0.266575362403411
-0.764471689807573
-0.613941432407945
1.101890271195761
-1.500941896911056
1.598714247865644
-1.468402963248954
-0.480420465251199
-2.887822498593375
0.707698801029847
0.345908066256639
-1.096341368801031
-1.517120931128202
0.663068953928365
0.691339874580527
0.558277633257602
2.092753431296842
0.607709297510577
0.664484363043931
1.125686827937839
-0.080814972563141
-0.180093786757544
0.467341083253006
0.524585767764572
0.428589088110895
-0.524605686208740
-0.172168742748310
-1.461890388615807
1.173558863243442
-0.087634367138204
-0.215931496627530
1.399101164822336
-0.129395007943288
-1.143138166076276
-0.158903478575752
-1.619277562782384
-3.244084085317263
-1.804222155012237
1.681816922491659
0.213798467812479
0.027845567176903
-1.812176467021470
1.101288966135090
1.290555791015553
-0.028745168775895
0.621558063517909
0.686575066256666
1.389390231226185
0.851459328870784
-0.376346929698501
-0.680514006409911
-1.649258943447136
-3.029657970911608
-1.527992205235680
-0.335461665077191
-1.221266753484893
-1.359804473327873
1.296242433497540
1.642564421503202
3.242112937871545
1.412240025586781
0.019023895498562
2.726296792094085
1.537830827475228
0.091656665614703
0.316922389159976
-4.280373125173377
-2.435501459514746
-2.920651740673665
-3.087757834775669
-0.204104590842256
-1.981389734327839
-1.917755221746013
1.459821485914621
0.753073452720120
2.689909560408597
3.447532011420265
1.635943734038020
2.381041704793265
1.371276726918133
1.227051868237549
-0.872510887020928
-1.029437507906326
-1.603295297984241
-1.448784323571936
-0.941729024490629
-2.986681233024972
-0.713413060231632
1.057143778355630
2.963023952384245
2.797843560291426
2.964541038318601
3.034104384297652
2.770696422028384
2.195083286227370
0.707496745651368
-0.121307346363953
-0.430507968785716
-4.258174003913433
-3.860716201122650
-1.890990644483482
-2.195050172354961
-2.250659934302644
-1.359991586628980
-0.177566984908176
1.484369178189428
0.868803131482486
2.445832893877898
1.099290078026817
1.148231134496667
0.583863914252511
0.884521304224538
-0.161041855754186
1.796188408362813
0.571252823503875
-2.198728052520221
-1.621595091876983
-0.062130820055477
-0.161529297317253
-0.128332749052027
1.513279584166859
0.612619278947871
0.197278820799701
1.257677358368008
-0.526199454816533
0.319659079131694
0.969960159229980
-1.076771089071849
-0.984502824324332
0.146543804076544
0.788101512088785
-0.930903371011326
1.220227623761449
-0.569836033117433
0.817113004270434
0.426919369206998
0.847372316153606
1.344034553210813
0.675219152880129
1.748305573807863
1.274659643941464
1.333587297366400
-0.355490470230631
-0.832798020404198
-0.938391249100671
0.140514018780137
-1.698845969013129
-0.102302393289066
-0.608307421823992
0.949363427220399
1.753691332358547
1.669947890705757
1.921019598910390
-0.962515536666066
1.864269226805519
0.505800265124036
-0.515271748099204
-1.102889918007418
-0.483528131641050
-1.587195751390236
-0.875198383130957
1.017228857291482
-1.387847477243765
-2.098875630551502
1.664685486036049
-1.768954061824456
0.361599424552073
1.390783663284908
-0.048942250429640
2.139112203177097
1.596537163457486
1.040025134515835
-0.769602059713101
0.159545066966342
-0.036705672341275
0.152981793176992
-0.579803736525296
-0.096136310360465
-1.831233807205801
-2.095497214801074
-1.149207585479567
0.693640005039075
0.159096141929776
0.432860187759208
2.536671233290883
0.827801041929227
0.647668910899482
0.263902393738022
-0.077962849536861
-0.266512884125257
1.086513590874040
-0.508247559578842
-2.148559081327715
-0.116755051294302
-0.396388106582615
-1.273276834032302
0.028205741324458
-0.730226822969218
-1.071482257232775
-0.345426080723537
1.385528364721240
0.884290547529269
0.689710290504497
0.410676515746438
-0.261988796467264
-1.241813999803971
-0.982763056082804
2.339983523479658
-0.381752835617895
-0.710296769371169
0.793997038346769
-0.289538721264340
0.143643877604922
-0.672560500651183
-1.044664654129714
1.044586959694586
-0.525280494517443
-0.131210098172632
0.011570637788883
0.893061060779432
1.401261843320063
-1.200406845631910
0.068538642571086
1.893273996213487
0.347891102244706
-1.289854794613937
1.409066140088725
0.141879477262151
-0.558271081003937
1.378593367896787
-0.566292954460221
-1.006942571925605
-0.315712068829938
0.399314988828356
-0.994221990817498
1.524160723100680
-0.946794998235203
-0.700416408389339
0.046284524512731
-0.476032216806518
-0.585499436285812
1.812354951035483
1.154492651362103
2.328120083947054
1.372928320974914
0.967389544456219
1.142509638276332
1.049015186163319
-0.019901025790300
1.838432564711808
0.691725221191281
-2.174040892163931
-0.830964381102841
-0.743485341369927
-1.356295087669517
-0.676855605249706
-1.852196789014882
1.127970643770302
-1.511460010607797
-2.817077656727915
-0.829384646994427
0.296044721110835
-0.439175639239226
-0.554346628512483
-1.392560909144598
0.563329827780116
-1.017737421885247
-1.091919041992218
-0.759956618434205
-0.128475749503467
1.078249354215633
-0.067756758937294
-0.189452547463713
-0.679489032972288
-1.517652775185053
-0.021521084986803
0.540648065489448
0.208230482694637
0.411182290146331
-0.085196481578751
-1.252889210236637
1.619365424929493
0.513076075733389
-0.224204940324054
0.193486022216711
-1.407600535022302
0.746927830529629
-0.897461977104384
1.151321864657600
-0.522123971745443
-0.023744700562139
-1.300144702292946
0.698565108601806
-0.910999662195545
-2.090994752094914
-1.162959284280146
-2.465875616819543
-1.343550377342523
-0.477974730414200
-0.671294218462333
-1.572640253215559
-0.092594620080982
-0.662084766599787
0.484369227250546
0.251627540427419
-1.204124925951028
1.170180976685798
-0.204403468036977
-0.764085763079307
-0.349211371581700
-0.238810238451222
0.234792826518381
0.674758466345838
-1.678046782992799
-0.627038299030276
0.603086836121412
0.447870178607443
0.585398668876580
0.343121020084738
0.134282164363162
0.115105786063752
0.199346480373212
-0.899138094219522
-0.818313044494118
-1.691494247749211
0.786185291211578
-0.799622618180275
-0.687698352880230
-0.904829164034266
-0.128513591178828
-0.936339125087517
0.275952595035284
-1.295526348824547
-0.446564843686345
2.351966670759833
0.099480472450178
-0.882023159138875
-1.144626785904615
0.969884883624250
0.383099986205250
1.063415150549227
2.084229104260409
0.248240957507908
1.453650553011352
1.518609105928042
0.038500491885319
0.208627482532166
0.047101363397394
-0.513544390080193
-0.317480087496230
-0.116017992373005
0.596388519827353
0.737257206830863
1.924841878809588
0.634076751248285
0.147144401456839
0.022951340049429
0.688602899978855
-0.625680798325762
-0.350219689112548
-0.551651826121751
-1.058676830300058
-1.304052919080662
0.540613367068735
0.246930110643513
-0.087213222955348
-0.246774474011787
1.085587764301048
-1.356988408735449
1.323815071876705
-1.288142120046375
0.653862801260327
-0.725894440386146
-1.405517154094072
-0.527552391909921
-0.981076566885028
-0.266156410761831
0.161744213858906
1.769666905456118
0.997250666743047
1.289955527958823
1.439894964121813
1.087781852658730
3.008363620205398
1.544854136468173
1.146256028624448
-0.099571946871027
-1.092750580072033
-1.602329163878540
-2.512767776622920
-2.474166632432440
-0.303862149328990
-0.787476738918530
-0.248426821515846
-0.668673050694682
1.474938690350879
2.562798813429604
1.497696816291722
-0.147660083197251
1.956982771390943
-0.437754717203743
1.941150233377688
-0.316983631289589
-1.234116543638027
-1.742865223037987
-2.559794276624720
-0.955773797991357
-1.530178089262046
0.901614041149677
-0.274173254427845
1.187548228790488
-0.741510237617867
1.161362070110130
0.983115224658748
2.738866691231049
2.333503860375245
3.172353599380029
2.099575487957716
-0.065735673906450
-0.498701754014629
-1.452394872603038
-1.049039546975139
-2.224893925097113
-1.319719357732446
-2.934120777850513
-0.152613215478950
-1.019129718303293
0.613258293863129
-0.020210782990360
0.497355702210652
0.261901691328315
1.512765376535559
0.346403018182597
0.974189486204354
0.714891115947516
-1.654480479281748
-2.142340707061868
-1.501357754686467
-1.968745654764440
-4.230895270821380
-0.211955131677252
-1.695971655512714
-0.494057767634268
-0.453680409604615
0.111138533140688
-0.405456798354544
0.265401293074036
0.363381360333090
2.458781819727154
0.808869493681825
0.249430001546252
0.643032183295381
-0.752001403542390
-0.791695753354705
-0.572528607367198
1.517245935841989
-0.846561920076281
0.588222238761177
0.511632823981460
0.655928133591262
0.746596169518648
-0.604858607769220
-0.038102421906461
-0.377297922605139
-0.096308703645122
-0.002139138083879
-0.039943012768729
-0.452162882126221
-1.247652935121760
0.074078456919731
-1.604031766249380
2.838598532734332
2.329322003202849
1.401121394567932
0.272930818587358
0.820025026299020
0.002279587949346
-0.671644710715628
1.661592241715600
-0.222090179855800
-0.813896846449952
1.298464211882191
-0.341610081630314
-2.459916542201542
-0.093021972358150
-0.727589352490981
-1.226783313143161
2.885605707802640
0.672887984523291
1.146803596794228
1.375004644594612
2.329768095531645
2.569095354879541
0.094891997556377
-1.034308009973346
-1.260199448235008
-2.375290173973996
-1.421482535305689
-0.757935377750192
-2.172140990595465
0.836187503867593
-0.955830322207716
0.352198540753141
0.349535776391379
2.273809738798322
2.377107691146694
2.605821025170577
2.388304887062781
0.517023495984721
1.314422799045084
1.339498239095769
-0.152901330363699
-0.685598804415072
-1.475137906495488
-0.317914028618391
-0.021007298989934
-1.001868788172414
1.011100994312319
-0.180060948630504
0.629583496540303
2.820820633351365
2.925143639239169
1.755317926836766
3.064338586764326
0.698825844098156
-0.282257829344191
0.011683632039217
1.006649718194021
-1.426836555306561
-1.486109513566635
-1.952631969413373
-1.082455080705510
0.168755313248745
0.545088261077301
1.483406951066591
0.189902970661171
0.999405562489462
1.948935146010335
1.031890755579861
-0.702414455271861
0.829479415415998
0.383842731915033
-0.513534432173497
-0.187251850033650
-1.125547724460681
0.756664405442721
-0.465207748193178
-0.494294257810498
-0.886975471920404
-0.949120005942451
0.866753053880174
0.474386961201053
0.837915148542058
1.893907249797679
0.921305271366028
-1.130588972639130
-0.371542350703445
0.552300292384501
-1.126031310169234
-0.944447234199062
0.551666620290111
-1.127113613775897
-2.548685576705539
0.304353115576495
-1.268219737224777
-1.710700415481347
-1.068327963530623
-1.187411629273128
-0.017215125267328
-1.114547698251549
-0.947109414957387
-0.411163344601610
-0.212765769431635
0.096700431921025
-0.060608588655051
-0.056047443297215
-1.328799168527851
-0.708546894117129
-0.899735660630415
-0.567445522260833
0.266777792164863
1.253791172611325
1.209781649501817
-0.421999102953115
0.484975708193286
0.212504955848665
0.004058819917330
0.117369658066533
1.668918418844987
-0.621819499977635
-0.351177078409800
1.195759708917109
0.759300109910888
-0.742504206570088
-0.321230412724889
-0.854219071416172
1.790379134804690
0.324897195475427
0.871965763950646
1.628439635685974
-0.472407690832831
0.987547564566321
0.236001487698728
1.125800491391567
0.642225658204079
-1.438705451371916
0.586916704173001
0.050724830586425
0.649704485763497
0.087001092459708
-0.263304697547487
0.593312873182964
0.527356068501640
-0.883302983782509
0.138061564445877
1.127970548369409
0.954541671848035
1.153540940834202
0.278970947459115
-0.513332962463989
-1.013213705693358
-0.818083806034075
-0.722545037455354
0.058969692048936
-1.894687303680387
0.596229871815803
0.301444409470079
0.968370461897184
-1.018471076555576
-0.680930831189206
0.401549057781460
-0.911598880438379
0.487764726904092
-1.779598201570343
-1.113817779388470
0.194333540695090
-0.986523170285321
-1.012506128515046
0.387913523045514
1.572599797004749
-0.572361492204215
-0.507616892259569
-1.093645256519734
0.508057865581621
0.711310706977514
0.082385184779237
0.437072258940298
-1.844729555226392
-1.241213381755977
0.702564792686175
1.316453742991967
0.500002794154826
-0.543520392454482
-0.209744661567190
0.282773831037750
-1.769747767668485
0.597737141898802
-1.565265429926691
-1.181054255569065
0.811167607589624
-0.055140804438489
-0.823772767574774
1.704560111028893
-1.178737415731859
-1.211079996102413
-2.239919248928844
0.473966671252375
-2.791200784791714
-0.335711927740117
-1.097262154450102
-1.246804327706995
-1.642823438979372
0.175502903716327
0.338423978832386
1.071021507651266
-0.452447696293023
0.545211709738991
0.499040209537711
2.065140562257256
1.211248570311531
-0.972489523991845
0.626564346115227
-0.683752712764944
-1.530451718121851
-0.610879577566506
-0.956965800212383
-1.426903091284465
-0.299148397533262
-0.256932919305125
-0.252451381909046
-1.452126878543507
-0.349566381461880
1.846878099207375
1.631267060918178
1.510572614135283
1.792646511741598
0.276047187929356
1.710792874302780
0.163848184630491
-0.468262883888938
0.605665843830687
-1.669722827890454
-1.570519530690500
-1.915728005699401
-0.826508140802023
-0.405251711361980
0.583587512326317
-1.898379994512412
-1.616803502630833
-0.457736024455434
-0.860661601128459
0.568516172692846
-1.136113466971232
-0.696792552305241
0.367966315851812
-1.214949051869131
0.012267711398434
-0.512613828238350
-1.466154550467855
2.530155285564567
0.649350641222479
2.016358152250171
-1.550128949310304
-2.248953121093098
-1.078852290695694
-3.355584125349621
-2.574348035823216
-3.597488042431314
-3.096844611801444
-3.173109422175464
-0.730564799512714
-0.709524655278044
1.122267194651290
2.703427032128006
2.161204101887993
1.021615690027583
2.497081694550195
1.030353875546719
0.409537809095739
1.512274478253189
0.136331852355655
-0.097409541023164
-2.208591329920858
-3.063165761921601
-2.320047071869482
-3.337964895672368
-1.693513859159252
-1.758762717070817
-1.362868839303545
2.154069226422325
1.385049163868215
1.919957705324537
3.790534739922867
2.439887760822645
1.460720311002996
2.580348978077347
0.259326217547104
0.324394899346450
-0.904901589283073
-1.973830745893862
-1.409695812727726
-1.697295493847019
-1.951077511951568
-1.480989915302842
-1.009488495727492
-1.285683769417790
-1.258068989395807
3.267602789576907
3.748190003635457
4.235251038096997
5.079076507408003
2.376297051760288
3.448904618633250
2.321698324851350
1.935944131540312
1.890875118779346
-1.208347293094714
0.536864021556001
-1.113277381992190
-1.275114651608219
-0.079153175659000
0.944701277520377
-1.198484669917293
-0.567447989722264
0.908137911653968
-0.029414340219539
2.940901419372480
2.321840743515651
1.852305057125521
2.038143089374816
1.269420771826775
0.487041731281158
0.206135979884447
0.605908661838115
0.442871240034524
-1.201253233666929
-1.332684825450411
-1.578972054103130
-0.671648635112395
-1.492761859020284
-1.804223970141734
0.070690054267895
0.148041599858478
-0.964669218098988
1.641887573243726
0.946297149284514
1.393998573035327
3.290436850247965
1.764966022515059
1.980047894122044
0.823105967160350
-0.523012152495360
-0.039880173493792
-0.869365717026054
0.934291060289293
-0.725137026843844
-0.024407830189820
-1.453688604906078
-1.260529484337810
-1.668258373933980
-0.883016270726193
0.588166094664031
-0.436530609680042
2.296361726426955
2.512180213015393
-1.239714709852391
1.068825083810344
-1.297665948539205
1.315357488943353
-2.524094301084673
0.725134614624771
-1.353841463660336
-0.508508065373162
-0.412208253590631
-1.243839823394850
-1.215290080756806
0.411698652627730
0.184237268224143
0.511011994874756
-0.587101659020124
-0.336340444902204
-0.875928632297482
-1.267149157175841
-2.321753339840393
-0.586060593989567
-0.906405933449849
-0.525637970886990
1.423813308674987
1.219800812088264
0.363458552336685
0.284327202917423
0.646972224723302
-0.649527739046160
-1.107412053628590
-1.147833328348101
-0.884133492154702
-0.473919608124081
-2.384100549490628
-0.839985139907629
-1.062491249139599
1.743127088590112
0.139755300551168
2.821239650624482
0.882085907272258
1.494004747237454
3.103037733932174
2.427337715584071
1.708832821909215
2.684221047214683
0.921542865769661
-0.100365375701659
-0.292106255945636
-1.775434496323306
-2.452848430142359
-2.124831821754916
-2.945895512762421
-3.070552627273990
-2.423610639888697
-1.034910530683840
0.620481380995674
1.019381000333468
1.706861482564558
2.656342208097545
0.768710281663736
-0.404998260255270
1.000892220221334
-0.510968634863871
0.765580587262990
-0.155660155077974
-0.680826393903955
-1.950446498872403
-1.129666260862151
-1.049781999158999
-1.563103922655177
-1.655703878460705
0.024125308688880
0.460721445871367
1.384158542101764
-0.518799425835016
0.651243845174997
0.175998067150385
0.092498791669417
-0.401107176746514
-0.197665690234034
0.055399681418489
-0.019656382461058
-1.649843821530778
-1.314045653968532
-1.758091331400937
-0.833215596273188
-0.854426701066644
-0.265982062418714
-0.812881602656418
-1.857853757556183
1.191995991544905
-0.085438671214650
0.390507382908907
0.748747577012493
0.506260516357842
1.039805878631326
1.012033054284699
1.876739791984235
1.237689085428562
2.812349698108151
0.167829399113079
1.831810957598088
2.707502578890371
0.040259681737798
1.577548973976374
-0.308224197702535
-1.844242335873944
-1.459739489751865
-1.553596088598953
-1.419539232537305
-1.620602974048965
0.261070128568091
0.051396554795687
0.388117058872809
1.448574360518743
1.708723011053016
0.837565322191312
1.438682072078612
1.139011728123038
1.921159992165016
0.293605648620713
-0.047495265654376
-0.092394046427125
-1.477194901290645
-0.000085409499619
-1.020831200632513
-0.180503200714250
-0.027907250845596
0.149964599650841
-0.120309352642991
2.157558076972801
1.088736718017062
3.225234066318359
-0.563156349955445
0.304999485551787
1.315721514144131
-0.082640288051466
0.110607799735095
-0.905217402022687
-1.300938393271964
-1.035536195905032
-2.422772206659104
-3.054092137534715
-1.076117270629894
-1.001841581564188
-0.844986950186406
-2.675873207141163
-0.806134856790001
0.523785665945470
1.384088748545135
-0.210272211807891
1.037777300122273
-2.217652016525775
-0.349789170947048
0.388846325514642
-1.258502431339733
-1.148436215930516
-2.225685660152048
-2.218238827332178
-1.099214127903324
1.280951090219641
-0.309238165535559
-0.960206487500484
1.206180006880121
-0.836781383280770
0.822224622347142
0.237497846065251
0.096051477682616
-0.210790843215036
0.658780226959325
0.030416277932165
-1.225812055545042
-0.555123116962728
-1.727065726878731
-0.010125117235111
-1.084097749885811
-1.872886295354137
-0.896790349843009
-1.165521076288812
-2.289543702130615
-0.775492488230514
-0.745748824619464
1.589794013295122
-0.666440469765181
-0.058721020362659
0.784769226540514
-0.725724612608138
1.153675602769889
0.032045361755549
0.437965339190004
0.085367977921432
0.351850611113353
-0.513037673090707
-0.121361865899478
-0.775879995361507
-0.042724861985773
-0.604082443693505
-0.203716911906648
0.428738641137456
0.911599687688284
-1.497689673060838
2.087671904331101
1.635601654443263
0.464934373762189
0.921110045525511
-0.111955030455794
1.788319142273353
-0.442447293704422
1.127170714704652
0.074959084164455
-0.167406001041696
1.784909341196445
0.392419558592314
2.097032824457465
1.893783143169668
1.465460365503005
1.656061312089482
0.776155346304213
-0.866476954513955
1.114561290831468
1.226592841416401
1.996357447756749
0.789551074321629
2.251352862035605
-0.687704849735276
-0.607205137558761
0.294270304134949
-0.486072348375477
-1.370539184390009
1.347786041246595
1.838490203379193
0.544473240433877
0.173760124482370
1.004028781672574
1.424399378752809
-0.348227919394046
0.030053894115490
-0.387056142080590
0.980402013316072
0.533362728681717
-0.116141049509051
0.200620619984417
-1.350499288853644
-0.808443466325638
0.792875061492951
-0.047472235398598
-0.460285298482221
0.484404238031090
0.674935748342053
-0.486507074694068
0.777287183090539
-1.044847731865914
1.713446372734662
1.231000684336827
0.872627313804462
-0.885322604793036
0.701688430026462
0.226528972335834
-0.003109964822570
-0.889810501806624
-2.415876980117542
-2.148559026895023
-0.955127655495587
-1.016779815567355
0.766336604597303
-0.341710531072334
0.995676180077809
-0.396271388702443
1.720982297194325
-0.106440355278797
0.143659930763315
0.266122978319323
1.411595725138815
0.654026679866338
2.229048002602460
-1.732726003287243
-0.366537381093465
-2.051706768463871
-0.370524092660026
0.561387071836914
-0.873341981832913
-1.124421061400401
-1.059722066144530
-0.159297162267816
-0.642616161827528
-0.731909540168251
0.890440050381680
0.571606833500879
0.500577359157312
1.167707422050389
1.182176982365200
-0.606465883828986
-0.237325267941025
-0.403880861214901
-1.067201443258554
-0.932084279481936
-1.322487696288692
-1.307894080926835
-0.862310632527647
-0.944635159909554
-1.954125689027163
-0.206676087391250
0.186406132359330
0.876620128753481
0.680386491474425
-0.350012449323834
-1.340085588776992
0.867787710713524
-0.118011829613636
0.586494587334966
1.049884409079191
0.468126874747972
-0.958453765553795
-1.969101689376313
-0.826040680885521
0.524510910758094
-1.387045477741286
0.228158256158515
-0.005314201735298
-0.001054198231351
-0.302833713761802
1.588229376745942
-0.787956399825619
-1.194060638184634
0.087371232482654
0.818628604594062
-0.153955692478591
0.674336769522923
0.060384577743245
-0.658264759912097
1.143625282456301
1.896980486564026
-0.519758782770015
1.363281222886373
0.587809322277542
-0.237247047837975
0.830990256773463
0.407063328981181
-0.460192612089949
-0.040921868773780
-1.694797595305185
0.536314802580864
-0.692665567172392
0.341350837289560
0.601075387624328
1.789066705992082
1.015548829491728
1.141963123832258
-0.132384880996240
0.563708453945836
-0.545561402092848
-0.010279599978321
0.523006436867430
-1.427398142344321
-0.907368487740858
-0.284596452171856
-1.474465351986221
-2.041708867838639
-3.147623985750860
0.270439759368130
-0.251198307666930
-1.036451618624777
0.539868715548799
1.513501803545593
1.409799593046320
0.837601929541115
1.030571299619636
-2.008555832827057
0.142649473823843
0.421919503134460
1.339902141880237
-0.654121737577139
0.138310076089700
0.634032182115939
-0.211425344118579
0.335278535738874
-1.814268783668618
-0.839631895581376
0.502351161094575
1.349628585665394
-1.609686021701063
-0.556665117604339
1.436060680953655
-0.089797161768210
1.105320605335150
0.680571814033562
0.492542125320332
-0.313690765006785
-1.183137107588494
-1.157126673872930
-1.206233774940667
-0.527716857978470
0.294560946674346
-0.281038414380420
-0.261478884577118
0.896342872273264
0.070192226252002
-1.266110217052723
0.608318616554867
-1.095240099134803
-1.726688070992379
-0.708927501042240
-0.898604820207698
0.761923103963131
-0.156170083340958
-1.920475952730899
-0.741010479313037
-2.021412176980936
0.314861430210273
0.184825139850554
-2.575289269263979
-0.750745520772687
1.312461994881240
-1.055154194736082
0.628234594857346
1.034207245653567
-0.205567383292458
0.307818952910888
0.594237610421171
-0.313281338220485
0.114438687553051
0.135765481056985
-0.482137107248365
0.132483552191859
0.359507729500710
-0.041297356045205
0.160075731234566
0.236799892394068
-1.067769610685860
0.441559030974656
1.386791693796358
3.095075877793898
0.817985153725609
1.350024331120057
-0.442572138188128
-0.380531466293658
0.472542832832025
1.442660161699872
-0.113233295789085
0.273719812123813
-0.440518202287339
-1.595637891278104
-1.158730508397783
-0.173449776568912
0.241305207543023
1.617176418796786
-0.964178929211019
1.002503021163369
1.359824683355605
-0.529857198442514
2.438190729502929
-0.010477277364253
-0.394917794069107
0.324978399729680
1.393353325094890
-0.333873058268022
-1.761422071546104
-1.933374235551389
-0.654619853636330
0.607774095600406
-0.788564989050192
-0.991985776005351
-0.035272806916028
1.064292436413341
1.314133598265723
0.513229704593256
0.917584218065447
1.064826818040051
0.281703036078264
-0.639833749869168
1.093718546758709
-2.027217751091467
-0.774043469494563
-1.948184227910492
0.575520766572479
-1.879579733257503
-0.484821334669808
0.650197025211098
1.028363540244596
-0.421625364325667
1.575840137095294
1.859735739219657
0.363229647979442
-0.636829816379647
1.429800409679201
0.250641196513716
-0.984683991313508
-1.670057089049717
-1.404307375397706
-0.858321608949233
-0.898911541784330
-0.119601786737251
1.002398878891117
1.404431369680700
0.089221545181640
1.954710193135551
1.257228609598797
1.080821090827981
0.549560603596968
-0.369940932174813
-0.497657429207601
0.203109645904259
0.010999788730650
-0.603632827399619
0.086706366813490
-0.641137297488873
-0.071864513237455
-0.750825970897641
-1.448113794977266
0.779084789188673
0.661035341313169
2.305229813532240
0.313274056239607
0.489909957869779
0.596620371049701
-0.882767965877793
0.052194204395692
-1.267850703456180
-1.485836713021743
0.134961840312284
0.595399354139966
0.017354286395575
-0.720671341722486
0.165427327443468
0.579596815978313
1.031295766667469
1.337814906387261
1.363232572514085
0.107807128558629
-1.223743670666542
-0.112011103155432
0.287649487384900
-1.432375817609294
-0.771755712272366
-0.812582908010243
-0.483308312236081
0.758457877949562
0.123413194348149
-0.861025475897344
-1.044587699459217
-0.713018367967339
0.945181258381000
0.711951537146559
-0.128711548457660
1.060908963337429
-0.508770313400135
0.720185698678778
-1.745367399183702
-0.655565242925622
-1.073284692558372
-0.677877679559304
-1.714345207940826
-0.565612365865826
-0.364019174073020
0.411693814560331
0.870173169582263
1.115025139169069
-1.409299960041711
2.959284093183506
0.572510250876386
0.684194801463782
-0.277400419162435
-0.419234880884421
-1.622438225197201
-0.447123362330905
0.007164689143499
1.288917162739985
1.326802128482426
-0.595250087344662
0.632315385654818
-0.235050703756077
0.937338385473360
0.897550038884116
0.774753153058593
-1.137739302377025
0.523248006158905
0.962037004252111
-0.407461739847791
0.953561569465533
-0.419940826056859
1.029021912762144
1.577759535756809
0.499952457576568
1.218288766730856
0.779392123549077
0.591157591400136
0.369305100146556
-0.606823943937503
-1.192021677860282
-0.779175381694120
-0.886217680404869
-0.575341426570241
0.962205690810877
0.305121947719324
-0.334271901295954
0.783158715655489
0.031749633373893
0.281822445853617
1.143688354714177
0.521588481080860
-1.372380882584825
-0.026893439522394
-2.896068878948436
-0.564894007251153
-2.034739031355737
-1.331979515376834
1.536614607230934
-0.819130240150862
-2.720033712694624
-0.761927444666886
-0.540870635680310
-0.871358873263073
-2.119996080745458
-1.952204413449663
-1.176124807673386
0.224966020452379
-0.889713109397705
-0.684016455570300
-0.612025067608854
-0.335525535568267
-1.285386147739016
-1.530953643117510
0.354923451639910
-0.587841771874117
-0.151240600621361
0.302889556085436
0.031282364441454
-0.482553556746779
-0.472243613051013
-1.188609648283169
-1.048810485590421
1.000940178169612
-1.157992505747858
-0.163007524943733
-0.689734641157210
2.053972101013140
-0.508821491145163
0.321524258661680
-0.686436516791230
0.832032626111598
-0.930563948364770
-0.994426548373262
0.974208258996712
-1.270245423137532
-0.201507732659799
1.570998129264000
-1.197073792059148
-0.106318748934194
1.396753288480257
-0.712542857517040
1.187872889552730
0.277892992602955
0.727800645575294
1.493699966114008
0.877864503341633
0.088902262773821
0.432964076731196
1.082112801755710
1.876281491088037
-0.662422581462918
-0.955134825851061
1.076325001357712
1.268576101135728
0.318191974968177
-0.228412039291086
0.347563227695644
-0.787808034011794
-0.024305517198267
1.342360406118404
0.827333222946065
1.216937599800349
-0.213346282945180
1.092540391046050
0.153659058277172
-0.630216803056955
-2.130353747357561
-1.621273182842387
-0.612844657117417
-0.945278317675011
0.346216522009398
-0.325629650303863
0.538815349228039
-0.886929529518450
-2.053345150756316
1.103091312243303
-1.333360813921294
-0.356022816578518
1.871717528992370
-0.557600369352092
0.313678957362095
0.778652253247146
0.053337276682358
0.072518952997671
0.375395000314588
-1.046494294458881
0.359005479419166
-0.651969992098165
-0.688612122179532
0.029727205786748
0.240833144546175
-0.804291118309319
0.386331704496756
-0.897981632864113
-1.668515508274741
-2.633845440589159
-2.993936853593804
-1.323500474484280
-1.392932111163967
0.354350859270186
0.252341021080504
0.594741299946293
-0.764804832036882
-1.444276394806892
-1.503191006695412
-0.234051254622796
0.586728092244592
-0.723164012192417
-0.491184399455325
-0.457142618303057
0.415224155310445
-0.575869378395843
-0.832841768569114
0.618724851754611
-0.069824293377920
-0.329616164547272
1.894473234316921
2.692910045046736
0.450042256256475
1.133365628379295
2.130188091144149
1.075965325491217
0.353970758056074
0.383698314417963
0.928637291753330
-1.361823275305245
-0.282843270393319
-1.603984545156578
-0.363222787860656
1.922089893189014
0.764654742838568
-0.363216066043649
0.820322990889881
1.102739482862236
2.145950359280165
1.721248431025526
1.461932723618296
1.032905440754099
0.058766933840085
1.593846822142105
-0.475134882594530
0.171344928697774
1.679832131778645
1.143126645205184
0.089963433475665
1.209083095305860
-0.190983990228536
2.097380487851241
1.164576655541025
0.845182591260284
2.508462836551845
2.589912328610065
1.031544060113198
-1.631734239048594
0.633915787338384
-1.932294631107716
0.795039120469445
-0.674401576256877
-1.034415108554346
0.122467731620059
-0.618142021562123
-0.905352858038185
-0.547432414231647
-0.644845468610833
-1.326391089681494
0.056932049418191
0.556568274549068
0.391973433575540
-0.569060414378236
-1.220780893258060
0.466976474758947
0.251341400902491
-1.089377779810247
-2.069825668747357
-0.230703683762125
-1.525128095692113
1.157994752354010
-1.207239852103686
-0.801808862495998
-0.246916515511679
-0.196749477292399
-0.447591391090247
0.225455532145513
0.295093429451844
-0.475718619622183
-0.807239773594236
1.245061641246906
-0.297625587244682
-0.368979356320821
0.604254709981101
0.401876750369265
0.686590324883676
0.212864622362137
0.644430331203836
1.075013877693785
-0.113827913722263
0.378682391909100
-1.980151843502107
-1.027790239674742
-0.340839514599765
-2.025827669541690
-0.081113209938689
0.895273281429662
0.363784075336224
0.843157252163752
0.966145817006822
1.949800001689971
0.246492607009774
1.927546255466256
0.649253396272496
0.277494824842446
0.899350730746269
0.590834477352415
2.294677326302340
-0.983559806098618
-0.832064159078749
0.263313981832252
0.600941189619252
1.013777455651093
-1.089190088137141
1.819577592267802
2.476931797952429
1.070240253442821
1.413528594832215
1.036056903229993
-0.037717439873256
-0.067426817813576
-0.971624628320241
-0.477236817888113
-1.583128244664618
-0.690303612003408
-1.179505338798246
-0.752257442354359
-1.479747332230507
-0.403722531252072
-0.201768092472992
-0.406407935337971
0.408727888689490
0.101782484317089
1.738154986017655
-0.087197788107736
0.811293654139715
0.318267255938127
-0.520292249676041
-1.054374592715573
-2.053038072782019
-0.082883865503567
0.535369280216096
1.616869927951297
-0.133033302664077
0.407000790683451
1.391163799687435
1.277673435136779
0.317296523024445
1.328765581692029
0.069572652554480
0.674949126139143
-0.147760900201890
-0.720108157008590
-0.384807114666121
-0.668161586421431
0.811789415596912
-0.639497390718714
0.544043506164128
-0.865272620910480
1.684001094076462
1.369824916412411
0.174707409304412
1.609542437437648
0.465502656224458
1.215732900312463
1.126860583436517
1.743880436775994
0.461324823277965
0.017750549829105
0.132751872078694
-0.592105366879439
-1.031897171819193
-2.298275979988330
-1.029398412924485
-0.926724981181010
-0.506162228026301
0.535536863135873
0.013811562275253
0.300500402272715
0.479591729052737
1.488016055557119
0.409718454623475
-0.844393924167389
1.439179211572968
0.064200363810318
-0.032353341013872
-0.077977025543230
-0.051875057885109
0.577841751524359
0.139594800812223
-0.983662707663123
-0.132084281882430
0.374985299973281
-0.408905197475717
0.394118849492719
0.596993222574276
-0.484678081896042
1.773993199880660
1.166074475741052
-0.321531254266256
0.372652857844498
-0.808577836830601
-0.250767744523831
-2.136515040445365
0.988247818653023
0.144880726240359
1.327065708850065
1.111525915293478
-0.032504235126862
-0.224946179915420
-0.580080171786066
0.088776739227771
-1.046360026499975
-0.673587876061066
2.616108444017024
0.369885164701801
-0.412076729672489
-0.908735878476421
0.204905208285920
0.584435239705360
0.062256182033829
0.512712758321684
-1.481532341168669
-2.843301195045753
-0.676235333476844
-0.664362908741225
-1.004476663382699
-2.904776497018786
-1.216898253821354
-0.743496734533283
-1.081619992871012
-1.090123143523162
0.038747962484762
-0.274651791535170
0.974029032413525
1.182689800826278
0.011790579464009
-0.929065830990190
0.577230801750669
-0.279385656257978
0.674837652680006
-0.337153619248947
-0.131443285452307
0.233641335009861
0.378359158368806
2.001822279501388
2.402273544584788
1.013183419669357
-0.042335439213338
2.415355023194232
1.150773164085346
-0.011647744257444
1.893413356036586
0.761765891036592
0.354144481924189
-0.969925317320065
-0.229944959333800
-1.314108607997101
-1.725068285818445
0.616846432248460
0.410267880123328
0.419069294877611
-0.303603078135816
0.374442640812346
1.523764331858521
-0.000466155594498
-0.419240315432357
1.062681177630714
-1.077731453491592
0.204306653884044
0.479013121868870
-0.795527561591657
-0.003684318910512
-1.340350454599855
0.274154274635642
0.882606549283598
-0.861280138263869
-0.818636657373832
-0.789341916068475
0.966424933160063
-2.250305941808910
0.044145892136034
1.285037258235252
1.634644652518629
0.525165536695370
0.736830366516271
-0.803935150157622
0.948051172091318
-1.087258315444442
0.077609365257770
-0.110231504260348
0.225398178304387
0.720335443885533
-0.921673711493983
0.896105779486259
1.072663104952868
0.186600159165487
0.204024786643987
0.910554427695584
0.592488854064911
1.870158587683098
2.017595701664024
1.350866861869023
-0.524164009072900
1.186875487935249
1.203514109704436
0.376668433130127
1.384525269669348
-0.726301204751251
0.416113667222088
0.526903349134915
0.456771961615963
-0.623770090349303
1.006112655998027
1.845686029632938
1.103505370803038
-0.103434672583005
1.994804729776632
0.618398684998999
-0.037885732272831
0.699921939406366
-0.952744433093042
-1.090043807325409
-1.134966824641281
0.190148106682668
-1.677647310945931
-1.268384765971184
-0.565304122192590
-0.808944164437041
-0.434397557396077
-0.850600300470338
0.232354716807126
0.112150399462090
0.950102349860408
-1.550532585283489
-0.654881889693589
0.887556210520358
0.953710960666094
-0.135945266738984
-0.803512865048313
-1.618095324412565
-0.179891071037778
-2.596146843878163
-0.433173508803663
-2.537520646771616
-0.226998763121896
-1.304541601616588
0.656709555640982
0.461798597707902
0.781540054068831
1.598206139767761
0.273280263510921
0.636346129048115
-0.053996269774727
-0.564037944061503
-1.043400746396376
-1.878165316612749
-2.117239543236742
-1.835837175623106
-0.848458933362738
-0.596602094833693
1.167089096580415
-0.953629049548105
0.374269484808757
0.935451959743964
0.287773467920664
1.149526850402224
1.014437091177847
-0.265441952875124
-1.451306387806127
-1.106126624639144
-1.054546244567430
-0.645592708229164
-0.006944141405018
-1.440105712282192
0.407006565878469
0.109057983565890
2.351177837698477
0.303821568319564
1.664374806213435
0.726866536596145
0.239558372526694
1.358382571858207
1.466839084502991
1.566921463701427
1.310328683653326
-0.431170393765601
0.160467630307826
-0.330684625942504
-1.083176234701804
0.702082142176974
-0.006924839109444
0.990827583166318
0.292564600921547
0.525393715912767
0.309920314692639
-0.000398783627867
0.168476769074336
1.750611547983175
1.728697348763300
-0.197001012696592
2.015268713219706
1.110141308822423
1.174602698244895
0.457646641111961
1.230004979337274
0.825495811407173
-1.104624330445382
-1.254092115893295
0.017517345641352
-0.515689187823334
-1.612491002049245
-1.126203354582579
-0.534093618693159
-1.167379381314231
-0.351254562883408
0.529272630021311
0.689284575628211
-1.167376413320728
-0.082680291902734
0.351304565791218
0.529762062068704
0.073162621629898
-0.629742626501665
-0.556629924804740
-0.057631087911188
-1.190195420612089
-0.975267309095978
-1.747296391863570
-0.149976329950638
-0.335986238142305
0.347669639063508
-0.219561928140831
-0.286631404763405
-1.365417032796367
0.815556550087384
0.503706996430572
-0.500998069725021
1.719675481204359
-0.320176929301982
0.332322877042534
-0.804714918029600
-0.800544988846463
1.175615051810185
0.506819998743853
0.051445457090499
0.389125300222228
0.342006870142412
0.471884867156123
-0.998366266447490
0.050713154112815
-0.793130057272717
1.556675234555896
-0.855020683496401
0.727352434368826
1.410214035083552
0.646503543463094
2.221834221159631
1.320129581426885
0.872992307867319
0.025409122286250
1.397996669976651
0.332280681156964
-0.731162636113668
0.960840252241793
1.221372871702109
0.047880218492418
1.966812397545119
0.262316634562044
1.399305462829839
0.242393107131851
0.480801487296049
0.322384047809484
0.234138383189745
-0.191812142879005
-1.931224467129345
-0.544621067712721
0.885374228147233
-0.470598327146446
-0.480493250603759
1.283580275730833
0.477048864472699
-0.160775124702437
0.832754016708301
0.461114107322683
1.133287002430003
-0.781950743098906
-1.318973428157573
0.460290057824837
-0.712018750764916
-1.100660065661230
-1.241804069541487
-1.255776110105891
-1.028441382972632
-2.686349136490559
-0.193081780444496
1.084029708516835
-0.277191605193295
-0.736496918166355
1.427746633599520
0.217363666721924
0.725472664021667
-1.169685765719274
0.020044390017653
-0.940871214754389
-1.210643564791897
-2.078338229937222
-0.803900140559208
-0.446924034533758
-0.280477201530513
-1.315276796483209
-1.334939860840592
-1.659288193681151
0.533805562919898
-0.619670737532961
-0.938832902444962
0.610311330434408
0.264744034129552
-0.558432876714942
-0.721514781075713
-0.046400904342874
-0.068506964416274
1.015808570999203
-1.205241984944545
-0.612210812244119
0.499717672288962
-0.299842063953223
0.085815901442140
-1.430040322080254
-0.589467169726868
0.327084535415427
0.640826874960866
0.323045638861254
1.380811407532662
2.480659085798091
1.154778542815604
1.711557442388395
0.412528807300231
0.958716439877318
0.520938580489779
0.652481645315060
0.757386768931357
-0.550481446460567
-1.416612561876073
-1.781464805232067
0.546717202938088
0.231304209863282
0.728834626928930
0.082777083186721
1.587042270110076
-0.014020489692609
0.251953722879640
0.768856093226738
1.634030283374247
0.559030027880585
1.214825031846861
0.309539874712606
0.745009839660774
1.057474763965782
-1.018630106137161
-0.352490941417135
-0.704212089807386
-0.850971619304037
-0.068133297918792
-1.712556216295502
1.133440706820015
0.588920553801949
-1.422422000711117
0.296886453529000
0.415998513369476
0.047281888994956
-1.616974952778069
0.801882089128596
0.854504480472828
-0.335974272522709
-0.185202180722782
-0.093951527886214
0.663172464159856
-1.323679821310087
-1.587366520137774
0.161052559721285
-2.267851710771172
-1.016584204110043
-1.093666295895182
0.043559870708920
-1.244086517880745
-0.911057166603690
0.709324081722725
0.697819328121163
0.576330111688756
0.775213177158420
-0.142388863670503
-0.210690180588309
0.045651450896245
-0.748552716138980
-0.234399503572739
-0.697430182606573
-0.192372424964558
-1.190841288240786
-0.662592087406286
-1.342770055024884
-0.090810462159530
-1.505773313306201
-0.482786994143495
0.394541748319058
0.971764700824686
1.510635928463075
1.296757170944008
0.347741362350566
1.435474458890700
2.196548462316876
1.080803762602694
1.888402359111652
-0.253290542951292
0.134739889559394
-1.325092207292424
-0.260104683278153
-0.578602441635081
-2.434104968210031
-0.135289463138725
-1.134652097515036
-0.990337695608071
1.246629021938731
-0.550260573742656
0.294966179716729
-0.446537140530458
0.089146699503950
-1.079718795498109
-0.123684417827935
-0.970693207339116
-0.301768623528500
-0.402695448523042
-1.067033714121531
-0.260326106541051
-0.504873858583407
-0.106052108133920
-1.182859079007855
-1.142445995651937
-0.619342554312847
1.181766478736741
0.049863372688994
1.341956976325521
-0.147157168852230
0.780249791268082
0.783770183997681
0.427730628198950
0.172524485973235
-1.140105240378756
-1.386214359631866
-1.024210454794762
-0.270585971616865
-1.343515432207764
0.714169314069569
1.320228844265918
0.619096768499946
0.588778498159170
0.196721788660855
1.476467794957295
-0.171743592963429
0.241832291300945
0.473530841522701
1.341261914675729
-0.595281622133028
-1.634487675108477
-1.616260399418668
-0.572814770866924
-1.963162967052452
-2.329107786690242
-2.031053188767043
-1.764455453659688
-0.414447943299560
0.271033044172669
0.685935167823830
1.699857524476343
1.102607912650153
0.928795914795757
0.182291075234540
1.338170231607423
0.185328379792168
1.676353403769665
0.248356330560396
-0.976843837257292
-0.204173020912611
-2.167718311090290
-0.942236109984177
-0.763955619676890
-0.546353962062511
-0.754802283177457
0.378601422075136
1.947441453370691
2.354057418854547
3.349510420573031
1.508643210613674
-0.458684598291000
-0.381015786103730
0.129646174967065
0.636887502395885
-1.294866193954890
0.312353800051984
-0.275461282941595
-1.054903374460657
0.437085669429850
0.076704988834359
0.785410618218108
-0.434160730416745
0.793199181592938
2.338305491652464
2.734465999303478
1.475532827471003
2.616082191451158
1.234905819196961
0.478149782196946
0.676423171881662
-0.984708020050794
-0.528663764007669
1.400034743073808
-1.395074522021762
-1.942450645904375
-1.060882537938141
0.267329403199958
0.526847742176988
0.522717936553277
0.817666678960421
0.081384474866299
-0.309609542722239
-0.820930485654149
-1.710009314738406
-1.608752604543857
-0.342693277248732
-0.711234352689912
-0.177994926664231
0.726076923866309
-0.075946810116169
0.142166524539157
0.236461481983562
-0.864627301268635
-0.907960927435354
-1.130541614255622
1.602827294245998
-0.148271269738819
0.081815508467134
-0.737314372451499
0.879356308828263
-0.734813506172428
1.259616704769424
-0.244205532507192
0.769681370375544
2.395736908442094
2.180191478137884
1.827587940744044
0.430032246643019
0.539600408648784
1.806468350094351
0.521847312921547
0.838664386307483
-1.239852644751415
-1.789505459471203
-2.406885600707319
-2.053695179919025
-1.522487811345477
0.328997689788407
1.133466278559739
0.911819599514461
0.770263181987343
-0.808058461531708
-0.020322146382122
0.249774211335252
2.343377378530267
1.094464213331134
0.645288581109033
-2.306127578717366
-0.383776583760176
1.094710834758101
-1.337246486286015
-2.512044480798851
-1.548855881996696
-1.815479999667068
-1.713092812860831
0.120528135630528
-0.439928438472967
0.274222557689727
0.464364011154608
1.135674425058930
-0.279947600230188
0.447932621262682
0.590738998838375
-0.956236573046429
-2.035308810322908
-0.761511696100867
-2.103962655074151
-1.784786722032519
-0.691400068483687
-1.820959506709017
-0.135610142440980
-0.088822704952041
1.341985558701041
1.810274218316835
1.999246574262225
1.072583981057026
3.821403550437423
-0.972353904156408
0.329059762929808
0.064038895235181
0.564902132752924
0.562496890894257
1.192120626200961
-1.113799202706171
-0.665584297740933
-1.394663707897765
-1.406640875997513
1.105294582549859
1.299814167102252
0.957168805199256
-0.884811928691072
2.455636533766794
2.334020281348652
-0.298214976894945
-0.602246812882173
-0.579199542133150
-0.176457026737830
-2.223754582889840
-0.932005093487491
0.738370397763202
-0.783953732676677
0.215589976913568
1.351378598259239
-0.032037147203026
0.468869777957256
0.861533605831569
1.080734618108379
1.439486589772561
0.667305812379219
-2.129870801389151
0.736610272725272
-0.591335722231673
1.049749944739706
1.024978501622818
1.806795162055798
0.856879793709529
1.966270455032325
2.741109313794730
3.025521767719324
2.069954562480087
2.298360857882304
2.176059129802582
1.791249548343800
0.192026070870770
0.422410595888455
-0.029806686621668
0.093550808170041
1.197629125520621
1.321822219809360
0.453216572154174
-0.682786293648628
1.104534475123769
0.368768281300714
0.900580442057951
-0.660380235679901
1.052093782148696
0.306402007624297
-1.436404474116032
-0.038777632620557
-1.107626936971102
-0.417632415079230
-1.174964230191255
-1.492363117420014
-1.653424141965126
-0.471116589492066
-0.372853195913204
1.699555100175676
1.447078612270506
-0.156971535227356
-0.178813972254791
0.717554047738448
1.133073900011398
0.192807782567342
2.189432047785316
-0.995241546875276
-0.241015207268128
-1.435763054643144
-1.225548411116601
-0.653247149633196
-0.595290665529801
-2.437613975406458
0.408626531200382
2.149825305850267
0.231966144607827
-0.022956934490052
-1.819113609867939
0.509130927250048
-0.876237103002512
-1.459275721246166
-2.613907828079764
-0.679168185679117
-1.459936978131191
2.928288140989867
0.228915812961907
-0.196216277587767
1.666882159358259
0.173629305771852
0.747401579338217
-0.356689273848574
-0.309203546052731
0.993442044939104
-0.842754136199825
0.609274142686097
-1.511710112978839
0.606758370828824
-1.183058616867989
-0.855752672587960
0.946334728550857
-2.302625963094035
-0.960712651138507
0.101929528575227
-0.681754500979940
-0.612001289290353
-0.018880220214150
-0.350608006200524
0.465447327649585
0.187060646638092
3.062938315987911
-1.287876743685610
-1.406300280255869
0.566171933093783
-1.912142444740229
0.074736794505569
-0.353441155764091
-0.706710458505037
0.752066151535479
1.551459805904456
1.338393811405235
3.034769256054531
0.766542016889745
0.722892917961151
3.020458643997200
1.705669839621073
-0.001441636288553
0.937727400021841
-0.196663063310067
-3.367170106151497
-0.589184036618289
-2.215889288408499
-0.685937852298088
-1.241830151924561
-1.214146871924029
-0.763926478450624
0.921013493332130
-0.504545389189064
1.030630636907679
0.790504988814452
1.640541161774095
2.877332131605989
1.972798238904979
1.472292546030866
-0.263384277909670
-1.959004611003411
-1.452423685004696
-1.095299979763651
-0.465602589615423
0.219298604383916
-0.889718986573538
-0.411144893197881
-0.099089343534067
1.213791156215890
0.251057208062000
0.155921173633422
0.491769000027127
-0.228051680033386
-0.291107770354511
0.323902217807192
-1.643665325960104
0.267754848689327
-1.049257563514166
-2.642614984636957
-1.053904289993040
-1.836056221115941
0.084677785044584
1.121489751936712
-0.746209785152396
0.603166214917607
-0.510746361953742
3.114975410348035
2.241022870594148
2.834355369353828
1.439100234473347
2.524819980598370
3.429186996697080
2.817181615512831
1.635698016825825
1.501553324735338
0.283174544810391
0.890000122814210
-0.951720068862872
0.827888324730453
-0.551517709037535
0.561730950991996
1.309117978351256
1.427067061872021
0.833781064982432
-0.484130212499393
-0.256205398309827
1.138982548784937
-0.119319601615193
0.817850798301324
0.477515899777022
1.383687171235781
2.001871247673638
0.465107627569932
0.927904107078605
-1.288056533417622
-1.013672220873158
-0.983046696107502
1.026036104052872
-0.405367316166595
0.961371961317450
-0.579625626015889
0.195252093848222
0.268185161104478
1.276593321525461
1.004091421135833
0.909973693712593
0.301334076344028
1.303147133459874
1.275474126519572
-1.020521819207116
0.049610539167679
-2.490141716782801
-2.830051244734270
-3.596656711994504
-2.942387825413484
-3.709339865188749
-1.113961153977682
-2.018041998107000
-0.481341265124641
-0.448864327793723
-0.347385732889366
-0.081999482010124
0.102337187141023
1.355442398646955
1.482161772955827
-0.336385448234611
1.064929051996852
-1.313228657277565
-1.410273575005088
-1.708626828707755
-1.660619109854579
-2.740749318575211
-2.441200612224094
-1.608556305172800
-3.052497744125549
-1.145796041694619
-0.120726378276688
0.864429730890219
2.402824622138406
3.238460182254881
3.368989530922463
2.953341062837883
1.224077566398798
1.007095329023254
-0.808011796828013
-2.778062503745812
-0.364989822187100
-2.172231674119422
-2.129423610287884
-5.384583879715053
-3.913234643445124
-0.832403356877257
-2.161840065943259
-0.413675967662076
0.545803130786883
1.890643340538723
1.196921497065254
2.791331980918381
4.610846364506724
1.415442957241164
-0.980630213204614
-1.394893954636443
0.017675041710940
-2.365883501154990
-0.304598779496108
-1.777959679073727
2.008814204470701
0.020029845317297
-0.776201744111767
-0.098155436711415
0.318755185049835
1.859428381077247
0.608876876391345
1.511754260762110
0.673221637859693
1.456224754255502
0.380970772853723
-1.750837137064103
-1.869832255791826
-0.101554433619407
-2.834317932190869
-2.819758196950071
-2.280539885795997
-1.734324828564773
-1.507035867308610
-0.685808082600001
0.980334619703019
-0.208435821373997
2.908407785481316
1.731909648231495
2.001674170659070
-0.732035401957461
1.425490629155332
0.999392069570507
-0.094509473477257
-1.114101673985588
-1.358618829637446
-1.689256059579746
-1.542228678556280
-1.188429983845071
1.925170209765715
1.153149946103694
-0.222552375176276
1.307676176424664
-0.863692978898351
-0.246699611543902
-0.084267399637027
-0.267993932538608
-0.323609265357739
-0.482751849814907
-1.660969934206276
-1.183404803741313
-1.312533723198456
-2.147330370561456
-2.697371236704256
-1.416938568940412
-0.850411352877251
0.127117360297182
-0.533497452391999
1.112457835592878
2.460557883971807
0.809303635847343
0.416360251435656
0.775250181450421
0.009896728777115
1.145389586416610
0.994579157737321
0.854289766699254
-1.217865481147433
-0.902536919052923
-0.080868718862132
-0.604595289215033
-1.626911544911898
-0.323688284421542
-0.215855261380919
0.104926617229902
-1.202706693807295
-0.181239951642694
0.230798758370862
-0.451252745998833
0.091173407449363
0.493082564236353
0.101187491695098
-1.651822612967155
0.159080825182252
-0.864667544887586
-1.374009239806580
-1.889356350330789
0.253703486943312
0.630278494190026
-0.229269339513932
1.460619726656083
0.066247305503558
-1.618133516076872
-0.764292935870850
0.591670721184185
-0.068740570970199
0.556030530223305
-0.853031106052623
-1.445079762602226
-0.562763434597027
-0.837694798026309
-0.943392857905804
2.981992113924290
-0.936700951483920
-0.515558959704399
0.581020320168494
-0.024507046610207
0.462837619705432
-0.634684622957419
-0.666715173875570
-1.226530487501957
-1.374926366643142
-1.816676375803006
-0.033245018419564
-1.261011586690518
-2.325281736458964
-0.196632082751163
-0.375754685945523
-0.703417137089232
1.629442205945763
2.448391968139176
-0.678085409345752
2.396781676179558
0.736770689721663
0.503583288834694
-0.352026439475514
-2.304080288983821
-0.033495285707047
-1.263654981564497
-0.904918029748439
-1.007656702975674
-0.776085347939530
0.481318542249884
1.520452987330820
3.300255241455931
0.916178998516559
0.350809779754626
1.069535877350429
0.735502348780246
1.791380976420434
1.564120590279940
-0.499489665739474
0.645633127395237
0.143668134521483
-1.888752679388553
-0.437808255475762
-1.931866882181740
1.029663776796085
0.610263219353682
-0.553693931263265
1.437320958368238
1.630690183525373
1.530115922682847
-0.151026772966181
-0.741740959257555
0.306671669359378
1.502612075632735
-0.265645001044778
0.423475550299800
0.233987555156257
-0.545556677316759
-0.013543399625908
-1.687944849365771
0.402465322238482
0.607090795883698
-1.758956649242021
0.145460724808976
-0.368811881392713
-0.433253713605555
0.488298722888089
2.551163225862577
1.477205592970624
0.264038888914827
0.752618847247709
-0.243111810809631
-0.880638332831257
0.158331213923918
1.248447962334134
0.425429695512238
0.188677004561094
-0.418055585698553
