1.272781808733061
1.687676475015894
0.945893796317867
-0.233048754822384
-1.257162580682743
-0.642660727249705
-1.504237997126228
-3.766194966005253
-1.281736682045763
-1.633657573487383
-0.445020312634501
-1.061473643541310
-2.933462594555819
-0.744275127324347
-1.290860563396397
-0.316329141919133
0.734319261506600
-0.239132061868825
0.612928054095379
1.728535072105815
0.857396646818894
0.314871835644442
-0.007715765556535
-1.954129446171406
-0.070945854469807
1.131348031125172
-0.404902674715565
-0.397799889622207
-0.132570980488997
-1.086142471760182
0.027459187112543
-1.116736714966237
0.083441315119300
0.489161973425308
0.270927852639771
0.804028054112060
0.409627865339424
0.695202864578944
1.874507380635986
0.367590824952438
0.048436491302018
-0.059383179736788
1.237869216903682
-1.073767096049970
0.285758962234502
-0.428709463252403
-0.019609687213347
-1.732226897680455
-0.043473899575459
-1.571409024722742
-0.792280409223012
-1.428129590009366
-0.947764607536234
0.193469092053423
0.680137025677924
0.865054847207639
1.034623790542674
1.667826004398688
-0.855055364953099
1.661099354299732
0.100057263764238
-1.952203567000552
0.211861830558679
-0.709649322523858
-1.096110800895499
-0.418827129421383
0.166674440853337
0.655227414936431
1.305017664068024
-0.055247445941030
0.208802044266006
0.200362123197501
-0.819169838741314
0.036986756003875
-0.443639928169846
1.624381173987739
0.380939510680623
0.682435460092922
1.229561339114421
-1.110696724207845
0.265504642846705
-1.793712330790606
-1.245717882785719
-1.478205622468108
-0.209619713723881
-0.129469302363997
-0.788555904391377
0.536861852141135
0.348833151927870
2.439871123339379
2.461823887163257
1.215331050872767
-0.530803985417361
-0.283492104434546
0.825481637153268
-0.023510530988163
-0.250018526304142
-2.404018138774618
0.760622741183347
-0.403700388878620
-1.442280200450736
0.108332455314882
0.743470876341762
2.104814893089065
2.245158191836618
-0.205331377591342
1.626699518058303
-0.105763906620638
0.345109341183564
-0.269781756184147
0.103396834581617
0.628448710704490
-1.497106455759663
0.054777961997792
0.768113164391760
0.189145289118084
-0.025989225891096
1.128643426811334
1.708202451268780
2.418349217719379
0.604899615017367
1.968395022776723
1.287215047054748
3.229985200121486
1.418171938887182
0.395318067753810
-0.131338205428719
0.666073070751606
0.162901700844793
-0.046271936903235
-0.960551610348855
-1.303012499690079
-0.827461379671979
-1.523091087064513
0.178692067639416
1.084833533140146
0.042613626288899
0.905450440095047
2.488569118286151
0.396961549448377
0.272673506232050
-0.544310675553835
0.760934859708491
-1.014290447127142
0.982963074015356
-0.246031253131549
-1.674192872072545
-2.464706716257703
-1.553414137062318
-2.377528893298806
-2.154130271160179
-0.728849113693925
0.358652575127128
0.442175080295202
0.399440625811937
1.262434269564924
-0.295991391862357
1.437625586594147
1.129756461611453
0.960312889015621
-1.131032010836686
1.793324134175829
-0.995709023137819
-0.585636496448314
-0.925890617323745
0.946080376514751
-0.371119487663478
-0.273613482713321
2.134473129338782
1.161865145754955
1.825505450241852
0.747433787272479
1.924629475718102
0.119685357721153
0.362378686176860
1.049238239085341
-0.150851574548372
0.216190895315051
-0.018221329772662
-0.508727758381736
0.995762413412535
0.114524669862083
1.529088286530895
1.645457452273664
0.774355810241270
-1.528891605748597
0.617542847723967
0.616893441463229
1.173829082749645
0.340909338958454
1.045895315309018
-0.359170110616322
0.561644282932321
0.646059058670301
0.368268158660287
-0.193733593810956
0.748143503726626
-0.736554926291949
0.490855542663582
-0.160557723312565
-0.793654137282083
-0.074925262415572
-0.031041990438040
1.282138844516711
2.222758561668395
0.366660451945959
1.306260861654921
1.369383386709371
-1.830860463977193
-1.533094263639228
-0.041077933451757
-2.209398057101250
-2.329621025652829
-2.178295380969756
-1.081996255238490
-0.870701937980893
-0.704257868073964
-0.575330835456799
0.051736785254957
2.740789259678005
1.791449561306213
1.047065521961724
2.050645631103408
0.630775691329685
1.252328588474946
0.242339375046176
-1.485493735660154
-1.921397106896586
-1.960031594458812
0.220341395913381
-0.826269346974548
-0.969780726710855
0.404787497163711
0.383218979936202
-0.889584520751623
1.146054896948643
0.437792368763528
0.711363489914696
-0.038918851405623
1.622602074074806
1.528948276150040
1.774144791274770
0.932987306135165
0.353279921754770
-0.201054095579985
-0.662888629106884
-3.370924121513621
-1.519242421661176
-1.782580939070265
-0.945152948332186
-1.177345340112666
0.111080516056423
-0.258741897856135
0.130718519571665
2.255710734461379
1.187151662213512
2.966332071705506
2.576342784937271
0.882011406872666
1.753340396767940
2.339818066166468
2.002446702651234
1.751600910517471
0.170950547881912
-1.240866816431968
-1.319586096194737
-1.337612121454337
-0.865947350436985
-2.164186585120271
0.643331195588708
-0.650697598395547
0.029209134926314
-0.763696663624695
1.501207244647912
1.983121650534018
1.660380497507012
1.955747305490078
1.435845550814414
1.229511394845325
0.655743459407763
-0.835176566268961
-0.244271410458390
-1.514177187864014
-2.696608155630685
-1.484596074619540
-3.462178041439432
-1.192201940520891
-0.803244824019437
0.840083148814305
-0.582907343852284
2.163361674388733
-0.131340015113008
1.090186611786352
0.193586503443937
0.897563195489123
1.175754739336083
-0.516213583934311
-0.820328727657944
0.303001059223677
-0.532054852883975
-2.177035270655360
-1.625599958605338
-2.204237910792430
-1.097212143394316
-0.440050722022853
-0.268250772318514
-0.191702389626373
1.154306140564060
0.909435597216885
0.754500906725969
0.749239453039253
3.082237739674855
-0.426194498635775
-0.372362810797746
2.301917799388721
0.724512168747379
-0.685387516078572
-0.241775414272125
-1.610179684042927
-0.413425699181626
-0.775937904949360
1.247702737829849
-0.190833827018602
0.194455499391264
0.733230361438837
-0.332290505419343
0.154261429758653
2.359839874672491
2.212480773182854
2.952628872883180
-0.437906289207757
3.723645965057880
0.123481313074553
1.544187888636105
1.242097148432783
-2.057319810327169
-0.737646208324799
-1.535018653485358
-1.352704578037667
-1.390944461273582
-0.564905454088176
0.201996913706042
-2.313696274686066
0.791589384037813
2.768160552809789
1.104447199511177
1.405513197187675
1.262881056238943
0.113264267967975
0.000487549749812
-0.146218695376999
-0.329976914004832
-0.788343958153094
-2.287539192997518
0.185211832073742
-2.604009019216409
-1.817075323515795
-0.002574265119184
0.825003908063320
-0.313430848468337
0.045330698987806
0.454993593701339
0.745774379690732
-0.796220781970355
1.323283631086628
0.556194599429466
0.798333272836383
-1.714989358616440
1.028870261716885
0.036922987921588
-0.533830046254278
-1.021258340630602
-1.200240137452314
-1.780269531397972
-0.507912762039491
-0.702436628353386
-0.503334218579465
0.710605134732496
-1.147372046105837
1.740552487423211
-0.120157729431225
0.593597415233033
1.326258759392592
0.698601580036467
0.809054167122640
0.642321858263414
1.109491831628936
-0.100953764599485
0.608674613918494
-1.303495256815250
0.412310662122551
0.506606722327252
0.586532952797576
-0.274495128685581
0.088842562353998
-0.041957127158229
-0.116957627095345
1.157250382267233
0.414764173385995
1.233176512685803
2.213362001716337
1.663980293991525
0.210518175721311
1.650349239216815
-0.997513220278294
0.697982174841918
-0.582939398951269
0.735523062307138
-1.339397332883210
0.051992830779785
-0.548516842522735
-0.377407402115067
0.021087515844148
-0.548943033814839
0.566064588495793
2.179871521039844
0.218353603964400
1.883930855605888
-0.712194842550172
1.513896507146290
0.645617855350151
-0.975080999588864
-0.542746588323976
-0.781918290724716
-0.941072191717067
-1.411901809872133
-1.908529325492781
0.527486388477314
0.980874609043739
1.749990852608840
0.255912733888014
2.439672765420716
1.765700235794720
1.663157213590852
1.612795515087119
1.100510327269283
-0.367566516426540
-1.047138875442281
0.736391303077583
0.164150476329090
-1.293567168694409
-1.343289204679511
-0.241153337948848
-2.042779825438902
-1.739818055644005
0.486007953696474
-0.526067018566520
1.128463017868052
1.560310942143683
0.211763452296311
0.362083410007251
1.889917001243769
0.718482674480487
0.403201138368686
0.510198865465468
-0.113331757317493
-0.246509489001232
0.716110016448419
-1.232729683895077
0.837309687044728
-1.621981730785578
1.130960517768212
0.201741714729319
1.657548312485823
0.353213473223635
0.221453335902822
0.423814238194110
1.486839636419995
1.542177949340086
1.996586806344572
0.249940415745721
0.868703972200086
-0.134594599667395
-0.066367567248972
0.045558151231816
-1.557513717967300
-0.176583836907324
-1.833830982450933
-0.053229771109597
-0.296425553496828
1.506282248748598
0.524687790504070
1.698132516879727
-0.182921286356734
0.117606522449073
0.399672511134482
-0.268824102475880
0.763105276941442
1.527911360325516
-0.719037529757789
1.631280592430874
-0.801764016897367
-0.361007729545391
-0.075733730144965
-0.067848730633130
0.512421282896323
1.179862848201829
0.808156088425185
3.003814320414971
1.324954011252986
1.871928959621779
-1.825426589498569
0.944739048466013
-0.153117373870121
0.614683758994006
-1.218833244762014
1.329527756587474
-1.139490768362281
0.302738027000285
0.151818300809860
-0.065689476249223
-0.869035458239555
-1.213982234456665
-0.721084682242859
0.440076771491475
-0.552781840966252
0.656930383923633
-0.638227762888216
0.439697008053170
1.710433647055907
1.652416252701626
2.617441200648189
1.485314849302818
2.508829905026432
-0.329161104768454
0.909443088602027
1.291299650588061
1.159928523959561
-0.049012837124899
-0.773058094958556
0.837919572435800
-1.647913368304950
0.514612334758895
1.549504733744953
1.243055937612233
2.222402282319186
-0.484662147515337
0.552348684023280
0.813141918990968
1.191288757664908
0.798030267695568
0.369614339738687
0.258896830339745
-2.298421304183309
-0.517669967750348
0.119844137508936
0.133578257748653
0.229007676975126
-0.796200266387024
0.703828444178112
-0.547142395204291
1.801931276166495
1.165126833434683
1.907982600700897
-0.614502383321700
0.314817881060421
-0.145780478804101
-0.074545122661053
-0.873679824489943
-0.099014670022356
-0.659686316707737
-0.063556017576438
-1.152747790217788
-1.330475713574481
0.184095173640512
1.789335648920515
0.434795491429684
0.492933090744544
0.547697051375942
0.970908003460085
-0.151489087936250
-0.371190510483586
-1.700189077563977
-1.238635190972933
-0.890742837704323
-2.831768457101758
-1.925133443789249
-0.248046416604615
-0.335027161692439
-1.756750189841495
-0.462378411857386
1.407035040953447
0.298279302834362
-0.548876098967159
1.134688197552543
1.184283353078909
0.597795330255987
0.574404390480520
-1.306112122589749
-0.818983519603841
-2.074247818995374
-1.064766907797930
-0.433136403138130
-0.787903328776587
-0.321851737232044
-0.365913409180876
-0.337063127799582
0.314353809431151
1.746110839378025
1.201353525440312
0.365053960233111
2.684692471725616
2.416996482487090
1.219100519332330
-0.014474409403367
1.797168920575738
0.444503956655346
-0.967980815259114
-0.343669475906045
-0.242331435182992
-1.396721840667984
-2.226109499016952
-1.716433328864198
-0.353386465822981
1.464949943809777
-0.193144328437707
2.030259444878036
-0.139023796904398
-0.455030362985719
1.546953438937427
-0.163299853007244
1.961186048443410
1.238787640478762
1.334937864680242
0.557194478485423
0.314757944878484
-0.785707368942865
0.935856145783416
-0.899943552147021
-2.331916060152326
-1.158493565053649
-1.381232913897761
0.635636028518965
-1.571435212841322
-0.044090444379277
1.967720480167639
1.213431769644776
0.746660454587074
2.835696751950077
0.395177424886903
0.208453163368463
-1.186824362265250
-0.667544690967538
-1.152633377905079
-0.555171188808802
-1.348290788431286
-0.737331979932116
0.130495373359561
-1.707094318709127
-1.010742947583251
0.893580841326644
0.227957261250410
-0.618662533582716
2.752852130269142
0.185964147199440
0.392381983574020
0.446259659127460
0.252827005718273
-0.575186994907464
0.728664416150282
1.089576241280444
0.291399993224254
-0.166679292650504
0.380951274104482
0.753861109205716
0.123894901781375
0.811944744248206
-0.006503950676541
-0.155414297645976
0.841296448481120
0.334639477425437
0.188531080882729
-0.498631695891573
0.729669607600079
2.053002405180282
-0.596448619219775
2.332206258662068
0.185066792491078
0.070046212343493
1.315398270092668
1.766445365968505
-0.386156912341332
0.388802330888266
-0.336031118726997
0.142835794995853
1.327049104037040
0.305729830574076
-0.603453303671586
0.120858284400791
0.127545718424035
-0.878012204849847
1.066430382668974
0.513938037235609
1.610081396619659
3.174667647101417
1.454810581263792
2.517497945268203
0.387792675371650
0.511251217738113
0.832900292894983
0.442178830260540
-0.646459100500966
-0.844564751071858
-2.265478892189175
-0.197409499094285
-0.341786627924825
-0.379178348307802
-0.093886190491437
0.849132395084048
0.016013218349549
2.040101226799353
0.593002908303555
1.195748896770487
0.490673548396517
2.039074457583409
-0.252839340740038
-0.734453186614192
-1.075431621144014
-1.475765973014169
-0.488288937613250
-1.240467580702191
-1.031707666370657
-0.691396462179726
-0.159348205842636
0.109661868487479
2.829979154413775
2.010156993757508
1.052995983019067
3.107717319783941
0.232248034488113
1.413858285908327
0.558187594452955
0.773340391183855
-0.109824492537958
-0.351307908674101
-0.888703254163023
-1.084457560387663
-0.592267107927575
-1.728345144651885
0.972561182364179
-0.955231275808399
0.320935338898047
0.336129730310334
0.235352846526991
0.295017554850268
2.185840419388173
0.966092324728761
1.035664520408387
0.891765834505063
-0.554083259391097
-0.178962284027448
0.222638608315747
1.345725298960208
0.204791731446624
0.971056179800447
-1.345905603395462
-1.791392296968668
0.336299561498946
-1.176342349696595
-0.598270245786471
1.400362189371515
2.212318934417820
0.768554345550597
1.393508558246511
1.194119880977865
0.394373423645303
1.620276534298879
3.246501455388783
-0.137976530784466
1.499682157084896
0.297248017311396
-0.913000744790182
0.297923048081779
1.067995930795380
-2.079128902690705
-1.726681182586741
-2.685780395728435
0.515876739834407
-0.328450952604453
-0.744288105777488
1.273680924332794
0.866433360447630
1.453450857480532
0.947743712561416
0.792206499721798
-0.801109856348330
-1.182249545830987
0.112758271837523
-0.906291998951994
-0.560599815242079
-0.073541873948691
0.133425398987984
0.510408817830104
1.259754327558563
-0.606475288053060
0.810250361171949
0.276930488675238
0.270200155159766
1.137862699645211
1.595657354793846
1.123622183279442
-1.623296913723516
-0.047819537984923
1.163890083717020
0.178342558697998
-0.274979672512983
0.428300410881459
-0.662963754129244
0.205174435686450
0.333312665440470
0.879429499758466
-0.777033781932551
0.047234263717455
-1.406781428411747
-0.584914123168807
1.278925454104334
-0.198334683782883
-2.781034536922404
0.826399123214589
-1.942455558769559
0.691236418288847
-0.712835413506759
-0.599901652194245
0.983441398176965
0.723794333550864
-1.157987136177726
1.923920866335370
-0.068893479002647
0.770888096774407
0.260600911421290
-0.112991158373031
1.952344642911753
0.177101898675083
-0.294722654871914
-1.610197168309929
-2.948294263617482
-1.382402931921791
0.496941098303872
1.617817088115059
-0.232941294768750
0.424280732136725
0.550479003832996
-0.553370847466440
-0.063991581511143
1.163694016069940
1.223007841292266
0.905664936613570
-0.861262729847558
-1.179045935562941
-0.404484208591597
-1.711600452976665
-1.744472124483499
-1.854861735699048
-0.173708226861915
0.095625238352922
-0.515859061242828
1.208826747324750
-0.751738091993648
0.808358682263291
1.095740671302392
0.005768837034189
1.151966498925714
2.234348664952855
1.820597398338214
1.112141666622952
-0.599823517491140
-0.559907931841245
-0.466735725352363
1.246214933410984
-2.267098437584055
-0.635504849800378
-0.938034370662295
-1.147097632594378
0.783739871796573
1.820860616405541
-0.958835925944900
0.612785261536984
2.167293083309699
0.928569852305432
2.158229695906709
1.721512969446955
-0.198438507024507
0.618266689038284
0.109456492769725
-0.677529916501317
1.689839117592315
-2.649299082404414
-0.984933504154339
-1.767004046136287
-0.830880815487979
-0.226360852662102
0.754417016052915
0.022686622541807
0.564046517658509
-0.811526374002653
1.816867197029245
1.371732636217365
1.708249646861855
2.134637664344389
2.055170059368313
0.505783990584558
-0.614029317814610
0.660701762349702
-0.487227581858649
0.051667381960553
-0.460209938362473
-2.196982027671674
-2.579486918195268
-2.469283100348594
-0.911317000355671
0.154048728799744
-0.516053179398055
1.214508083816026
0.729907999035162
1.747763381881432
2.249900910942971
1.528725440321519
-0.424098081671949
0.077459296158975
1.155529371506742
-0.012107268309941
-2.282858221812984
-1.472396113746310
-0.918185444533517
-2.541754538352248
-0.476929193963464
-0.853617207595215
-0.484919905024738
0.605728096313156
0.432560942446826
2.075034038107527
-0.640901237457936
1.746891567276116
0.810242984121224
0.849851773549599
2.033166453104491
0.571905818675155
1.155400274546670
0.720671795925312
-1.098862022919303
-0.576801477503429
0.277932649157087
-1.462761584111617
-0.450201553113754
-1.790509467180600
1.033581584329197
0.501614168855832
-0.563271482788569
0.467496547532218
-0.687209258652217
-0.656695937048993
0.621283634536442
0.138307451252702
0.479466970844761
0.581234924299302
-1.120449859758380
-0.010011360366716
-0.640332378634806
-0.203355840221665
-0.265102980925302
-0.459659053045700
-1.687670714306696
0.119037839489153
-0.029895828649212
0.252774133927468
-0.485246972816303
0.176160327318881
-0.413244060079711
1.578391771288358
-0.524912030404670
2.327295253786183
1.317690255531061
-0.553626435670907
0.669000367962952
0.114888602418720
-0.489244973221928
0.679882775674612
-1.436693629598218
-0.491715966643313
0.621608989768345
-0.445404950593860
2.102111337228083
-1.117696698964023
-1.225123572767110
-0.048565904595183
1.046782450560331
0.036704795075115
0.833721853280742
1.238647357690356
-0.966174286546394
0.140637639022929
-0.794989365456830
0.805058934476853
-0.553308473652547
-0.832290624151987
-0.411623991124821
0.429083338539987
-0.300595731379318
-0.020249170849438
1.251009117718346
1.072308552981724
-0.088943979422992
-0.504483718850812
-0.668701410482504
1.891624848077372
-0.222085992267933
-1.564514040635429
-0.051069479031447
0.523954717341852
0.712876668353845
1.668284716099580
-0.285604334710615
-1.160729600113340
0.572458886060138
0.177470225586517
-0.641116178794067
0.433090788699467
-0.841225557849058
0.070587731949486
0.348596406038696
0.157020724265924
0.349740795821371
1.265284382595318
2.496356970918391
0.026560254497495
-0.965528139816667
-0.428949574947374
0.799792409812821
2.606090337140031
1.530527268629729
-2.015561132597622
-0.167900678929732
-0.261673295188426
0.887927592425594
-0.415974540966925
-0.823111576673637
0.001508910734799
-1.164133001127111
-0.688010114618199
0.286440249053604
0.440787596072884
0.158198513210275
1.087609254397083
1.408058539249754
2.857116943765485
1.766472129349765
0.203907327565939
0.074087853176240
-0.015950219811684
-0.316896083265422
0.185040319483481
-2.860058023811593
-2.021930544682112
-1.173989814319812
-1.718009625337043
0.881117933346445
-1.602215975174704
0.791528711454798
1.603043437464887
1.830765986955541
1.039964932496534
1.570874110291708
3.179247852152059
2.475711042585144
1.317996238921598
1.630333577207399
0.473137328464454
-1.120980993142616
-0.953535911150648
-0.597733398734861
-1.245132723699014
-0.518273908341253
-0.520198421429623
0.507709619970362
1.278508490291708
0.707439535091939
1.362309432773328
1.884789173246918
2.527638316634857
1.458445522918618
1.555168437239001
-0.459590459880533
-0.289073060050577
-0.407809771945933
-1.120744576789754
-1.443969386063934
-1.361044874495214
-0.740543926865031
-2.203556256007919
-0.447918174197476
1.473175904520037
-0.009371331163349
-1.507873342104346
0.376511431817219
0.346971811305303
2.181267271216792
0.866272647246584
1.407574399764612
1.127702198350743
-1.930384239048720
0.676750854379356
0.174790949392887
-0.670742133017593
-0.567957033547172
-0.195387160242590
-2.351822987724455
-2.087816592562261
-0.010440732146972
-0.454550616555869
-1.084488220551964
0.542983884597603
-0.493802975350238
-0.171928991594370
2.104604831154886
0.816736853338418
1.094660063753226
1.234335721797299
-1.461339595943892
0.025962994854954
-1.053650421017072
-0.790876837631775
-2.270123624226917
0.020244586784066
-0.196197487548271
1.228657671121452
2.610769727834571
0.328807239700049
0.322038798955439
2.042717551625025
1.345951539662280
0.215199853464037
1.020845044261057
0.707595570745705
0.180718167433822
1.017332564574870
-0.026554607362493
0.587043610875884
0.256857824251732
0.279821796595216
0.538405664877696
-0.704222762862582
-0.366985227229869
0.715414541091320
-0.994564472490255
0.418266303812698
0.011080733816325
-0.341970356287981
1.252237368528422
0.437003205505218
-0.546876839458513
-0.627274336885224
-0.968166866149424
-1.226684478333965
0.632666587039532
1.131543583565515
1.430383245950487
0.220447315186380
1.012109952944912
0.837752293529522
-0.195472402239807
0.018481630960043
1.390687741630158
-0.284347381780759
-1.958309181548832
0.292604273324602
-0.857455805034433
-1.762106027506708
-2.363929989774387
-1.262997421759929
-1.680487070504038
-1.434894750255260
-1.343236999822409
-1.452115478305045
-0.497476458950996
0.072089601218714
-0.317210275174879
0.433660494730293
0.614849404598360
0.638810050001386
2.039256537370286
1.106914926790645
-2.286585312064560
-0.126862687246958
-1.109793777629165
0.315137258842002
0.069460305570926
-2.862601543801397
-2.789599790137070
-1.186327949234012
-1.784687084883516
-0.489884976931488
-0.331894405131440
0.294196437318081
0.632866434079991
-0.941460764243316
2.912462371282156
0.437946309829403
1.535191937436432
1.461800715629799
-0.865038726537769
-0.243311308037988
-1.654743678526212
-1.773839287647533
-0.973276674142900
-0.940134998103279
-0.656978828279696
-1.399468459086489
0.654307489414580
-0.666638883779177
-0.157117165474254
0.624634574554424
2.407147279609167
1.458165884004764
0.961586058173321
-0.057796548520733
1.289027460469014
0.129438187561598
-1.482750679109811
-1.181325796951072
-1.463607381871809
-2.359868237372697
-0.986685009891742
-0.705828900122475
1.269556624877266
0.994407560731021
0.317840263373001
2.144806138650134
1.494057216092541
2.571524095470805
0.265653125864695
-0.248149804079462
1.416471204012611
-0.806997521844443
-1.618326948934780
0.132830675837793
-1.854177050501050
-1.189582206410070
1.810845864485700
0.767927560270009
-1.205256681436877
2.418133985937986
0.069184130304016
1.142210769461127
0.428532343835065
-0.664400707983315
-1.478654948261491
-0.681858154289517
-0.601810198636293
-1.102115484882003
-0.365814990586047
-0.816424108875638
-2.377378693665945
-0.093403148353903
0.711209997151882
1.044451706033576
1.708646507045239
0.368781629348675
0.251477388231243
2.051298828201246
1.662785526703335
-1.205660667327779
-0.660763565765686
-1.272053470615987
-2.189425062723728
-2.223375207671762
-0.379478891491424
-0.858909103789269
-1.648130786403097
0.782703360350563
1.080992170216951
2.218103502076963
1.748875850281488
1.788991189359519
2.303174691237924
0.704658308149170
1.367553427466595
0.933828946813429
-0.746018290264443
-0.562430569227321
-0.911719667674169
-0.668552522346721
-1.530135507275320
-0.103243627676539
-0.330603451313797
-0.133273100884416
0.562941370328989
1.222512006675572
1.300398857477906
2.101709683486000
2.180292710469453
0.767158359494768
0.763563986550476
2.014603717569118
-0.110926580803771
2.171091686955494
0.457972150508123
-1.297687682805877
-2.191527477086315
-0.663804308630099
0.087512315230386
-0.072828348038962
-0.877302638823061
1.171718370191048
0.858975542527516
1.526981571614643
1.664515458159405
2.238967246672932
1.174962485869051
0.410405548205422
0.100625179045523
-1.600563141753796
0.871404144099594
0.498730622686140
1.542753915872808
0.080877876528496
0.512347852464796
-1.455990913609005
-1.500275625093812
-0.386518361802712
-0.472591227333260
-0.161334865959107
-0.418893709971029
0.086079510146946
-0.693253849426584
-0.812240834269885
0.076209250924990
1.179184108225266
-0.263339716017263
1.660208068157851
1.579337489507364
0.766145053501011
0.884530921080843
0.339058958034065
-1.933089764258457
-0.321417778183815
0.041059195063651
-1.559942263275860
-0.218154719653878
0.341450926291678
-0.843553729495624
-1.071704531178999
-0.127656054550511
0.116674925651555
1.013026530853116
-0.638836818312577
1.552317405063407
0.054529272053843
-0.525586838073037
1.045715046675490
-1.086385111554581
-1.286385103121023
-1.200128247542946
-1.484129642265936
-1.526273152114376
-0.861209534617823
-0.567142210843312
-1.138593885150638
-0.894040651021551
0.331353738423944
-1.255614258559308
0.423414276196566
1.113628621811042
1.104135805521577
0.849557522295813
0.007326441210783
2.807919692222444
-0.246580847096142
1.623647905391246
1.447535643983042
0.557109907415475
1.174908366066237
1.001442768751457
1.352616903290708
2.090944731225039
1.026616240500430
0.811553838527079
1.450866412108683
-0.880906988784635
-1.027753634512454
-0.741865566386170
-1.120010108646881
0.793247175419516
-0.827446494725268
1.001374596729045
1.559099698620260
1.512351371361488
-0.369291647324711
1.212050793779502
2.122342986469893
1.395535067469643
1.103749234704848
-1.205679630000604
-0.362635578537924
-1.509693437879884
-1.513998027326251
-1.448716267867173
0.549776729130771
-0.050209437468449
-0.125464609675697
-1.948458105122468
1.480490441023168
0.848337611615694
0.255592112441132
2.925303103681371
1.190097451388044
0.243873659273303
2.419389254525470
-0.410345647452012
-0.370655781657328
0.363652556618284
-1.431022370588839
-0.750295830919734
-0.225759650456468
0.474108040356956
-0.956718811796646
0.979137031849573
-0.110243442991897
-0.272242651816358
0.680955676471647
1.254078393831424
0.474350330527468
0.845904901594539
1.353038079618535
-0.526410233273410
0.188404074753936
0.108031101615590
0.892637317494716
0.677286628727072
0.932909792432984
-0.150474602310060
-0.602610154548161
-0.321805985892995
-1.400232046867315
-0.949058969166971
-0.509931659044443
0.935047387170456
-0.639405430137154
1.050495108701941
1.619338791888338
1.658349058148234
1.276265484396170
0.359938911261484
0.841790925557451
0.059109027442208
1.060290268649173
0.946287032501319
-0.252203066777804
0.551686364175024
-0.721532272654214
-0.975616252244444
-1.734848686167412
0.300134218636006
1.189783918374226
-0.283892022235265
1.494448569780239
0.724309060680260
1.091517994509392
0.966588736587490
1.412274215919217
2.044083138787666
2.399584806100257
-0.159887461815340
0.412609922685923
-1.408563311131016
-1.783850815471543
-0.646348258687209
-0.652249761667724
-1.867037569967996
-0.685574174354122
-0.589088707915896
-0.880782035874109
0.211278983122665
1.185599853695513
1.603825125247433
0.131110860652910
0.231086185044461
-1.720416203045856
-0.121460030830856
-1.443185302204895
-0.392859296269293
-1.289991546953716
1.698352312215648
-2.827578892024290
-1.668576124031806
-0.602690148323442
-0.441622460877092
-1.822611344579117
-0.914984035563217
-1.026254923758930
0.607630706533574
0.369963251131192
0.346859030125632
-0.160540097424102
0.765390310230723
1.035757742068789
0.053747151210596
0.596945292921278
-1.395306773054988
0.182238211414898
0.217681060213544
-1.325262510946740
-0.876446029355845
1.511951273559856
-1.329606978730831
1.175808168725711
1.093507427903742
2.787219671957944
0.725736433058611
1.619557128869127
-0.766183676987192
0.120802114128288
-0.575857485490003
-2.014762804225947
-0.989775013495066
-2.196615223538518
-1.573089603447672
-1.957948808075112
-1.345621442606494
-1.736644152995414
-1.968027381690428
1.180978155261306
-0.240632262065897
1.503707189063140
2.637153522957057
-0.041524088582930
1.749925820815592
2.229748817032978
2.376529602196531
1.099614085748397
1.908399344720817
-1.298267338463599
-1.570739443760936
-1.982634437547966
-1.642612695341598
-2.340279698297857
-0.156630421063014
-2.403790467542775
1.079900016506962
-0.336204238948515
0.307202414672954
0.337533963156217
-0.399984644011882
1.228466513825428
2.578927472726575
-0.292430743796723
-0.334077984493992
-0.496126457120226
-1.442457107755569
0.553422616900458
-0.176439266837111
-1.525298912681969
-0.959526192344824
-1.331834800933877
-0.517947771613618
-1.766530081856153
-0.438995958737947
1.017436977421759
-0.615999844869220
0.639149870958707
0.491669122036882
0.617701058990127
1.385683614611979
2.256353632828122
1.472706514579516
-0.186369618653135
-0.982292353226457
-2.393373816289437
-1.191147244254859
-0.214632984751036
-0.836567192855939
-0.550706152599009
0.176162067426435
-1.519963301773881
1.436359104672550
3.457260844240514
0.630710263553225
0.152740151836589
3.138495955328511
-0.031281058843817
-1.597532955541410
-1.127032423593255
-1.406697881412737
-1.355593594614952
-1.856670107843180
-0.098449526935324
-0.886019391083530
-2.123984255342826
1.515260572468315
0.012143411061700
1.177321209988845
2.232518222238314
0.117978020056234
1.669877910215904
0.292159096675646
0.971099958037795
0.643510428070751
0.401343219904446
-0.205249270540441
-0.665213186071316
0.029500486663724
-1.994968524610402
0.439888641136717
0.223723205924204
0.172141713359090
2.708224005157795
2.035895053927257
0.137757258165869
1.722767145033730
0.282763039104153
0.237692260199060
0.854503354827377
-0.424770863032729
-2.243763603433455
-1.571113642697855
-1.897803936258864
-2.910283533596556
-0.254826943510227
-1.270307778372680
-0.945971812333624
-0.352719644699882
0.785224188170201
0.876526893084399
2.055026968680416
2.030336640391933
0.135884468914678
1.628448851310860
0.254194288663235
0.903491202130906
-0.201012702375962
-0.314159999658703
-1.325774857171281
-1.155667866567041
0.529953805498105
-0.822750285681266
-0.589223051709373
0.522320133251201
-1.058907289877046
0.199124610359332
-0.032204555101739
1.981585159743727
1.827821115996370
1.405278935923014
1.241814761151520
1.256402231141226
0.649724872111486
0.804589332994603
0.079087731368109
0.476627375464520
-0.451662921285839
-3.556189977988109
-2.306780795810657
-2.694224324537276
-3.684756567067089
-0.952515186642762
-0.416956129371488
-0.065811792836439
0.919154431156898
1.147723876420017
0.347444062260932
2.099757472518650
1.440376234609971
-0.085662977840389
1.240485855869569
-0.070058295994458
1.303917565000350
1.310451891271910
-1.653142048430842
-1.808625109020011
-0.149028490335440
-0.200511726711173
-1.244330414460406
-0.438551253854235
-0.765706800032256
0.649554616926546
1.721314448510497
1.871767127337501
1.846413398494186
0.277116390303370
3.680942821598968
0.347031761802321
-0.297450638142955
0.051044889409787
-2.144875780178348
-0.711977356890288
-0.927475231179218
-1.421855827958562
-2.206934071941023
-2.915677764993966
-4.027905195270051
-2.191739230977078
-1.420486710140603
-0.511240912793475
-0.133486364218354
-0.333363186375537
-0.038386431045409
0.738656199887836
0.622298983629836
0.992033973395523
1.909106344309629
1.428944151121754
1.950114594799888
1.578740086974173
0.792365241082078
0.287495903006896
-0.675325813513084
-1.534611055694890
-1.542587370124219
-0.588781836339023
-0.479393148907063
-0.795654208453640
0.454598069792379
0.107031532424029
0.398275562542199
-0.271730627852724
2.348407515050668
2.185889127112565
1.164224025544528
2.562513214590548
2.178075142808206
2.359435235922737
0.400162114478389
2.046786176536397
1.116778879899902
-0.716851129381059
0.379860607156727
-0.171232466991919
-2.090628884305276
-1.331072025722345
-2.926716505079399
0.988754630900903
-1.794291601095948
0.634652522048842
2.182037243579499
2.410362738615071
2.166977809632437
1.904791699070347
1.026977943170103
2.318833995869389
2.156919499193199
1.134639391448821
0.567355279738612
-2.057226034621414
-3.611634672230881
-1.522427956734390
-2.862322404150150
-1.871861450314875
-1.748112461983744
-0.957311069870679
-1.497379871950331
-0.802757520277011
-0.568270995250541
0.206242636188021
1.174172958880673
0.857541470945423
-0.028278549998838
2.074486692041561
1.345002688328965
-0.436694811109321
1.172904459886765
-0.456930528771089
-1.704625457107472
-1.990567484984089
-0.880506602389865
-2.894016116097349
-0.076956358157429
-1.501698706406759
-1.748477029391575
-0.827435294613965
1.130912695595017
0.733484728308568
1.991375191917345
2.741311410930053
1.467356171535512
2.359043341953378
1.989830237630843
0.190081175511983
-1.332384192284336
-2.266888026322665
-2.992081248788677
-0.688641190453938
-2.876845368183229
-3.222308685928727
-1.891406715422905
-0.730275382232451
-0.348147671154085
-0.602725613439215
1.734593499301028
1.888215738524287
2.180285781664630
2.601642346482525
0.742276064743941
0.941665580905471
1.838237193334239
2.041313166595852
0.322953757855256
0.465764814507924
-1.273997619867188
-1.732919409673698
-0.972993864027547
-0.117955029744086
-2.486111733443604
0.946241028746455
0.568206764814719
1.411894310988558
2.612446548251695
2.066903256616497
0.144811806143940
1.509459490051006
4.125264226176201
2.435393282792257
-0.215504480975927
-0.856950354700173
0.948384137162378
-1.896773802006888
0.247414825952648
-1.479844298433753
-2.086373090269714
-2.069218510262476
-0.761148788375013
0.492003955905692
-1.083169155230631
0.033789981994808
0.476066405151344
1.447993088382519
0.589900229065642
1.984037895889452
2.265087814462480
2.363052039890532
0.647020473963617
0.549106765647032
-0.114857556710814
-0.706505268337616
-1.493357087629334
-3.198387203737478
-1.384079161703906
-0.986416902540557
-1.566485020006436
-0.860116031684039
-0.660891776116909
-0.638255791750632
1.052102490901557
3.048453042034132
0.995903381512197
-0.257385120754754
1.867781262804518
1.727679985843400
0.587056268172752
1.671426595310258
-0.469231793469239
-0.481560959401627
-2.766889054442642
-1.144423785078195
-0.748537181276804
-1.459659231866244
-0.047915332217656
-0.668054608136358
-0.985217737175623
0.140422310900131
1.743004999641848
1.375289288197398
2.834984109969310
0.977363712680337
1.080935025441046
0.896833968056798
1.084085158542548
1.237016479010128
-1.017336094780092
0.466135231100548
-1.494115152537805
0.545775276492168
0.534315540180259
0.343434014437624
-0.471902336104791
1.364695454491397
0.672282565377259
1.181697998689105
0.286612586413152
1.127219081576971
0.639949705798888
1.369033894515204
-0.505432643137308
-0.237617525765667
-0.889615300951768
-0.328627432063345
-0.213437204867490
-0.504072444483854
-1.243323503747164
-0.088663220991954
-0.576936198817624
-0.898217593440649
0.306133571055459
0.020954002402525
-1.688031875364233
0.545755432857560
0.606053611643159
-0.450739590345932
0.187796687087500
0.620838127399760
-0.976101772549178
0.043967557677606
0.136273084093725
1.889976862252025
0.842664760539954
-0.223972033924969
-0.473070314682725
0.230417421338291
1.362511477901708
0.563934532703203
-0.736616090103248
-1.696031920293856
-2.722439829395813
-3.197077908867292
0.579912343726876
0.134399655964595
-1.076052522876809
-0.899457317184035
0.280763236479299
1.108241015457116
0.078792686957644
0.632135081653484
1.237360086914024
0.581194232353672
-1.507793038610012
-0.574542588163866
0.139067944609838
1.480125079021346
2.845887315863462
0.063568755271498
-0.096664938217330
-1.113431339802974
-1.401984831662824
1.043861679975366
1.082815300881072
1.916665424906335
0.572679120861664
1.472259001981300
1.282907848684509
0.681698011685982
-0.378186143267761
-0.491721681123999
0.138853112617687
-0.034869905689310
1.201602656585971
1.652308944616432
0.067830012889576
0.900315914175044
-1.334182428916288
0.702821316660890
-1.356040152001820
-0.970586882487499
-0.897062819578563
-0.171836913640423
-0.279401353605332
0.194023175412644
0.333691123260523
0.887112294448193
1.509929845466189
0.737416766329959
1.390169975972517
0.770394095674229
2.294685854211150
0.360531349063620
-1.543513698849213
-1.032703468155235
0.327721990668633
0.231341493480787
-0.186291359993193
-2.657554700979587
-2.191337136968371
1.058534843885449
-0.074352705512217
-0.888003476857483
0.995668724839137
-0.633129082430841
1.216514044324378
2.539100662983056
2.157629524369872
0.979660952167695
0.796007184964793
-0.592581605350690
1.190840895918534
-0.002246498426533
-0.813774918412045
-1.035553661881450
-1.538139576454674
-2.009686901204836
-1.432961434638597
-2.261200672514061
-2.914290417039302
-0.051703664424351
-1.718705686039207
1.217297571657645
0.610471466738832
2.243047200428572
1.361178804220308
1.854437122866928
0.629252952028617
0.869355180420904
1.335139387443720
0.828968607780241
-0.212726307052611
-0.818128495946118
-0.833243493268916
-1.843445312571897
-1.786165485245540
-0.895471251422302
-1.476619092897572
-0.864938624143770
1.257750999730116
1.184007930357398
0.281832173432974
2.474066297146869
2.195330056283827
1.305872336952847
2.207174384532167
0.151435367385278
3.143064205304323
1.633528775752010
-0.219034262270762
-2.524569141577384
-1.114194379983679
-1.039046337693192
-0.289802798947903
-0.678566229386174
-0.423292073598297
-0.740982534351671
-0.139940361895275
-1.254026802990460
-0.119478866651889
1.542251890849737
-0.344874250622115
2.122210448803672
1.431092564694993
-0.666601235479791
-0.678271092416586
1.887964560179340
1.089157266113278
-0.580667454054601
0.662009207250745
0.763530941251138
-2.442719232666059
-1.625411172898380
-0.883527666649047
-1.025212487731006
-0.753748138099406
-1.395700322016532
0.064819177785104
-1.918904089890597
-0.789405988341240
-0.245673971907991
0.331723348194213
-0.132092733670259
1.042653207823574
0.890752716769350
1.654824972489751
0.845551766807426
2.091243972945798
1.726543117517236
-1.840138627570945
-0.578834517780734
-1.081622563542632
-1.633361646273439
-1.008200206529301
-1.207513592021175
0.165071153128238
-1.834067486341604
0.978461119087099
-0.622122685548837
1.154293619013176
1.329959933189607
0.784253901066929
1.578971150588559
0.611601394140064
-0.733052558739592
-1.043099239547383
-1.507642328142036
-0.828205122865461
-0.753168122005467
-1.480278638714339
-2.468591130763160
-1.390045828215361
-2.546437337378020
-2.000362176999772
0.851057363464158
-0.327126583225845
-1.187414564863939
0.085268471757534
2.453747423851256
0.694310997604494
1.869538190983546
2.433176762713021
0.529577021221045
2.606042972475593
0.209014496670744
-0.616334387015873
0.858972464198085
-0.260861642150688
-0.009006176652139
-0.498738362412128
-1.289971052769125
-2.258096914653171
0.610318333526981
-0.887061429941007
0.173968416270245
2.146251402247588
1.278626992716039
1.643512450321089
0.356481436513107
0.475348810213006
0.437302893602816
0.701319320809607
-0.145241682143785
-0.216651323056832
0.403766309983674
-0.746819300347764
-0.256230052343637
-1.646337235894290
-1.511283201128099
-0.778544747448569
-0.430945630399678
1.163856077392058
-1.060417307843555
-2.073286681812361
0.833196532020408
3.055660590545855
1.681368179020559
0.473442004800730
1.443068668052764
2.131674688793457
0.281368248624405
0.351896816668134
-0.423580230273760
-1.726546252021774
-1.350390817688113
-2.395631736585710
-1.184755431134092
0.275208491036535
0.146271624315433
-0.772248743103343
-1.679999659544702
0.244548314648990
1.684678153124310
1.112763639126930
2.046360883941412
-0.816525711764556
1.583432664573629
-0.367402678406913
0.088473147230725
-0.134696013991070
-0.975942188426275
-1.919347528686298
-0.983177647935209
0.498811799985507
-1.870685219840513
-2.925668185687462
-0.383457143012091
1.384707075907738
-0.269990405800377
0.920813041532936
0.212586301100940
0.686212711008992
1.036223977479199
2.208989065844898
0.254866138186205
2.121616561874801
0.523601195075951
-1.214937695280387
-1.632553715945398
-2.090148987716254
0.137916572873220
-1.551126963193510
-2.493280900594697
0.370281404437904
1.109333501173007
-0.711902722531783
0.361536774710952
0.892289692330213
-0.129813457417390
2.507876305828876
-0.179176956993148
0.377962981572396
1.291918826646623
-0.907328414715830
-0.425760713519043
-2.024133433672051
-1.603836403141950
-0.340026181870746
-0.169975448485378
1.157532023004327
0.213480050435828
0.041161934191556
-0.299601104959004
0.899333933252762
-0.157290271912080
1.744622300100689
1.235597070863644
2.937693488407659
1.398624915714088
0.228977798924885
0.454371522588519
2.233327291114766
0.438063959630340
-0.767912224598274
-0.563775161389560
-0.596665797711996
-0.453746068587844
0.190770999654808
0.952539457562772
0.505893390413534
0.736006829297451
0.653533029767612
2.290319796846708
0.420095322623607
0.184523202093930
0.783606620889524
1.962036440907504
0.559760701262189
-0.338921970561104
1.459645491439689
-1.200844018794435
-0.142843464059487
0.093671667901675
-0.982192780941029
0.284072456343527
0.179011754843617
-0.153064612289946
1.024312459575490
1.206347097386428
1.369742055726394
0.733632300835702
1.203124320628244
2.491336586377209
1.163771335869738
-0.208892187013691
0.657547756537420
0.738944810260316
-1.703429600442061
0.127325921853471
-0.911746525565644
-1.888954878703678
-0.254070310019328
0.994399552691852
0.561358596843644
-0.265590900345158
-0.532199644729109
-0.168448514332255
0.691081461227409
1.140562911704348
1.729339056939002
-0.587714108295018
-0.089477931643444
-0.418412207898340
-2.390855063762482
1.172053389491706
-1.679933637288415
-0.100251065705011
-0.859868302287395
1.166677334758190
0.657362239533191
0.969959664415204
-0.558311403451133
0.655698346717729
1.146619265208334
0.651852719077624
-1.978967190599110
-1.262992200007453
-2.142179764596293
-0.475563093170794
-0.790446249033479
-0.370116757284591
0.329618321126775
1.526111065760936
0.550310709353836
0.536428151153332
2.196625379309395
2.649687149344261
2.068059471891659
1.606504219224763
2.796021780260503
1.016299771776970
0.583438347850464
0.724235480859133
-1.250289609457125
-2.816795569527923
-2.160754715037228
-0.438459978053868
-2.893243789159950
-1.327907074434350
1.236149077326844
-1.509094021232984
1.028851392642593
0.908354728425672
1.062145027184442
1.541618414408921
1.472579045984513
1.433023744577008
-0.227128084344059
-1.310671666130113
-0.304442367417383
0.417790167247229
-0.930962487777863
-0.017090079464265
-0.086377728708486
-1.044866914247180
0.106758857916858
0.715796534036758
0.282616762760344
2.476827771252467
1.908026740673089
2.782392755758252
0.884281226982816
-1.212042892056119
0.440638311462800
-0.494837270589307
-0.159728197750761
-1.812622636934885
-0.079906829053063
-1.304688773062454
0.416403895299168
-0.921133210471494
-1.215018041973498
-1.161081834622071
-0.333310909708154
0.011154058995049
0.980539635745459
0.306287828889905
1.575052987611341
-0.875556064322869
2.111013638951675
1.063501473577054
-0.596230642872776
-1.540507631434860
-1.111980627413430
-0.630826743187611
0.422962335844810
-1.908589589540306
-1.352262523307953
-1.213291136111568
-0.713078470282173
0.179729114976685
-0.755995533975644
-1.060215528140174
0.133720059845372
0.624610989512991
1.324534090319551
0.536211126037985
-0.392091173302680
1.129784873520690
-0.017221047100022
1.213890579900819
0.166952925566975
-1.116023549324966
-0.395586661175083
-1.537321984834142
-1.461807330897554
-0.654172051466781
-0.250528495802689
-2.693447241623910
0.320922014885073
0.226124562425876
0.477554011095800
2.328010597611793
0.616569329524777
0.365842346123456
-0.084792885965712
-0.405982902200459
-0.176556595474591
-0.781357755332680
-2.892497682725370
-0.766491663148099
-2.296980051816042
-1.306042600047541
-0.005298867970927
-0.906402424589988
-1.238955406178639
0.087347353887879
0.253735576675427
0.632977950125177
0.281887823308149
0.648591201742704
-0.254083277769594
-0.827615233918355
0.403838142568924
0.033317596132532
-0.187709285166128
-0.175976157007089
-1.172457490808552
0.467702021689201
-1.302146699990944
-1.316058979086879
-2.843552082568034
-0.159607982018010
0.572725330740832
1.687152468839205
0.105132874603565
0.594081480286794
0.136502983399332
0.320039347737006
0.758944064196070
0.588967402699068
-0.381740773517760
1.907939888919230
-0.419470117302160
1.074418413472511
1.695572427421688
0.668207567667100
1.247426162142280
1.071667811454311
0.663012869412762
-0.153493372886234
1.198464670697463
0.587873887939936
0.021846824817742
-0.511736728308709
-0.522062368612016
-1.197644258743812
-0.357420295391446
-1.665206379238401
0.362649137427637
0.252301240144301
0.741305948283820
0.587993046824446
0.710156363004407
0.666782507851015
-1.336711568431513
0.005514563810187
-0.531058904187654
-0.821923838041557
-1.063214189198830
-1.042773271911869
-1.444615936452220
-1.295210906312420
-0.351376434969586
-0.354550876159441
-0.518454754129117
-0.337165699499560
-0.498212659157865
0.585376044269815
0.636972650034926
-0.326293408267244
0.434129436537907
0.026584304262251
0.282358690216730
0.561857913842991
-0.909513194587653
-1.411679701402016
0.023140123989327
-1.617710230355732
-1.838422043088049
-0.453763096120462
-1.325527751624542
-1.538276010605746
1.988448813659926
-0.085345191244568
-0.083844696106013
0.703420013535121
0.976362481224383
1.888127347930729
1.210156908127406
1.411392234374625
1.611108887289993
-0.754415768706607
0.625759055876335
0.071009930714930
-0.930619671660682
-0.802447577156482
-1.116093464301384
-2.360170738477863
-1.387586115554331
0.873768047262114
0.015826237288032
-1.392639279023520
1.481569499256905
2.077207982992529
2.334334025054657
2.241757364400503
2.762916394618915
1.429797250333115
1.729975682495537
1.110393817385785
0.290274281731408
0.140854962596765
-0.809352471514424
-1.198433481055458
-1.091619260815254
-1.109053579498202
-1.296009741969431
0.324967255650847
0.044709430600959
0.041502333878820
2.118183776682693
0.143360000309551
2.530166320352494
0.927389239186529
0.970504711288213
1.751997259777852
1.883264304512671
0.675741161695888
0.138973840914384
-2.396912962926413
-1.282876762915215
-0.562116205213546
-3.177823748363476
-2.464976130793159
-0.626494506908717
-0.391149521410334
-0.265146475861117
1.854217617942947
1.010445220356094
0.845461899114558
2.281315757425578
2.525981039694570
1.329395912358412
1.808373144403180
-0.243724664352768
-1.863963788750425
-2.452240006313329
-2.023901699030648
-1.804555124000691
-1.963119082153544
-1.942170716999684
-1.381528126755079
-0.139946557120130
-0.178434915675279
0.305255781157097
0.436959458862193
0.718553522217298
0.080110473320830
1.683634066837390
2.692116121891875
-0.370536022279454
0.881581693768225
1.697022966315959
-1.001555443730774
-0.854634082997422
0.702805610204782
0.128523958329669
-1.682551340374223
-0.255062464473435
0.621668720057186
-0.378693295278822
-0.806163123223570
-0.403236637557252
-0.042966797987877
0.345606109483363
0.588183484765926
-0.264200006270924
0.028449950117827
0.513352892271739
0.762950399153597
-0.371386548511585
0.275625302939189
0.748577489277724
0.096667920046430
-0.947643643745748
-0.037667392825512
0.837185453413575
0.524085257143136
0.672851993894430
-3.318374817025577
-0.683156261253207
-0.177929433428688
-1.352258368788327
-2.436671297453270
-0.911647628652833
0.228613078887027
2.358067293938193
-0.130805961128725
0.158861237727160
0.726793850437403
0.294403992328124
0.557688824593464
0.970130691537619
1.537691511016643
0.254519333024250
-0.433941411458453
0.501241636334069
-0.606417877874027
-1.975643709097236
0.308504578219478
-2.949957458203333
-3.391340316884347
0.016256715583215
-0.454783209749347
-0.410065953246849
0.007085449029119
-1.294567747000106
0.117961027074484
-0.494733141773388
-0.310613193144356
0.635563881855715
0.337235444214027
-1.534761202086268
1.075015209620633
0.836716621839349
1.472028592493007
-0.030350484694899
0.874289269585168
1.499733030017757
-0.283286840526357
-0.382022748203065
-0.397225059006308
-0.990869749997290
-0.413148762653952
-0.630528296589754
0.764075307352347
0.398949190091253
-0.686662836050909
1.450589766839835
2.247980109927307
3.228461308376716
1.753667654781503
1.875428301102264
-0.028926722748918
-0.282038200885172
1.088313666997281
-2.593319670854158
-2.737530004134109
-2.593879470136152
-2.070042144243028
-1.502041550862519
-3.479570552544109
-0.486593710311207
-1.894815758891158
-0.007925525062195
2.501699937806444
2.939060793265956
2.569219909701282
3.268421695144931
1.851116630189341
2.518073050122670
1.409381719725469
1.087910795393140
-1.188586942810948
-1.782745905790889
-1.561513488946462
-3.665907787802536
-4.246914979537351
-1.564592190630854
-1.492876227061822
0.797254366987688
0.150982956748907
1.619728360064918
2.927035343232758
3.074437307064649
4.235885204816698
1.995053725152074
1.435092607630050
1.727072142607080
0.905814176081809
-1.463094965139397
-0.900585935790234
-2.643473820830883
-1.989654620501665
-2.563040956141532
-1.156281300452903
-1.745135475812454
-1.557735847385885
-0.372497734778948
0.218930410105515
0.297057598952670
2.957425162937176
1.535817052358023
0.326828340342951
2.309085417373749
2.795017141904871
0.336055878430740
1.461748048194581
-0.147609251185111
-0.338483294323962
-2.841556624657179
-0.852805086770632
-1.530931624695642
-1.535625975817088
-1.380628302243950
-2.331659485995366
1.734477817664402
-0.535584417809903
1.579721911461767
1.969092553449175
2.526598600398056
1.590604389530020
-0.426940289738077
-0.138675452083081
-0.382912586556883
-1.976266722351053
-2.291216070973495
-1.962307204885675
-4.144273373283347
-0.673980971258276
-1.784234188348330
-1.232959257703011
-0.593985308254992
-1.001819125189751
0.608186482965713
1.860569380042503
2.746528259447599
2.468603529299484
3.387636605729364
2.335557461736384
1.048183979839820
-0.219901511566736
0.102946942986936
-0.349801759693971
-0.935786040913938
-1.563141639110115
-0.202903793465343
-1.455971994350391
0.951540951506157
0.501965219476659
-0.445647640530334
-0.721844409436031
1.241525617388874
0.219690227257820
-0.230492565803153
-0.470536067813482
-1.644229467419292
0.870197891640012
-1.119904767277690
-0.173177846190336
-1.659059204407649
2.195528782173780
2.555340130283169
1.383638225206981
-1.288471285702304
-0.293962355919884
0.436468971444550
-0.813074782246931
-0.872530906788570
-0.557108794093384
-1.005290397039460
-0.471747607851860
-0.070654784791678
1.533762420753067
1.142903698612894
1.000638470984978
2.954649026812525
4.686511103435747
4.046595320835396
0.491248636502409
1.377607749822451
-0.044238974203558
-0.168455591506613
-0.319690037364806
-0.265574734484898
-2.020417936660275
-3.263982843052067
-2.132107250846718
1.467390428452781
0.439747526393426
1.065370826683438
0.738854511290726
1.862006497841663
2.708156027420215
3.636984667705697
1.937943654115907
1.805028699615217
1.367403652303490
-0.326379804562917
-1.111460618315942
-0.532743894956016
-1.920274157072469
-0.797785382838770
-1.608324765124683
-1.764087527536160
-1.134201405766455
0.397176867775821
-1.147310019006799
-0.254006717463153
0.307765686233702
1.853441262761538
-0.024315740180674
2.686499778023952
0.560846430305295
1.560134123492845
-0.195786066666358
0.149467567901180
0.056936853252194
-1.186185041870926
-0.427667109842287
-1.143498117963689
-2.548997598084413
0.345876672780451
-2.198093994610859
-3.122209631778735
-0.932020623635780
-0.697954209825393
-0.478476130372144
-0.907595711289833
0.175215810386874
-0.988265619419215
2.477146217854522
1.424884852782016
1.879366064152257
1.169783099188627
0.540550476764706
0.451016117393185
-0.813726598209201
-0.019121233285067
-1.616378036948471
-1.734015315987581
-0.816259863371811
-1.397220185813777
-2.175782017470772
0.271054669937269
-0.108424942778250
1.685597444765062
-0.704559366319620
2.209360960804521
2.570257301335421
1.218432465997394
-0.661132697862522
2.420901985812503
2.132621578859251
-0.380155285741211
0.014671784727746
-1.821668670830983
0.343730895692145
-0.628469656137120
-1.136218421612046
-1.515302588292416
-1.281448710621608
-2.293632217795033
-0.757254707168481
-0.629307121838146
0.790583998228632
0.652168614227858
0.298593446171171
0.982962585702055
2.946345838853172
0.366712672438263
1.677921782861035
0.753845861422229
-0.857274577513392
0.894192207303154
-1.178025002535421
-0.979896535694660
-1.309180615932765
-0.854519560912281
-1.004200398902895
1.395736453279347
0.250680478674990
-0.363034445716194
0.881540509218319
-1.048091159555359
0.566488180930805
1.449745516900710
1.288496855034552
0.856690810852135
2.144525390108151
2.602352635414185
-0.621256937389868
-0.348276077564621
-0.273675481382705
-0.826650171667510
-1.578143305575511
-1.611539105401027
-1.649170686837897
-1.068843412526995
-1.665675244634357
-1.556298260895091
1.822720756044841
-0.112754118411874
-1.041924292104067
0.023525492647876
1.818122386618104
-0.323519256750416
0.770046341114236
0.777662610223046
-0.277756241767009
0.505352686586898
-1.578264996741262
0.228672787664377
-1.035444150772725
-1.110063551064741
-0.786983285898650
-2.104879591465298
-0.829744464191864
1.986968360383564
1.628231033170666
1.455333100306683
1.671123872659942
0.085356772575106
-0.870062906024049
0.299676985300205
2.347634314384741
1.167685850534553
-1.074106506665466
-0.121710937907076
0.119857341086950
-2.087778612603626
0.339047093147166
0.841003450739227
-0.045342597145751
-1.202609191755013
-0.353648597291611
2.013965580202969
0.327198991222895
0.391961151671926
1.147061445657458
0.437622072218589
-1.046280420532780
-0.093252492584161
2.160606128281175
1.121837351685922
0.746559856201383
2.323278892102370
-0.288844420670279
0.464871080872913
0.502660739582902
-0.250771282986664
-0.886843006289208
-0.238716152863451
-0.911239043233482
-2.309176018082383
0.895525916604342
-1.357195053223521
-1.398162019529578
-0.313543730256927
0.194411481730644
0.929894596883087
0.959526123019646
-0.031508018221066
-1.203340392283444
1.914885971708414
-0.172879640766862
-0.268522286052718
-0.399433169027471
0.429876255830762
0.423318653439760
-1.200825478630742
0.971232414408424
-1.613147768559142
0.480502115181565
1.011713739192431
0.028068561258057
0.966974350523657
1.256565437822895
0.802932896331396
0.779521330861931
0.422777856018714
0.481130684181150
0.485376129703988
0.266451635232031
-2.046989219187115
0.661235200314587
-2.106678340450732
-2.368475706310289
-0.239127736401852
0.437636401344073
-0.586399375599967
-0.917340000902761
-0.350217915123320
1.010517766095661
-2.326504735029672
-1.223296625113965
-0.653468254213542
0.547837259505743
-1.267447918660463
0.708847849667950
0.101447507759265
-1.171204418144665
0.576422333215569
1.469755340869399
0.612422042275364
-1.876012980665412
0.537759793463067
-0.426523435646096
-0.002225703936147
0.477770245059957
1.912249051435920
0.552430216333614
-0.372909484427405
-1.123252815910163
-0.994519220823320
-1.190940225903209
0.639493848513355
0.016562568740681
-0.765482850252688
0.777472664364815
-0.177703716808327
1.415097841328329
-0.104372668150776
1.042441774288280
0.365253045385909
1.500265843016405
2.013797613011638
1.243726554989766
-0.690788128952031
0.144028895118718
0.345091729955879
-1.228676254991156
-1.854659971561030
0.842929070997712
-0.892327460259010
1.089975590638758
0.689361576472434
0.824285916981601
0.674182964635564
1.385567493084767
0.238097899309971
-0.308577934162233
1.148071461068995
0.614695805462440
1.255233485794685
0.921812276622819
-1.179646403718670
-0.717058625083917
-1.142092277242988
-0.152282979438709
-1.093716174719334
1.050127520445215
-0.979148815442945
-0.579254990527802
-2.186421036604909
0.027268833355865
1.261951128891656
0.195575415522921
0.352395436152074
-0.889243747615661
1.259903589340789
2.211655022732612
0.256456183496545
-0.298291281451909
-0.365166538562543
-0.593500942000734
-1.855939191944458
-0.415452809841798
-2.368341137585861
0.113101721984107
-0.720108089586882
1.277898638336305
0.346223644781256
0.902591278273911
1.846514530612907
0.726166172638147
0.639831551672720
2.447962376796301
2.057175285055410
-0.272732883342715
0.380055468601764
0.143361427537191
-1.062045051860919
-2.220038434748208
-2.486533437418919
-0.307154328095126
-1.854066890927571
-0.087095965161535
0.817998119492477
-0.076841041880233
1.125828695348578
1.587102242066392
-0.081933923598486
0.840765147876804
0.720713158847603
1.046933903931152
-0.739191419305126
1.093932237398432
-1.017856734394054
0.430772467172305
-0.137600872346058
0.163732715167619
-1.462608362690864
-2.167410305598093
-1.189865906300104
-0.346237351585367
-2.064551627930181
-2.693496412206025
-0.416927310733048
-1.500828556054382
-0.295951791149358
0.240315514764367
1.735061122424943
1.613463022492776
4.088543286711847
1.951639895099541
0.194567621944769
0.915094353369241
0.262655275774397
-1.403695636801418
-1.277247287658410
-2.747458913290081
-1.954502692965659
-1.904668376594924
-2.128576656317608
-1.402565540410075
-0.869211407067416
0.114559785924817
0.806398959051956
1.739870188498779
2.559043013140340
1.259070491010617
3.068170759854752
2.864483115883486
1.962198662515095
-0.002044021709577
-1.091739143138170
-1.664950082478292
-3.483356046275360
-2.200152878491189
-3.470664253525248
-0.561371589503903
-2.267646539369935
-1.898769573860014
-0.844638983524619
-0.171346813528774
2.296385326406833
2.688736698240540
3.473969082843042
2.460733067017079
2.415448211836439
1.646567506544996
1.438491178124511
0.227618841642849
-0.513105658419892
-2.157876938177239
-2.213685932938240
-2.342416532277727
-3.033439356170015
-2.765684227535345
-0.513228132733519
-1.561093783395170
-0.690793629002188
1.182268105556083
1.185353843487678
4.020844502456383
3.317931943662500
3.612801452566011
3.060783616534640
1.987834965538576
0.381204564995558
-1.307637745092735
-2.461378877563959
-1.246582052503559
-0.603307192638842
-2.616064165248430
-1.806573557561931
-1.298419326491093
-0.198993238703679
-0.082668421785118
0.820716879731790
1.794807729155359
1.483503241072140
1.459524210680340
2.482248107552813
3.077706755568637
0.050986565297415
2.881989257785021
1.070225201719812
-0.729337025813200
-0.684029971622939
-0.850425240386189
-1.062287432746210
-0.477491098496494
-2.265617731123489
-1.197352749996159
-2.303258435172018
-0.123346609853903
-1.405779938928072
-0.302586935824161
0.981936517191323
1.777327394840202
0.868822319397966
1.489251639199739
0.821801101762030
1.128556852074498
0.936438725863843
0.476029201871864
0.018318893848681
-0.288746771993694
-1.127597943171645
-0.840998585192055
-1.459224291062596
-1.727814316589563
0.608718064424069
1.240986644449209
-0.299582618308216
1.025327336269283
1.730858043639806
2.823424381850497
1.933608232011946
0.089503691764400
2.048667731359287
1.058196295921852
2.736527405870267
0.239329993654302
1.907334281161522
-1.697379654666581
-0.539950690841142
-1.665059374444581
-1.264708960769554
0.217007002139515
-2.470009946165275
-0.474082149217917
1.649429856396281
0.562363074197929
1.306115667847963
2.201141299829885
2.436094218349014
1.286709426757212
2.236257880625861
1.290012638870027
-0.047437260785426
-0.242384856563437
-0.335757106077782
-0.528796502293814
1.004634756023179
-0.992800546081763
-1.092474526301169
-1.459868011588938
-2.297424522807709
0.060131819081613
-0.658111785924318
-1.214295892608958
-0.200279542195100
1.034566436583408
-0.119806484569557
-0.703689327362260
-0.020101187227545
-0.825080190943517
-0.290350785420718
0.067846327381803
-0.130405129709644
0.047092781477418
-0.479294614165437
-1.397097260900768
-1.099957174141547
-0.881133748391738
-0.277157303920792
0.483315961863915
-1.177291212441979
-1.655040092778077
-0.387973052460370
0.304839088187865
2.413393965369964
0.787708457758739
1.505146685850009
0.250209655710564
1.260653325464352
0.565401578479574
0.961615830764328
0.047884047285985
-0.916849726947011
-0.113035903713280
0.756973529105709
0.079502423573087
-1.438578203562451
0.014560317629827
-1.778514431459754
-0.712700476145821
0.051476658738327
-0.573502124740361
0.384783153322837
-0.690337298785531
1.014996021118845
-0.065929226383201
0.853890750999213
0.074993017030505
0.956146777422853
0.260310863642460
0.295241721589154
-0.348098481536166
-0.542387640483476
-0.794621036258769
-2.913378535209687
-1.142299036468109
-0.671823985827701
0.196432966754722
-1.105766135700146
-1.940790847548971
-1.057437713788344
-0.019726823995150
0.539498099554132
0.477815241440921
0.872968785794411
3.245431262348608
0.310220050913497
-0.118645371952470
0.788839942688742
0.373537662925157
-2.023794036191060
-0.565888353728805
-2.820282192510686
-1.259459924780474
-1.804071175784681
-2.777193128305101
-1.742286719223197
-1.494857013742080
-1.816000816072317
0.117080253943373
1.143349265858873
2.048538962477151
-0.781546877388954
0.958359712966424
1.976686305561430
0.726317661379686
0.303106205135776
1.839309594184992
-0.433735082805087
-1.120546528712472
-1.688876738085320
-0.578545200825092
-1.262317830389047
-1.900608206208121
-2.437843984762835
-1.790720932175035
-1.788602635566258
0.263777362119750
1.517087444419018
0.636034090510552
2.584025084731696
2.811167071273739
2.630999240003165
2.784885291679003
1.661188481252314
1.608653748112354
0.128107720155915
-0.958179522130832
-2.446374737500744
-0.820764718418058
-1.536732342323020
-2.700739159316023
-0.973365296000613
-0.695843823936806
0.415485087971290
1.764303773084949
1.580347260193819
1.872773955266869
3.509568141420257
2.241417901661719
1.266756061031487
0.897847351485352
2.275618021947059
0.197176896655048
-0.107074869400305
-1.166463984478574
-2.119127134062544
-0.757293033459781
-0.573334482655136
-2.948920318467914
-0.955466983110671
-1.103146103652698
-2.309627620048358
-1.601169976017455
0.874957073738057
1.412327487575641
0.745306173453791
2.948994919975133
1.635372727208408
1.176302536420927
1.734761815429700
0.056587430274014
0.776597387023947
-1.647358579459428
-1.222453055567959
-0.519227490543330
-0.698453947089458
-2.332986908050180
-2.131428873244270
-1.860962678970650
-1.719846712940495
-0.273583187254328
-0.049456245847451
1.517188844558851
1.463832214936358
1.564293960615877
1.824753053122759
1.876959373394699
0.925872502221152
0.084262728056287
1.074576303460891
-0.494682063121760
1.512767513926821
-1.300857747263105
-0.862296383764112
-2.686123430521455
-2.817754658437056
-2.287909310531756
0.210304356319670
0.462078421860456
0.470702298040127
2.346981424694978
2.190411278587141
1.428938244104564
1.247429397940385
0.201009476227774
3.103404909202230
0.613195016790462
0.420008379214849
1.165851132038797
-0.978870285123828
-0.043258439843526
-1.434773877233224
-1.579628041074777
-1.000966769252802
0.030139113442383
1.465371079781189
1.363458197683210
2.109591769147437
1.544024177434688
4.620354977586710
3.520083751055832
3.322278749025437
2.322010507674766
0.503966503200531
1.049364659147871
0.919779453699868
0.112688259141443
-1.000049666009508
-1.234308176826842
-2.452025853148566
-0.457156194194376
-2.114586915106669
-1.173109782458693
-0.842819836139443
-0.436078948182845
0.053570238535390
1.868109785473741
1.294793624085159
0.749025957698626
1.258919089283990
0.943559278997309
0.454415457082067
1.067497092519730
0.551472650884255
0.112530056058403
0.364654891603968
-0.482926366852216
-1.193064110041178
0.658146949057480
-0.616348318599324
0.615223779918239
0.912363044509317
1.028688893349968
-1.484017722142303
1.157025281882753
1.601377156524272
0.900485653207791
1.889114013709150
2.074172910705946
0.789963819676267
-0.146515262407980
0.172298215471416
1.249016919449127
0.191989072973681
-0.109761211219781
-0.367055094346976
1.356516469066821
0.672148192829427
0.006136363871549
-1.380609290185261
-0.917828422961480
-1.132190534838512
-0.851309601315269
-0.469983107859354
0.446245989213015
0.860546087867365
1.553863543751382
1.335765164987124
0.194410009876548
1.183129406913595
-0.039373180170184
-0.397066662802736
1.314298050999676
2.336206779156052
-0.081988410166107
-0.159513701327551
-0.784294858431153
-0.654420316544815
-1.954572498271049
-2.471622231044251
0.270776098262091
-0.540231920077201
-0.733957740881162
-2.115896780664945
1.108003351362155
1.477932759062822
0.453404094172088
1.853234946129581
0.882198451845672
1.103959831459291
0.398448786160188
1.473963359592381
0.307681932275479
0.970905374893170
-0.493928677873912
-0.563798184576416
-1.602859816292756
-0.950475852455849
0.170427045553018
-0.693174946486695
-0.912476913824692
-1.363653879240753
-1.189533797712513
-1.278957525738083
0.289898670394385
-0.046430863530055
1.027127935009301
-2.016398706231057
1.964273315089412
1.918136364241688
1.423616957721596
1.656334473307668
1.202937073563845
0.512701944476069
-0.336553752465938
-0.088397068793010
-1.151713317449010
-0.040448019112816
-2.383162642449612
-0.998648074919924
-0.678718294677194
-0.955053206524790
-0.191463888425003
0.191485207496170
-0.614628293381008
-0.394297854975824
1.589995306323861
1.753989343491559
0.397374462161258
2.542383528207717
0.313990734624627
0.670118814539882
0.348024952402313
0.118966742974917
-1.260804757202511
-1.370529183220274
-1.122388050997622
-0.998001904726136
-1.420433918802585
0.418099031866878
0.372512390244637
-1.135675043564371
0.834938046343807
-0.451879432528015
1.225435932878751
2.650546794540575
1.855896190102062
2.135516621592520
2.078559303071555
0.787941303768981
1.156029925125423
1.292648433310496
-1.999198225811911
-2.866859812678739
-1.764019064320229
-0.517887638426282
-1.695894506566809
-1.085039513199550
2.076203603601422
0.141031152099716
-0.893710002740561
0.641735086150865
1.217061447658543
0.711393919125536
-0.483159717166485
1.724286438527031
2.593667711566058
2.343886071088562
-1.636528687649173
-1.051316689329075
-1.276046282280289
-0.867656493971287
-2.993493762606203
-2.833426463843238
-2.496453640981486
-0.915237763143450
-1.410000123407909
-0.460911383169553
0.489791563115780
3.299798700749514
-0.385856188801438
3.295473871721214
1.551313534894966
2.969578836575655
1.979477809891920
0.655828138933359
1.515222431109793
0.244718555556864
-1.914096073928690
-1.445173683138081
-2.409446069414273
-2.179993780852858
-0.781794471876420
-2.157520716974187
0.266268094602423
0.301858206367090
1.826669432744658
0.426323578439657
2.714921524314392
2.813919221089884
3.604834752120147
4.205501438901836
0.883186927235543
-0.320723555502393
-2.550861729551312
-0.257291924865248
-3.045264897147792
-2.714622269697189
-0.473649192085426
-0.939815834865587
-0.715954093277310
-1.480606933716342
-0.373911048480223
2.178987198455342
0.756733297593561
4.363200004270344
1.471241474285660
2.363637893112761
3.540157188014597
2.231552383851998
-0.436121921317413
0.768265780307836
-0.619593925382025
-0.560932958717652
-0.847812314958639
-1.138817637855333
-2.145685874470375
-0.996477470194957
-2.185326206476382
-1.723047642207478
-1.208554425550969
0.376419433921931
1.100728425335077
2.156184565735029
1.367481420859754
1.524803758352110
1.192849377205836
1.557425679148229
1.129680513664383
0.717279629462109
-2.836817078929919
-1.012886218778360
-2.243321907318673
-2.151575734924730
-1.407915794705934
-2.397791800483156
-3.216254262816603
-0.785049611029625
-0.736121752576438
-0.770698216478033
0.608172392148127
-0.115876524194848
1.127067808115841
1.268534965241312
1.978644418125374
1.895279628879161
1.437346184092007
0.125157158077426
-1.281161316620887
-0.372917471212268
-2.176302254279592
-1.272462513309406
-2.780069740740498
-2.723409832173760
-2.531840197997152
-0.555147483815897
-1.242306850538272
-0.724196498102088
1.932664133743536
3.929096161818868
0.862782102560691
1.177050108846776
0.903000819098490
-0.046591047626876
-0.397201149574380
-0.232789217090221
-0.601813671717767
-0.238534576255544
-0.370854666823445
-1.280743462288760
-1.662911467100178
0.148410200919026
-0.280200393590220
0.527158090926553
-0.158315911830179
1.074368536909273
1.715843755779655
0.152581861479099
0.136675541082351
1.634439920905691
0.314051681267285
-1.314074386826677
-1.463159008090869
-0.283706342485006
-1.733442216871911
-1.171972311345115
-1.095325445426752
-0.696187186412922
0.292488842262319
-0.457180383573634
1.629602784585218
1.006772379420949
2.724297128134267
1.279492774622314
0.252532111077244
1.010743255704850
-1.226644098506435
-1.742378628973007
-1.994573350425871
-1.015436624337499
-0.332541916074709
-0.202340805088096
-1.048891059886459
-0.688628451938904
1.666282658994839
2.252062698246278
1.122311224212702
2.010660835871125
1.788517292244962
1.989794991688738
0.882499973529403
1.255733035510153
-0.494022428886691
-0.368422957669409
-0.857846246566871
-0.770838812211383
-2.800846198626914
-1.420652710065139
-1.927231054873944
-0.518995224026535
-1.260799437662644
0.045042534302075
0.277121728173500
1.288869622655292
2.291216731450782
0.025979233807267
1.615967445011932
1.197049332560883
-0.279719476002167
0.682063111233677
-0.723809707279714
-1.493553121150710
-2.554219303242255
-1.509761492026997
-1.235466419160222
0.352780641372896
-0.596283352080255
0.863900502327020
1.205852873228886
3.143715433276132
3.175188886762935
3.920780123478798
3.692523621907868
2.438652724998946
2.073606246773047
0.659495626513181
-0.936417866211770
-2.205076509488755
-2.159526605444333
-3.511613000069255
-3.990602641331180
-1.509097154105641
-0.526593011472850
-0.934581226033744
-0.698046779319756
0.088521653664703
2.440103157060489
2.787095229123199
3.329039630066495
2.154759789392427
2.088186327708220
0.957422789504564
1.283219562023025
-1.268849408298924
-1.197744310633529
-1.381314371806207
-1.862731560317229
-2.903644650653311
-2.799968179998592
-1.344970640079207
-0.020146187059578
-0.520771886395948
0.830094207200819
1.088368512481353
3.553679483313686
2.846019689332997
2.242761470587390
3.636982997695088
1.083993535021442
-0.146477193680925
1.264453360720345
-1.356239219999242
-1.333261556843716
-2.587032205854728
-3.064326449094351
-2.171198334912742
-2.941401223754217
-1.469014146880770
0.244623729330779
-1.095936799953859
0.589160809965501
0.383992771457352
2.588055156847781
1.781949334882712
0.005143669191728
2.406232312347584
2.433556630370149
0.980473813041538
0.187924379388707
-0.089008957169553
-1.680444869011392
-0.824981550349926
-1.809341398155992
-1.513531647986674
0.182564395335398
-0.747457506214839
-0.515709883740820
1.217750674233703
0.894668192170226
0.481576544898466
1.935461677805095
1.672373665246690
2.185051880738150
1.598254025229553
1.552484122196014
-1.857310592215473
-0.541330338740978
-0.907453177369047
-0.422628997217367
-0.625225236142872
-0.546586883897484
-0.545066035036964
-1.034997661958495
-0.754146400454774
-0.285136039925966
2.222263084259730
0.891184554405352
0.224611913119180
0.462823739465184
1.665827130298276
-0.211981135110199
1.493498601558627
-0.240122183481654
1.038976959524888
0.162670277723305
-0.391798875993466
-1.775141620955635
-0.963138531595903
-0.341470270707836
-0.570663036193368
2.273599805015390
1.358067376091255
0.379868789825613
0.108815249089678
0.206129801160305
-1.542270495229417
0.190020852959514
-1.135028239092082
-0.326264861134154
0.924642293304102
-1.346268451069796
0.348508059559971
-1.637142395567431
-1.763516213096506
-0.199789498150372
-1.171710397984403
-1.189733245077452
0.277711949082344
0.619898142399119
-1.033390318156685
-1.178053261640392
-0.980934833339372
0.565352022333397
1.433181244255448
-0.324670845372783
-0.390322136142010
-0.604931717051339
0.888010402504283
0.716836522232390
0.675368836225145
1.223729486243555
0.945510020287226
0.195271593258388
0.162765417761576
0.255090064961230
-0.517857081605786
-0.251508280495306
0.481009603004600
-0.387748565643612
-1.751677150926672
-1.374360939706864
-0.499973608798074
0.408788429928425
0.713654505832582
-0.376133405615457
-0.722460890793824
1.058884609780614
0.434905495395606
0.327553839182183
0.932023761885901
1.544586496325694
0.787390438445482
1.010458850002613
0.275053609881941
-0.532323126579269
0.761858812735938
1.083245699658757
-1.443062497223547
0.213380705331973
-3.477753048133175
-0.167213803210075
-1.800212887205077
-1.681704095830656
0.178484895988606
-0.678932591126104
-0.112227042197060
0.332656870578451
0.331098973004244
1.288035136269226
-0.424350903166252
0.900397399045372
-1.106903970205347
0.246786397009280
-1.336665461707374
-2.496928682082187
-1.566651646266161
-2.123752095565968
-0.360775394598884
-1.002425318485980
-1.376955572451867
-0.128450621989206
-0.825406377942215
1.414902515321138
0.478121457816597
2.063332777017038
1.268812227458550
0.685350622819765
0.192791204758114
-0.041003383304583
-0.962506918636209
0.807205585332984
-0.448398106920860
-2.431377741849194
-0.916304875043500
0.702908371796822
-0.826443109915703
0.449194157756176
-0.616651135958446
-0.139698651053782
0.482783633840472
0.522166115233322
1.844336027329885
3.558652753760961
-0.350823966064934
1.464507724550862
0.438079908385431
-0.941781113485787
1.359786193214699
0.111330361747229
-0.274099972570536
0.653636161530964
-0.927018154828567
-0.320542806780306
0.634827592945536
0.210477020168602
-2.712897187509580
2.615593303995456
0.647218447881266
2.250971205518833
-0.962247519283659
0.414294738456742
-0.606071174887753
1.054986253518337
0.588580670362295
-0.020448009358608
-0.196738689147055
-0.198179026594625
0.778774545412687
-0.624073063047746
0.958356184788858
-0.147075144810928
0.690826574278462
-0.468550292428243
0.987368643847685
-1.476612213711036
-1.177274018042205
-1.148304432278534
-1.081489394419148
0.752445525141688
0.483906838708997
0.148622774350786
-0.816097974723258
0.202128394875134
-0.723137597563792
0.422544237545956
-1.165361128449663
-0.784235960410524
0.869795451558704
-1.730528625252159
-2.143784309458932
0.967509642409538
0.709781717386050
0.973592551769934
-0.544953032804342
0.177705924317264
0.725657661416369
2.179781665765418
0.743954187187944
-0.785002304736222
-0.192912217388382
0.512922868709323
0.097894396825091
2.001372191029017
0.810212435074876
0.770084160927875
0.830394362485291
-0.257264755962114
0.327244391231621
-0.589242997862364
0.382793057662895
0.358350503198713
-0.155299223101183
-1.368001306842411
-0.103358617531342
-0.152268132401710
-0.228369979700365
-0.240071398696847
-0.466614758033019
0.369174854673407
-0.299344097389939
-0.296883684049976
1.294412738020042
1.129181336523332
-0.625427983364456
0.599543090860752
2.565524786350738
1.803493707209259
-0.552301736646371
-0.011441653110306
-1.724916922136978
-0.268644263013699
-0.384085344100440
-2.308311813881570
-0.947176484941959
-1.005803510422896
0.008429100666084
1.846306952138058
0.727214014266258
0.972912295278868
0.224408772112261
2.425456777201832
0.884943415965654
2.452390850783797
0.323775201801194
-0.097803831417989
0.341435768751626
0.072225570364730
-0.123904608020331
-2.253895106855481
-2.906073779879179
1.147169673146390
-0.024640959166431
0.698648217166548
2.012774413157883
-0.586946185719293
0.813090733507318
2.338880097645755
0.912465636536712
1.984729442888690
0.506836896673243
0.927055732877089
0.960686737324176
-0.338572190653374
-1.499014135088224
-0.681533342212538
-0.744667992615451
-0.689827042824776
-0.613770788172482
-0.494674868918158
-0.333384182975005
0.014701474210089
2.725899045255190
2.233631880495879
1.081982621582284
1.970371434569280
1.824150956410493
1.452374064625743
0.971444095217573
1.852900064443582
-0.213325013288968
-1.274808282220619
-2.590407284260986
-1.744766544987729
-3.308107234674558
-1.855221020996994
-0.706688733525835
-2.988314285989474
-0.175400267778527
-0.654714742961486
0.059181212291999
2.138884808088787
2.535837432061724
2.553190909456382
1.323019859405839
1.078614336573414
