0.113172082479889
-1.345637586456333
-0.838083617240319
0.617920627923664
0.076182251009972
-0.257029711155209
-0.518017561330569
-0.820355311945148
0.744998426013974
0.700399476902625
1.868097695882160
1.134443668798661
4.174178394935245
0.356759995791951
1.076235945693688
-0.349569971897071
-0.956568847257755
0.299836711922828
0.212237634119745
0.942874795299032
-0.235442230365980
-1.780846031570275
0.259524563778660
-0.769188961110159
-0.145561849546540
-0.754174667744930
0.414507909466255
1.646240460544530
0.578358074574601
0.061532598523738
1.060658102929854
1.331459046947757
0.202023722139851
2.205409682365391
0.204582210666484
0.730046836147672
0.784526536175120
0.084517061464127
-1.403453637078400
-0.903001471033466
-0.033292980013897
1.534944067974029
0.465754059654339
-0.174022951214541
-1.319767705219178
0.884188497119441
0.224964525980712
-1.312411816735130
0.463858004877378
0.155325975503832
-1.109489632489858
1.119942319293373
1.048728550764794
0.171193972730339
-0.210259509230974
0.484816507064806
-0.241667325665029
0.239886030621549
0.604480661838186
2.261870938728248
0.626013439417839
-0.690893213140077
-0.203344111665955
0.098714805504413
1.067088077735093
-0.882750182904693
0.645581839572667
-1.069498271331639
-0.398339814165841
-0.474314410697777
1.633341184775342
0.515584741545488
-0.073742405771506
0.681820188124700
0.284475564488562
0.030518073776283
-0.869289090348860
-0.146794099237820
0.756904908149583
0.693705714558302
-0.358893940503183
1.108211133449847
0.192737721909818
0.209609347346158
-0.078878864243645
-0.840923501412143
-0.655137003606261
0.128022188281465
-0.138422624108431
-0.072475420409969
-0.014404478887157
0.640518926434917
1.481709381650548
1.189669849686305
1.571192546019244
1.178302371042744
0.148703320520318
-0.320729726358074
-0.103946994912019
-1.966408080235138
1.544889377888517
0.561220504475227
-0.625109245527796
-0.707698217224703
0.062961479228614
-1.643287028931570
-2.423290289799160
0.620478084634609
-0.442290068195030
1.127352896958481
1.029165477095112
0.354186801056338
1.493172077744577
0.984471071598655
1.095812793915401
-0.642065003116925
-0.032389254824492
-1.371982486959743
0.187528061769882
0.647939838057455
0.065508787193078
0.899180071092567
-0.610396806948373
0.510094826539669
-0.497570439121538
-1.196756211010467
-0.574156151826849
-0.851341347603514
-0.583816242976519
-0.529480004286358
-2.041543822488725
0.106845280832058
0.707842307272796
0.516543894227778
-1.899335980162653
0.067133683599133
0.022535204662886
-0.976424621228076
-1.722364508849981
-2.356628886031167
0.695606649847681
-0.403230872364997
-0.272587928534052
1.090539319973572
-1.144599483266633
-0.657149169525229
-1.090875229851370
1.534938603555429
0.559345312758051
0.136642183648669
-0.023155450939920
-0.495981284272592
-1.047930865857146
-0.283458618949475
-1.900981006663925
-1.151375991391577
-0.868530153921584
-1.419210051547229
-0.381274271468153
-0.934332347298367
-0.785121349545539
0.731453311154089
-0.321968809232775
1.645278857327332
-0.325519822928976
0.175138779303765
-0.354572223133840
0.451337796477417
-0.163083512036603
-2.140261303818374
-1.208850823474670
-2.037287594643980
-1.633993545249449
-0.967772015101504
1.795819653626628
1.095476770730392
0.757124468892717
3.360373561713832
1.039656936877203
1.210938110070502
1.769211653073984
0.695354622462195
2.573734706844435
1.029205027231143
0.664666203302478
-1.511837098722942
-0.468767610840344
-1.910936628192143
-2.280768789153523
-0.398162520208857
-2.285794336486163
-1.524737341629616
0.373243211085776
0.264373086141367
2.554056707880545
3.299639574503024
2.392106070347584
2.351538635761664
4.077165728120599
1.765972454790316
1.241403602049562
2.726454018643215
0.233634884851758
0.319744846075141
0.635197793434368
-1.007281548683520
-0.298714598634378
-0.735766186413390
-0.334679905057003
1.144931755807021
1.358352265038211
0.786481715121496
2.445501213840712
3.233714520073052
2.083902242947081
0.741658271525437
2.345461962967256
0.792287491037192
1.377718344442020
-0.603239191141976
-0.412752804231006
-1.661891185364091
-2.962028170397378
-2.699443264106386
-2.891909817213242
-2.627650031226948
-1.346403949985092
-0.659538849181524
1.291031831950116
0.547683386406882
1.473874656957027
2.027476461819728
1.546875448106078
1.438207752766493
1.487989394395332
0.629877957723726
-0.603512450530987
-1.858580583018184
-1.525676154725107
-2.865300360209476
-2.756615380377938
-2.932354850211405
-1.767572038592271
-0.765241073228144
0.047394430908441
0.040684124755881
0.564574023755867
4.016845188177915
1.805635868528851
1.993850178030224
4.308096149951691
1.654588239366458
-0.480512491651844
-0.188014658724618
0.247511573651420
-2.112593425047571
-3.925636850585009
-1.924715639449655
-2.475293757865640
-1.234803140552924
-1.069368880242317
-1.398924342046031
-0.356210521263666
1.527867579608040
2.237252581611878
2.413716752670843
2.795110609897951
1.225414639575858
3.349190097242464
0.851361581119577
-1.453815133160688
-0.840593956716861
-2.451266276364812
-1.169444555269241
-2.976253684984778
-2.074139296748720
-2.270673727295629
-1.280552863323369
-0.899892501616869
-0.445846080182268
0.036472118747633
1.579640636399218
0.327201056760072
0.893954584390757
-0.700267474497259
1.498261594454100
1.025670865895820
-0.237266422237718
-1.648526987738563
-1.151682826151632
-0.957677989522596
-2.112765694241028
-0.784978528132210
0.000649489126439
-1.541347639614993
0.398181799819514
1.736883642939351
0.497809334122225
1.144583803455042
0.781266997576375
-1.450241623718244
0.144104165051943
0.757856557658471
-1.375785292018580
1.249093832932608
0.202534191534191
-0.018149488361718
-0.506029374214549
0.083162301132084
0.053049676270296
-0.475163850336193
-0.207892045670137
0.408672949115560
1.710238844469123
-0.829281061207119
-0.273835982634644
-1.601651452856230
0.459223921328621
-1.059297849741517
-0.074546062792864
2.131812983672614
0.354759291043057
2.520564207895037
1.274903724033382
0.949470105754765
1.580759135043095
3.031619004417281
-0.037702436776738
-0.538973479513437
0.208660121100636
-1.792482973379594
0.353794173633403
0.236026969417632
-1.228283247591823
0.512833145482125
1.431631861747354
1.000483184709773
0.232532685571093
-0.571541833036200
0.344925576684488
0.677272958727125
-1.142443356785448
1.473855959861725
-0.197271887005402
-0.732469483597156
-1.764749083983957
-2.068741526797941
-1.500122684621118
0.334860519569204
0.867764856696702
0.026264151515478
0.601406899543636
0.793907750361820
1.917327735091923
0.984927037017093
-0.352852611451085
0.901543807601247
0.352119903992925
1.553770636417018
0.060311665122214
-1.336389069994774
-0.758688697229904
-1.411882779240414
-1.982692717942388
-0.930744879449402
-0.416614571928258
0.137119792862684
-0.284171393496124
1.703974227924401
1.634096018337934
1.322467085562061
1.593287317358869
1.078076318918634
-0.414331118575826
0.750908830819319
-0.249263787936303
-0.624721763545623
-0.748025950874060
-0.372772058721996
-0.781606002313927
-2.012727556696669
-2.368729315849744
-0.308727469920446
-0.439040964806263
-0.271165633522554
-0.516705477200446
-1.198640120808582
-0.496819902299607
-0.295461774725148
0.196580133612833
0.777663345125830
1.115642732942552
-1.153985591829175
-0.846275193199344
1.499495687815850
0.771613030695495
-1.723867805968977
-0.736146239971319
-1.099874891178214
0.507532998720898
0.559535971792661
1.790058415761445
0.612999786870636
1.619546450188776
1.561924523237902
1.273116937350219
0.939809683910497
0.004380863485317
0.624598672808839
0.032425190781160
-1.736616437686277
-0.937255726437677
-0.526103681648587
-1.647588312294804
-0.445291548628479
-2.005216530239578
0.310431435737475
0.308374412386395
-0.566968330004717
0.074069126104366
0.873361430393998
1.618016470427257
1.986472776127473
1.813195976918762
0.740950849405042
0.860324962125170
0.110670960286754
0.040319874752999
-0.566699828303399
-0.825747048684130
-0.076079739416568
-0.233338400309265
-0.235498157605651
-0.743915290918142
-0.532323011265604
0.095245327904848
0.841695989374695
1.002758437348204
0.714858961558314
1.407667553151699
0.105172061852763
2.460918592470856
0.119270470822424
0.746330790958293
0.665536555320144
-1.235351633921755
-0.861516007418095
-2.774305793781149
0.639351388384456
0.326228537103492
0.689259813746382
-1.772000538273035
0.156612851275276
1.223289587107676
0.209086886994675
1.140180634371071
1.507942359348913
1.304726130270823
1.669615775856073
1.130006079451949
0.268793819851781
-0.443839270482254
0.600965605425809
1.461558313261921
0.419716191089220
-0.552468811725621
0.268061138800214
1.426718263342011
-1.355942788788932
-0.377811825742104
-1.682351016911659
-1.376244437985004
-1.531019972274966
-0.331514378816035
-0.921989470222981
-0.317455646588654
1.230704039977136
-0.708184863742298
0.213832071593844
0.027506042201032
0.424176654940700
-0.289582154675645
2.369699929906839
0.243940608454039
0.079014574542675
-0.170401222029885
-1.591908071803429
-4.571584160367404
-2.631500168273450
-2.606859785364356
-2.943712569152977
-1.793369421589144
-0.700305551108864
-0.448378603224654
0.439127591630706
1.297658503506635
2.479306351648837
3.137693965123599
3.703050833874626
1.984625244721165
1.483744831202840
1.973297192933192
-0.225512764395938
-0.999832209216754
-3.449570588334240
-3.441810814214711
-3.729084895538551
-2.032542199247430
-1.212048216591437
-1.385383330279077
-0.010699034647348
2.163457538136476
2.159823433051276
3.096411987111446
3.966897822475091
3.849796957555349
2.716128125272231
3.005448857514475
0.924361143655947
-0.155457178026820
-1.686232256562995
-0.248844301492730
-1.582529367128366
-2.980466279498536
-1.712263293743352
-1.460552813706628
0.548836686656382
0.886126489526591
1.673044266325341
-0.411403010748149
1.490418807382434
2.682574492892437
1.835155806400378
1.100402866069160
0.520246196778477
1.033019200283817
-0.093344055167099
-1.056467788191632
-1.161239675438845
-0.406401890599210
0.352173867449843
-0.168443817952066
-1.745365576089766
-1.836899683155455
-1.196262995627843
0.681215208420409
1.119551610355531
0.815877147462864
-0.216039020281263
0.127597450028172
1.549301156902749
-0.483977697834967
0.088082974697728
0.868820697205115
-0.244119716533807
-0.455183576870260
-0.929114616572942
-0.711223333564239
-2.686250569600041
-2.172169006833903
-1.310437799685054
-1.297310652692163
-1.951313113521189
0.529364766300496
0.385591704612657
0.655817400598357
1.755119013290042
1.559923465266546
-0.434642674134192
-0.793098823247232
0.127162794444197
-0.044984320451749
-0.453686155491081
-1.001508819024198
-1.818507070088647
-0.809173648146052
-0.853819299950265
-0.820871339574392
-1.038026513136500
0.957971887353357
0.271867914108405
0.691299035502000
0.298888019872135
-1.213497542397674
1.285660966104804
0.816451007133286
0.063554401322504
-0.321541914443042
-1.936040258733233
-0.486252438319288
-2.327539799194338
-2.263803291987100
-0.739966858612817
-0.143312990279108
0.086155893118335
1.562496989569664
1.046757658650387
1.418802033043786
2.505703088087180
1.290028974604645
3.634191954775174
-0.844091852385210
1.505868782267592
-0.307768605942182
-0.594784282531044
-1.374121154112727
-2.085008751574704
-2.014485745395787
-2.208756537297805
-0.327524324634117
-1.815042654226714
-1.602348201336929
4.014471090490627
2.348019791114690
1.843966686627767
1.364070775121104
0.549033278616363
1.278821267072477
-0.374258237049347
-0.748937116517174
-1.315599959122994
-0.429727640518799
-1.386316315807640
-3.605930195866958
-1.426851151799794
-1.359591652734825
-1.087009587513240
0.012173662449631
-0.691096162533689
0.348016792348714
0.793136554320437
1.467671788003257
1.343746290105103
-0.205929257203104
1.241443159288479
0.098803295302407
-1.048529239696617
-1.815559028275936
-1.855146200093252
-0.583936409407712
-1.218289976937298
0.396294023077464
-0.964563785326138
0.709259527131548
1.187960967954719
0.177710930789690
1.189477519219129
0.998715391954232
2.696369750727912
0.972964105267337
0.290845197973231
0.743022088500623
0.631667078061536
-1.117668889979603
-0.949733812195221
-0.336728774479669
1.196187625534357
0.577890303386347
1.920691194413480
0.400661427029442
0.047667840880363
-1.238320031196177
-0.851950745233924
0.287891736096329
1.039686549402155
-1.200245806607540
0.327384689460095
0.533127000267735
-1.187052877069395
1.362808645878787
0.084173386442897
1.390622485492911
1.561200720595902
1.423599843524762
-0.847940541419953
-0.551582941875041
0.675141201697053
-1.646134143253387
-1.945208021277808
-0.875328235978074
0.007392788724563
-1.265883341327567
-2.046901741916793
-1.137097160935003
-2.087558534465427
-0.008353082076345
0.379743028575115
-0.167483724698346
0.763825181146772
0.194324751514491
0.100674512508748
0.306640468282094
0.016444964901120
-1.074832953979775
0.505182629546509
-2.064063299245355
-1.088577811273648
-0.388386926487928
-0.665457077066080
-0.322382653075669
0.059928420785544
0.225364015580492
0.637305042533040
0.269762861980446
0.400204958590856
2.679514219457618
0.918317528033479
0.931396733957947
-0.766001205305221
-1.714721383828385
-1.249693259584547
-1.721561329515002
-1.893352782825274
-0.435667045898703
-1.637430129886053
-1.291717322815976
-2.312400950213320
0.055252356409723
-0.548895858899532
-0.112088376427812
0.034576014740593
-0.172405395280439
1.726952335691384
0.125509105519314
1.375716564376845
0.181398167054076
1.884252128501166
0.297312188504668
-0.027880966681660
0.030472996331544
-0.618558087837074
0.152459405132289
1.549366920975299
1.787326218101407
0.627653287461989
0.863683243925815
1.328307824200728
0.540506906693126
0.672565067826616
0.482013972619090
1.079507290378942
1.248958485952916
3.130495856214595
2.835477063268097
-0.155620761085911
1.155756865997148
0.647594402605805
-0.464330587251358
1.123950746875306
-0.427239607744458
0.695216989782938
0.134150064187662
-1.061485112218008
0.479545731169226
1.202128365439873
0.779043169595414
1.531254835362338
0.861674926610226
-0.097497157281577
0.436223747267331
1.306089774864834
0.353982038311056
0.951653550865154
-0.315257038532587
0.149870208868493
-1.681818267020195
1.198897977820254
-0.024476273451044
-1.333836343728790
-1.275536375581581
-1.164461135478527
0.671038573283806
0.206493476339533
-0.860605216950197
0.991956158365126
-0.294636953963018
0.960919129761008
0.704974452142845
-1.087043945377568
-0.183524704717672
-1.083801564823093
-1.612948532706646
-1.456707279805917
-2.374225776714867
-0.850205487953191
-1.504587883994125
-0.210878910349337
-0.756127165658185
0.682349529416630
0.324508439787164
0.010659679619097
-1.724150318757045
-0.893987001226812
-1.678827975051172
-1.688914009555375
-0.689907895275928
-2.486601378482257
-0.733982234588506
-0.925217915281829
0.633020869324306
0.452434659673219
0.899749711380421
2.431657901342711
2.935876583685123
5.423431314103103
3.238042295555028
0.633106745995860
1.020674583832593
0.641588357152451
-0.417611835139412
-0.034915503447628
-2.108554954497201
-1.160248652264592
-1.993919535926827
-1.745516774766464
-2.337504925063932
-1.065755107725049
-0.903325744248278
1.175550910072587
1.239276368645605
1.598423031524626
3.997789448885672
1.967795906850069
2.672442198186245
0.448843056807701
-2.550529187440552
-2.739203907657051
-0.592804515850117
-1.195435412961566
-0.347337991566272
-1.240426401303689
-1.474577325892129
-0.765426316852953
2.736760075813813
0.280453657810139
1.429724828829176
0.495667752677094
-1.116466246162233
-0.304909833057688
-0.941509702354646
-0.941638586491649
-1.533057566676330
0.303438495577772
-0.979702311350848
-0.302188994823233
1.398657784651522
1.708102848776750
1.055092212022529
2.210688664347391
0.437358157557557
-0.294499553686649
-1.702215563639139
-2.564563199516137
-2.818171790571188
-2.278675955208156
-3.422850711387700
-0.015069908425527
0.780897225729113
0.437327956828664
3.419860499174533
2.223959270481723
-0.562278602855740
0.925747283984695
0.886529969197253
1.106627604270499
-0.970288757231541
-2.916386717059196
-1.071069489148683
-2.727902180701942
-2.556477571931780
-2.148305328692640
-3.713892600139747
-2.771462098204676
-1.766645192048993
-0.778626485670501
1.671255266026173
3.430601509676690
2.452567938269177
2.649157967516931
3.040612220236687
1.629978029220397
-1.134234462354416
0.766518976237758
-2.575674138252819
-1.651374757445011
-3.517164240307555
-2.141672615364097
-0.797113359488909
-0.868257613936348
-0.693023069906448
0.397789282532920
1.016010152787052
2.828537129001608
3.213961698125563
2.171057981163294
1.591798761271855
0.967064579899900
-0.636334813761845
0.833639965426799
0.330314006849719
2.121107600923180
0.939458781434732
0.350555012164437
-0.163968446001764
-0.638724231575578
-0.351416378830724
0.859162079834379
2.186139188191068
-0.212981862649748
1.133594573864916
0.791054057820454
-0.241759295180408
0.177312881717629
2.375274551214461
-0.196408920258506
0.372695603017231
-0.683862627078291
-0.781997425797467
-0.933583297779274
-2.151124648001210
-0.972369496979336
-2.440320994892552
-1.257457707682449
-0.580566420103240
-0.981248481097313
-2.070641393891544
0.437566690350373
-0.036168139775645
-0.446187623413924
1.054022988200951
-0.546239375607335
-0.561781590633214
1.777293084401716
0.407101734846811
1.361211269926344
0.139848090287484
-0.189293955576916
-1.625580986852024
-1.099245722275805
-0.870250740203334
-0.100665394062278
-1.711865161869672
0.639414389994529
-1.491647989275931
0.716700281382549
1.215568103638117
0.059559135796092
1.960513986191799
1.259233112785969
3.279569647704253
1.836828863082586
0.506021911556621
1.240057827570365
-0.459587520190659
-1.450751008230857
-1.271107344258140
-2.639107435001365
-1.782755377941692
-2.504177120664908
-0.257948284840025
0.112409271521140
1.330653057227163
0.131048098146801
1.207114971672071
0.651373408018729
1.300853405376816
1.848432671372383
0.016067739785300
-0.574106778775052
-0.270792578875055
-1.968258735295054
-1.035596130296265
-1.754861773989893
-0.704704947395510
-1.100303695515428
-1.768611285815521
-0.368335184268134
0.863833858197867
-0.869383951146121
1.241010526324082
3.012417127292850
1.306522278164012
0.344111177726927
1.280143640988218
-0.676833908055371
1.413632072461664
0.345057669894196
-0.922901733944935
0.219366833342075
-1.592322602582460
-0.982591694645925
-0.344202810658882
-0.105112447291524
1.290380577862372
-0.503033009153676
0.936233205454460
0.270264083016052
0.456337410462967
0.283195425206796
1.298351355858587
-0.346563168616962
-1.603837928729865
-0.228710210345301
-0.144858188230033
-0.102321435009734
1.426029351193595
1.203949659304887
0.622111478682792
1.729497361310750
0.136219032323047
-1.280527656247077
-0.130294359772719
0.421181997238941
-0.528863483319178
-1.793624108091000
-2.516556480439204
-1.807407959776892
-1.860137403609922
0.244497191772151
-1.264952233354665
-1.201339693680564
1.298374776558409
0.912039311362534
-0.592492687039273
-0.719877788542848
0.265694517885284
-0.799919752251501
0.383666706333703
0.253181410027004
0.020135921870529
-1.837679955759657
0.086338121658534
-1.065450657185939
-1.596199677849536
-0.478127702523493
1.555341708202429
0.003829012557010
1.981441109881535
1.359390695547254
-0.321842112881305
2.088625425658333
1.707836075572672
1.564320533588805
-0.735478972328646
0.358509167896034
0.119235308390136
-0.285904222073010
-1.299047367890701
-1.247645413481456
-0.482406614521188
-0.755383410111525
0.152317020358707
-0.561143820964018
0.780610789566184
0.749549343333007
0.810609665401464
0.612753483365440
-0.682196725260663
-1.399935528575316
-1.170446372547569
-0.115195953046788
-0.008062573750050
-0.654763150745611
-0.061891107918366
1.342374784018231
-0.205995261591801
-2.030109787286423
0.174356966593802
0.709179736233518
1.868777579153390
0.925638891247003
-0.707408388657846
0.270750426548020
-1.327627340342750
-0.334794880855154
-1.154293561422442
-1.348688967170289
-0.678861266342399
-1.819137429866733
0.832859787355227
1.006616229832730
0.003327410400909
-0.858729935130706
1.736445534027561
1.032230746980209
0.234731024883764
0.066401360547693
-0.860213104827576
0.040580303860651
1.624385159039782
-1.041667052611314
-1.411613643182588
1.716449109840400
1.184550180893067
1.048377061825728
0.120623583067469
0.236287386373562
1.677666883723910
0.648141140230296
1.318546120231895
1.700513567865424
-0.157985907240453
1.984594692263932
-0.527189313158674
0.653955071754979
-1.639136948796434
-0.666434821886703
0.003345695812069
-0.673266664728012
1.654471908837999
-1.049570406253489
0.725211308600136
-1.064743059133197
-0.976617948782603
1.701364053184558
0.372647884944129
-0.459147137112798
1.179071212922298
0.103596040981739
-2.298417596044145
-1.404880578713547
-1.095016334683448
-3.358390910113390
-2.888426396246488
-0.226422854472616
-2.915912637565131
-0.717545831994279
-1.507751824262737
-0.566280843351922
0.751463546557555
0.797407525647305
0.084827253577839
-0.732682222250397
1.145563335988751
0.436963560493047
-0.795736159511122
-1.042869423866319
-1.167439878703163
-1.333444165523776
0.344085745775167
-1.570049790659508
0.513573967511762
-1.577467018358594
1.613612010486531
0.704011131851517
1.397520791124766
0.861981587911452
0.149658650633379
0.273082610457053
-0.499326804666247
0.114453872703613
0.838793262480647
-1.658199501724430
-2.433852409444026
-3.167728165723639
-2.201371923807543
-3.200702003303117
-2.132382598886743
-1.759550471476643
-0.839668222781195
0.719144012880421
0.798663454353565
1.130053550847087
3.882336909151303
2.832757698867637
2.049584341243344
2.217082370870538
2.074187028470571
0.147653752897833
0.575169459246597
-0.532472651685147
-3.078211966651010
-1.521798700929112
-1.402945921633961
-2.543195335904540
-0.473496815836324
0.499859648146705
0.967332168737716
2.451848427755687
3.419651774330492
3.224296617387600
2.561578083046129
3.371488817668683
1.170346006155091
0.574401427442689
0.016722408051581
-1.793461055707763
-3.616439761180196
-2.592505420924161
-3.796970499096081
-3.817844778269455
-2.843092859547378
-0.745364190181189
-0.196221967990018
0.785572382494823
4.289902619306275
3.663972155161439
4.067461334101286
2.503189033435052
3.376984307384101
1.138738360641754
2.117811850918377
-0.648756613256608
-1.443205482373070
-1.265161093653965
-0.697200898051442
-0.711802059715160
-2.177364464778240
-1.980121853152624
-1.062444178399002
-0.747693950699500
-0.660085792689003
0.215446114114400
0.220656120599111
0.389308715622890
1.762205745126876
2.353246567805217
2.227779894146855
0.855660353762924
-0.850120796268355
0.036410466493276
-1.317573765161826
-1.557546264773669
-1.002668199287939
0.140269378256131
-0.272126470664948
-2.549891573575689
0.711408822411296
-0.596243210798701
-0.476365294090677
0.630334279042952
-0.067643773952052
0.257592196139137
1.663727062622758
0.462857418413795
0.384778099755473
-0.660343133302530
0.328941198389610
0.324544839166180
0.563359210808022
-0.421156276842347
0.006329876290893
-2.349311755916139
-1.948654708817310
-1.022675210072309
0.837230462575419
-1.097244567931654
1.257742134179573
0.430859107226921
2.114996590246387
0.211572445976506
1.880902736396759
3.739949593338099
3.197907147872685
2.703708709750846
-0.299058214889631
0.593715743539568
-0.529514125086205
-0.354982461644678
-0.543882278699781
-0.921140310049414
-0.866216400293574
-0.438716169939921
0.755519490397004
0.205334165526164
1.334440561092015
0.861605197754037
1.829167494784679
1.737338791643324
2.115545894967161
2.175396437194282
2.487925080877957
-0.765398032989105
1.978901242315339
-0.406732149295673
-0.627501072096303
-0.522261197299315
0.265518063442260
-0.064073307229682
0.224829697486576
-0.204773267909226
0.559849006444930
-0.502347208186283
0.306221969085733
-0.168754885986934
1.441449978043590
0.879048937113131
1.778243290523803
-0.564135259066803
-0.490537602778279
0.799841693967706
0.103546171801005
-0.827568550923145
-0.137196725544567
0.749572519580603
-0.312878562510470
-0.942337718118093
-2.371113696501355
0.478121593859342
0.549517157842030
1.349753942456826
-0.540729225627852
1.659199121433894
-0.571291604115465
0.942022446740568
-1.780730662773987
-1.374802864375933
-1.835708246230487
-2.162580058156613
-0.498977985877216
0.724425256845340
-1.274708314378621
0.800574776538004
-1.787829279291327
-1.249898474412699
-0.674979171035759
0.088770860574735
-2.294864412311882
-1.119227701121907
0.595380608884951
-0.998483585665375
-1.642864171377002
0.483274807844288
-1.419597730013566
-0.588537557601202
0.284346409026927
-0.030473600430829
-1.352030046540154
-1.153354512367164
0.005133692336323
-0.127902825864095
0.254434771594386
0.338367576228000
0.086016320496464
-0.406893092388562
0.501493503449402
0.237627217978308
-0.128337997729546
2.120738262459378
-0.234033983283713
0.180368266457648
1.060082374505208
1.207289176523392
1.307229384388277
1.774767754180264
2.849452901589741
1.734692723064178
0.371501207443427
-0.486776594790655
0.182872898632807
-0.883655502225319
-1.728664433827015
1.813810848417207
-0.587752764193802
1.481330638306440
-1.061519274230519
-0.916454691405660
-2.137769346399892
-0.095587697808659
-2.041063158107424
-0.701328992623596
2.065578481834999
-0.874387612505914
2.014641335570058
-0.701533448656885
0.160727333484188
0.441823833617544
1.002199786247333
0.572484107057823
-0.730069320426254
-1.005187596449767
-0.367018358981256
-0.242099448614677
-1.529179036469307
-0.224233982928120
0.092787399877000
-0.689198534210179
-0.007570035660040
0.154330407724564
1.825424399456076
0.979599879592422
0.943126353628337
0.701558506062840
0.446579284688428
-0.647462455556349
0.158190967911038
-0.051691100605011
-0.596784339463653
0.815896984360396
-0.406105556320641
-1.243431948870080
-0.883276124910556
0.569424507899611
-0.260237732886527
0.852324497303763
0.119015004186731
0.836153244036666
-0.225686020475261
1.008742444660727
1.936141929818782
-0.163500842709634
0.817303538086507
-0.170176860707850
1.387290191948849
-1.652870588501692
-0.390443566457092
-1.053738152519211
-0.640461857239254
-1.217371224369832
-0.276534801676835
0.545563404153138
-1.529062965302228
0.862263300484008
1.174373434975680
0.380919960226470
-0.998468836800414
0.457611408660837
1.255676459488792
-0.860995109768718
0.559281389455288
-0.172154500488073
-0.019946457530703
-1.016319784618433
0.199410572316340
-1.593379827460810
0.039795346755576
-0.474627862630569
1.061805313272591
-1.445045971360308
0.744483097517490
0.032271674145909
1.024623157693479
-0.246306695715772
1.685547001215105
-0.036440785800443
0.052730937718782
0.407090249147517
-0.612363268160875
-0.541946596183516
-0.993746744881006
0.545123006829754
0.555690749220720
0.728491040749395
-1.429304270702875
0.003243789614568
-2.080161523015743
1.571169297089256
1.187043671647564
-1.315800777840447
0.641642340404862
-0.634385305850551
0.221942550817742
-0.368160981190275
-0.555014200883194
-1.397480316661702
-1.946918560039330
-2.857309042998187
-0.624155894223406
-1.080571179662962
-2.035117677644306
-0.755380617532436
2.048174081779404
0.357398691680362
-0.020149185246495
0.186347586697000
0.950848560291341
-0.569017325238885
0.179457183044476
-0.069501731502901
0.356210248070430
-2.028690443119001
-0.116375631796257
-0.536803374271666
0.622495605381991
-0.644215684563647
-0.430714800834500
0.249183505123986
0.827431045712206
-0.801242081062222
0.804697936344307
0.698665111469525
1.347137955017099
-0.148051586352019
-0.517670584026365
-0.377361654301520
1.510109306210674
1.516384231909643
0.255503274900186
-0.517867835199015
-0.028576206307251
-1.759905774216907
-0.041357094882061
-1.025866658403732
1.088165701838792
1.033544111905415
0.684093310920814
0.936229387411068
0.810829649493508
-0.338931965600413
0.807678556719949
-0.252538637477200
0.161947307132032
0.495196023153084
-0.101068625917835
-0.278314199514587
0.057852844508174
-0.200039973075690
-1.352171786662089
-2.216757217859026
0.238398390999341
-2.845394507806023
-0.431589432882041
-0.126214723093556
0.383415089000115
0.194187520610876
1.419314562811755
-1.149385884631939
0.675746290935485
-0.722448496627180
-1.517294987173281
-1.525378269551806
0.362693344093820
-1.755017722548888
-0.234003128769151
2.206508660511454
1.492744058271895
-1.289061280801428
1.508440243253328
0.591849012878550
1.853409516102719
-0.631061882335192
-0.725357334406736
0.401412338518427
-1.636476500504781
-0.031732991691880
-0.010497687659489
-1.377630337570145
1.238736291733280
2.696465788157981
2.300177116573233
1.344748414776253
2.256423490909203
2.273382454617539
1.269911814933892
1.365342832590970
0.061498861034985
-2.266088261573998
-1.505561671211944
-2.670013060308355
-2.387769984677087
-3.364868586865032
-0.711824629016095
-0.046399021194014
0.477093319023972
1.929334363532593
2.250131412920040
3.643010337214245
2.300868103876212
1.517183613838856
1.471492865045237
0.898063445676706
0.073769258078613
0.365341093047950
-2.010749409621879
-2.209650684475330
-3.806439416957563
-3.324646761388529
-2.989986267289449
-1.598348015251972
-1.132804361743706
0.985652951861983
1.196526530850738
1.587239349063390
4.320195907781974
2.873333043720471
2.881186235899804
0.089495432459666
0.663514251438766
0.329614714614687
-0.408611112767010
-2.251064703054036
-2.503560568822626
-2.914833512825411
-3.307485598807261
-2.941346272413114
0.153345629032507
-0.719164696316003
1.328877893327915
-0.130056043420865
2.465126704695264
-0.835010972959054
0.663091459220545
0.747492616202385
-0.096835800830087
-1.286860275335782
-0.074223878306056
-0.960249117977531
-1.815964619988893
-0.670618964711523
-1.835615536800514
-0.402061707619137
-0.053678691845113
0.405812128879933
0.000882736808188
-0.443740666157091
0.534303895850033
-1.222940818210452
-0.199377615582383
0.080181412280863
-0.076442158488366
-0.390067869882854
-1.113077300923658
0.738175002657680
-0.119519479113702
0.255563606630798
-0.718741366183615
-0.446312293784713
-0.169926118303700
0.011616867377000
-1.237582958162594
-1.632379525537668
1.041941350198613
-0.412541109094892
-0.521059915177871
-1.333175683170062
-1.088234979784829
0.333880081407578
-1.056873556588076
0.257339846595754
0.191888571445266
0.535687519686196
-0.144284664519821
1.085383532248193
2.789347744232716
-0.027791123297877
2.119104981493892
1.504115835383082
0.053937679288775
-1.032063377259520
-0.876416730771666
-0.485327121428014
-0.978468019023550
-1.456776722370948
0.868459788958708
0.446562235724253
1.823118542895263
0.531519463380758
4.602202860856153
1.485184206696661
1.614784269691073
-0.019183869543403
1.311684455626683
0.123586569356697
-0.604292675787642
0.122909258617653
-0.606472949663330
0.824101123017436
0.301327425109605
0.357797020358652
1.199206619131102
1.013394942516582
0.301786263181626
1.645645882433174
1.626933024429783
0.852360896633196
0.057863946676841
2.547588174953960
2.341558072944339
-0.043098055535906
1.035257193549605
0.794844942609464
-0.695462427071318
0.375168050563334
-0.213529738381699
-0.304169655401091
-0.137213301261825
-0.649516994107106
-0.131224358667310
-0.074002919521326
1.089914622714406
-0.251907344795509
-0.166777772172507
0.527910877471836
0.574733835393090
0.007867044165601
-0.072057342906419
-1.652501441171353
-0.040328277798602
-0.883290033825162
-0.073474881334340
-0.951539948559092
0.651358388140898
1.179147015069206
0.056369003171191
-0.071328378848567
0.318741509833942
-0.665826990751024
0.799276509307403
0.741663755022205
-1.154740730195635
-0.465882267120122
-1.085534987419052
1.018725956537053
-0.491977208160670
-1.232130273830943
-1.107112884425700
-0.474921772796382
0.209733223480712
-0.743454553710543
-0.639689919016197
-0.850672662944188
0.769628610705349
0.498532057571248
0.035085939969430
3.338686119918119
-0.004538654168534
0.074458447296160
1.079058355288248
1.680445020623614
0.228504806766404
-0.258551300472415
1.503245102531669
0.580055960570883
0.611412008547438
-0.187606473585441
1.905598038065401
1.890483192262028
1.229454581831348
0.106499774652749
1.243763441893323
0.628585790501820
-1.317962529229889
-2.241193626197250
-0.120347936129058
-0.979935451132895
-1.474166077584015
-1.256636461053625
-0.865158113116962
-0.769177106698741
0.939567242400245
-0.376267108786063
0.108096981343256
-0.399808739020903
0.022115176473937
0.308754594587220
0.232169262886304
1.166446943000051
-0.397999981377273
-0.045664616405035
-0.661306088400394
-0.027704259184086
-0.926916136299747
-2.720920575988012
-0.603391408261898
0.322456178608971
-1.110297737812238
-2.309090688272391
0.047386549752179
-0.937879453392946
0.266378919309039
-0.531843470384940
-1.180386851714015
-2.652051257094143
-2.690570856450350
-2.457464506521753
-2.349716493703363
-2.696706260163355
-1.711273312050494
-1.945235531407830
0.247486056247632
0.641392964282805
-0.695889722781836
0.045460110155730
0.779597086200506
1.810089650566594
1.702548232451392
2.648612569342284
0.055395864858594
3.346989547966691
2.028358345225893
1.221512304818947
0.821893821485210
-0.187604698759863
1.090000616900441
1.246268301399292
-0.286262849485517
-2.000038904317767
-0.376845049484432
-0.122540632570927
0.596994673426025
-0.815969684405928
0.671538649222984
-0.148156283132850
1.726470900932449
1.256863646884607
1.623037612220184
0.617830891645037
1.282982973914526
1.273197140523366
1.604176057045937
0.859285856744064
2.427658485111530
1.112903717472638
1.440371309870726
0.843046625739142
1.567501891959204
0.894012742112417
0.867941767781929
0.789968099103002
-0.356517127399234
0.819642641051765
2.270168231347470
-0.265836472652094
-0.125083264581229
-1.676465236301055
-0.405281268657343
0.508081760505207
0.059480764433771
-1.400618109427964
-0.540437116385084
0.224171573578198
-1.246554806684701
-2.273230246580249
-1.257242301317378
-1.559272289348491
-0.581150937432275
-1.074379349421888
-1.271663203195973
-0.573419154330848
-0.175958514407223
-1.029597918339281
1.384849345679814
2.064807836191367
0.738390116130999
1.635214898661011
-0.205665245583620
-0.722895683345407
0.452437462570380
-0.823109431428197
-1.664213040889420
-1.206139001734433
-1.204639534240908
-1.672009739216283
-2.405583313533050
-0.671794725631018
-2.255206625497586
-0.084343680511863
-1.410466507763700
0.319495099205814
1.840005070703693
0.698749912489548
0.197386807431734
0.626590585160740
1.507671268422181
0.518109852922872
-1.188660249441282
-1.170456747521031
-0.442971615374338
0.444453741470616
-2.415450619344515
-0.594556915774741
-1.245166254173405
-1.382533030910559
-1.890827809770950
-1.008112798182422
-1.426118575418968
0.683932863572534
0.726449060406751
0.423455226355136
0.723442711901621
2.800023834880736
0.964106533853401
0.063840922944873
-1.900394026444971
-0.302840989943672
0.079720867956191
0.164914533377163
-1.827518649069401
-0.432458471391405
0.029812658643528
1.474258519430482
-0.623959586871065
-0.766542371900417
-0.578024463137782
-0.691602913599692
-1.521747399695952
0.256533413974844
-0.337153298558032
-1.062202455803184
0.183234253792416
1.500465882925417
-0.500411500191184
-1.466422604741688
0.558227292909091
-0.574392698294014
0.244354527063484
-0.450547948507438
0.752505046579260
-1.915407308040213
-0.929942152833994
-0.682934042591004
0.223690162020139
-0.785810601621490
-0.855850442534288
-1.317896466058835
0.636835874025453
0.309641336153069
0.707185970824436
1.353762419627121
1.404317934983607
0.747061810218755
1.664370014821273
-0.434213074075337
-0.586771919707629
-0.558428418182065
-0.567513626546556
-1.272837364812853
-2.126551225973231
-1.649719383999998
-0.613417775340119
0.991032892147217
1.760681571604029
0.551031696071459
0.008029380769423
2.247324414855386
2.519194765287712
1.848188553659696
1.619581587467438
1.089991921791771
0.403025602940805
0.311973407431910
0.965716360353722
-0.730966289298757
-1.044768939069923
0.945042492781184
-1.636241736138858
0.071293396705013
-0.701034644253250
1.842050641572549
1.529318331135595
1.662770372743353
-0.387881545571333
2.186573779083495
1.458374801714473
0.389544649902193
1.407094892163455
0.257686088508175
0.491900999144500
-0.569637090283973
-0.237026573032139
0.399439778394425
-0.331853132655290
1.215023886203530
0.532568138434772
0.336038354743299
1.752067471043107
0.410413059073283
0.904235383507372
0.645660902250516
-1.171382951502447
1.152691918019153
-0.608182792458283
-1.431356304767810
-0.152890045968924
1.364557747727877
-0.550313549862324
0.801050398392367
0.985546287604845
0.293730557494632
0.659446878905292
-0.567590818727928
0.880474860754596
1.162839872252496
0.279988572297831
0.357267862656026
-1.745513568703600
0.724054801301688
1.857937907401960
-1.165880237395413
-3.055332279106433
-2.857206867509832
-0.468409477115062
-0.497210796042760
0.323942579298211
-0.551094203949943
0.179959704908795
-1.360918392165468
-0.862432261004629
-0.042424181627246
-0.500479000512867
0.156464403300597
-0.860287379651363
-2.434375238581770
-0.714428530401328
-0.461671789666179
0.153799828844965
-0.810689998120577
-0.046464800061595
0.424475440100356
-0.304318435443079
-0.058092022782225
0.245831686556065
0.870195111196825
-0.806017758517338
-0.076095201484263
-0.306768798821916
-0.616217205753435
-0.793440820396568
0.021746055451985
-1.041908123242343
0.359754965645162
0.584556881158095
-1.497107943877359
0.052645672594824
0.975533733951120
0.947311251862966
-0.245461619301716
0.438479956702712
0.721668817958258
-0.925335405286538
0.210936521400842
0.640906034836930
-0.157623927865213
0.124444065008823
-0.685737815083592
-0.029253594352543
-0.762015523118917
1.460198762824030
2.860024533631911
0.517088918490896
2.639072087295412
2.765672323094988
0.373504578206686
0.582624728449984
0.442153720054786
-0.127769568437058
-1.379549626735550
-0.635256165960710
-1.503183202841153
-1.191955026499025
0.008491397963051
0.519144841261454
-1.017680270274959
0.386676215321954
1.715245035827455
2.447115525087266
1.278512734831728
-0.282129042894211
0.029001025897568
0.097999285852840
0.437506709518113
-0.202751235098360
-1.296897900063199
0.533896593466882
-1.360640174600229
-0.783854792659504
-2.006480761175736
-2.334761961886109
-2.047953771810295
-1.190006554225727
-0.557116655837142
-1.366483168448863
-0.303849945588029
1.073106940199555
1.627041249929608
2.411767314346022
0.800452754514993
0.189205718727895
-1.646624754064505
-1.927289449124499
-0.088217916671710
-0.002319560132717
-1.954426870395932
0.037871138537340
-1.327650130779289
-0.507951484689328
-0.219252795585635
-2.199446558835142
-0.944003338915270
-1.702933938585728
1.763838970020635
0.908545581515172
0.817087748128407
1.715762080142708
1.071039751360036
1.011359239860771
0.767338851935530
-0.962505446476553
-0.990697745234712
-2.811100361610082
-3.597026183715147
-2.170638487132302
-2.529011434945969
-1.609566130511756
-2.070247761008785
-3.275799156266176
-0.160988072636242
-1.035817567427966
-0.812233640980086
0.048835202193333
1.922123651593916
1.161826332718148
1.169944593885117
1.597250548660238
0.837204445004086
-0.633113224826124
-1.650113860245174
-1.998654477544250
-1.691053380443624
0.231976141139674
-1.425272444520332
-0.270318262349568
-0.858409464631545
-0.946279483156966
0.655000038655625
-1.086038386759030
-0.134221490869308
0.367991617800289
1.258947989369881
1.303707055947888
-0.232760819231865
0.070819454140382
-1.480632165819322
-1.266159393193810
0.578736729332253
-0.940272182460394
-0.213935834463866
-0.294688210729005
0.293462045930000
0.005999009221224
0.454336441925734
1.385790068611963
0.728463604036350
0.332747458090714
1.354581823011745
0.723129120185309
0.561072571241081
-0.456803838049160
-1.873625994479850
0.161798042715503
-0.887845885149131
0.164341193424853
-0.016158933650592
1.658862382141387
0.639745046398894
-0.126095178891275
0.844597411589215
0.126686584868637
0.519708434581097
-1.523853321897591
0.432912205024593
-0.306488914909969
0.366536507135250
-0.961876634664018
1.605851234179195
-0.317708606353270
0.045176798030576
0.056919327601692
0.691258281935727
0.791295580388253
0.998520036334599
1.322737808218647
0.729759338361280
1.324957291537063
-0.321775407018313
0.520979841264034
1.066824067876808
1.610320668461735
0.333460788682433
-0.317104411918425
-0.378446139583405
-1.424433682708485
-0.222077380755468
-0.754603615094577
-0.441443011788175
-0.114251298652909
0.566039454667028
1.879054659674386
1.639192688755141
0.517289060546996
0.510230984355790
1.068764128293935
-1.266504858727927
1.282730235067325
1.756820763497001
-0.394490832936769
0.154726326368384
-1.598941009999966
-1.374397053557944
-0.561356542262225
-0.903532477983219
-1.813271803621626
-0.443905484245868
0.682804704530958
0.775627159670074
0.530202568946061
-0.373985774076929
0.610653907264039
0.786328710120024
0.231727539774309
0.420954695998851
0.007306413679196
-1.059047842360090
1.252999780057151
-0.719364281430139
-1.549790003795194
-0.626561997169186
0.272441739516222
-0.294878812628806
1.998621133477603
-0.697549122541324
0.493209326166862
0.353555701026105
-0.415259097891598
-0.950358726438833
0.956209416104740
0.241554500890975
0.468323327090405
-0.653225588893088
0.155296480957740
1.970779028714033
-0.248420289137217
-0.876031026999945
-1.121675211948478
-1.217942678761535
0.040302542777011
-0.809399920205816
-2.082807904505060
0.994916370761825
-0.303261215258193
0.257174215427473
0.758277246913874
1.021583596723274
3.063211514331515
0.943172271490400
-0.020714599569414
0.148444504594511
1.001924411136972
0.117723383937797
-0.290471088916910
-0.901907307670702
0.114918864966758
-0.914323742045960
-0.586193068487591
0.255718755956924
1.283827146741156
1.541438945576644
2.910480917128421
1.644574079799699
1.036728941298925
0.930434601739068
0.536070698260537
-1.704354008735139
1.093525745224691
1.864921712231761
-0.954136001717727
-0.324160618454931
-1.502088786019113
-0.392716541196939
-3.082086106268482
0.337652961664684
-1.407327412803645
0.982014152590655
-0.501608440285840
0.209886266664622
0.429299383235513
0.892868155252129
0.309036086204112
0.858758884499984
-0.887855231294435
-0.823250733421692
-0.433174724575966
-0.888393290102845
0.723680788901624
0.377943247172958
-1.455556433582913
-0.281267371486760
-0.238539164681584
-0.757271004320358
0.128121305932203
0.683715806817122
0.364354122846243
0.488100300656011
0.569357968367699
1.421171549988090
-0.294820739714592
-1.179188915883653
-0.450900470691487
-0.803901603605890
-1.483693270594634
-0.231764925986638
-0.898209446566587
-0.712406078976722
0.080901064132615
1.300279484779000
1.391345249005161
-0.877277847889958
-0.994470501496647
-0.353100421410034
-0.408906417386758
-0.370438437053587
-0.660305580962111
-0.943501966086450
1.105383583388309
0.984760060475927
1.778047420897180
0.488060525139230
0.172060762565120
-0.584675406946282
0.291196375220537
1.314245472825099
-0.886896133003839
-0.799775562981254
-1.775360235812032
0.568390576360043
0.044050347461517
-0.157525021196500
-1.068871499518907
-0.939167149391428
-0.370028633452376
-0.490891795609478
0.141284167731654
0.770076464486753
-0.591080417152774
-0.631174001763013
0.744603287075143
0.379712667809294
-0.326220735914273
0.821195613819227
0.368049103786858
-1.038280583445612
-0.025947852671272
-0.502416613924386
-0.241270483472895
-0.732791676723343
-0.400363148870488
0.603950812000202
0.222079364359768
0.741664307206682
-0.114891517526189
-0.071693180670909
1.201820741816942
0.406020217598356
0.828965643993285
-0.647147867666033
0.765192405304380
0.157902766679214
-0.486951351288027
-1.438385648364907
-1.069206191500124
-0.242649595839130
0.031134227804273
0.004872962099191
0.253463259630828
0.155485846403525
-0.612201034963430
-1.289066236422924
-0.914181097929463
-0.116902292630328
-0.251231849075197
-0.241560494715326
1.078665593148413
0.301034110241255
-0.265046754645676
0.089956678675876
2.057881928991297
-0.532248278331354
-0.736474148225228
0.550225130349450
-1.006362194157429
-0.586552271022758
-0.787120833430515
-0.886248438651722
-1.013386719052344
-0.548707911778242
-0.011313832630833
1.018364410106605
-0.341653673776337
-0.670978322302584
1.174464605015189
1.098304593702000
0.263496032085088
0.520805628913658
-0.185119780868776
1.286752718476984
0.223710557953592
-2.468857281084056
-0.377779688468550
-1.871911934387251
-0.765646088462002
-0.959273579895408
-1.399440556624931
-2.319796288926204
-0.537777773044014
-0.789666185765903
0.533336305323820
2.662727878679215
1.246328932593048
1.539248184232402
1.453738488396151
0.716969804767784
1.589195612273548
0.370617972011883
0.049946303323683
-1.068422183964349
-1.403159087502458
-1.172416576486521
-0.731588850645609
-2.719866105129915
0.831285714713449
1.027275245947619
0.678528784087499
-0.589121146273651
0.977168865053951
1.039334470636992
-0.423058501933512
1.094009660945689
-0.349615277885382
1.341119036635450
-0.428335963025586
0.394620836966357
-0.929149644582056
-0.689696552808644
-0.975981232990059
-1.886687477229153
-0.096276339873926
-0.764948997414784
1.250623188340103
1.751732807712451
1.725531420643549
1.626357599238959
0.855048453969546
1.099808164915715
0.949093145887453
0.914903912733362
-0.400752865803670
-1.375785693189031
-1.087149120573035
-0.569575643679227
-1.308750786536368
0.756705035077144
0.018215858189438
0.698400416452011
-0.533413661403520
0.844421803483297
3.305935482871758
1.237318615374271
1.231379252455044
1.274532292446810
1.509190200014886
0.236281248510322
0.891530041610572
-1.323782498940748
-1.115574291361174
0.905713434807549
0.344647524465700
-0.290447879908964
-0.737737216724033
1.633018910745644
-0.429640000363049
0.328248136452608
0.163470836274405
0.175661077122264
-0.331475228927169
1.040075969877955
0.714545652948693
-0.366618627748781
-1.351477332238073
-0.941778608538840
1.745359708655836
-1.766995802050844
-0.138919594365443
0.644608985000682
-0.700331264670299
-1.061959219766286
1.701754953343001
0.625724673222836
0.300502576867723
0.929633648008454
0.284181950568504
1.027183519983641
-0.935510039106354
-1.276925220004698
-0.977808428172692
-0.110034089413050
-0.981353254527019
-1.810865699811897
-1.890170312723014
0.062436652053210
-0.719637120813540
1.247175396959985
0.697059936396800
1.970564726728544
0.557544379650798
0.348695865455547
1.073470064066448
-0.242566949365295
-0.994975788030330
-0.416232346853833
0.437921196293868
-0.153604904002096
-1.067085441989317
0.596353160414417
0.420031515245577
-0.874145882674753
-1.396257199718282
-0.176733458229662
1.812651294422006
2.040509371452330
0.916781577373792
1.597426430845834
-0.533510260524003
0.719969008112996
0.127345758752841
1.188361647901311
-1.043792915010690
-0.291538938263009
-0.680258425794084
-1.387309652583186
-0.403760995440181
-0.704314147295730
-1.499335021170269
0.456756386663638
-0.450849001117642
-0.853105245529849
2.157458582803248
0.573776196758579
-1.203007749967472
0.434179344635166
0.514703276782347
-1.393422417330498
-0.619344943217315
0.437622413535193
-0.919441550064455
-0.099125919159277
0.290177010295492
0.223364019121503
0.664132343366882
-1.393807920357833
-0.082083253126965
-0.796912261224374
-1.815575816868396
-0.982160396948173
0.253778024539519
0.766005973058435
-0.708271944213781
-1.099923135513787
0.859638521769590
0.871385604189634
1.749143941944426
-0.634408499726828
0.708227440306676
0.187983029432843
-1.593579381997388
-0.933558337799535
-1.082854933237768
-0.797211436949226
-2.484062248763871
-1.345209095054938
-1.023674741454060
-0.540631631446530
0.136363777239211
1.901557416886146
2.001488342962186
4.216253954333865
1.773593976667927
3.349672910925845
1.987978392900850
3.029552067505019
-0.447953918854080
-0.551247376846773
-1.776747732761488
-2.024097520063431
-4.562403442544555
-4.061195312508635
-4.661732506106607
-2.853689222127178
-1.633963556715648
2.059672279634384
3.716799263249630
4.751720752539277
6.061266619349949
6.562429898056257
6.813418613541347
3.717201051793854
1.437925330962935
-0.274412807700657
-4.677954104980072
-4.565501448911251
-6.298172824360798
-6.304298677689787
-6.415877035454673
-5.152747241027808
-1.018005568312258
1.489511147465473
2.983811251214251
5.518512793734437
8.407441443830608
7.180486336865602
6.672235996041969
6.298402301784471
3.579841964137715
1.684530993365640
-2.119825835539485
-2.400937412412403
-5.934221697665028
-7.800705256286893
-6.301335997342107
-6.738405370539066
-4.281077438869360
-1.859600336201447
1.262269409439418
4.938146680091585
4.589042032375240
8.064315758398587
5.561619228618720
5.058727691491361
3.729008720874736
0.798006731985328
-0.974081102155389
-3.040246220477055
-4.405048677795845
-6.091307496243513
-6.360005206461619
-4.395855346632099
-6.625907976638955
-2.647815488580302
-0.706706059822460
2.980470026419411
4.183091352526346
4.892413347532468
4.668903953677214
3.547308360453676
3.909469829091138
1.610578264413155
1.591959005386168
-0.151101716228160
-3.181595224365834
-1.983541555819876
-5.799931668527389
-3.115999414560569
-3.400280126065934
-3.235850646259946
-0.463194694016859
-0.611893494338842
1.186624210892799
1.084646924064718
2.814393832249262
4.103905173779475
4.159216732270383
2.700863126021016
2.140966104995381
1.758833347548323
-0.299665103347457
-2.879704256417549
-1.765558534461174
-5.832852987924906
-3.966351528806658
-4.555801926223535
-3.071682580628423
-1.936347988435672
-2.227266127236817
-0.363628695436940
2.261217929193934
1.370780624385589
1.759181897355702
2.460556008894181
3.163260254533622
2.057934722856494
4.241373622486210
0.368139380876045
-2.553997266201282
-0.287676325005876
-3.107630796721673
-2.415721346658005
-2.439898194247469
-2.841395411014257
-1.558217947666825
-0.678055333836357
1.704609599812108
0.830406472163276
2.236149024828690
3.007609399456793
1.896492509964611
2.567982095159195
2.810926942803858
0.932312514280793
-1.469488360179310
-1.428018036572310
-0.398073262623518
-2.625737717138554
-2.032659190312611
-2.072501674227730
-0.869833816342057
-1.828151054725624
-1.072315328835238
0.072348020919267
2.623922830278964
3.820271829083249
2.984119773024311
2.107015445400364
1.989494082775326
1.045169650547179
1.185252895683596
-1.014368376540965
-0.460179357184248
-0.444314664389685
-2.824872189547748
-0.525213854855937
-0.372033489846373
1.447450162434747
-1.092105638506173
1.394190888708953
2.688512376421264
2.429448775215084
1.134521442763329
0.530300759692079
-0.403391391198821
0.052567532991859
-2.323008112330407
-0.657623436103288
-0.589919745043111
-0.356469784913453
-1.710715924091124
-0.199876385790588
-0.887408710915864
-0.811600452388444
0.556612466204606
0.239661194715430
0.304347814154592
0.936584508692232
0.647519439226352
-0.189352507967554
0.828731579199926
-0.737839032717561
-0.425846858012832
0.617104516527976
-0.610670523520308
-0.971679960162791
0.355983866212796
0.115036945504302
-2.572901679720403
1.631695079181877
1.037093957181183
1.393871115899587
-0.093269478883918
-0.451083190424164
-0.558123133868178
0.017687314032881
-0.684899989304974
-1.949274163287426
-1.904528315620469
-0.953253917269153
1.341046473227914
-0.329630896230823
0.133562508101713
0.564963206175193
-0.377188193043734
0.773018226963922
-0.078529466270998
-1.029856328888482
-1.293567358379508
-1.289432812464014
-2.051991282762920
-0.876651470206457
-0.747363453853025
-1.499021521324817
-1.749230329230716
1.916237685753522
1.055700610444480
1.707053495820239
0.492882683489548
3.206075171479210
2.347791706688142
1.907655883174862
1.083109671422989
-0.122850829706290
0.437247247827922
-0.820847854710336
-1.830263190033189
-0.099802119430275
0.590820005609361
-0.433884253787551
-0.434838087222345
-2.177799832488590
0.314370178075314
-0.669754582478988
0.114647162391339
1.576606570127701
-0.042324952409634
1.458726630071825
-0.544880923305953
0.822347213676109
-0.326275244361925
-1.213771893036250
-0.933067972503013
-1.517407236576292
-1.370986521379354
-1.353309077097832
0.320038091421801
0.497257217062040
1.418881266603158
0.723815442605389
2.328038551092428
1.594992005708368
1.851789759897041
1.565472969261617
-0.577873997356031
-0.860689509842176
-1.996904645625237
-1.643772607913070
-0.896339226486238
-0.747928878893204
-0.281954402030095
-0.067560303228022
-1.177761925438893
1.000805067237746
2.393569768669041
1.788522420729039
0.086567775450494
0.468501707520279
-0.576035752396105
-0.998962112495560
-0.454017313130761
-0.787022467955569
-1.716430151779416
-2.598450791569013
-0.857600803498646
-1.129584260430526
0.725343159236460
0.377871473411566
1.808692010587033
1.257488809258046
0.748559631518549
1.035416737910180
-0.132524559849729
-1.112772427309455
0.038196899789811
-1.446371411980027
-0.508983599124743
-1.580252649820293
-1.368240033791952
0.641387911053221
-0.023088871623579
1.646056575631734
0.588601262981848
1.598630021920151
1.435761096465090
1.815200671722007
2.270088347899979
-0.520407619706038
1.669313837771620
-0.207959328884466
-0.639506718131657
0.742870933035398
-0.519208596538681
0.405293973094303
-0.842166294549702
-0.701872744443037
-0.338737057444892
1.113768673414428
0.443170459615115
1.425911282603057
0.915008707419335
1.079395421502750
2.151274692081560
-1.275876858645826
-0.830137508653773
0.143110180114724
0.296777570113043
-0.168701562137853
0.228723274318852
-0.291734778474910
1.281274469418172
-0.919288979902367
0.979787337314396
1.047906486877785
-0.044138003128714
0.751903792219903
-1.881207470774271
0.658587246521305
-0.331138507361588
-2.355306156964282
-0.483359666062870
-0.026404408187254
-0.369317036063041
-0.118630622782894
-0.401898468990483
-0.459264802181983
0.444498253336373
0.643708091159387
-0.784276646276124
-0.549316439299704
-1.173759633158607
-0.996994014658814
-1.682854266275160
0.091716347113603
-1.371389529474037
-2.710141678593777
-1.736683306361482
-1.216223209024857
-1.644678673395364
-0.895581038450184
1.395756225740935
1.063037230101662
1.677038820006801
1.045350251099554
1.824892071494563
2.418914302690625
-0.027331163641881
2.638620637091914
-1.466834459172664
-1.644337070289850
-1.881728992592671
-3.134660198055837
-2.032508169158886
-3.136280898497581
-2.665475143118465
-2.191109390326774
-0.359847907727719
-0.088807111578857
0.920410552081973
1.546258739025566
1.604739185650448
0.321349688972217
0.621178976358697
0.235011338931425
1.265577371720146
-1.291392933572775
-1.292811419887780
-0.388300997625932
-1.808475918890050
-3.782722720122565
-2.138099552209764
-0.341105299541176
-1.306556689298452
0.459103236589362
0.822292141242091
0.718426555301796
0.061035204242899
1.909116032538348
1.436991328811426
2.372138534936218
1.636056352665931
2.465021520663554
1.020474549812621
0.751612706888562
2.171064154042651
0.400932995922755
-0.914371184113612
-0.810397021184202
-2.654026181709577
-2.699871000772575
0.165636399121198
1.357399102014926
0.355122873255016
1.329870666630204
2.024457719355214
0.578654837429482
-0.409019967146903
1.445836887297615
1.466037559334675
-2.135636656330370
0.250590898467271
-0.416484253746049
-0.018642587719582
-0.827842075642757
-1.301772814064663
0.058194765990206
-1.716483360088439
-0.568900434715457
0.084344145282096
-1.511826074895610
0.407495260676494
2.166812718039319
1.883422330181178
2.434232197594153
1.506732131280480
2.280726897173361
0.602289552912107
-0.322202019066578
-0.874938554691026
0.075361128615857
-0.650611912863492
-0.466347472415359
-1.830026492373021
-2.246087271339038
-0.039734184050654
0.204013414123789
-1.514287760185064
-0.823400718506694
-0.920068250821284
-0.370707631894933
1.156721813330298
0.639724961836450
0.279452092560287
-0.286012558472139
0.147137457927607
0.794689888902021
-0.166175746312806
-0.512571448020811
-1.210222630428023
0.418892849578047
-0.180986759647102
0.422546841706597
-0.923395857967626
0.180527973828520
0.550410432265712
2.119149015510794
2.131883159834279
-0.059479370146276
1.151405615029479
-0.762701707910370
1.012652728875957
-2.159496665906953
0.038863010067457
-1.002573390408225
0.881934358518829
-0.661987143018934
-0.758219308811191
-0.976407829197868
-0.949421899503840
-0.106708448910408
1.607709773116948
-0.100591539233052
0.910387320425499
0.917365540316813
0.022249738693207
-1.093426612770334
-1.246147545702062
-1.704608400094897
-0.481622772560799
-0.775797429295774
0.097522490577854
0.590279503646731
-0.326732078043556
-0.133004038411621
0.535782642676197
-0.143941587002252
1.562363054428302
0.705973949263444
1.695854658137064
-0.744795542279145
-0.837811082764185
0.883365301515013
0.653830337917887
-0.368186274276008
0.904619413015251
-0.174437404696212
0.471650043109763
-1.520424750000259
0.231297578050727
-0.499174357617156
0.214854283707013
0.662845062503467
0.617599708664445
1.672830663723893
-0.435763790588311
-0.449300018788229
0.355574196886808
0.857518837039653
-1.712437202689018
-0.893449292338331
-0.541266249320173
-1.457377287640686
-0.807674909083574
-2.089827394899729
-0.682870034003737
-0.485354043150379
0.987023940509063
2.113159904776171
1.064127219916838
0.672925340722221
0.534889300210284
0.175245219247760
-1.116631561625570
-0.213650275745155
0.132984549776228
-0.519802482594449
-1.006018994721883
-1.923873503592487
-0.508978142837847
0.167229054055507
-0.146967685083829
-0.538670164200571
-0.795247765022454
0.388348521010731
0.643389242152850
0.385789118449001
0.872570866791682
-0.563131465874090
0.514485111376452
1.541991349585234
-0.631930802740556
0.366642865194715
-0.894565987250757
-0.329000594512911
-0.236292105534839
-0.364819757889939
-0.032921911643272
1.205721358486687
-0.647604120320291
0.266549556888855
0.756453970137130
-0.722274090881116
0.950027999357911
0.107140018590280
-0.388643055062497
0.489573130758158
-0.042173468544102
0.384857197133711
0.960575319550498
1.132996577105455
-0.777378246160966
-0.113318906967993
0.809515412043584
-0.692930840639112
0.966582803898388
0.384097186806307
0.183894010621521
0.250080569374834
0.373755919302031
-0.081285506800083
-0.495267215106605
-0.763613305466995
0.004137829319256
1.734238484723482
0.221644109525784
-0.761743654234037
0.029839201707473
0.349964078549689
-0.470573466126620
-0.580594866320396
0.995672433211773
2.796549190110101
0.517264508221283
0.683648814402287
0.531972244021216
-0.047523528107382
1.824134219022767
0.795009287327008
-0.696183011284846
1.193285058779161
-0.149218675293740
-0.196244472104281
0.946402258149500
0.419894862978556
-0.360325723659103
0.006308166763916
-0.282430887296038
1.216398889369738
0.956737350158306
0.641070190070201
0.100805991066445
-0.448924866271387
-0.558075704851972
-1.461304200385288
-0.078669342509893
0.349245536062991
-0.485616343439685
-0.238162760323510
0.729298752015260
1.825020743389973
1.724169147465794
-0.515980464121175
-1.238847867648029
0.266925290334048
-0.865387028675476
0.318865069796755
0.926762015391471
-1.014457924398906
2.173183070331018
-0.425422568842717
-1.477612490683621
-0.646658720121194
-1.712207123765208
-0.789094580985958
-0.687489979127894
-0.141345683898635
0.148295756148713
0.761093843930823
0.028166748689686
0.164699228683716
0.886738195057001
-0.125682805808607
0.599558390895368
-2.289141072232618
-0.124519261745267
-0.722336836763226
-1.191955432878948
-0.406233092915328
-0.724776183785661
-2.131426939765899
-1.026611233641041
-1.082822953382836
-0.078779309546709
-0.414750700036542
-0.741326048745451
-0.145595082168141
0.368377509103485
0.512359399895104
-0.334078978903335
-0.501237977114714
0.793183015185630
0.034467569276857
-1.652127947499564
0.098417413274721
-0.032953425614402
-1.542370034229069
2.056739095636918
-1.305306421272912
1.188410733933607
3.154836866919695
1.776101578331694
2.024555547597715
1.225300844905918
-0.689766758228343
0.410872025463030
0.571528665746467
0.894522491100758
0.934942290766891
-0.978253962704066
-0.587607850155205
-1.114651157062873
0.147123892292621
0.101509854117197
-0.104448079211219
-0.696307284837717
0.447862786321136
1.923036933399088
2.310167289991587
0.400708434035688
1.979976359241641
0.650883153285025
1.277167595800353
0.678682803440898
-0.753202466090734
1.079053731968373
-0.684023172200391
0.288087783278287
-0.476869031453380
-1.322874157374667
1.112696807308249
1.506834047156024
-0.397929710258769
1.519508811856382
0.545886725755608
0.698465551416370
-0.795003808281528
-1.512753064597981
-0.420324730895515
0.132963203614068
0.091463941538504
-0.043969818849388
0.399844475042909
-0.409319237444851
-0.231304864424135
0.413272883837102
1.956305254371933
1.787484470143891
-0.883714328911457
-0.288176571517662
-0.308781956501419
1.515351077659955
-0.572668845560220
-0.315734455794017
0.878596554062807
-0.096795004830746
-0.285984989885338
-0.448502679260924
0.004601343929120
-0.158300494662121
0.237346218295454
-0.323983380561326
-0.216481360005531
0.642237905627167
-0.254470979291540
0.119731630510570
0.134144970397521
0.017511087343275
1.288794765847010
-0.095118245989674
-0.442140429260990
-1.452277373818364
1.425573445115221
-2.206059510644960
-1.467541195646160
-0.086440938177523
-2.490723836403562
-0.542119495787428
-0.485033877828995
0.436937748501734
1.419005815395731
-1.011445551834143
-1.486987118892852
0.572424936688865
-0.701638820599622
-0.191157130120421
0.855387285963304
-0.262209629482554
-0.571331201832538
0.536308915426428
1.254682942931797
0.195460815177981
1.061203623564947
-0.657743818866760
-0.488791847351977
-0.146985446750883
-1.026552595629272
1.415394472764224
-1.392585332771441
-1.373562211717801
0.714264895743260
-0.531210605821060
-0.269275254080540
-1.076743094920808
-0.691373387800293
0.662511955381579
-1.909148577028402
0.528353995766015
-0.319243815149420
0.220182956507945
2.363899525559482
2.225569128041236
2.736645101154386
1.076120685754156
0.517974098520343
0.059094684834260
-0.349940950198074
-2.719679713941956
0.052565864427076
-0.403792269756916
-0.383088957802942
-2.231914335405647
-1.051203815198248
0.581627988449503
0.210547575225740
-1.054450410219922
-1.739950627264863
-1.679032633020466
-2.122753421165870
-0.730951938671334
-0.866922390067665
-1.124686217484542
0.917872272537849
-1.093610287736259
-0.188705544327940
0.253716505188883
-2.085639546248134
-0.597494143431264
0.944030037913298
0.367698495119557
-1.369926007598074
-0.169441572140493
0.618281105207539
-1.535827650127169
-1.231255295159166
-0.069753457753400
0.498077010031039
-2.143871478006116
0.516443306349809
-3.171776184086521
-1.709976455440476
-0.921584280590064
-0.977543324145129
-1.552737127728141
-1.265869985895038
-0.725917699165852
0.284394950752484
-1.659835955327646
-0.195125162229510
-0.568939470971038
-1.264045715801646
-0.254064690885456
-1.401666902246672
-0.828617624429777
-1.415782519967166
-0.554097686547006
-0.546026908625503
0.528939162721655
1.303567776948375
1.227858824242098
1.465276006186124
0.995712221152368
0.945800331917965
1.787424664144994
1.509059263805807
2.033258032430105
0.325964347193165
-0.154835313955074
0.898478922427987
-0.019927271967535
-1.234352445912726
-0.453166257145092
-1.630827236796374
0.358629374414564
-1.424028182395587
0.086197488567464
2.328915571627137
0.307148958361069
0.976204808211349
2.543867827554413
2.033697313530656
2.594760905029149
1.672831425812302
1.916309657570906
2.208110492015734
0.619516955835314
0.961576552580479
-0.564128291421929
0.582392140855668
-0.722550533582635
1.605399067764184
1.534476518065063
0.605516885994529
-0.556716213130846
0.761440484539549
1.111295679421888
0.164941215340120
1.810761399575947
1.995778670849597
1.253533117864891
0.195415055644736
-2.190819209482176
-1.342754658123477
-2.591216347155111
-0.252296424247369
-3.334071151403210
-2.555927544129927
-2.579674621321236
-2.588323508964108
-0.989163289153997
0.248115285550769
-0.785913018893358
1.904195296516487
0.690057053411921
1.063885806136297
-0.098597229014160
-0.122533168554245
-0.196224565067919
-0.755300652591933
-0.690004948544301
1.210505170837380
-2.157162764640252
-0.098570948103249
-0.927261834316116
-0.123230845474488
0.301457946902637
0.386630124220893
-0.614394482023861
-0.051330774610478
0.533905102255262
0.083894104137213
2.209450673446636
0.936065561625064
-0.370251915803631
0.685389292516377
-0.277898939922841
-0.077966686637346
-0.443126205627215
0.812340232380630
-0.950714871570901
-1.272989292241738
-0.778447434120078
0.021289908088300
-1.148095815016910
-1.063093983760231
-1.716806458427174
0.926369431566724
0.378405093554930
1.402755949425697
0.462853230226098
1.646870391694620
-0.221572100615666
0.791672709927199
0.881664581433153
0.722503551794939
0.598378352331669
-0.257289426589551
-0.877857459831901
-0.811924517456733
0.123057874213617
0.466772986487832
-2.721030892087573
-0.231597687067040
-0.909689356812937
-0.178133223568191
-1.106477193873928
-0.563657160420475
-1.035597924004404
0.053212565591740
0.727431529528479
-0.131261702157615
-1.714999609958040
-0.541922970270247
0.675243857412182
-0.032792598890890
0.574031688524397
1.013824360685549
1.408180221968584
0.405693810497488
1.489912543564108
0.376299811305417
0.680472405491130
1.095071294041569
1.021786424202173
0.261010700819262
0.646033640728817
-0.870698427020972
0.599392009782213
2.867358117333226
0.989083234121251
-0.388006368007770
0.625191136686800
1.135286561814232
-0.679877711450103
1.315986899655972
-0.003632923494577
1.150905708776829
-2.070825422856780
2.348666522102997
-0.365660903864356
-1.451672879006430
-0.778422410033875
-1.866021668898782
-1.331306783835597
0.331899897872681
-1.017762548052544
-0.994308635480526
1.274658304736575
1.455382398023810
0.949754259421933
0.820905380265227
-0.952855256200962
1.758606825419720
2.290498229338093
1.173035289304488
0.686602357892949
-0.627746013766898
-1.368816297072946
-1.717346643713556
-0.532455069889707
-1.382012534622600
-0.078600132622840
-0.353864798015056
-1.524531995868468
-1.725883615303883
-1.513365332298310
1.886288376401609
0.131142891519714
1.948382833904819
1.506538956364170
2.598171094075130
2.077757823267999
0.102249818579995
-1.789636843450512
-0.543913991209860
-0.259808410436816
-1.799745574025721
-0.752843759648816
-2.376636812547562
-1.752977998006070
-0.137797528066518
-0.288772543116933
0.027341037176814
0.004051046280077
0.626537240012952
2.109051710621330
1.128577974950998
2.204409799627641
1.319695593195718
-0.074733945655272
-0.583153137736895
-1.307034517951963
-0.846111731120701
-1.514036101608225
-1.923834062083795
-1.274640307209367
-1.180335446801812
-1.394054449889292
-2.687442820156209
0.051624960929262
1.516469157246235
0.344284971752976
-1.272071953158485
-0.659720125566322
0.078026460327285
-0.724691672576094
-1.428197863396454
-1.535843558143632
0.368400118154037
-1.312486127911280
-1.047888547919378
-1.485534691075146
-0.435018545328296
-0.134481363125735
-1.432690010191327
-0.041407611454918
1.403401978516262
-0.555227649064744
2.469086778858336
-0.883195220653715
0.112978124534761
1.983150731667684
1.168041161094472
-0.691237650173231
-1.000341319675748
1.474921275806788
-0.168018345111639
-0.216813093415130
-0.958912949275561
1.802049932936766
-0.333117858891833
1.496189316211953
1.303523753086129
0.783159503293237
1.528979322702367
0.008820444229922
-0.646697490568626
0.774967525075888
0.974645835812691
-0.027947947453508
-0.283216138779760
-0.058730026302947
-1.018873462545761
-0.423278321701351
1.324047827044229
-0.259535899003286
2.221783344825986
0.423801593159974
-0.227318176123314
0.607137711557520
0.724316822251989
0.523202462411734
0.770501456273638
0.715055062424130
0.346207750118863
-0.864535851901351
0.182024628422106
-1.139583824563223
-0.245278709449460
-0.275974185920890
0.543212404535495
-1.519738917296674
-0.759766224649931
-0.368754324030204
-0.173218880076703
0.850554854977308
-0.330092563097702
-0.609501647762491
-0.238081717737093
0.025808679969173
0.538536573851144
1.072727702395542
-0.968722918336513
1.565431167625913
-0.285805933743407
0.753852379763198
0.417101635622835
-0.636049560428418
-1.057326658766744
0.818995733769947
0.317735820427835
0.501667665922086
0.303680560809153
-1.479630812125738
-1.850498908178045
-1.381017314775940
-1.211029378856337
-1.352798078912351
-0.030499780131937
-0.957535682268743
-0.182694688016144
1.110426743664482
-0.492061633550728
0.823823120023661
0.436291204719852
0.309068451256177
-0.374026116983323
-1.682722357569860
0.501865284715845
-0.148986999071977
-0.124186110036955
-1.509870426390409
0.260706943905216
-1.669545462868069
-2.753877878545156
-0.911320228008067
-0.929736849687600
-0.198792777492706
0.343317214091755
0.402377367130192
-1.105298211583404
-0.050535244514294
0.937081153939655
0.288810181946319
-0.135999099278119
-0.537692476552974
-2.628152582482656
-0.296607708583429
-2.084857897519013
-2.857353066727370
-1.402693428383810
-1.405541848465520
-0.825368526449805
-0.453086240146266
1.578087435811907
0.318540056534314
2.639412147876935
1.292528627288350
0.220838371407027
2.572634445158083
1.654419477714542
0.602035079463301
1.024086580287736
0.253695347382491
-0.537055016774732
-1.053139367845784
-0.951245142647098
-0.108650959693829
1.642788378704845
-1.076548904577924
-0.547283070365186
-0.598515556992772
1.736978910398409
1.041872272311604
1.458414609652820
1.635913600943559
0.867730408998544
2.740211479356274
-0.219585696686584
-0.900592973096878
-0.249114283674784
-0.986635880195072
-0.050200316948680
-1.334385013749735
-1.039970119653816
-0.460565869688613
-1.022712932137193
-0.567040111161737
0.734751139158687
2.294728844700054
1.342713922024362
1.061132605220020
1.673942513400046
1.417332882647158
0.551750658283446
1.321789555113853
-0.496856856877255
-0.535013665742252
-2.551655795467678
-0.479775527982413
0.338942710283855
0.499944214465124
0.488833204140360
0.299344164880638
0.519730840939955
-0.724096240580858
2.840561907616594
0.826625968925386
-0.365747900253953
-1.832270364621552
-0.284668351402203
-0.035810669852067
-0.888314206294795
-0.250602615652650
-0.949900289204552
0.213648955292554
-0.131606402498794
-0.193697335404180
-0.215002597402565
0.635390822982467
0.977804745184419
1.504395368820400
0.530324168370078
0.771804307785582
0.350436575698074
-0.595286440635769
1.515923058803445
0.695391537926730
-0.539149909681367
-0.437309718439779
0.011709019113151
0.854078572704547
1.475831166006886
0.531082446924761
0.408980920670559
-0.170310598410723
-2.010428809229281
-0.758821786769441
-0.287955200404344
-1.048472214853744
-0.484969815798555
-0.580817447895056
0.607603774419627
1.074800463929692
1.078914617551718
-0.471181242726230
1.072512091072109
1.434833043815790
-0.339631154645758
2.401927892797960
0.392176576319390
0.677597776330387
-0.304599822766823
-0.167939707564357
-0.437995512907522
1.723104599651960
0.656766561081358
1.405312088264808
-0.955637443972400
-0.335860702060733
0.935247810792693
0.246029231061800
1.037941056071203
0.305939309471897
0.891196555883864
0.178125252723506
-0.311683263678951
0.485893823274747
0.522042382742114
0.772411011149102
0.558310157912599
0.201489981999193
-0.634101860951497
-0.015561399507003
-0.459296453945921
-0.396042636491182
0.081195873034029
-0.776927934241705
0.479350578118175
0.641864176136338
2.019732262765900
2.542548702447458
-0.917113709948416
-0.663269199634640
-0.293561908728456
-0.326522551113422
0.451009329714651
-1.929347798731332
-0.646383522417762
1.683553252456379
-1.369001217274138
-2.100311384622048
-0.052302099970519
1.006677459097276
0.772341177947297
1.368868007603115
2.003223287007744
0.496162309781493
1.323621979012315
0.759927349012726
0.181171319377620
-0.091779869532966
0.316985288573122
-0.481954473391821
0.824236194811952
-0.107523945620383
-0.416802605579251
-2.221564980642733
-3.443288493363474
-0.716225792421249
1.042385635333350
0.908646207076322
0.340882257661890
1.630998987918333
1.287464918472817
-0.719054734605977
2.301963275502878
1.480966090949278
-0.655659825006899
1.908765983022215
-1.878479805938378
-0.423988714319130
0.242100916792678
-0.537836262249654
-0.781009132325680
-1.460219403918161
-0.776297790497566
-1.302954849603112
0.361621262426532
0.241467108187356
2.349187489010558
2.223893777273060
0.108073684429653
0.538884807386874
0.739349150550464
0.719598553992585
-0.797427735488854
-2.159100127424820
-1.515624236226051
-2.994971336976542
-2.207319399190038
-2.952118379985662
-2.391318660721501
-1.653631736497512
-1.042446128314380
-0.553003108319507
-0.342350261987230
-0.891668709078158
-1.504537004039399
-0.777638284761541
0.289483761720688
2.581866933662972
-0.160690602927688
0.919642692792846
1.829789163101695
-1.394269234625945
-0.487842159724092
-2.714959385619572
-1.687034759069769
-0.389169152275519
-1.051352204018632
1.258682395922085
1.013186070722250
-1.256710384502246
1.677749558691121
0.127583396839783
0.940596945400769
-1.038138893433678
-0.434082091564902
-0.111880190270837
-0.757444100232782
-0.432032595670701
-1.135870156817833
-0.745314004781624
-0.766079259665037
-1.956024883725092
-0.626179819802868
0.939691341818853
-0.501286897081303
1.550058545473439
0.096999047549938
0.834779977226148
0.795070848160487
0.390297977412306
0.481651069308438
-0.072760366118005
1.173712567731539
1.027054406096165
-0.655020708283096
1.534412069712618
1.161471685680879
0.067987095858044
1.255215811824187
1.503040444620050
3.320686654824522
0.114789396869299
2.564383318692625
1.588448779146877
-0.469008900854906
0.832704255871750
-1.194458140094194
-0.382674227470410
-1.430793743944237
-2.669638850330560
-1.614599714155298
1.006696192384696
2.115541028852423
0.515739938605672
0.613630909704620
1.002642500707463
0.767045089708654
1.223073720246515
1.557917447554757
-1.055866868878854
-0.669473879927787
-0.102658306760747
-2.056284167527170
-1.671994912127914
-0.221860943317752
-2.972148016072178
1.194515725702094
-0.623957386860868
-0.133151540393466
1.116495356793085
1.313433768129708
0.885095871774424
0.839648890410084
0.568600106615566
1.680764974828266
0.373717077502223
1.552117700723812
0.025269679302443
-0.190245763703247
-0.252516683950864
-0.210351349622668
-0.725030358391689
-3.093055660911073
-1.342384881498521
-0.673847118952112
-1.216582202083881
0.218933307898609
-1.678320669587400
0.979065249265084
-0.589902214179863
-1.016724416042835
-1.432880615816664
0.139328708769336
-0.752237901727773
-1.045131887502141
-0.090319379190640
-0.191954071544639
-1.728417124855794
-0.596381413687842
1.334474589881954
0.818073297088083
0.415072233551303
-1.366908326837994
2.335296042070252
0.720984777703367
0.747414660243875
-1.413903038669594
0.684849742218579
2.309156152982197
0.087570932836323
1.003778386431752
0.366294219530324
0.053988025303081
-0.942169656864900
-0.298820005611408
-1.214918563522387
-1.582119086964248
-1.940124579887482
-0.849704906772643
0.382261441370203
0.066241066953017
-0.741685817417926
0.755744450381131
1.012083940069045
0.172865249997472
1.183738750190382
2.348135168256089
0.836951281352500
0.228335658538154
-0.230994496503663
0.394316433543029
-0.463252457214835
-1.804436263005039
-0.000374420750928
-0.455221834004757
0.016844179780986
0.453617455373246
-0.150190151323556
0.532738471412341
0.746326574884483
0.910271519874894
0.737121475897376
2.084386365463899
0.440985206148486
-0.048871132666266
0.233426934577070
-0.228905015358270
-1.780061095088195
-0.240538016785519
-1.455049570098782
-1.188305003421998
0.009036160383549
-0.578206571374448
2.614798981937017
0.934410454192776
-0.767052200266842
-0.585010972610334
1.746576777446293
-0.416073576306964
1.585374292741787
-0.633294917248475
0.034981396926247
-1.237392082994302
-0.564701190929274
-3.100068117094752
-1.181852163401813
-0.662600855361980
-2.033907315695199
-1.462253043485818
-1.194817481656189
-0.280208642890878
0.833271498913301
0.624395480349174
1.151215378689588
-1.955509694807789
1.209791122719727
-0.690153594612997
0.406707961941831
-0.667444346330547
-1.255414725832758
-0.036044844762095
0.199814487438830
0.999411184489425
-0.140601047161032
1.353896879885099
0.753871625009147
1.276697524612567
-0.642427943573707
-0.103725066610230
1.134385303254839
