0.609463911717901
1.316577266611482
3.937827102750522
5.032824620285202
2.824896267432921
4.498235131716482
2.753196026254301
0.928400833896384
0.492828292828045
-0.995984388091113
-3.876630279334878
-4.090852919722052
-3.024461204632785
-1.583137412997293
-3.414438635524992
-4.010841002384299
-0.052664012014355
2.044168732124392
3.885919521639738
3.242865542151852
5.899393918219424
4.173986140624431
4.019287886754240
1.887610535525808
-0.350165049651321
-0.384153300768717
-3.119681302974900
-2.470757907255467
-4.628450927015345
-3.404034064065397
-2.561003663900260
-3.215568260351913
-2.031769206781036
0.051155233666916
2.335747737662341
2.766176383221020
4.203681976484654
3.909708561919368
5.716697649377925
4.753128670762061
2.857124265250362
0.745661492276133
-0.017811869734134
-3.121013418333247
-3.316848507397597
-3.497446743714443
-4.602424466003989
-3.709684869436529
-2.707016657362655
-1.056860543445654
0.539792719849606
2.897620819757678
1.191706098776872
2.700381667581523
3.445466284444293
2.104729600898394
2.077408953498413
2.034009125103437
1.205138648150206
-2.533818989550186
-3.716723788064754
-4.182125188357653
-5.912730199149811
-4.668264515512137
-4.714658486452826
-1.738201531905632
-1.579845825503437
0.682001679899147
1.153967649686090
3.037933493072472
2.990229402107794
2.554901952782265
1.719995226367465
2.716853565645678
-1.207636832395914
-2.882364508833411
-2.347448642902318
-5.606774062663465
-4.396838732457400
-5.043718048780348
-3.913229032703563
-1.598909930890396
-1.903936466239525
-0.411946279374795
-0.127829617697773
1.992156076311726
2.887610311338780
3.048255275182449
2.885196438876753
1.705608681382717
0.964509093787804
-0.156751596058393
0.658483311144237
-2.831041970669609
-2.004533047740904
-3.568371517205713
-2.458063344583306
-2.391374258395189
-2.772419842198325
0.456627140581421
2.203665777856129
3.389300124363914
1.558368334588897
0.545052053431797
3.054506172697370
3.762106723121434
1.951661006274775
1.446765761128765
0.607868026775969
-1.388184405547089
-1.102985888545278
-2.134288828299441
-3.896350204928127
-1.062020509795774
-1.838929566751133
0.419744519566807
-1.904778181971119
0.375346153023693
1.623169038699719
2.095156048892919
0.548848757669662
0.926081575461226
-0.132888447702278
-1.319016351816811
-1.171465352757767
-1.995135021592433
-1.862800379671502
-1.273887016774819
-1.919453718096982
-1.795065713155573
0.391905052636743
1.110676210513215
0.277091705818439
2.673108405774870
0.793225209344091
0.559662601787556
1.489055370755413
0.233590349300933
3.966645100000466
0.211921985142786
0.166155161568504
0.089553078737112
-0.708432745305066
-1.016158670052199
-0.449730614556938
1.186097775188595
-0.789786763910142
0.158835448523386
2.366988037143209
2.106602907908793
1.847824382801157
0.655242829109476
0.587006318712443
-0.971015339676457
-1.048179202334064
0.430763558736797
0.086890431839173
-0.794393034418882
-0.602069343833400
-0.451791736359679
0.309889823113952
-0.266122492187175
-0.041557893894056
0.766738864054658
0.229884715979811
1.450076785912420
0.484745918905427
0.771182165276585
-0.473631502909328
0.475314547372343
0.332632530016650
0.002579685545337
0.466539663495440
1.219672628435998
0.626834481628655
0.104065884052631
1.097669586737877
-0.333290393070287
1.659050736486757
1.841218925750424
0.697921814765552
0.833427305594481
0.777964942013135
0.221364643299406
-1.963976099171016
-0.947179782463624
-2.654207190830062
-1.687231178280749
-0.602001637500498
-0.600005508264965
0.305916818105182
2.643771061529615
0.378326650579902
1.549533435964923
2.010228108900633
1.583599969911857
0.678035012834827
1.168399793368526
-0.132295388915815
-1.537216037221506
-2.715756477342691
-2.699234666297996
-1.753980024824590
-1.829452392693095
-1.805547061584340
0.228063538371662
-0.010873078162526
0.124506240262612
1.245989797221893
1.344338743164096
0.940351088513175
1.523834377809415
1.236296853089127
0.486041073542186
1.041327913649771
0.367631050435655
-0.382904788130591
-0.984894762403781
0.149346707329248
-2.865484268228597
-3.100157240232346
-1.769713618105677
-2.106926017985636
-1.996963636107057
-1.224703790264694
1.434715840693149
1.113352022451529
1.522857536192752
1.501102289760468
1.892738469111815
1.712498331282663
0.845818901234038
0.651081723653064
0.152732871506257
-1.247848834381405
-1.021493519418229
-2.558551726499400
-0.295995836218769
-1.542024518216505
-1.194205755007181
0.454972966990653
0.291201880493923
2.446839969591706
0.629331630949314
0.802554574608871
0.036231730576632
2.456604077353088
1.274805482225621
1.610603228913784
0.069977012593115
-0.876192970159675
0.384978938750941
0.601114896997224
-1.025544705083015
-1.484777895362900
0.194724774108467
-1.630331492845538
0.439629615159427
0.747961679779821
0.744725642981673
2.378001605134759
1.733975210690587
3.640733956252015
3.406154580109469
2.573587366885400
1.192525929745758
0.784046434201634
0.856654679554021
-0.266915144655550
-1.154004957973289
-1.877671104002709
-1.923167217565738
-3.968237379420311
-0.578084343826228
-1.915297589550211
-0.418229186648489
-2.615702945907741
0.334309690216249
-1.699039458695582
1.070576941850062
0.163402628722097
0.917519389884761
0.823622016659361
1.233936067881505
0.437060576530270
1.370385426676566
-0.414973298334244
-0.715694890290095
-1.351650244953917
-1.931902097172433
-1.658956295625169
-2.723694541118656
-0.089274369714100
-1.356446252799234
-0.950647453812076
0.956313131594444
-0.867913919213506
-0.871498519733791
-1.021087116655596
-1.626233540215887
-1.475535741120606
-0.835351710227071
0.531177664466262
0.477285732251523
-1.101015639065575
-1.392088424190018
-2.040159685712813
-0.716439797132022
-0.750852445746918
-0.313718126722336
-1.137395128567264
-2.195943671163941
0.122691493763676
-0.324859709164439
0.797749521111256
1.475794074313110
1.716590104897450
0.549748039814931
2.034427436800696
1.691229293012012
2.687520485098312
-0.739780211946038
0.391605210180501
0.360892136302888
-1.220530348001277
0.007797346730512
-1.882770757622091
-3.191035936290946
-0.651778899582293
-0.096673162169455
-0.007050534226760
0.359486812288697
-0.406980144982840
0.101766695495268
0.824612799620387
2.684855950473412
1.762681224056007
1.184450817831071
0.767701108562340
2.852750934763828
1.023900677266540
1.337901605961718
-0.542015861225253
1.241052284512050
1.673040549590044
-0.657284012864023
-0.728545698036784
-0.608078161178081
-0.523962996913766
0.004957266294707
-1.063894564831924
-1.895410598786550
0.545658516201741
0.022244501655159
-1.496136664334673
0.585466168026177
-0.132820315213350
-0.604235826453452
1.009245936130468
-1.907293557031103
-0.326678854117370
-1.088523349005653
-1.584344075712047
0.016589135473757
-0.142767166636883
-0.078459349362149
-1.001183716185469
-2.560393720454077
-0.072689264282477
-0.575027922645759
-0.024244804657600
-0.306642981734047
0.545127321312662
1.508016411813605
-0.439242142029347
1.194940237861087
-0.313223727670975
0.512191728975688
0.619593158542425
-0.324200362397211
1.369913693350012
2.568283476415013
2.675129444099061
0.468816884008100
0.467584493636287
1.616251541983286
1.240949378305927
-1.484892495231229
0.268859811724160
0.559650892938879
1.503737331973086
0.836659190961358
1.091324555829658
0.605699618231449
-0.667871004141383
1.066990024401680
0.664734982546032
-0.252388013364082
0.604050151580982
1.263598828269098
0.027906402735783
-0.171079286217402
0.126962403076303
0.939847042370282
0.412857544538182
0.019495692917898
0.906831832006449
2.353646564495357
1.642798908335093
1.837093910691764
1.220574624425816
1.434227245002090
0.482669434921994
1.437848447423000
-1.113208355913697
2.228248289740806
2.231926172717182
-0.774055703227290
-0.751374880938320
-0.274383075815662
-0.411394635356648
1.079385345551740
-0.196577183808968
0.869264258548961
-0.653842037370109
0.567510664822227
-1.222025272553163
-2.284039495018260
-0.979614285721833
-0.274272006305323
0.987173269234251
-1.437786460282851
-1.003590136290473
1.561472482499895
-0.191901717616858
-2.077680438365900
-1.966410079535197
-0.585922684351641
-0.755852652075469
0.312580376735689
-2.062596514715941
0.046574975500992
-0.445051975315935
-0.158845615650619
0.155730007293104
1.045620457900268
-0.973101770749184
-0.225876739226753
0.354461833351871
-0.293001597961692
0.387513938376444
-1.058042423089537
-0.804109521826720
-1.576557879577913
-2.013710988423465
-0.027464029031321
-0.490124401074272
-0.092925712623991
0.650589421730868
-0.701670720062729
-0.278302080843531
-0.235378551345933
-0.207017729803526
-0.747225259000081
-0.926189531191276
0.318700014155468
0.887895583785180
1.204474512377970
0.156602280717887
-0.259288730820963
0.102349878039443
-0.177077462549385
0.649135749918876
-1.111812106585951
0.352560537278505
-0.875086259425469
-1.012068170421395
1.093715390538573
0.744768775092651
-0.835145310258661
-1.008552735809228
0.575883774487413
0.242383468384434
1.052654381795667
-0.215642902257971
0.369546616428255
-1.097311155687068
0.464052879405131
0.758636538535107
-1.870626931022683
-1.604203499498917
0.898712172002538
-0.874808218371655
1.300610275398023
0.189589956867791
0.551429319714312
0.179339048402581
1.709498052961713
0.924479445118455
0.633701333638405
1.198192782579669
0.172895675081414
0.533308955355017
-1.291975783768963
-0.631157611130778
0.253704617131382
-1.557945849175091
0.086914115261869
0.734248431266000
-0.252315068825394
1.348098198107753
0.007988455705673
1.913394547073688
-0.653954607520880
0.066833156042106
0.012769864697724
0.456702182996611
0.494524179108106
-1.193835779905899
-0.132493135391268
-0.383278951221450
0.622836472261356
-1.876155574833012
-1.143603266781347
-2.596818916832224
-1.662365683566804
-2.337274389684777
-0.331550885947838
-1.941305352630260
0.156627341842484
0.265556248884021
-0.442774408272992
-0.728783941964639
0.506909528954429
-0.328783700694522
-0.488522879711240
1.369187667715634
-0.199647646971175
1.254421671161448
0.404918157642349
-0.386386332472999
-0.362642213072590
0.269982809900123
0.429358525357572
0.255494564013714
0.496075938362316
-1.745435104226047
3.429932296898667
1.886174402756364
-1.111030821577542
1.334953938753901
1.081116596712015
0.039111249961049
0.499641207824055
1.706716276904991
0.279987054461438
-1.374347168198691
0.959832104494740
-0.044394131489037
-0.122497790629992
-1.434731054102869
0.391244650563485
-0.793861831266275
0.006517518591270
0.068103079891728
2.602337562452300
0.703639203374053
-1.774581505897789
0.187729620295785
1.193790565192436
0.114176725990143
-0.227226577926279
-1.042926942451872
-0.650501612576612
-1.982736206179187
-1.650490909824526
-0.449069893772201
-0.049686325345648
0.005754882598843
-0.072098405263205
-0.687961651639200
-0.844521509156167
1.176295633112373
-0.217481387524724
1.614714541465844
0.196705388720326
0.071555563669417
1.050617497238799
0.699902895599800
-1.087772804217820
-0.475213696849710
-1.476174237552987
0.462735033120183
-1.646296290836266
-0.310691141459376
0.239191752397273
1.020739540292861
1.449428356699483
2.292121043296449
1.608773391800211
1.290466050007014
0.192962328736222
-0.236788037338460
0.541221979371759
0.400461759318264
-0.969808710554574
-3.113367550945783
-0.509688153726102
-2.300535052705775
-1.348729944232955
-0.934806075201397
0.741930085207052
1.880736326293439
-0.178900143911972
0.886492898343491
1.184152854587660
1.541618073641186
0.194366895344354
0.340002872810049
0.344101797592984
-0.605667961876164
-0.302408773054049
-1.009236882235351
-1.845621678853336
-1.242890339456817
-0.870677661085781
-2.306609666372993
0.328671362868224
-1.211919947607459
-0.054237560092057
2.218742758400545
-0.355801891161291
1.728713482135394
1.391868241265835
0.031286619471674
-0.251889016291566
-0.699869813467875
0.088033204014281
-1.973374717575141
-0.785641311963343
-0.062739811080417
-0.200073276843081
1.486393788324198
1.839044594246365
-0.312591193544178
1.296055162218334
0.260756379746635
1.941388968928355
1.121132819681409
0.142159390716360
-0.667085219000066
-1.279212124086772
-0.092097553636901
-0.942173645391859
0.690478346355544
0.703033083637445
-1.324043620108190
1.697569630980956
0.202587787168705
0.467197713901634
1.143526634162436
-0.478054031021033
1.713354582401482
-1.167459596416318
-0.378448379916144
0.862179567667346
-1.023904630593108
-1.735151314268972
-1.038981191566088
-1.431290240381448
-0.090933825054005
0.038587587135566
-0.269557932114425
-0.107635825139839
-0.065178757515066
0.995193862007938
0.595760040270533
0.229832834137969
0.594213217508337
0.017412911579061
-0.700766627755346
-1.706177196103750
0.203185250102467
-2.297313554647878
-0.733712267243477
-1.735372944994188
0.501066375983836
0.845037469386026
1.369446093059044
0.276589806544029
0.132215638528486
1.018128510605747
0.867676985260483
-0.750572028980801
0.456534303152103
0.333236181625875
-0.476292732312219
-1.099836525045752
-0.110106275014510
-0.356706690516915
-2.989721482694539
-2.075661159012949
-2.683892447749739
-0.523374962412728
-0.366135205251145
0.450483288854808
-0.768296967597432
2.075792018278403
1.359276593940849
-0.381374160611980
-0.247360638897137
3.188789832461929
0.608356307802904
-0.462297094261314
-0.190333860563975
-1.038211426648941
-0.999874759550185
-0.189119828064624
-1.157753000405791
-0.271544931756242
1.614822155003536
1.042205400167274
0.261993287483023
0.006213315572466
1.314588334174960
-0.194672394092059
0.497951580335093
1.506214504377428
-0.066111103244527
-0.727317807829536
-0.229380898756309
1.988927208641739
0.360795602132304
-0.511129182140481
0.549911582630011
1.213130279591722
0.480257440268468
0.419276779534183
-0.560409802625567
0.673517276818099
1.165781736841895
0.570454818244324
0.954060439533059
-0.518070584258271
-0.110901529677439
1.095369435997908
-1.140213734457123
-0.023520574792329
-0.153480364427276
0.938842799364586
-1.171472269652838
-0.294750399239448
-1.271025284171540
-0.842523324033295
0.354259376337575
-1.691335520024972
-0.067876063756135
-1.872757209635607
-0.948845654842773
-0.073692157179522
0.290445443497578
-1.195908726356830
0.373713197632013
-1.101856624737387
1.449178378174992
0.059857101800813
0.867225285695860
1.065549617807342
1.366754353053038
-1.085478903749372
-1.033088927435184
0.650143131778685
-0.443730090717051
-1.866302481285080
1.111832149494968
-0.223711192755665
-0.604247354789414
0.217785708245071
0.032455095700775
-0.242742254606105
-0.314453190888109
1.076252331875033
0.392084617962799
0.177691668114621
1.698403961557279
0.855302449405978
2.372955961497023
1.089178015422100
-0.304742405202906
1.534059161181531
1.143344994597789
0.300679920250330
0.321431786468337
-1.477481072622954
-1.211037251980858
-0.089610399137871
0.288663283701117
0.110549193746448
0.008918462093950
-0.642287729878705
-0.592582138692211
-0.386904561253824
1.325073674211268
-0.175138872596467
0.352212257163063
-0.501050609883252
-0.854276312515442
-0.691769631105097
-1.156923558756144
-0.890939306444480
-1.334270226054557
-0.893604197482392
0.759299020449051
0.850701961044076
-0.518901860417962
0.449908623907354
-0.864068116281606
0.867823255561413
0.138504590827531
0.084650544614001
0.727704196210063
-0.019879883752519
0.401548915338080
0.425676649926396
-1.874993038060083
-1.990929174724134
-1.543518122544794
-0.033406792390037
-0.778652190451601
-2.019066726179541
-0.705761363286969
-1.401124194853168
-2.397303247333618
-0.645697304420244
0.189935836459038
0.039773429280337
-0.174092565314106
0.666230250314604
-0.951715249848414
0.446231344698807
-1.523705476781607
-0.353987470956632
0.104882923896506
-0.983566049287501
-0.766710026817411
0.603369607499235
-0.362150542488061
0.724365571857948
0.536350516293175
-0.081341200444103
-0.295117522246053
-0.523347959048475
-0.191830591772343
0.320538967805481
-2.273962389263031
-0.733740698092719
-1.970548175292284
-0.757720488808864
0.183662895557866
-1.693530315180735
-0.263168127154110
-0.815312359448437
0.908247593485913
1.418444979243750
1.145083066706729
-0.389022969654119
1.334765408535580
-1.332955188787229
-0.698705250708554
-0.021204223155265
-0.791475709124083
-1.735927725994727
-0.429478175103119
-1.257287588742666
0.524285537052606
-0.219980926279088
0.566856451057381
-0.301782750855419
-1.928010408115486
-0.638910622739945
0.061375841649195
1.092208551979842
0.975122666224720
0.591689499125746
-0.131081239581789
-0.907168463390817
0.267137433179542
1.725838729121756
0.218151493957222
0.205905449279712
-1.368572778092888
-0.927531653936215
-0.132120245151962
-0.286310309547784
0.083295694027971
-0.187807060605201
-0.376646586278958
-0.115827041178069
-0.629847411385565
0.796003324734334
-1.071879152086745
0.217529665510727
0.509276643798234
0.920028194902860
0.354375790712068
-1.059250452054323
1.188379665918903
1.624931479633744
0.115120930870089
-1.935789630341035
-0.497660793481892
1.456238903262378
-0.035726952989563
-0.203156617819164
-1.222755711740549
0.343201832421933
-1.406952618122235
-0.230987265240111
0.890131523727893
0.266192515974451
-0.700527841953310
-0.231564917860394
0.053170225494406
-1.276904344374043
-1.053527943091700
-0.947535432394154
-0.984408708032638
-0.600358013697469
-1.813272616243619
-1.036048419089496
-1.364339717999393
-0.815975456367603
-0.882086696263376
-1.895641366219049
0.039417266915527
-1.989355926351971
-1.177720391939602
0.823434883988906
0.335019613980127
-0.351378567470681
-0.101507111787838
-1.106730286667543
0.331153211761133
-1.207920849067759
-1.464367926563806
-0.527864571409672
0.070500747970833
0.485139454345081
0.210796854962031
-0.085496815082546
0.660983342336985
0.479058438835473
0.677516196414387
0.046637417553285
-0.744627524250895
0.516915028881482
-0.414571763407616
1.071465873018065
0.502485094138706
-0.339018277159880
1.172732073510069
0.855015881033916
0.315147474124639
1.593562971393588
0.067597784119248
0.624551614918275
2.008586559952399
0.008050124606545
1.063964758429305
1.462681101233016
0.236292184490710
0.758008902839901
1.056766787717571
-0.084610766711224
-1.437278404453540
1.799766980267840
1.196391603489679
1.005773337157989
0.207852730650249
-0.381201617668967
3.042174080013420
1.827506157888827
-0.862932878672706
2.524783536205750
0.318780103688367
0.515485441775097
-0.258296337762572
-0.002537168175401
-0.546960124429071
-0.802546892449359
-0.244455209320905
0.592433616399159
0.003811227843418
1.210710767657214
-0.554532293492842
0.128284851209941
-0.171493659169226
0.393465492078273
-0.227694448074615
0.337602666440521
2.009877955494852
-1.240113369828031
-1.137460618962921
-0.889761729394908
0.022632170060604
-0.441645302384834
-1.720705594560721
0.063321879167658
1.312209146727230
-0.683943734961522
1.175734024284506
1.064062773249156
1.739151420244357
0.751342212623154
0.207758339916132
0.150695464513303
0.081208478774601
-3.555752803868019
-1.343916225796600
-0.434018874588412
-1.302163661319963
-1.436274350571826
-1.235389157663495
-1.865830966045727
0.307806006515487
-0.612956490423012
1.710956739535621
-0.761547719673644
-0.131938314265606
-0.082622842614338
0.240811049158752
-0.318341771020652
1.536253565557069
0.411023045836696
0.792670229825963
0.355678880649577
0.303454976004588
0.337334316413474
1.101339021069011
2.175056911633734
-0.740956369337194
0.839079914800458
-2.082481010845802
0.519537000916515
-0.016297490480958
0.317859717559667
-0.465535423048491
0.520315472558791
0.137081861155266
0.971853135327577
-0.607315859461281
0.336133293157861
0.182361239179797
-0.700182851826312
-0.967597323956939
-0.169744116333415
0.931138334403691
-0.391886617067520
-0.428324906697231
0.917626757469168
1.296118942746113
-1.260850218624175
-0.377232182352050
-1.377616507257360
-0.345500665584929
-1.979927041454133
0.952644431501169
-1.071644979358801
1.880661762781854
0.951652774680424
2.342819930164874
0.628877135651510
0.215312935028202
0.188404109005767
0.007080325409040
0.918752743670402
0.937432744737833
0.244858904706200
-0.382955404235839
1.100638378480092
-0.114288587954447
-1.001384556991219
1.726822418463067
-0.289380770136832
1.106681014927252
1.556888898229277
-0.880490394092002
0.450545047808437
-1.355953165259092
0.002158974700067
1.213697416702314
0.231284169915351
0.360626975435718
0.829578094272219
0.638792136922040
0.197536256939272
0.328837988024601
-0.155877700742636
-0.270663526988353
0.526443767049623
0.122760831565588
2.898234084154284
0.061589851153885
0.576601855783954
0.605019468343280
-0.734594546982809
-0.616350317933061
0.217478258974477
0.360439564512357
0.501535602845986
-0.533273022016882
0.342917976581760
-0.949093257490348
0.871580170495663
0.992194210781224
1.156960847837214
1.145551082420911
-0.064055825719946
0.154599546584059
-2.441885011156174
-1.894037572888350
-1.096262460611735
-0.560701507985082
-1.002297256713750
0.627870399646657
-2.052236846842029
0.374541872158616
0.083675032400343
1.369764653083678
-0.507071522723540
-0.357609032261992
0.984120735592432
0.530448298115209
-2.285353201767510
0.648700365084204
-0.316751747309285
1.916952853387320
1.121595200959890
0.029616953403540
0.258134201340874
0.252690279996357
0.453514687355714
-0.999875904370818
-0.620120902457667
-0.690550035633711
-0.350522387834005
0.166724888980007
-0.765213544162711
0.289940711139037
-1.553977234776633
-0.473395224758954
-0.607966334938511
0.575468040082239
-0.648834398539517
-1.191518945053950
-0.454614369652697
-1.831844979315949
-1.108335804773346
-3.019786847617662
-1.576012180143649
-3.410710424198690
-1.301310538857863
-2.607627610301486
-1.561340841876137
-0.841631844442823
-0.805595691977352
-1.617421796874237
-0.859834348751702
-0.088298848635279
0.466891309852473
-0.185192235453260
-2.394289562496080
1.255655164314972
0.192034887616455
0.697822826975346
0.705933378098632
0.145331998887972
-1.822106514275756
0.219919542725493
0.551326953973374
0.595134242486317
0.327539474941267
0.897234585371011
0.781368699527302
1.207856308590801
0.167278767381539
1.903939518234870
-0.014306716101101
-0.760330937739990
0.177725030495301
-0.242334537518757
-0.499246781484136
-0.138793888424455
-1.256737729613000
1.028784865540773
0.879599447594477
-0.507026047358129
1.971676128190758
-0.246655868779310
2.355253672225529
-0.494189362168972
0.229066853526537
-1.513776373607912
-0.911757308353319
0.820021994755640
-0.875064274873806
-0.256535585124496
-0.028622787882580
-1.481491451261559
-0.069366198294219
-0.563206215892609
0.265268458388291
-0.894885872016505
1.373785086366612
0.304216286616070
-0.284263182337384
0.612462048407775
0.632309242889212
0.625941429401437
-0.372923228196631
-0.528670365323265
2.474908432059872
-0.801879922228318
0.598606907570729
1.657503872496326
-1.147417982724690
0.831746643556424
0.482348295887370
0.543321214617484
0.371204018009433
0.150568932791312
1.386833448123203
0.667890653363768
0.686090737803635
1.851308550827959
-0.385203252599544
0.058801008238750
-0.544284397228785
1.233367160611955
0.547702723144218
-0.577001404248948
1.885624053037321
1.372925422571769
0.608838690824999
-0.289007795991740
0.329007765028752
1.676850678687590
-1.437260361059219
0.973259587236788
-0.166883163725148
-0.959535659569507
-1.587202527363353
-2.211374859786735
-1.517369734849267
0.280141080490325
0.193266534197763
1.937489455328306
0.470214994692135
0.694885179475467
-0.397884926687114
-0.957002619006687
-0.363800264421490
-0.424136402231836
-0.843804105320605
-1.194114411137866
-1.070893775606936
-0.550722433476738
-0.471578176699391
0.611198490771850
-2.186412637600372
-1.218124848368208
-0.190757507982277
1.312244301852746
0.678687353433146
1.694324578596375
2.313214850353474
0.509171413824645
0.540167162962511
2.227492428482690
0.309270319981166
1.082034834388001
-1.740227693243465
-0.718069969690282
-0.569841607901908
0.211783871663994
-2.205942065333032
-1.476889867331824
0.988093387309373
-1.133752650520462
0.392037446137984
0.819480048112422
-0.794407573165569
1.405224259076648
0.831478937995383
1.659496800731448
2.283037879895889
0.661488397893653
-0.438025571530576
-1.149698101068146
-1.066573925093051
0.858664877636692
-0.624931935884311
1.037132201356566
0.169986674121653
-0.644770205664976
0.712130500246379
0.565066067930679
1.389754727926990
1.987305100077493
-0.364857208011025
0.729869034394122
1.381220481703087
2.183302512535636
0.139575115959567
1.478394397415656
0.370173237033235
0.860888098792581
-0.034390865304039
2.217316795874142
-0.623005348280660
-0.848488781174983
-0.056050932624767
-0.073341986815837
-1.081191466565464
-0.465156599967272
-0.083350658452966
-0.482618354150258
2.478932253496409
0.515612292424398
1.694375105803256
0.176022653308517
0.075191741736920
0.507509614580197
0.633870474114803
-0.248488317955343
-1.367191499896415
-0.551027246787412
-0.125729206803758
-1.589155595179730
1.255981907183098
0.329211042509875
1.562896187538523
0.692793798268617
2.051817254251241
0.232991131244998
0.484448193265472
1.337753763271551
1.666289982164199
0.090368865936920
-0.690581528140817
0.635066689936944
-0.714175958900562
-1.758055313488975
-1.649998368320136
-1.612817694237521
-1.511537129531308
-0.695403669736627
-0.211439737739414
-1.199984294427666
-1.700826432921310
-0.091863814262904
-0.896696285076641
-2.060335911889643
-1.576069423785700
-1.107790085877633
-1.302117322871090
-2.493821715166562
-1.718903071315628
-2.317924015718032
-3.040573979433289
-1.343888531102837
0.870535868730499
0.395248221456987
1.597558630318517
0.768843519918835
0.089010028866996
-0.695826603445065
-0.303196953904159
0.524141778763801
0.318403664903337
-0.553450603960281
-0.062291173298513
1.862378250257025
0.415134145785360
1.336425472880471
0.095794425361477
-1.904483618244189
0.644936690986212
-0.609495615465494
-0.812979368187759
0.299044783463058
0.333720693474759
1.841408434125360
-0.088894975514720
0.684331678837460
-0.519300298900146
-0.381228877383734
-0.365300812062293
0.855729929757433
-0.051815913937372
-0.460946247497549
-0.112340376677161
-2.309844131093244
0.562161156850283
-0.508014444141917
0.061366894377192
1.711599387255713
0.118429378423721
-0.067259529673021
1.569469932834969
0.218535696054083
-1.109410355457096
-0.432374135517286
-1.556595523085794
-0.131233948505936
0.742554350028071
-1.573274109740038
-0.601684417456938
1.169895395993574
2.824254194664591
-0.148076902585063
1.610117810810342
-0.471377282414507
0.993354535752817
0.518002772028774
1.459073675862030
0.183320479160223
-0.888984742646572
-2.871163995491740
-0.491515148991542
-0.362669550040889
1.418102242202455
1.411965738555932
-1.386991260131742
1.958533929137973
-0.412024638284046
0.935373384590514
2.280588060603117
0.677293954260392
-0.040284538041033
2.533854678360207
0.187004029600708
-2.117988982901895
-0.362861443922417
-0.573546118130017
0.474679748975178
-0.629317506290547
-1.664952516465834
-0.192135932087731
-1.260869733647716
-0.916382139659176
0.057892795956838
1.391734153029640
1.015049606673517
-0.266362604868251
1.246838212835800
-0.217645282652225
1.126463222018508
0.115026360554310
-1.312611249403436
-0.099951075301324
-1.197855453792304
-1.111343720753590
-1.592509183898317
0.079329853743590
0.151397593909583
0.652889424761769
-0.046235969934676
-0.509998551292663
0.469184761554824
0.457950367770878
1.251123290881285
1.916815043529352
-0.819051451954385
0.388108283338391
1.651097484482150
0.638408409315173
-1.433507409093287
0.647081998534510
-1.450741484539555
-0.231757399292779
-1.445736743883466
-0.777044276039716
1.022335805146336
-0.300711833453168
0.115621196154618
1.505115124669292
0.401171230858510
1.690220303222066
2.995345647725366
0.465107272090746
0.065867928613288
0.298229580302091
-0.717981272895926
0.711930612643032
-1.902149204024032
-0.996780127892906
-1.776807430991423
-1.785733200576310
-1.004279526750987
2.443222449104939
-1.273661325730870
0.475925491194301
-0.057916812322262
1.568590981141005
-1.722815725513171
0.007177558914810
0.015450382237251
-0.199806980208114
0.446199285701325
1.272128877904188
-0.634005463159099
-1.514276572403960
0.429066509733658
1.225793228480189
-0.282890779154324
-0.420930948795968
-0.666136434072083
0.043815554237922
0.857668748236435
-0.914574798755278
0.043736965275680
-0.959356585680616
0.308497869123969
0.541702696208618
-1.054821838289396
-0.729861088093378
-0.321273207615749
-0.329680749492404
-1.185388010092634
-0.537035424426718
0.699462904461808
-0.383992850546232
0.551984988786552
-0.621718006538509
-0.560658308317516
1.762249269690636
-0.216830401685358
0.726656895129710
-0.076743222412774
-1.157816735527648
-0.616584487629221
0.537146053157655
-0.528565771449420
-0.158605911688320
1.903728932006303
-0.133287846237075
1.454874724416487
-0.526098953593373
1.639410262896970
-0.245498936529151
-0.361999309333404
2.656185254337927
0.100724854525789
-0.585592699247136
-1.743836676097599
0.050017634612597
-0.473117656448497
0.617387997235980
-0.280579705299853
-0.838357141114444
-2.067091198264592
-0.853946313831999
0.756326949388403
0.570798188039781
-0.569416921202489
0.070302274260262
-0.235475324964062
-0.097236352339817
1.550175814996680
0.320339734131794
-1.028644738268742
-2.419409851494449
-0.975973490330888
-1.174642296453371
0.532327957454753
-0.396925482596639
0.528949261958360
-0.304770268253616
0.615626250958813
-0.175066979787340
0.168131217080637
0.796408537460870
-0.449140647097640
0.833652268055438
-0.895302475345742
0.826273868247482
-0.417101473533974
0.996021317601526
0.612313107105514
-0.271901286908700
-0.373537024122342
0.748504033536265
0.834369354047266
-0.816477796565697
-0.853815703615958
1.784282643395689
0.083732744238798
0.578176587111926
-1.247764355836525
0.779862494923133
0.178664863299144
1.116209881900476
-0.890977374989838
0.214248951058749
-0.268108457959171
0.929411678942950
-0.335518102197083
0.773028775744984
0.476155612595698
-0.221092828037582
0.602819494874268
-0.001064475483133
2.060103360098211
0.467481239760843
1.725461965810709
1.984064650531447
-0.792108055408036
1.849147098904486
0.452901227973699
0.289584864498880
0.992059185176944
1.592256815337165
0.320298156074773
-0.558725222291082
0.215735806672767
-0.764478590390836
-0.592761450172334
0.805169756234908
-0.624020594251616
-1.095496243119522
1.079214309410624
0.176775364009135
1.182187603191968
1.691115451348571
1.391765600246837
0.591810563623255
2.187018206620811
0.248919237074884
-0.153990170849276
-0.425873377648345
0.132686366913863
0.516210440481542
0.037669233422191
-0.510847729508386
0.094937884272361
1.474008844544781
0.778672707904693
1.610812930498358
0.792995429269870
-0.755357991965771
-0.612213840247894
-0.283817444715391
0.507939196897104
-0.113649791902863
-0.788242738757323
-1.833855550158180
-0.281694110967545
2.371045320841232
0.815649399442360
-1.715048478640258
0.675184863665585
0.226223354924201
0.139404413393493
-0.880904489869104
-0.979482900072981
0.164373167028313
0.134680354852520
-2.063658725158076
0.859727259112864
-0.423804319528177
0.109279231868084
-0.679076901978503
-0.814676044153740
0.121849547739847
-0.562082552280235
0.813452731138944
1.133155535445781
-0.159634865689576
-1.190180613361059
-1.011849484373962
-2.336354245481926
-1.186331177728599
-1.141133683067360
-0.480379566718572
-0.882574583907573
-1.595985635035444
-2.009700097198936
-0.355803228151824
0.628119888254082
1.699390405055196
-0.235211672906665
-1.282236448868135
1.660740737442030
2.430834250623652
0.202178840556290
-0.243578322356360
-1.972210193484887
0.942204288052509
-0.197413224085635
-0.368805140152972
-1.377319513878132
0.473192736819403
0.618054933564700
0.365185783507566
0.509716485673692
0.734172973294184
-0.726731983984876
0.045671696731786
-2.202915472693303
-0.058494999737682
-1.165732423457780
-0.838727916197690
0.555319073302889
0.030744617139921
-1.784592302337954
0.075143600817563
-0.399891319059540
1.236846778024789
0.481660261645085
0.160846405419649
-0.343649025516337
1.161862455892290
-0.787525347413602
-0.413721059393853
-0.029493928473850
0.070934844411816
-0.459637504839905
-0.357018316685378
-1.336762445839717
-1.712488208567312
-0.532764559198282
0.011733649638444
0.886047141004219
0.035514572558529
1.015043397929025
1.311332476909859
2.618492594024533
1.601907413772870
1.218317814526943
1.191886820769416
-1.705919009835356
0.892189629959896
0.948043894689214
0.253577256676149
-1.116654894152415
-0.472730121773704
-0.446169017838015
-1.254362633126226
1.943566102382827
0.862836362586978
0.019837365847707
0.601194387980246
-0.713072317094061
0.308265590468170
0.169562008077160
-0.256294201500407
1.000074409543822
-0.933179453390371
-0.185832505663884
0.560132036387082
0.632174531344589
0.472399014540240
0.275934180212440
-0.244732367803374
0.320181656691306
-0.754349092457939
-0.571484468558840
-1.262398176618581
-0.353994340605598
-0.721743696510520
-1.642057133440892
-1.021107152179535
-0.605237364356212
0.266488006940145
0.133711048943983
0.145224065664414
3.184345919662562
1.478848971267262
2.959741462305688
2.840148235538279
1.217700212981490
1.029266786322643
1.124856328903432
-0.160358422611900
-0.495441301816687
-1.398072144886995
-1.264490728246409
-3.335306805842773
-2.656944020169148
-2.206020635104412
-2.186978088682536
-0.102271696473634
0.813392812806644
2.274819583335007
3.287486693576906
2.344351762593822
0.407272431699662
-0.200112161356869
0.114497513148466
-1.903329620286214
-2.338034299132366
-2.345104468477343
-3.273334198813342
-4.021738656367419
-5.212368258354775
-4.872650185607357
-1.687640078647559
-2.736997304997624
1.471678413853196
1.436562502756734
1.879240181878816
3.755890703101830
3.718270215860015
1.355878547412160
1.569802155709700
-0.129500634634594
-0.112819586645872
-0.427520857796264
-3.571763459117204
-3.321254488250243
-3.171866075059486
-1.436869371878476
-1.849536673806466
-2.057670600297946
0.325837193501452
0.957199100231931
2.247586282420383
1.741780420222174
1.296080934487413
0.968964097875182
0.557861821877972
1.302599788375645
1.068190101884750
0.134099099139843
-0.229361782588535
-0.809373819692270
-1.180247790973701
-2.113371505337766
-0.758742518479962
-1.777281501777351
-1.252538344937940
-1.148460776115910
-0.033049110956119
0.228402619867827
2.480128076490708
0.124361595117048
1.694287317101450
-0.133278814199380
-0.303748921837817
-1.199030235144887
-0.060056361026735
-2.312370672748413
-1.361346892476478
-0.410280967393460
-2.530217947895582
-1.527050245330371
-1.784880066067061
-0.052121939301392
-0.164943310487062
2.434675422525453
0.760154713397435
1.801822222543766
1.017908704637891
2.556739344407434
0.415194791376416
2.930328734828021
2.854084674119282
0.670440165610587
1.308471380354365
2.086728525138542
1.322567782786673
1.274439353967026
-0.098468262966169
0.237138538230237
1.369019989518416
0.633300377037843
-0.752248305404468
-2.077897475032420
-1.939302369311786
0.939993507533819
1.278502228046874
0.402852303862960
0.220271015624435
0.163087401466345
1.603381289569904
-0.618845883896993
0.699377456889828
0.372133763627986
1.928302572265083
0.295538507932752
0.069966088883390
0.619915402812551
0.220213898005032
0.730446193539658
-0.940910034918387
-0.890350803441864
-0.465400288781989
-2.358803303496249
-1.379559093558612
-1.732208087267847
-0.234535896022654
-0.753911754401174
-1.283194514408774
0.196562868317044
-1.517756226681454
0.816820860829257
-0.790044203939288
0.691459380714532
-0.053254767593648
-0.703757541329852
-1.146282289048505
0.551037518167993
-1.702386985655767
-0.735020991459954
-0.853466269346285
-0.164322557490238
1.306973990365177
1.690258172649200
2.136871058878815
1.381993438103168
-0.030340229627865
3.545020736514296
1.929832174264917
3.472774100944100
1.406615129063607
2.203065009261580
0.187658080257372
0.771139745007135
0.380623743800669
-0.205103881219397
-1.047382277267986
-1.033911521789999
0.843202635903732
-0.728675861116721
-0.613261278728754
-0.726422151531700
-1.685992395981796
0.785345173193310
-0.347740353952171
0.792783411387584
-0.088754587834910
0.611555016881000
-1.689874221799382
-0.219825714922837
-0.765989531621819
2.941769887521468
1.159438066804654
0.340239088563453
1.566248388016185
0.113817648412250
-0.528618985086967
-0.669383493600741
-0.746531511893573
-1.174671029793520
0.091102017775191
-1.186825930176755
-0.809071126282246
-1.966916631907899
-0.623733161914661
-0.842577974031741
-0.571101155827393
-1.077712639630885
0.946937654663298
-0.166087948011188
0.621164461440196
-0.890889165963841
-0.613374297655023
-0.815348898502655
-0.191800473709536
-0.401166753783729
-1.087608721475989
-0.082860628803839
-0.242638534629856
0.635953545587926
-1.649104291043407
-0.268950564030020
0.437876510242538
0.607826776038563
0.302329480101973
0.782528370756594
2.682854008248876
0.412705701000238
1.158180523206129
0.906424830150618
0.252995941751673
-0.066391188849282
-0.770278452361401
-0.476965422457424
1.308061270576545
1.093056890764405
0.972613651364801
-0.237397656914529
0.530125028977980
0.873622431632337
0.763700180347363
-0.287674226672296
1.730596021155606
1.393640764171066
1.158756014969972
0.265172343054968
-1.498467485799169
-1.579695429544110
-1.424849153005743
-1.066703401560312
0.060162656730015
-1.259672433292022
0.854570076457351
-0.729871863483042
0.447982379832979
-1.600906640630670
2.473319771091504
2.257016416635177
2.259722577118382
2.041471931377286
1.310188919171744
0.154411829915626
0.675333503070341
1.097559071104250
0.982890869521158
-0.970187230273523
-0.101849707560180
-1.158280479430360
-0.996844814449951
-1.223397632550904
0.833956083326263
-0.177390071411694
-2.292074663496062
0.866761448259100
-0.322574900706254
0.006957071928565
-0.506036411451550
-0.422874606102472
-0.794251312060541
-0.894653401394110
0.168926193602704
-1.805483422733587
-1.263182181859551
-1.617992777635884
0.223406214498120
-0.768047564278376
0.036795567385065
-0.850330524891009
-0.740285915704854
0.046079040572457
0.570877666861429
-0.018873393267041
0.946429511404129
0.214911195187787
3.336105512260610
-0.385890434103069
-1.297339040515471
-1.083931988061075
-0.309491781488552
-1.820029716373160
-1.922118547020117
-2.159841166300067
-1.902063260156790
-0.379899648524023
-0.711034875904459
-0.203827946571490
-0.715634636725202
-0.095177558759045
-1.598456101228996
1.552479798930377
1.425618181539853
0.802871290671444
0.932136848478441
1.006815821770424
1.623588360174936
2.290024479687064
1.240729776248788
1.725670085010518
-0.129457267273827
-1.154406897684626
-1.967466806339162
-2.214408912578940
-0.395604796925978
0.020625575881612
-0.985254292321881
0.732829163403898
2.024757472691426
1.718010695307635
1.389995403917997
4.240165225992965
2.051341991873758
-0.598246395135846
0.663594022776144
-1.772951169126338
-1.282386137563086
-1.838200341610393
-3.817607135325665
-2.675365149958082
-2.270602210719443
-3.171825045479337
-2.484811319005691
-2.526383825615159
0.451998473762121
1.420200344252650
-0.439280034393307
5.291665746256752
3.165827643715626
2.897960831267071
2.210450013162232
1.567160878403331
0.984182230108855
-1.043846898537627
-3.449893348974020
-2.710361161177775
-2.403732871268903
-3.520040516847536
-2.125555128883668
-3.194283281056369
-0.775948014242279
1.140123241852546
0.794890238059327
0.892102057760885
2.932325143469095
4.704757165920423
2.861094787742579
1.627491484536223
1.152827335099982
-0.527536395138873
-0.915815937339835
-3.082050709566753
-1.943400913950107
-3.092291770963727
-4.036256295180721
-2.604031579099628
-1.379946167758705
-2.241078280948669
0.337362893210655
0.330624116462049
3.418736381876563
1.525101263172901
2.122898529082784
2.845891032938377
1.899040836665251
-0.155231718260417
0.747952795596951
0.500508970110735
-2.103817543930589
-0.564668165938332
-1.197635016002948
-0.943177512035254
-1.794211585606602
-1.155661502617813
0.474964467286681
-0.908760406952975
1.603000734403068
2.537248066446800
2.503999295345665
1.745476113030573
3.161220218155577
3.450858850162146
1.559836338740437
1.607653033458349
0.515374544128372
0.259864742192359
-3.678535619366165
-1.671821897060210
-3.762182827985279
-1.810963217529091
0.539680040616772
0.308873688591472
-0.792817817149168
0.280321159198153
2.180420808356645
3.149120922011287
1.900603847843137
4.372292039143666
3.112688372499833
0.783596293588240
1.312083175959802
-0.129447983006756
-1.270950856701317
-0.161362980842193
-2.228514183195008
-1.801907788398557
-2.764299703041504
-1.132588445798017
-0.168274292259105
0.729941878849536
0.831196456865105
1.465660025226763
3.111647722119200
2.407882336176194
0.366439675727525
-0.505263095786934
-0.007864314139571
-1.080264437339025
-0.750141160475814
-1.881314223558772
-2.736378477362420
-0.578423451150906
-0.391147261275725
-0.052046501467534
1.871061245416877
0.362175045944053
1.952479569641646
2.417764452895520
3.096377491286173
3.080571105779209
2.327891012755194
-0.182216350355687
-0.710478426581900
-1.012927271355837
-3.080415289743085
-2.978243255220241
-0.752195048415486
-2.296107753462754
-0.241926151365211
-1.615183015445004
1.504661933619962
0.927407521165902
1.133704225604851
1.774953664989897
2.633225778032313
2.986653551836109
0.053611847642428
1.575888841796488
-0.156253250247509
-1.634376195995288
-0.450208533046467
0.852960483522941
-1.383689370864155
-2.369763033813686
-0.923864430935013
-0.307208728417983
-1.850197178734710
-0.533501173018269
0.686678377872540
2.151468004160706
0.512779838918018
-0.483141325762128
0.221682137595837
-0.977270731653847
-1.229366611876016
-0.525732528733434
0.375999941356100
-2.805651718251122
0.273155637860897
-2.042109429695435
1.172377081095713
-0.082302714196251
0.462290696180731
-0.080266798381755
-0.870662534428798
0.339171249330119
1.948359649203493
2.383032968578581
1.075071228570025
-0.214341969691322
0.597826336257787
0.442491159842573
0.168050178267373
0.159518134897549
-1.085169936818389
0.983789669054367
1.132484491953800
2.314721816869013
-0.666886794540715
0.197152421697032
-1.060068041739060
0.382673152385419
-1.589767040219422
-0.370966854468120
-0.181060368253007
0.240745312038471
1.576046063079918
-1.102171114066813
-0.363399234609133
-0.607452834794255
0.273519789995365
0.489809316104347
2.005165679510454
0.338160492646136
-0.042705672327221
1.582265716004179
1.488514418803145
-0.737099636972563
-0.091478154732882
-0.410895821415719
0.250721982363655
-0.343550285015490
-0.680096750522193
-0.043826807981929
1.244315962509371
1.102582855679684
0.506585700515095
0.879602993962946
0.192893032992406
0.489973683941193
0.043992520434879
-1.257139183787046
-1.012425435784148
-0.276840452105105
-0.905986199228673
-0.355754078352632
0.505282141218090
-1.005598494891029
-0.975181109856015
-0.658636673401199
-0.301489170008724
-1.149690823094293
0.211557127296053
0.106933321638892
-0.266646140372517
-0.278769218756052
0.953259598329141
-0.742275139019678
0.744948898186897
-0.400612836669894
-0.682402230274328
0.223134903603573
0.655783619495902
-0.882637643279442
0.488345303718185
0.106548301456283
1.543483476802200
1.517613907932256
0.670096715713163
1.673385160638978
2.750676300158138
0.527788629894416
-1.659959794677111
-1.240590952046526
-1.472655211452441
-1.154276043562457
-0.084766733121611
1.172664618818430
1.054709943922032
1.935996136094570
2.651529105321994
1.110904623714594
0.895857730499136
3.407125304423962
-0.045953456520712
0.264175690330672
0.252330589572459
-2.286827666115378
-1.691361556948266
-1.887373767520702
-1.750503289427772
-2.145260961022706
1.398862571619289
-0.072378485142433
-1.133109567884486
0.302317013973437
0.712390589409078
-0.285145213706019
0.617610136864816
0.064860392464515
0.471575493756996
0.253388972779152
-1.701982043789479
-0.313064893728136
-1.254487201926067
-1.863044598621630
-2.337895360693460
-2.715718243061462
-0.699661038840790
-0.743808942539446
-0.713797808656624
1.098874678422965
0.643117107587181
0.585959446993890
0.065406931539943
1.699032532993811
0.728471090069837
-0.618724371935303
0.798384700898069
-0.318038220990635
-0.787255696133791
-2.403808210613379
-0.949307976568448
0.702597800409060
0.902857905808186
-1.122868683941430
-1.001136570554423
0.688481951938535
1.063844035576818
-0.365322627048269
-1.354755730592108
0.663769749324420
-0.940779778917176
0.105977772768238
-0.383418458903003
0.291147522835182
-0.063400559574873
0.910531748306704
0.694022712714212
-0.403388938179279
0.346521995753526
1.127024773604397
-0.007350602806813
0.355709459697248
-0.798476829551733
-2.613690632523639
-0.264278464212478
-1.770322862075353
-1.367724786709862
-1.584184934781835
0.090939951772376
0.758495200483618
2.788589848090558
1.163746754169040
2.987300589233921
2.248932431148709
2.718473721246012
1.788670051799224
-0.780552276444056
-0.228767643911065
-2.009249040018738
-4.292488733116362
-3.574855517013242
-4.447403162877862
-3.991369667442998
-2.371622678016184
0.607145066933357
2.123381547733628
1.999218097863724
5.568289873392000
5.918496267763336
6.074570504879775
4.796493727374046
4.710332979168381
1.371273875944214
-1.927792361486432
-3.140121588388384
-3.516492038874728
-5.866097063171169
-8.416090636454825
-6.141652864864714
-4.704112849655878
-3.864768850859085
-0.309492209249492
1.873708046353213
3.354567534002442
3.680944440595017
3.017573009045223
4.474806081545052
3.967725436368391
3.789206739150819
1.153155470409760
-0.109722634005882
-1.810742803435914
-3.839451845956637
-3.386357697025216
-5.877669571888726
-5.324450152032261
-3.174992450592738
-2.694876414835011
-2.902179878832486
1.850056703889191
2.158145508558095
3.123205759509644
4.636820913222285
4.800665609408359
3.677471311688911
2.947410704631978
0.642639295598848
-2.136220383154530
-2.433478541150150
-3.124631758664246
-5.329073912207816
-3.116709094529173
-2.765433069121294
-1.729956132743989
-1.347857955907842
-0.032745738982268
0.307409162341294
1.673539423741497
3.095709485402405
4.027497559441977
3.172030362131339
2.802225186497080
1.012515115868617
4.766051990219969
0.364443631310056
-0.428208741210405
-1.850232527370634
-0.999518138142836
-1.565686527094625
-2.588554649600446
-1.970948354285328
-0.617689891362190
-1.835436198355470
0.791439051056880
2.642990097844298
1.491241467630397
3.278262286403128
1.783683817763769
2.469506080831451
3.131905881567842
2.963917659759157
1.534801385289467
-0.827818290209642
0.221360673286892
-0.858660897550718
-2.244076699584878
-0.929843254019884
-2.244968816141408
-1.561307685540877
0.007629144164212
-0.069441840496972
0.170246129132884
1.374206319411696
2.443256276077622
1.710982374499727
2.080219101028945
1.428341736310805
1.453777209989273
-0.030027918448268
0.108168956832870
0.501891946373568
-0.428956986569027
0.094744010808059
0.201318310731458
-1.325940787889663
-1.550371426016216
-0.378286793136687
-0.378775934378673
-0.456606750392623
2.543929174999668
-0.523974343840333
2.009191727485312
0.638634502454238
0.252343141445672
-0.110087615597696
0.450822145783431
-0.192272881288118
-1.488456770018467
-2.957620122340123
-0.802907902509762
-2.224535958741815
-0.802601672230930
-0.574429548648966
-1.641131668784729
-1.724063619578518
1.120415611798696
1.080413954533135
2.259527713968976
-0.394611078283886
0.313143588049982
0.126201871745270
0.064483301555432
0.527780294514613
-1.406074653873145
0.326601402584441
-0.692365977771656
-0.483647502887651
-0.973145182018993
1.590312561521710
2.405341752089148
1.608928280354619
-0.074794408007056
1.338339889084603
2.326945754452330
1.167465754570889
0.718301288962108
-0.140781307023102
-2.167165568645101
1.631328516563323
0.810403191109980
1.407745613532954
-0.411412046601740
1.121991925696509
-0.640833614180014
-0.037478763338692
2.138593265036884
0.118556783419969
2.982245079685421
-0.179765000527651
-1.103745871485741
-0.142189217693588
0.435045065554221
0.375770960377881
0.443751817138799
2.360336950612714
2.039766183129563
0.642155164553482
0.150988477628391
-0.035692832245916
0.577529472894486
-0.712131466475775
0.325492270909191
-1.400714131831293
-1.183286890854716
-0.977210442891759
-0.404143082736386
-1.356002376653164
-0.319719501044477
-1.353853972105643
0.140427150697483
0.308244931739736
2.832549465887851
1.647103498155808
0.320392714599912
1.039175139713127
-0.552472038577205
-0.234922360563720
-1.385574409205008
-1.201984702211551
-1.805340021520116
-1.818678245431074
-3.306950549834903
-1.938215674684094
-1.352282683549789
-1.281358885685097
0.949311117077747
0.924602349543322
1.293095102904884
0.802305543960573
2.553422383761552
1.139035126980904
2.100741804767546
0.196031312735452
0.545888394332305
-1.632342120093986
-1.764106722124716
-0.250576475031635
-2.115755394258045
-1.530223134874763
-0.155714392052609
-0.561738337626292
-0.414865962190962
0.651315679810653
0.808197260916787
1.719212106498283
-0.186159489967263
-0.821969515988433
0.854259661383373
0.390194397775645
-1.413070447141930
-0.857518414950980
-1.233521136805338
-0.693400419868814
-2.432421987762110
-0.609281737643379
-1.672710752903298
-1.180349588277323
0.607614038673237
0.536602202268908
1.060150184487252
-0.398263290093231
1.484784456296383
1.854445494487924
1.282265362640154
1.659921725410954
-0.839283419282323
-1.557392648954897
-1.427228490554729
-1.084627267659767
-0.037033916505182
-0.431463169885094
-0.511279115138000
1.782300724579478
-0.558164211729419
-1.117316217489560
0.787855308712628
1.291562635176132
-0.071065427398942
-2.270387622669138
-0.532698472827505
0.471823703630247
0.795123591411372
0.173608902072539
1.275997881025103
-1.852599915701815
0.215962567498962
-0.540073851225319
0.401027245024528
-0.030244032801916
-0.188480719720754
-1.587306719487999
0.551211086386733
-0.620916666054958
0.271771739531698
1.793364005043770
1.678290021717312
0.399638139016044
0.424062893570195
0.849362694221973
1.857753057579994
0.812398144465147
0.829590919569111
-1.004156470354795
-0.111817111398688
0.852681110245083
1.872694064373787
-0.084728177923943
0.134400851111706
0.889839168048792
2.104775882305586
-0.478782623104724
-0.002605959083784
-0.022822957515109
0.869977538293296
-0.197115376013432
1.648365776914545
-0.109166340412124
0.098868385701383
-1.302711076722920
-0.610561351617026
0.999776527197682
-0.449451621212293
0.309374147609600
0.647545064496489
-1.308886451309406
0.260569327875196
1.763357522505137
-0.241770390714983
1.942319237772894
1.075428906700976
0.280112310667093
0.953397893245261
0.773034442931293
0.123660318430615
0.053773184273403
0.322785399105040
-1.318705278147664
0.014471773046938
0.814192750083032
1.697184742725845
0.321099917289273
1.230174088989710
0.015116926562654
1.986045443752612
1.151938832668718
0.041386577308840
0.663811858593397
1.058321701005103
0.386165551583299
-1.843487108118482
0.585793210270773
-0.714131129015579
0.986343907391129
-1.146399734818272
0.882519150712014
0.963130294422823
-1.048793996546728
1.096150793689793
1.447784580124797
0.743227116755076
-0.258135711295830
-2.956949113576713
-0.208532953961405
-1.099737645024631
1.780154060160018
1.389223320127456
1.568734979653258
1.973976543480824
3.676902402000558
1.809534056366557
1.819671134454211
-1.359019567888331
-1.562871954022599
-3.268907432219608
-5.576096803732525
-4.714578692176478
-2.535390936359190
-4.068458450672185
-2.336087887098564
0.929155031220517
0.673565762525794
3.752004697191061
4.343720558059306
4.530008190472841
3.218280352075536
2.000511606038538
1.113294459731492
-0.480339206483851
-0.552307571594429
-3.602381319737444
-4.367526665605318
-4.919089126632133
-4.913389986473290
-1.647515107053837
0.608989017560619
-1.750202926850154
2.667663223851449
3.092999175884810
3.066803976266011
5.055139500429458
4.210933593225819
3.006064949334412
0.568481404879225
-0.928191139114687
-2.649993626514821
-2.713902306681008
-5.803361995373223
-3.311541532199912
-2.782582459844789
-3.126061050775298
-0.189058484329297
1.804350390753894
0.528057335434867
2.421481939141233
3.076211086121004
4.616627511373984
2.396531509225390
1.419233940149859
0.917565740395269
-0.538472436403373
0.177385196901767
-2.711306913448550
-2.627183870466113
-1.394023789412887
-0.682829056813321
-0.104008955961620
1.182091992422829
-0.166189233563083
0.002866885620755
1.873364741075159
1.756547755619319
0.536737918924761
1.749455084787329
0.556433711242163
-0.583863488429069
-1.341652891752866
-0.266429208476292
1.027531574928011
0.021998429990564
-0.305551593288865
-0.022024080728724
0.422500848628408
-0.361211831058113
-0.758867475552742
-1.257644838799278
-1.273821477167696
-0.699071495579246
0.034715823441685
-0.215700502274350
-1.197620980645781
0.592468136389215
-0.157560058003298
1.005385501281879
-0.312194076333585
1.870730122929174
0.637839357644750
2.844093496836131
1.813934002872332
2.114753754566595
1.168348071119386
-0.834925812045843
-0.024094353300133
-2.389101565968812
-1.197932850101106
-1.472896687515238
-0.519228819575000
0.742297680817333
2.066940076281153
2.384651649093810
1.775374294515461
3.737056598487861
1.877331644907879
1.865384746121630
0.997983369876904
-0.674856939308757
0.040122681374736
-3.167036039169181
-2.679474372242088
-2.018319717738215
-1.666333411190268
-2.765314455464058
-0.685292609432220
-2.107896503309769
0.910990599284344
2.224531245001678
0.572639587692470
0.914407187222512
0.979238413134885
0.621183308504851
-0.031949097068714
-0.421340021968177
-1.169782092148584
-2.156605709566842
-0.885620210762848
-3.260475047144457
-0.552206315754841
-1.309008619370675
-2.100636904394295
0.039631309389449
0.087008849556726
2.194159979790674
3.243043292807077
1.468462003774606
-0.014553016289388
1.224646594804221
-0.824938068538874
-1.653188096035913
0.687607021235063
-1.929843327173248
-0.797219377719867
-1.503483289056327
-0.877453369741522
0.637367911894658
0.404018066385239
2.155097340305512
3.764174953914890
-0.266471386709976
2.322606974485680
0.213275206480154
-0.844399500696131
0.845148320408707
-1.992217688649808
-0.594787554885179
-1.609376856381075
-1.755211971433584
-0.133913327831239
-0.244957614965725
0.965900002290319
1.942126055691902
2.477252045275764
2.487330584830237
1.347530987270630
4.997638137453624
2.490549395744300
0.759865498603061
0.841306283673992
-0.090938154221473
-0.948452524861873
-0.227676968435026
-1.440289791232420
-0.881874109946051
-0.687611167390362
0.535141388910772
0.659043821391007
2.064738686491107
1.992720134625251
1.533413354620618
0.637111947000023
2.133330818447424
-0.423014997403112
0.250090712015507
-2.091549926425492
0.789802521071912
1.294873111437492
-0.832680108125053
-0.948806705832836
0.599889844798965
0.464531401254763
1.484858071027925
2.171919800916297
1.909382326787002
1.019660774698536
0.071542774911406
1.173812298734359
-0.222537758206922
-0.576173883326573
-0.261834055454845
-1.267158374494664
-0.966859491927547
-0.677857626964749
-0.314401361742047
1.356163211015692
-0.940217223206542
0.547102419920465
0.200652556421046
1.139933903247979
-1.087358176451249
1.429511733167592
-0.642000706716882
-1.783707336656358
-2.194884683299239
-1.145342913245200
-1.731482398471103
-1.983321290729383
-0.216260421456569
-2.008165718564931
-1.368623570309337
0.199103520418954
1.643224799931025
1.393994413576445
1.356378193426698
1.030186621678988
0.605967847362682
-1.273992407536590
-1.758563043321084
-0.372946821749519
-0.389312682347960
-2.495343105544744
-2.502722311785894
0.156701956320041
-0.929816149180712
-1.128547093868397
-0.177141522894212
0.033576823623556
0.814519680294938
0.677785861691574
1.304329343339216
1.087886859055833
-1.177156572657563
-1.416360691770021
0.184390152366200
0.888868703967941
-0.834415950119186
-1.568472658436662
-1.029700302555549
-1.505002013823354
-1.130224057964915
-0.732643248525971
1.177394294334329
1.839778497705041
-0.287393211374585
1.572532960252594
0.532354913179429
1.953233295408860
1.569912567628066
0.081136756246164
0.079340296357118
1.079459511952319
-0.534314488742566
0.812136446410708
0.099591158739731
-1.399689861538096
0.840972455005522
0.630386992187403
1.512886189469323
0.646367929446824
1.180677857000630
1.151789230331757
-0.140455127290827
0.555484400367294
0.835648035366715
0.407311965990593
1.076106077557496
-0.903048040234439
-0.377647131029637
-0.407040083248874
-1.057871521039635
-1.538300050591616
-0.505567855255070
-1.205588126131591
0.480612510700092
-1.183177743446728
-1.650305384199660
-0.212507871606652
-1.367635791366882
2.254783530213932
-0.974890905423787
0.945439098732482
1.051803678038682
-0.218754195249678
0.436166609566388
-0.049742289662381
0.121531108137502
0.834425422905227
0.592344005750287
-0.395986098783847
-1.261121680761278
1.496077456409990
-2.191696906969527
-0.906051530911876
0.062832216620213
-0.548246475048591
-0.652490744073507
-0.221756749482039
-0.514884349802975
1.089282674057070
1.325869023001788
0.394063699426040
1.003725469469265
-0.477996773494186
1.570294432706684
-0.080025785863645
1.044601028040296
0.016195515369044
-0.955216424396265
0.379210700951484
1.255694953187559
0.054131030329915
1.109675625999307
2.316258686220304
1.649570876971376
1.703853086898840
-0.795046527509613
1.091135442563814
-2.256739431366892
-0.931307419700027
-0.181557045836002
-1.161634310536780
1.390352060010461
-0.841562611373271
-0.773160655683561
1.997911722490299
1.730351422964333
2.229815072507045
1.014509671961168
1.702390742923272
2.993978730680007
0.576237410978976
-1.761219234472719
-2.413796948617737
-1.075625665989318
-2.421284067015795
-2.833716370911597
-3.763783445424788
-2.164437971655256
1.998986184168982
-0.732999920928119
0.766137690014770
1.546978974299206
1.519285703126227
2.231219450396583
2.496620316608976
2.410134197468257
1.226009733056830
-0.283484266357355
-0.384607709140998
-0.876725477124670
-1.793095450569342
-1.763457804326849
-1.731017260356755
-0.561148033593285
-0.891383685085602
-0.297476876411107
0.476364690858648
2.495363016504996
3.355531465501709
2.411928143948704
4.053696310898005
1.288070241967245
0.064109827615928
-0.647922934223197
0.714648057915105
-1.153299969876142
-1.632784959083499
-2.300763187659561
-1.792956861198932
-2.268956351747069
-0.366900451082575
0.103321460815445
-0.200690098436769
0.226851175063977
-0.394392109883380
-0.024573880895612
-0.989569653056291
0.662127935062584
0.725824229291406
-0.156834916844497
-0.738638241546361
-0.149608765909098
-0.501633246684157
-0.153725311632090
-0.577525266482708
-0.348087671456592
-0.677165849251855
-0.105750142275075
-0.782726841207086
1.190470438266439
0.295731569688523
-0.982582290577979
-1.310881368028723
0.256180452413919
-1.003795525118365
-2.457701876379556
0.289065146256483
0.866230344134424
0.675029160229646
1.147614926213813
-1.413766421470892
0.121985833986063
-1.246472665905837
0.058923387694949
0.268529192131558
0.971620820314287
-0.319421026527989
0.746911110261678
-2.039234126063382
-1.670913537333131
-0.678808674961971
0.028224056629254
-0.353387793899414
-0.457178571827844
0.130163743993946
0.907531956972050
-0.041028980919324
1.206306921641247
0.667798786754620
0.059522715490134
-0.557934718241904
-0.393110071315773
-0.233119904259775
-1.525351312400771
-1.346475163762669
-1.871316337545485
-1.124191959261456
0.075995647890784
-1.776757053941715
-0.301002712381333
1.672300558623456
0.475742697124705
-1.186102285796776
1.616780774964731
1.126831669797353
0.832129904531542
-1.236490616153909
-0.156173371473761
-1.540497625390896
-1.455370906934489
-0.360698256177586
-1.271299732368978
-0.492200511313953
-1.520874297120741
0.269077757216199
0.915086778796927
1.833852693917033
0.514079435707389
2.669605484830536
2.166029753549806
1.290649624592444
0.544296698321917
0.225253462899918
-0.190245467543233
-1.938623136112356
0.559695881617062
-1.050058438609542
-0.490587331870481
0.403906141037794
0.037902570287188
0.394817663720680
0.639810780601666
2.354641334252077
1.099395111922716
0.171557759933344
1.514971466675328
0.293587696507499
0.104300650475439
-0.574970699453408
-0.536848204719529
0.069325837259588
-1.145434430886384
-1.174669648756782
-0.346332377625719
0.336560370197540
-1.602016154824524
-0.126137678969169
-2.624038009889255
0.104326961268435
0.145025596367311
0.277765468522145
-0.590123991473984
0.204447066155649
1.063906929141727
-0.261189001965674
2.606908089642511
2.779096178008944
0.418987147890601
0.679542697931166
0.318976259609689
-0.485345294063416
0.753311369022942
0.552861133045871
-1.107000877420789
-2.370325910772934
-0.114676263145605
0.159667231561432
-1.371753130908006
1.507702364335269
-2.064876201372489
0.025881354937706
-0.986346322864445
-0.349705463772874
-0.569528835426452
-1.237721521517511
0.343557608425573
-1.514451940329656
-0.975169511396029
-0.407178134422617
-1.190148832341327
-1.233388415740463
-3.162913443715759
-1.075220182108664
-1.088781330523482
-0.484668289895607
0.543452441927809
-0.038909109179701
2.057475258440038
-0.154345864204323
-0.300720676812875
1.543806700515965
-0.271815632108989
-0.911809281905048
0.606252995393297
-1.368426774255866
-1.860265619204073
-0.694045117067098
-1.340906028159145
-0.644353153071952
0.305499576176879
-1.039259268776624
0.180673249836066
0.496987667199391
1.559291888989337
1.280594733444601
3.345094105510473
1.138221209418847
0.832877321117833
1.195987156441157
0.141938218053694
-0.740437889936817
-0.340398556236561
-0.377263557026142
-0.013344338997280
-0.213077728134042
-1.194405321670897
0.067221406640755
-0.148927525273380
0.378682217367781
1.525009803511827
2.675675993890808
2.680212410238953
1.530129023071795
1.466905988527117
2.950716875664904
0.749730508949396
1.357095543458178
-1.597257953296024
0.651618841763258
-0.875393878086616
-1.581016709494029
-1.010294904038842
-1.713585597466594
-1.781347616381112
0.256346544531545
-0.677448734381839
-0.320789590394912
0.036464287916003
-1.272364460870403
0.947869168867735
0.020947906855639
-0.836912183730610
-0.036555153918982
0.430860980393337
-0.918915401768513
-2.269806127823951
-0.784221451480738
-0.631921727187255
-0.415578643617610
-0.365767364624293
-0.913791157031099
-0.047235555154711
0.593279940259163
0.996825468903822
1.338116538894651
1.103182683361162
0.587723120193900
-0.195728708337258
-0.511200483766495
-0.452119343752959
1.205060932349807
-0.465258388710902
-1.170689580486413
-0.843802847002229
-0.140411689117113
-0.284847562901016
-0.222428573227111
-1.998361681128178
-0.554101149288928
1.106802477029375
0.238410250652805
-1.331069456104153
1.001335221732991
1.351608074814186
-1.007642414124758
-0.302519598454040
0.357952148854190
-0.355398759084091
-0.971299429501003
-1.644988765769474
0.221544104124507
1.293383468812008
0.647929789316164
-0.584660270411061
0.721729542730697
-0.008666721305503
1.232288407213826
0.735206006277781
1.853965525042082
1.040573239942283
-1.347339013609864
-0.596343080577121
1.435015686254446
-1.154648527053007
0.284760277392879
-0.872887243291792
-0.939373213004925
-0.201166826000824
1.976998655586967
-0.668478497403301
-0.266791459393905
-0.215348407294301
-0.906949763165760
-1.212993089297163
1.390560573520504
-0.197134431763833
-1.098197988260357
-1.104236726430764
1.771340800314705
-1.937777697714389
-0.297061381466413
-0.848788905631301
-1.858576061149583
-0.352877949759915
-0.685162288766195
0.542377371942057
-0.543570257722072
-0.154729630397120
0.716445592042936
-0.633503863547352
0.289024293250183
-0.156997314012373
-0.377579500634546
-0.122936520589495
0.120035635549287
-0.182808006457160
-0.898410245793942
0.150536744204093
0.780842238764333
0.327032121050422
0.156245496292905
0.131180277265509
-0.961093913500855
-1.582273034633590
-0.086870594993188
0.232118104327006
0.052161257137733
-0.794740948539648
-0.219430862625403
-0.857449149541546
-0.300275361445896
-0.518444296152678
-1.448719328134164
1.102815503188416
-1.099293243540664
0.347951525440444
-0.513362470946697
1.323863419479507
-0.045208901515469
-0.359181803493194
0.936160445779027
0.126667073069976
-0.051531435099406
-2.557411163455405
0.094897740202958
0.882006124135206
-1.290243654991446
0.834709058812689
0.465190816484260
-0.223671882522678
1.088002421689634
1.068531933096485
0.828225605655330
0.464977246210055
-0.143253603377885
0.284856311201592
1.169236381450548
1.775166560388173
0.094336468488077
-0.644782027045208
-0.540733403095156
-1.864085988217896
0.455864201633267
-0.732949916816084
0.787272493205285
2.137266704701707
1.993283207909815
1.852963388995226
2.445046632085261
3.244310782920800
1.958214013119273
-0.322705816855510
2.763144642861783
0.085344424493579
0.515624433631451
0.529090397797604
-1.162239764102646
-0.193131788577185
-1.065634112656870
-1.202731319162399
-0.528171186219351
-2.412502922504754
-0.536429143051348
-1.855023250513579
2.047584758942376
-0.200077651326624
0.149864356030639
-0.449594146426093
0.986347005997703
1.526837021946958
0.708015814672634
1.482614241961977
1.515535509260021
-0.515938612415586
-0.116859538305152
-1.794717028228059
-1.044889622569827
-1.473834562546115
-0.863562987403766
-0.376980755279316
-0.444522208838248
-0.063198677270735
0.380142177603147
0.199554450698329
1.614951332664870
0.008732239154501
1.244553711013463
-0.838236359345093
-1.366783986337017
-2.297888064658632
-3.611882065652991
-3.172483160324047
-2.121783385654281
-1.162563265702220
0.931649248622983
-1.470706504834976
0.696960518231326
0.628955119411277
1.167609196662598
2.643066545349825
1.339591532902877
2.543096311988741
3.095724347367452
1.099201963773776
1.040902510250579
-1.149854502123259
0.284242241521352
-2.274542557692001
-1.937893090697977
-2.742660985972420
-1.653503307594974
-1.213040281431447
-1.193079373979297
-0.862575423757711
0.296939970040973
0.121096677698737
1.406558435440362
1.504470488055362
0.457585306567338
1.264270600910647
-0.874056740278807
-1.664716100398347
-2.323604013640908
-1.234102562119797
-1.293306102811798
-1.896206964133436
-0.365410831186417
1.086167724231012
0.031940512302600
1.681671989864386
1.673727621970053
1.740564468253732
2.017201834082329
1.516467493506855
0.403841961826985
1.282464198294396
-0.185933695263209
-3.206317781703732
-2.312746938416916
-2.430256414605640
-2.154206001009405
-0.120296442970966
-1.706016777910116
-1.015174595716541
-1.200002768899849
0.363130715932437
0.977280920302512
2.641205504724347
-1.654554032684335
1.422340092699839
-1.610823896742580
-0.427780475630432
-1.488547641071808
-0.227258241047141
-2.467532678765870
-1.702681319951970
-2.173813311437498
0.405689920447902
0.852674631709730
0.744096850732425
2.063659615156026
1.006262114709518
2.199578994006363
2.399523651668869
-0.711406204319542
0.297795169322565
0.632905867997010
-2.158784335914573
-2.297080782280008
-1.630491028820042
-2.708318448498891
-1.068841609437085
0.753882109480109
2.014913232929039
1.592253250260718
1.449502716890493
2.682820518307521
2.520386028810827
2.084817683960913
1.998791662968876
-0.509888618535626
-2.349304446930406
-2.208404560928561
-1.893905191709846
-1.528136972719736
-1.814856373876138
-0.543967904994485
-0.474750853687675
0.468086273911191
1.372466897114897
3.361816549859814
0.795871492699836
2.432196941273992
2.330737101422844
3.499849521335487
1.046551998887082
2.321920949929844
1.316151856153319
-0.723918254388445
-1.597183847756252
-2.036798919562771
-1.904359408905572
-0.607177490215549
0.232066728247700
-0.485916417603663
0.555576896544080
-0.174940619888597
1.490123464439500
1.835489581241680
1.993657661532687
1.484703813422004
1.080243794597231
2.163056509765426
-1.125607931904107
-2.383484524533926
-1.600764413334413
-0.056995800487240
-3.110109387953151
-2.620646129506336
-1.650844078999086
0.252559906678689
-1.051679672349593
0.273717484825174
-0.077021046497238
1.678040762350204
1.623006765867891
0.544296273727810
-0.561114194577858
-0.540836470951412
0.249889130854488
-0.931310183701812
0.341158015744966
-0.951725804683399
0.826839361750541
-1.337456018817509
0.426784500809608
-1.131712744159363
0.330405197963712
-0.410376611984755
-1.039467765995844
-0.320153542082767
-1.604903078338078
-0.353981218764190
-1.009388566371489
0.734726574033347
-0.561297339740862
-0.956885001736617
-0.758224243200586
-0.709862304431845
-0.992040956053054
-0.027039374822896
0.926020297378542
-0.233907415239677
0.076711532175247
0.125050146220249
0.063064107611729
1.040054322651165
0.052938953117048
0.838421249373043
-0.185723378794389
1.217823011244082
0.285464510563647
-0.737825845278236
0.352588102958471
1.531103760503626
0.587171228037023
0.117866404802243
0.484186920853328
1.124418332216909
-0.964482464656049
1.058575522846321
0.141077342388553
-0.843864192852297
1.360566105047444
-1.047231626127704
0.466242557127674
-0.205261331479583
0.016383762382626
0.061165953841323
0.125637842595345
1.235177842098415
-0.340023949776282
0.795372119317694
0.510810012306687
1.478201604717388
1.254372033231263
0.346812946570567
-0.657467655192114
0.255937900037432
1.603456758595690
1.140700288962149
2.075414921292174
-0.141082140656614
0.674103086383172
-0.591931019731963
-0.088319133035343
1.250603820194838
0.828256406720427
1.524874032895740
2.258774640716582
-0.038236182335671
1.373324806775204
-0.622017233573354
-0.384827256325825
0.925471131966940
0.556347634884762
0.902320172421887
-0.765585658751077
-0.649372546002767
-0.791512083651848
-1.185276944013787
-0.622713243062467
-0.739433033046993
-0.818147248176105
0.243282327047073
-0.129180985584974
0.059490404990573
-0.564204132087651
-1.086571755831135
1.470405628498888
0.068845093182654
0.618780916561731
-0.600423638706605
-1.229169529357187
2.657692090263498
0.677330513510363
0.186668996211551
0.746677940360279
0.654711771373074
0.323171358970850
0.062219018947390
-0.260872363592849
0.729702452564281
1.121732892177803
1.727415984530392
0.124232607395118
0.466169036598000
0.118880890083985
1.134701661712742
0.015576856808191
-1.074792440902107
-0.454577064318079
-1.425347931547736
1.531826463458118
0.642177584876091
-0.640343279151128
1.001667552949733
-0.083072957859678
-0.355378765163417
1.003411995217659
0.518337183864129
-0.570828564992641
-0.852850240653093
0.432355204488009
-0.574738401056750
0.768581009484715
-1.433197188859995
-2.666706449799054
-2.514249623856491
-0.619727664365725
-0.015454067164844
0.268674649257320
0.877787666331702
1.794703531815617
-2.269490035778783
-1.077705537711627
0.301384118591734
-0.569660824859995
-1.194189919401656
-1.655752462523601
-1.904183493189160
-0.704421130177775
-1.038751153597801
-0.290464299305654
-0.478204862423194
-0.094359699499684
-0.472222535622596
1.689344249014250
0.684547098047561
3.302210576235686
-0.164010471024114
0.289585196152034
1.196934350044308
-2.218295349370534
-1.199499515419496
-1.497446052395985
-1.707675366554247
1.221992617993437
0.252514915329919
0.717124063822709
1.151594853761165
0.864166729454964
-0.805783299812586
1.081092373796527
0.442804294627124
0.886472843343335
0.366109297916930
-0.460128659027522
0.243526261835135
0.458961241747736
-0.270635651718730
-0.365261615809249
0.011398427727189
-0.110992928019463
0.217069881644138
0.181356283406883
0.526430333133231
1.274091233945322
0.162712368493486
-0.363513177811826
0.997183558167151
1.489664190204436
-1.144103084280783
0.655686134026647
1.277898911877497
1.155792846968838
-0.947466325977986
0.163518608679652
0.732431724034063
0.566675509520639
-0.420726651926475
0.131313062105791
0.582373083423067
2.170949522894172
0.655258243206618
-0.595362433680799
1.604110804428132
0.070061147719953
1.945387653190779
0.171489180526732
1.225115241344894
2.470759605925473
1.337086511752969
-0.078749241628559
0.262831540554233
-0.509700452528845
0.767847291289625
-1.768597398698775
-0.600041325058406
-1.073239817185881
-1.059418140738805
-0.118686565946621
-0.114891351032415
0.178258855101328
0.367100127751161
-0.581704474211763
-0.865019219275049
-0.103888584825360
-0.401840143116827
0.921422537400119
0.308871258942914
0.410292196641203
-0.134921453146793
0.992799204990837
-0.755716633688473
-0.155522415677383
-0.626119171896482
-0.430096249595116
-1.465613794776820
-0.518576091869096
-0.005584857899662
-0.749334310880439
-0.339994658117571
0.017550081537472
0.531689504193940
0.041397306198412
-0.848303055971069
1.691955805146708
0.294283727360648
-1.082111543781157
0.302235163157624
-1.323763676557422
-1.518152082656073
-1.538531568420489
-1.680178353552897
-1.075061073202887
-1.394748918702276
-2.029729976003429
-1.271430691255533
-0.359217769596446
0.653309764793287
0.186569216660420
0.811847581670901
0.677258449155178
0.653715575976778
0.178165941824164
1.044160918696074
0.132823768126262
-1.474478720928779
-0.149661864314461
0.860663937765070
0.173860607265789
-0.201800766542745
0.653932154539316
0.949160802207973
1.045283365488760
1.065603844029271
2.153471975183603
2.453318484591874
1.083258975882611
2.914685127866542
1.642488341361735
0.019017942694648
0.379248995636918
0.904389177233762
-2.670290339648507
0.136439182296252
-0.878970929810861
-0.228823444802828
1.296995172874564
-1.684554581410223
-0.611155124357168
-0.137546767181325
1.695254447225453
-0.674475472892435
-0.878094261115498
1.558568265006945
-0.591515595379472
-1.415631688067269
1.422820676068754
0.457163261041487
-0.946824773094451
-0.524079147140898
0.300883457962983
-2.527720000832617
1.285417871649035
-1.342563000311423
-0.037700401912331
-1.296031147035395
-1.028675664814553
0.582788665589066
0.118808231057945
0.420861834530313
-0.337604769352342
2.326785616465532
0.534441713988055
-0.811421361249398
-0.022896941519225
-0.370100509574921
0.754270498874602
-0.086755082558602
-0.469608829717982
-0.135272505091165
-1.865321212178169
-0.212100279490213
-0.699132138746417
0.615830818821127
0.362576877757605
-0.413462087769229
1.363417139491387
-0.147718475315498
-0.280333981501225
1.015708475797837
0.184288967820676
-0.401570377582916
0.537211678676797
0.617258407660956
-1.698847628596016
0.369869479390641
-0.211609861839243
-0.166973082951166
0.856980666008670
-0.075684744267773
-0.634348873087785
0.221402820621116
0.860847352223132
0.094224102293926
-0.947074922364446
-0.812058208650215
1.240772526367575
1.872353201654818
0.013032735655287
-2.215786361761922
-0.940648117882096
0.966342565514606
-0.845102184170071
-0.053387253753944
0.633843482015210
-0.646271235095654
-1.174027526846701
-0.292566139885890
-1.220487204532304
1.271010509341362
0.712281454269711
0.091836681823027
0.829952295268158
-0.934268415307136
0.113617690970229
-0.285611626311920
0.107713360170741
-0.243370499334585
-0.646766947701991
0.795692279322792
0.739899750638927
-0.828043531543984
1.296480473897556
-0.772452280724227
1.411943159426535
1.298274883784163
0.234803840500407
0.139789081601508
0.554105639685585
1.119497010878656
-0.223325116644175
0.709170161727735
0.611332333335160
-0.188732489986157
-0.301535837388961
-0.349557798550484
-0.172323123490675
-2.798229647233082
-2.524709763583250
-0.219297605249721
0.974346181469059
0.884181386590373
-0.559282266028493
-1.563008197719514
0.934978271054685
0.055843964060027
-1.072901626720660
0.872945506040205
-0.911368339029055
-0.896666694951220
-0.716658478659451
-1.386382899967424
0.580058946975695
-1.148914266144017
1.137592281902835
2.856115794638284
1.545861582112286
-0.010820313973182
-0.713812376025584
-1.732621671704690
0.313721983637971
-1.234142864959374
-3.542331611303820
-0.693081570254394
1.002496850049492
0.606122021692356
-1.187334228896918
-2.376069438182209
0.322216094555914
0.404998727678905
0.310432010263515
-0.043877089141255
-1.044298104121967
-0.181272157549698
-0.594812563528385
0.570601089166070
-0.789434264906172
-2.848290072143487
-1.303357576238093
-2.441727707718418
-3.074311333366550
-0.725768841719399
0.441446767514251
-0.155040278981303
-1.167527668363769
0.960060834283851
1.296737271341984
0.310196847776061
0.557282307526883
0.482966582184333
-1.167137616805790
-1.744057216026111
-1.424015025731938
-2.132308113643716
-2.124732484984961
-1.164969125099630
-0.072991260470505
-0.209908565260779
0.870439412107060
1.365322696081212
1.670313310083895
