0.835601237832459
2.591235184387794
0.759565586599147
0.505030525058691
2.003876835285650
0.332050577875619
-2.059594598381592
0.140290859225238
-0.285243583579700
-1.666475067821326
-1.519948711310854
-0.224963910251855
0.847193103598217
-1.245911419514296
-1.086740868023107
0.006235474152289
1.564600545318436
-0.256089667343515
0.373324491644712
1.576514709406148
3.193516710855970
1.150378485790048
1.322696385942356
-0.148704927252782
-2.339819551337834
0.171714900630165
-1.236788342721806
-3.444953976520109
-1.786790917511000
-0.933567961680919
0.564383890211197
0.498389253914519
0.524051705004761
1.160464018004842
0.894418356413434
1.288074470846855
1.648738202456174
-0.369272753333934
0.015903271373823
0.388621848043089
-0.043040993164325
-1.339738195687150
-1.541604417756524
-0.493379886707005
-0.176170082953808
-2.634321513241802
0.004527853583419
-0.858390763713000
-0.000594104573314
0.151402272604620
2.393304473308571
0.817442965076413
2.457390864040772
2.227242160238581
-0.522504293251537
-1.036248714091388
-0.105300338140886
-1.515729615278711
-0.039042924946834
-1.646895244971983
-2.406560550571211
-2.112590155869041
-1.048576103001986
-1.357108840236673
-0.014300852204983
-0.085679201375469
0.929136862753028
0.579434116894871
3.623776401367023
2.425190460304712
0.401628014885128
2.105589901600782
0.388148550986843
0.972733063120013
1.411560170909530
0.208456971709110
-1.952211680768531
-1.726635293847372
-2.506703695332162
-3.309055604620676
-1.089356745714708
-3.573468757435100
-2.137624765838736
-2.005557627988470
0.052933874861898
-1.132872633940722
0.238878633961940
0.772113202656543
0.527967309290437
3.365048878775691
-0.027963390129632
1.630742850936105
0.540686500356477
-0.965956786045457
-1.201416206475079
-1.373477256605587
-2.889909683849250
-1.555539822600505
-2.231852455204022
-2.016588420419157
-0.822428063771869
-1.005545359325076
0.618016055485619
-0.216446338284083
2.242578926313460
2.171240844440322
1.225711978036433
1.969236628024923
-0.243554857246657
1.860783582538200
0.533335494775875
-0.914008983710729
-0.589430798073757
-1.126262420561013
-3.480152222173476
-1.681647714092770
-1.149923166319530
-2.321695207395003
-1.659374685807979
0.237992391349258
-0.051346969187711
2.539213481971510
2.505356794900031
2.834650237967580
2.392722225283153
2.092941271626215
0.919711009455569
-0.239132248127522
-1.828737492202523
-0.926798828898046
-2.060768701094702
-1.581520052102044
-2.948805511152902
-3.117479361500481
-1.260840651609319
-1.346228993111562
0.086861174224238
-1.675704145463866
-0.797417093773153
1.988545727587997
1.927946833451444
0.419231181128595
1.105746901456479
2.863586361678756
0.685861631624286
-1.018219041115743
-2.164162010406594
-1.798272312216387
-2.072083402568246
-2.293631412565051
-2.655062488940074
0.719503792223217
-0.160350618742473
-0.526502694253923
-0.344655138565969
1.277200541033215
0.004069687819511
2.655304751903232
2.664654643759491
2.191979795102450
0.969633449464980
-0.444830877498990
-0.431154379674545
1.081794000077406
-0.663916592144510
0.129545170121627
-2.077612593481431
-2.189438590717065
-1.418676387358629
-1.515806868725700
-1.179883596935096
-0.325151282657128
-1.040952709594593
0.596757786269383
2.645443174487964
2.793263623763083
2.422852169013062
2.355877000949064
3.182269733912426
1.309649587397836
1.264384392618882
1.370981056881926
0.105432417209883
-0.644349179987099
-0.712099533147851
-0.761145510556136
-1.217796370710363
-1.584405723729655
-0.662507617951141
0.628279857737039
0.747284405244601
2.241073054304137
0.423720573006036
1.470721295442349
2.853368418530777
1.678412131000296
1.599121235331397
-0.832136690369535
0.317052526806667
-1.268615832619048
-1.503460900038014
-1.722422609536274
-1.310570944842816
-1.746172805541296
-2.901453284136921
0.747665444395108
-1.073250958816381
-0.751890282449620
1.596960254949311
0.176904040583475
2.737336606460258
2.520831573134453
3.053895506274368
0.846045707135400
1.718430928672324
-0.973959070047688
0.026434932846032
-2.851716312189669
-0.865807552087362
-1.290387668994428
-0.795683298319231
-2.712448188292402
-1.914428729351269
0.023574269446773
-0.658419847926103
1.104633274136857
1.885115074543402
1.710574801305925
1.251075042666986
2.245656519020886
0.348686323211555
0.362353094976380
1.941951012165143
-1.026576793834698
0.313404198379081
-2.926752506136419
-1.446360067473374
-2.135441771403641
-2.273597377823103
-1.654550179630740
-0.710811252967716
-1.433261085626753
-2.141763688326663
0.105615437707370
1.268889221939073
0.539101740996137
1.767506729461938
2.113251849267277
1.996036895757128
2.076706763464023
-0.515228694184853
1.214448169306555
-0.415467308080594
1.808821758558001
-1.164021485855932
-1.809975849775141
-0.896491117639072
-1.350404797012219
-1.448433657083021
0.656301935179434
-0.803316756281113
-0.136617270880762
0.964973553402171
1.948863972404082
2.395149062037976
1.316158218185888
2.068312608011132
1.809608383857484
2.367952011263425
-0.450696117373232
-0.754297737793009
-0.035556715860246
-1.326736950319483
-0.973652559378004
-0.149025706272145
-0.548178740960767
0.127963045441070
-1.275267190188780
-0.706801061891544
-0.631774606339539
0.069556621336470
0.726978233091889
0.575990010668106
-0.979555116471449
-1.089885471927586
1.952690891596931
1.075449126184469
-0.126014999965716
-0.196019126893226
-0.842658869790532
-0.302162311039676
-1.294898984925167
-1.577988774930613
-2.729313099079885
-0.061735748442657
1.217853091491223
-0.098245049743441
-0.775556998262799
0.663803941525516
0.434792695900497
1.292355413678195
1.402342080766934
1.294172555298729
1.564354880293137
0.855785016736951
0.960587917796063
-1.478645293229830
-0.213495910062898
-2.715988109449923
-0.534163575219204
-0.319224727605795
2.296588009082202
-0.852416749807996
0.484817906018152
1.251158728446172
0.894090550001486
1.679015559498317
1.348124976615559
-0.117960811175550
0.057991745262506
0.187064878190006
-0.312750755597034
0.916774392608438
-2.063269392448459
-2.533307135905255
-2.059706998541081
-2.421663288355060
-0.126223915921392
-0.044432841709858
-0.327318253093256
0.638780663019682
0.494558678899768
1.365216884821965
0.798692534216525
1.626419726183931
-0.076481699369323
0.692127487316669
-1.430505860046142
0.331226861786570
-1.816111870318390
-2.181806365652137
-2.393062939162350
-1.953174200680990
-2.104288566323966
-2.051334685200692
-0.082747216984695
1.885104546865133
1.298866721683348
0.809302121847177
1.211021387751288
2.155807366466885
0.752928721242486
0.684629077271596
0.876616018752035
-0.909145208685067
-0.800708034020229
-1.110887461443345
-1.770169171637896
0.213516900504283
-1.395025959564177
-1.413697532571266
-2.161317958037488
0.178564133902049
-0.131191549838500
-0.393413221808591
0.837754109578513
2.573537398380005
2.615643335194613
1.220657492271407
0.947994683130311
-1.670587327000987
-0.408078833924211
-2.473642963747597
-1.940172139104512
-1.287239054774344
-2.729014012941652
-1.000122521142728
-0.340043783655615
-1.400369214306673
-0.220853094546397
0.502797146615648
0.596800205330277
1.026314483689151
-0.336411726835048
0.988752065454581
2.976231891721416
-0.298870478891758
0.650270770015926
-0.659283531979764
0.109134201804951
-0.751751978479400
-0.796199922347832
-0.854712729415627
-0.962394137405453
-0.073030019414318
0.287568989661263
-0.509855070149013
-0.234029500374067
0.377233732801002
-0.037171597404129
-0.206453332928705
0.704706471071920
-0.083456144549032
1.343475197793510
-0.052667756353028
0.977260241497670
0.320385825237685
-1.094693130662620
-1.539788387316303
-1.984379933410672
-0.907991668384535
-0.342107050140180
-1.111463646035249
-1.069028803603908
0.934856126370954
-0.189857171213645
-0.333185203864414
-0.127572451472887
-0.408521017580598
1.076814227530991
-0.360252245022492
0.668127512474180
-0.564399828001665
-0.242966716951355
0.315293233674501
-1.441985727311955
-0.336344109217480
-0.610559576228148
-1.960561951183758
-0.168506682547148
-1.783650318003716
0.000418410811500
1.062019717671809
-0.368422105118952
-1.469358724446497
-0.491956232627208
-0.084932798489042
0.070696237793570
-1.032950111528580
-0.029597861500011
-0.146579449113026
-0.051760794988403
-0.771591376854774
0.257323247899195
-0.129544464181914
0.621790695785743
-0.637229331547771
0.106167880507244
0.603332333158314
-0.573331381713119
1.253641984059312
0.436498070026299
1.564389885003949
-1.085931512650849
0.222220472694728
-1.006353006428377
-0.142200592489448
0.328800931228235
-0.782962320601504
0.713122625253310
2.956318499581621
0.188020041077258
0.692596453135781
1.106518176199378
0.452090713157641
-0.081622952546393
-1.286631524774506
0.232486818414736
-2.171719935631057
-0.622835147472603
-0.751063167365448
-0.152233939458528
0.829776850342663
-0.829416728456245
-1.821823942320733
2.415879091989935
1.053757692415786
-0.353464817182505
1.621582867615087
0.903459449296989
0.779434725579906
0.945158504354720
0.021509763962667
1.292685705677482
-0.236212634768132
-1.625414247691107
-2.087609688452205
-1.220738296140402
-0.597839884968297
-0.841351885727352
0.092347144001609
-0.893334293367093
0.624761433733523
0.077233089100294
0.668949476068327
1.353094043926870
0.650158573238196
0.456188104423926
0.805678590134627
1.434096859886099
-0.973043577367845
0.702694273804727
-1.524238542815691
-0.205476605464245
-1.045263031811027
-0.244415291125321
0.228633816107857
1.014105279580499
0.375080438883292
0.406001825275358
0.237781497147793
-0.871519095829547
-0.523237166993642
-0.169299734609037
0.421051290393487
0.681730269703092
0.807317572815265
0.482082282537343
-0.196812347904193
-0.815757338204483
1.102968683359465
-0.171012560694864
0.629779369276464
-0.837317137275486
-1.557113126044665
0.584456662067876
-1.642195929265871
-0.914535714899415
0.673880176460804
1.214392305270746
-0.699808292497364
0.158172717306292
-0.376632111728184
-0.814722935622893
-1.372079973292904
-0.629040669394362
-0.897581323892249
-1.470170350643606
-0.648921753076680
-0.786583826639433
-0.713809979807239
-0.457677928393572
1.407671284505857
0.879924177653812
1.102933945192281
-0.738441646075999
-0.147292538540786
-0.147564028818608
1.593753002655146
2.434113004210462
-0.524230315394321
-0.096560078046920
1.013265974404202
-0.014364096858839
3.350791107136327
2.830030886937625
1.031347149114869
0.514620383814332
0.926701872222469
0.419762681185434
-0.774968277391917
1.203357503740985
-0.344652554340885
0.580854169520758
-1.247024748339581
-1.761945872216912
-0.272121700546362
1.266193925761638
-2.112501607373280
-0.342701337655191
-0.107863879926221
0.096932545621182
-0.193282968333011
0.121182049827928
-1.076906602248878
1.077544689145017
-1.030228151327342
1.229221994973635
0.242994589426784
1.287976918220295
1.434464193201538
0.980028085767692
0.363855695866530
-0.340222789994428
-0.630340125671074
0.183291112267121
-0.202396699363795
1.584265723023638
-1.202017205483393
1.345460066090510
0.836912484285452
0.682047731647406
1.236978932840732
0.957560588987997
2.170812723596785
1.122007064200994
-0.053805178243228
-1.506150962991637
-1.519916141132855
-1.938831272509646
-2.714371914157564
-0.768031345785774
-0.160606587833483
-1.777951026417041
0.010360652211436
-1.658684303462617
-1.841441758921213
0.840882493018247
0.530553390304447
-0.064374057243315
0.055266066721567
0.763582481481279
0.747438892844165
-1.517792913139107
-0.372410862487110
-1.245120315207646
-0.863616773056218
-1.341857178556391
-1.502941746722664
-1.292145441812210
-0.683777905963317
0.217822720556110
0.227745990223719
0.719842782900006
0.073910314544696
1.722681235319750
0.875317709035648
1.264107465124997
0.486227704730470
0.990459530747031
-1.098573084856587
-0.636707317982724
-2.556832529372091
-0.821262876490592
-1.510368104663935
-2.039530737688096
-2.979338809880107
-1.885383334786825
-0.525409244976417
-1.006123205111886
-0.283229632201120
1.495688569522359
0.291183583220794
2.494903096398799
0.697898483336178
0.792881520667494
0.615571830882801
1.117600994872873
-1.324886642054169
0.717099270383517
-0.173446805128233
-2.196694689541401
-1.452482149420051
0.302699528784121
-1.825065740182207
0.930288824348130
0.459921770430602
0.661301262034776
2.938749666331853
2.318572206381185
1.100904394040325
2.451524896769082
0.009157033309038
-0.357375202276400
-0.993637789766908
-0.023163502808964
0.963888119366662
-1.447898612947435
-0.913737975864881
0.882838481539673
-0.801304060827446
0.422491826395693
-0.069025844426936
1.184692182526756
0.867827717493294
1.109685890354446
0.836971207341244
-0.719879428765943
1.959703958047934
0.414026714287049
0.308479001416428
0.317873567355785
0.441973159753093
-1.442752937519143
-1.603923656227263
-1.795167074677524
-1.305980904633090
-1.156689480739048
-0.146984145763678
-0.350662108726089
-0.590223153975630
-0.913288460276466
0.700271746766965
0.980761012366218
-0.244961212731631
1.419680888119438
1.556207428820052
-0.224991484071781
-1.740835077947728
1.829868909025465
-1.649788526625549
-0.716493742565878
-1.645617017063534
-1.363095901069755
-1.967551659659116
-2.269453151101779
-1.542883225169237
-2.448521519068367
-0.146741356098069
-0.485619651531296
-1.488211220552693
0.267376094731750
-0.557118855549839
0.001446556167155
0.631090404032992
3.166642868220069
1.293605066659181
1.067447551684183
-0.210739598923155
0.320518587942466
-1.600054665119757
-1.324102109797239
-1.013983254745035
-0.137476127481570
-0.520497051422307
-2.385491277105555
-1.529269368332651
2.182944615682991
1.601477559862515
0.134388169436901
0.484155940912314
0.299639363751990
2.160020922907615
2.355549813412914
-0.428268902618447
1.105797880906938
-0.470684588806421
-1.581331121870396
0.100128084677298
-0.647651237884671
-0.426831266507441
-0.597416812493276
-1.270534915011982
-0.995689089724275
-0.614505123188479
1.612286993463482
1.013216171029649
-0.558222775339433
1.601371200729774
0.367103709975593
3.049858120708375
0.712086367660322
1.603212265411932
2.010417077527609
1.339711474225301
1.329685137455211
-0.420859292917366
0.107863922944357
0.394128385587217
-1.106332765934170
0.275650070971511
-0.079376597356290
-1.293025045729240
-0.542635181852960
1.038989644114877
1.640773575099993
-0.312299889764402
-0.421475691684403
-1.192331167672285
0.214366884815112
-0.404914224702608
0.210165726119900
-0.101667356509249
-0.050978797786074
-0.456588385844263
-0.633669414029118
-0.616084975718712
0.156499086784230
-1.564063003674750
-0.634853841867054
-0.965975759767267
0.124632948166413
-0.250735758643625
-0.977332310640397
-0.794340418862595
-2.333552431632090
-1.517352094167345
1.036120776889340
0.894396196236891
0.343726245083035
-0.140648085567797
-0.259402230196803
0.143453707425065
0.832085329514889
-0.325468140565931
-0.555691052382041
0.052790974614342
0.817003233379196
1.204119970644729
0.149799296155328
-1.033827410995711
0.052344027095857
-0.121049460085155
-1.924440510965925
-0.627401232830472
0.061791936590001
-0.388122909314405
0.110318996317128
0.662860499372856
-0.461283358669557
1.359938755357798
0.465445430721170
1.752658790796517
0.140105017852502
1.398017072336734
-0.285326354881435
-1.091794682727683
1.049932196326712
-1.034858052512382
-2.148442749059797
-1.808079325387058
-1.370607979232503
-1.375823340276376
-0.803868307868125
-1.392926341287226
1.279899927035840
0.835856364657688
0.827571347391412
1.244386548569731
0.612309974356363
1.722096523511732
1.803164507661035
0.728451768895220
-0.841065209524822
-1.143506266163751
0.192849626373954
-1.891644115525607
-2.061709121809463
-1.372779472976875
-1.744200308916396
-0.875195807484535
-0.268813090747524
0.052111871291750
0.025213231788014
-0.090343027952902
0.540382175751516
2.588721241004183
0.805593343350312
0.715336910156021
1.306375690840345
-1.263803451654999
-0.859671231415294
-1.198233493333514
-0.820096979419787
-0.192008459030155
-0.376157965147414
-1.572239658072097
1.258048008044343
-1.661311282761981
1.130768360779991
-0.037990911391997
0.750264848088790
1.159880110459578
1.061951565693474
-0.248371142123772
0.615048612007926
0.159668226553641
-2.196340406616167
0.128947693364701
-1.607707101721154
-2.421359470698814
-3.032445350159230
-0.310298184460828
-2.194725513483448
-0.178478346198758
-0.888415616613697
0.327624230499973
-1.777856777826321
3.083061738223216
3.310119457418941
3.018518650384252
1.129342470968148
0.778975676527739
0.708778699399547
-0.631135953895511
-1.039967312263259
-0.881806999365064
-0.770260157320178
-1.402070762177773
-0.872835476581181
-0.804347521791287
-0.473681348695011
-0.199112267025736
0.424243665056812
2.177539590930381
-1.129713754815892
1.585194950742136
0.638377670911313
-0.520196915496213
-0.194064163164990
-0.038751446373250
-0.795517460582400
0.226742303629854
-0.972770080765910
0.571247883039549
-0.542319094488554
-1.698948735825696
-2.197661564409614
-1.190137670384907
-0.531595244543353
0.125459698538996
-1.796121836020221
-0.957618360063692
-2.136172694288907
-1.350318354220206
0.817251376778332
1.511247305117447
1.480055731730652
1.885972511312521
2.375750309761595
0.942558167672504
1.473185975840369
0.317069358815100
-0.772755679251526
0.386675000786307
-0.747881261574048
-2.501072223729627
-2.659061355186865
-0.399014591920117
-0.732989748571108
0.044112326085669
0.459679895049330
-2.136514852924460
1.232824457190660
0.131047245297742
-0.050446837195300
2.874146399859244
-0.208403393259500
-0.801824739828724
-0.992028443431380
-1.679763926570544
-1.448073405898669
-2.016037568643403
-1.830857335020701
-2.396180935273541
-2.756282939916372
-1.477771901398387
-0.745975713619121
-0.252719308499442
1.380697690284751
1.357500679563837
2.334111313861619
1.898521917611011
1.501596360693426
1.340846980172177
0.141110024982344
-0.888857880754285
-1.284796574243264
-2.142014988724989
-2.198358001262626
-2.865229070856575
-0.624271359866636
-2.212198408337978
-0.281038343431604
0.110194305622870
-0.891191632147347
-0.064818585293520
-0.107524091394479
1.447454250554470
0.796382320755218
0.814381837760923
0.245587012249637
0.416473257247978
0.882512473713234
-0.001217667840226
-1.833348310126041
-1.799939299519633
-2.569900525210345
-1.895440847851051
-1.848113148217279
0.448411442122626
-0.015515813042611
-0.071944435099126
1.359855426388743
1.944462586264382
2.647525475579560
1.748115069207356
2.695269177273984
1.478005179260838
1.075946314746509
1.235288853386125
1.194774175926628
-0.016768149002908
-2.401365795005006
-2.480398024488037
-2.511411638478720
-0.682192518962036
-0.706060788581892
1.823918697164522
0.536306919893174
0.486663667172701
0.924848469715313
0.633800632485740
0.896365212501611
0.139442303243850
1.044683138907179
0.265176436421996
-0.974911776652716
0.929949930785640
0.557745991325199
-1.893783272442141
-1.139678578640580
-1.447467230109452
-0.890634344866981
-2.375240191184921
-0.353126911420259
-1.642139792311403
0.074591358289518
0.765645065241381
1.081760466779563
-1.348159839171765
0.177714396411029
1.446573996085846
-0.798471212746280
0.090021053791319
-0.059808294208670
-2.217552242398407
-0.441110208596574
-1.942874744116960
-1.277314437836817
-1.847040704047103
-1.530143497965061
-0.108287045094509
0.246830532539662
0.058093975619420
1.541375938128427
0.412163435970886
1.389456804273091
2.198115803533041
-0.694711464165807
0.705162724627173
-0.969757465971760
-1.681301718613285
-2.598743005760865
-1.130757244866408
-1.713472781744338
-1.709058521648515
0.725730224737470
-0.404349252692186
0.004740946231645
0.542425742150538
1.960241320247517
2.769641064780736
2.671699330141105
2.778009774960051
2.002921140638646
0.485086352301948
0.297258642595853
-0.532204052360073
-0.342900410806949
-0.480764714239904
-0.306120482271314
-0.221888423750350
-2.847520103503587
-0.629142266302603
-0.482663641813419
0.625533244800279
1.354785417133451
2.109110436027166
1.575576445162638
0.697059882121408
1.661077350150949
0.585325607111316
-0.362760225061409
-0.535269696587502
-0.843011290069139
-2.191735260652890
-2.469487335797239
-1.571437122381852
0.054530399387158
0.241337581745930
-0.829360721827849
0.487926028424473
1.153732354600579
0.291731424299171
3.313413521133176
2.325208879452632
1.598067465137261
1.622998791341208
2.707852237915183
3.101095899729807
-0.110869255145277
0.357313846873219
0.288805199741101
-1.169395825034487
-1.834630364489571
-2.585558092071511
-0.621762621498749
-1.068483159967334
-0.773696821926282
-0.937448726463828
0.601309428960120
1.870250940029854
2.675248673149026
1.541745913200794
1.467552409783681
0.572055135030296
1.817426428195985
-0.276101883922797
-0.138167102089374
-1.150631982329175
-0.468101435272858
-3.017671152100190
-1.873236145257993
-1.259297980835589
-0.905563488827510
-1.356181359560225
-0.315599296219637
0.969817717315019
0.760161433572316
0.936528751263674
2.179574088666512
2.042530349707666
2.021927745051102
0.876943765445865
0.613344654704646
-1.532977442991497
-1.177832677351985
-1.571188640018198
-1.661831259057748
-0.803095061540952
0.296140071532708
-0.543068183657366
-2.156494712012458
-0.827762957071507
0.204209927716607
0.249031092912997
1.492813164537848
-0.197835588092099
1.851591384292181
1.383422015291778
-0.235508036536488
0.432777229241900
-1.303475403392615
-0.393512258960608
-2.407448034479464
-0.732785898785368
0.211362353084525
-0.633699652114255
-1.803608811432310
0.351142904965977
-0.100560363266790
-0.215271650368665
1.049302268064867
-0.232827091000921
1.229401700268882
0.367530244313004
1.907812279844387
2.623560321509258
1.216591237529710
1.221695375400603
-0.122082449082173
-0.854164678219341
-2.314694280227891
-1.008176275728546
-2.014923773126986
-0.922137218596031
-0.330467193543798
-1.303127482853484
-0.239603543845005
-0.568331545460090
0.037326807037719
-0.457486007315590
-0.071664562474471
0.691219696228648
1.464624283141164
0.635011051001565
0.532975105022558
-1.236986365743544
-0.526827818614501
-1.439213800646734
-1.713557660436555
0.609809137591405
-0.790633032741963
-1.148984983549474
0.189224890054050
0.462275308014691
-0.637175584627584
1.722380322417745
-0.264967720492409
1.245918656580959
1.084911967641811
-0.505736809085461
-0.314786632491241
0.664603421320762
0.548917091169313
-1.486959121218329
-0.361916047965943
-0.821187768297785
0.714914044398460
-0.105450761215515
-0.189928340663027
0.706539775147183
3.123510983445678
1.611833457651448
-0.713582355020594
0.472391426022490
-1.780947886633807
-1.267161561981460
-0.517191788913000
-0.559700937805612
-0.849840095343821
0.908252401538663
-0.401531293175352
-0.783755888459759
-0.443744450073194
-0.086458941580256
1.249841409851154
0.271073128065297
0.554917129883455
1.604570892123593
-0.265770992001112
0.045975045293970
0.129227121812480
-0.632421313434551
0.298341524151791
-1.978131568383069
-0.640611311519757
0.229180417901494
0.187183884168731
0.274270764867109
-1.079631825647438
-0.225645872575652
2.182854576174571
1.037908337362378
1.172395339190082
0.415916224628166
-0.426797541314444
0.472256295031892
0.566433691862372
0.059819036742644
0.056156509605587
0.863236032117636
-0.281395829101460
-0.770334687958914
-0.704781728539821
-1.524927657002955
0.451276393657404
-0.331299644197432
0.033775465189079
0.182805068228755
0.698042118513179
1.661210851272421
0.474604325470002
1.678187368134783
1.701478639260079
0.218863438350677
-1.069734870131671
1.984896316079535
-2.907289031530503
-0.070439092683849
0.005922173532389
-1.749841418741758
-0.739968198094099
0.486564012394609
-3.264398990919635
-1.605077105200972
-1.925048161076969
-1.806605998360895
-1.093685336395038
0.284119722799384
0.589661308450232
0.695042465571633
0.114616085310842
2.303678700605128
1.943434560975826
0.267410210464924
0.613478695158474
0.024553885156178
0.011866425199932
-0.125571031738025
-0.942834991262029
-0.752982761009031
-0.749689746165922
-0.153611473572659
-0.126764637409100
0.589070002046116
-1.031281184999993
0.565478507048649
1.828345579268534
2.602019970465308
1.336256470737748
0.800209474821413
1.251389016694737
1.864965984632035
1.295554037938961
0.358202649743951
-0.294692358525016
-2.062361906258892
-0.743375245551210
-1.632039662946620
-0.466278893465290
-1.617167313556618
-0.990784722792548
-2.898721207798603
-0.998795469662174
0.226432806209072
1.465909662905973
0.250732162544561
1.208294929150754
0.832813486258002
-0.086629807710393
0.607972789877816
-0.595506311317225
-0.187708165934427
-0.737015245641439
-1.312368718446863
-2.994135556948299
-1.776260547264518
-1.607791068566982
-0.426069411002940
-0.155957223064037
0.518141008355634
1.931097925650827
1.389023854067287
0.514906805773727
0.512937913265643
1.187565509516027
0.375635184143657
0.195116509288682
-0.550399304041266
-0.351648168308838
0.429736922250874
-2.649067437927803
-2.269995882064368
-2.678553359747598
-0.430532999360613
-1.561845564305509
-1.380160243934348
0.522294881912304
1.598735418575633
0.491077814429272
1.359100682277087
0.565664898403844
0.460128833254733
1.130954195832158
0.779254310878614
1.684988316832472
0.563539727857209
1.032901764654649
-0.837608212785204
-1.323571115128001
-0.563875444487730
-1.086156970759315
-0.821626688656585
-0.309557771443529
-1.607415568352484
0.929296370793529
-0.333616023005467
-0.610477492098997
0.767779480774246
0.425128645023978
0.176284884310875
1.788511539248206
2.058620958190374
2.622443204498493
1.598261775341200
1.617561245367680
-0.030614346469534
0.367039830842659
0.183310057157831
0.879709548389282
-0.006384127202738
-0.026509630554552
0.394975999910922
-0.277790076199756
-0.510115433361788
-0.163118181978452
-1.207070252433983
0.596750631042404
0.641056636691125
0.670617849148041
0.263894158104754
0.132947244828268
0.231635933865428
0.850717710297734
0.308783487175262
-0.191011441818381
-0.928346690375082
-0.100106293401739
-0.501044221779165
-1.480780093612645
-0.183639458329979
-1.380424465781222
-0.124514271639500
-2.089008693137430
-1.702833503156623
-0.300760809057805
0.129006825942750
0.203904051593141
0.946680662279671
0.303428903693100
0.010986171899783
1.664706179742452
0.171235348097980
0.940784805008560
-0.338704194046021
-2.753490240435983
-0.807444765719654
-0.963205024077164
-1.331654236883737
-0.466381866942211
-0.558063664547883
-0.783437992192312
-1.477129901742265
-0.899229462295676
-1.177656929025578
0.371416017625462
1.747953967923691
0.086538947788175
0.290912419695201
0.697483267288071
0.901976572102844
0.647391972008415
1.098656964609825
-0.343076303609595
0.573841297173450
-1.768129433698892
-0.961308955055105
0.613146623892542
-0.441312689556725
-0.410349694900948
-0.642110188450622
1.627373588284253
0.193121723547276
0.919435837621293
-0.150803197930684
1.416370922487411
-0.130613366797990
0.928229863509756
-1.405454358409117
1.044518766158736
0.292647302848288
1.366524658151566
-0.338418362169777
-1.530039111600772
0.887909014444932
-1.385851856566786
1.583135517271854
0.326459743074892
-0.040784504199060
-0.130228070490664
1.275453461883374
-1.306306191678055
0.127876516585005
1.195515596674527
-0.295456376166046
-1.947447644939149
0.791735749141114
0.733164713939852
-1.064598487250723
-1.254399257066687
-0.258025015103845
-1.746053782081380
-1.161923038802377
0.653965940059772
-0.282610829229408
-0.905665047794987
-0.685245269078927
0.207885921632460
-0.099618225375581
1.314557532883931
-0.563931103033373
0.000594562068134
-0.220732601979255
-1.043358221728337
-0.107678374965669
-0.207114068774597
-1.163936080884753
-0.622430382291132
-1.252608488032714
-0.055220675631536
2.090520789770972
1.163802402114944
0.135968904562166
1.735698186210503
0.560617328404257
1.172190044623355
-0.317043057199776
0.421290185119697
-0.936608347463524
-0.403261154114311
-2.199240440243955
-1.590441119674453
-1.962683591067935
-1.712431728660346
-0.367253676321932
1.795380687597869
1.341041183457846
1.595508587208329
1.333233229518865
0.714272393277847
1.413472684750087
1.757536897275145
-0.591664017526328
-1.303282411709829
0.068631136929502
-1.983437374163531
-2.146507455297833
-2.690145756031109
-4.224407379283116
-2.194603371026543
0.916996081830290
-0.206002551877994
2.018540535023191
2.373951920334439
2.192702219560345
3.091779907313147
3.266320683847789
2.668847461572863
1.928994107372403
1.070327529763522
0.640146024861393
-0.868304689662414
-1.175669089414129
-1.484706908274757
-3.122086230497864
-1.642979564264604
-1.415734880886900
-1.507752401854976
0.477668304646843
1.020385813731052
1.043753173860922
1.522481907447381
2.955531594171111
1.498509820778650
2.078343177262274
2.110121146223294
1.995958643584376
-0.129871377023935
-1.447733903608535
-2.205577375465023
-2.730188820264445
-2.571428421513688
-2.529752097405523
-1.884285988377521
-2.201478073253048
-1.198998723319284
0.890094611248450
1.294917982546916
2.127711710208289
1.923298956482950
2.817622520702475
4.153566821259394
1.239560772603081
2.732209859122244
0.743373616559915
-1.292486044300461
-0.522085833857982
-3.091408579309125
-1.943862968095362
-1.266807038211883
-4.414283537385866
-1.523682579838933
-0.285147745225541
0.625411608385023
1.516800963314119
2.770581628649700
1.101414451777218
3.223262093048150
3.213352102008666
4.668146407257069
2.709660230891587
1.952557445992454
0.734010302325798
-1.759193778948812
-2.287690334823614
-1.934305329303114
-2.693185037813802
-3.555452728831472
-2.681673513089385
-1.189490878778609
-0.290156265712949
0.013931642257429
2.037795145303250
1.807302975568152
2.146424309555176
3.919822956596268
2.834280282330445
2.758886454747409
1.873302380145151
0.305567535927118
-0.790572414555017
-1.907395449101577
-1.438360656897439
-0.928331563213320
-1.977062755955799
-2.892867364917771
-1.676494076558063
-1.859030877660829
1.889920694910858
1.436249743832374
1.736846967500287
3.845889123669931
2.521392349272852
1.564938929904741
3.698507078896582
2.837283407945472
0.566780488884616
0.631807862280849
-2.059151811730137
-2.819820546093530
-3.546155731338631
-3.431745953185871
-4.539969113716569
-1.644836574211500
-1.880087326034360
-1.534042577825115
-0.116094075314968
-0.594284240115239
2.492452806780595
1.470301960791480
1.597917706291315
3.932118438122965
2.512280625871711
0.524889630409833
-0.271215605425608
0.192582421415444
-0.905953408799017
-1.901490333335885
-1.464568303295064
-0.790471988101531
-2.683189067390074
-1.246387602321525
0.808241967058116
0.297444824858707
-1.220441640449668
-0.787409465486657
1.090138445680238
1.385339635096047
1.690693049137239
0.499418387382256
2.117728452527998
1.712466069218367
2.408728958932897
1.672574483045808
-1.194912738327812
-1.607877999547152
-1.614279931475504
-0.651451771119102
-0.636692977538072
-1.703640056916284
-0.131273847012936
-1.271651656550919
0.581025428046980
0.057772901699673
1.807378491969452
2.453703483002775
-0.081429461006688
1.208988321591846
1.714005373395228
0.642448580921763
1.488033866846022
-1.713620781867996
-0.771243534553042
-0.844177579219733
-1.321246202738586
-2.078825480956193
-0.285275884189208
-1.361940169913430
-1.941566404792752
-1.875111534247639
-0.280286719734117
-0.632141952945024
0.205155598598781
-1.889478587326297
-0.133427728459902
1.192051240870764
-0.222237521599700
2.045082907289169
0.892749735471386
0.411896144545688
0.894758857543993
-0.400891493736537
-0.509572128014259
0.495782802451782
-0.576026404838982
-1.412834558837268
-2.034336780491169
-1.082705226993632
-0.642807854758789
0.758634848915839
-1.149908837742283
-1.929620473297730
-1.145171279220334
1.968732904591018
1.868551246482873
1.605821586745480
3.361698665677241
2.009123401765686
-0.121519239423511
1.562460844844725
0.367221238366223
-0.059541160534380
1.519546257927340
-1.567954033161544
-0.870365110529570
-0.291057580251480
-1.545674987860993
-0.119855184332856
-0.411621439365971
-2.538362365198569
0.035372695055261
-0.122561889088232
-0.895773267056693
0.322841781805675
1.403441775391950
0.500066434674956
-0.189207301091734
0.670997605147325
-0.278945822915320
1.279993578278535
-1.613279927166564
-1.413630237403179
-0.360055674386632
1.202444890264104
-2.180071365318908
-2.107355628550476
0.596503353529979
-0.437801579351159
-1.122033167965070
0.519833820655241
-0.545176948429657
1.489192620197831
1.277139838289500
0.122795731748619
1.593761260148499
0.286467778143218
1.560982706351933
1.280974954928467
-0.263778510664320
-1.708816653811548
-1.245138680111593
-0.574988830537092
-1.025411761963187
-1.239908193838387
-2.007421122375036
-1.887587502092445
-1.971431248384254
1.125540151803658
-0.635472793666538
0.272327402391413
-0.390102203281103
1.255244307912476
1.371715494264343
1.061018927731454
1.099996804822925
0.991313303681351
-0.724307907393361
0.371999418329799
0.578198286256985
-0.462786259595300
-1.168241047826039
0.014935970501626
-1.400575106612441
-1.388906752942967
0.834280803395808
0.355992420720477
-0.231335841803649
0.278078715763627
2.161269637014247
1.231513338660013
0.224885772303463
2.168584170369131
0.351746933456436
2.511552945480273
-0.473736553858560
0.977799431163911
-0.444770386181764
-0.968975650069469
0.118832399042852
-1.760506741392272
-1.269349026479986
-0.059589819283997
0.441653935721025
-0.298674189468637
0.005434410871688
-0.482797849969523
2.148513422523040
1.591758278066053
0.692154555063742
2.575874807685626
1.887868886789620
2.308635842366001
1.544333122490907
-0.802394543337681
-1.122004327008423
-0.864349200301932
-1.082321557301077
-0.760623715581716
0.421669667015983
-0.364351104198227
-0.341107415584832
0.881709582975667
-0.845133038697025
-0.483716544597089
1.451418017236404
1.230842562764414
0.426946795158635
-0.345757503642888
1.888899270593613
-0.095302018121834
0.892710906686842
-0.347077691894807
-0.885216542900623
-0.397889617591440
-0.138926686751666
-1.214796711725512
-0.236749520573829
-1.158405503132976
-1.123758573084438
-1.324980362062966
-1.244831679536604
-0.510175534435774
0.762400942281914
2.137916950340748
-0.985257006057525
0.909994867616486
-1.429280238274033
1.660283277231268
0.278012085723989
0.270425451349930
0.051393384456645
-0.404576457232247
-0.576654847278712
0.637048921225728
-0.826726715184396
0.639582172865303
-1.654487375727332
-1.889981425889421
-0.358777393439321
-0.326524255199192
-0.714059337633625
0.686063501271005
1.464822047971535
1.743833811236985
1.110063335661510
1.424492488769026
1.842440795893942
0.936864629574199
1.594218268457406
0.433718538732713
-1.484415077736235
-1.287231989548677
0.096713124490152
-0.885735801339634
-2.118467206371134
-1.517646386438850
-0.231198683366954
-0.299810509435330
0.237255648833095
1.847561994113270
2.118094511613851
2.514648630621460
1.373463311148475
1.236839592595911
1.164441841387416
0.089394935315516
0.377506687695434
-0.554712355326210
-0.415260598508832
-2.620017297138374
-1.461855849939659
-0.752737502392587
-2.133319214137135
-0.284180420399125
1.916174311448898
1.389610486319072
1.953745106778497
0.127381128021295
0.505371561832033
0.222190777208607
1.165918979490886
1.661371184202211
-0.373799708862763
0.023429316018132
-0.276903868739788
-1.120484386571630
-1.546751473483827
-0.309294120028377
-1.462444828496343
-0.680208983189348
-0.571179424497392
-0.554591442310579
-2.813579604199086
0.144210807208747
1.244863426735388
0.232609763442772
0.529681011889460
-1.146708903569519
0.210990094281682
1.022296927234334
-1.608802153455384
-2.380840034845371
-0.749476381171212
-1.903233265341621
-1.763778972900738
-2.130686233598088
0.363292302992859
0.583659972833857
-0.498486656416712
0.429798064198179
1.158874055837055
-0.052947918582569
0.451242397186890
0.039255908618107
1.115750811465104
0.568496825319507
1.387431844455294
-1.204692729624900
-0.070499473766971
-1.843622159583832
0.686940295552082
-0.008472523331799
-0.992585475824822
1.899296379496983
0.385486253642663
0.890833327731570
0.956517544923531
2.047428313967651
-0.166136598048064
0.928913529571039
0.022973495003071
0.516597033723654
-1.576979939474828
-0.410596194816051
-1.968221846521361
-0.684874689671142
-0.311681540756584
0.526865581222125
-0.517026405918140
-0.114343766162555
1.368014234353800
3.011051170380096
1.354851847414334
2.010405208223482
2.057439352657324
2.118590338017768
1.268494388386566
1.287468312927847
-0.238586216337408
0.472144323681227
-1.090284222116281
-1.532870936790587
-2.208500966016388
-0.866788852909219
-2.145704815152098
0.079983275288424
-0.238713901211204
1.988985800944840
-0.706746366262080
2.265724207247347
2.084437376001436
1.098348823797560
1.204629901356097
1.996003589229775
0.154937466638030
-0.680693552615346
-1.601927446964462
-1.879299659171543
-2.766737692649726
-2.702948632880179
-1.995152408060644
-2.615081237315635
-1.393600769754399
-0.069695352549634
-0.716989061648588
-0.512256185038073
2.298278693867860
2.734397449473891
3.182026172060842
4.795427204501765
2.354878263733208
0.650065887063555
1.541371208312774
-0.597283234465788
-1.090303421560362
-2.919358824066476
-3.748099259956824
-1.903311192749960
-2.432072603905439
-1.540592446095545
-1.160850432897651
0.216950527939031
0.579261295183557
0.945478050141208
2.529138293969194
2.877024917775341
2.327028114150715
1.559580292456685
2.114642515268947
0.937960617478156
1.770642146448397
-1.081259684004856
-2.598984031664007
-2.236309697897242
-1.635645224540763
-3.342574552173637
-3.947914308538226
-0.120901358895065
0.416012299611728
-1.457905905854092
-0.294839376170367
2.156712492611174
3.755661063311392
1.451406818115495
2.026838622239854
0.923064904363266
1.038870340441311
0.779291252837950
-0.252567729305904
-1.395401123877062
-3.344730810205236
-4.500605712629515
-1.433106099735818
-2.310145462762897
-2.442908118148249
-2.100852761347025
-0.174575889224148
0.829060728980848
-0.275878091751036
2.088156333006734
1.623225510339902
1.518196376546356
1.073978014786097
-0.091165856848403
-0.958664757906695
1.557209703327719
0.510740348052436
-1.745172525541762
-0.615969476513264
-2.822701720179507
-2.006294221278143
-2.282772182423993
-1.898286478321907
0.544319928359416
-0.057975377632028
0.083534869384092
0.978540177338877
1.577155420141779
2.149655931162934
0.635973137436845
0.624207331111221
1.347891739499426
1.140846988188901
1.910471115313631
-1.211612206655488
-1.651666603369769
0.478658578700669
-2.312779195098097
-1.505763173022408
-0.302224007029641
-1.055127792092055
-1.001020747190114
-0.215823584827599
0.393465192915165
1.908443172091695
1.562016331416596
3.447339701103103
2.825480396902434
1.925899106740690
2.174972630529624
0.308331024095226
1.526638146358067
-0.157461833551978
-1.490507827834904
-0.356889341917013
-1.568543646773342
-1.687179768716175
-0.535586698737765
0.443528868466725
-1.115566686786969
-0.335491936267577
1.989714029232292
2.045738635118321
1.281420894605525
0.984453487144412
0.698089239408154
-0.345045170240688
-0.374221728459939
-0.106811595646274
0.910891807762162
0.062387061941145
-1.431400048203693
-1.208370875388942
0.327681047937262
-0.636979441116715
-1.560448242168010
-0.544718649571987
1.060838995377428
-1.039713692666439
0.119523339566715
-1.584109946400722
-0.590346277016537
-0.589685523964043
0.738266586319047
-0.101435767658012
-2.453069638261050
-0.910445553388304
-0.373178475930199
-1.210574219256757
1.301445987071048
1.164626296092884
-0.804256032041976
0.279463279389442
0.786325828906412
-0.343464992273499
-0.744807160532553
-0.613009144092490
-1.261550377028514
-2.069997777382574
-0.098344563536696
-3.771074711632365
-1.477390174718975
-1.246884252012457
-0.286682187631767
0.723564881037304
0.917606966898429
0.710014422676876
1.406211789680821
0.626761760013048
-0.012108886534927
-0.835496750740415
-0.059586816437415
-2.499059001866236
-1.100894933977391
-2.054383505700563
1.974354300729515
-0.513339690188653
-1.313172112688448
-0.732081205470266
-0.205196988825266
0.515066046589273
-1.056920973198987
1.805494536123093
3.145001057641434
-0.397723048276389
1.077071486750930
-0.396320812839025
-0.645364257003835
0.199283485494628
-1.010986661410229
-1.409619132513589
-0.922434890536274
-2.040762252670442
0.328098395247605
0.436844388507232
0.005160358603777
0.188364653256068
-1.073491899331099
0.062825457808129
0.390922631444669
1.757217059073636
2.093447107695835
2.724752008709105
1.730551085638874
0.553699857677370
-0.068514349127269
0.382148295533013
-1.992812300726739
-0.140007253630521
0.601894835512811
-1.201550603772118
-2.715391795423473
-1.102719289864507
-1.326824715024036
-0.721028136444940
-1.375544810277372
0.060224301194579
1.115745411923953
-0.292664297732242
-0.038917542378303
-1.056274734652386
1.058807252883607
3.573553744321134
1.957637537310173
-0.887068438283323
1.010463993484036
-1.283046129345327
-1.423953170271050
-2.152618756608138
-2.869554459247314
-0.795513850676743
-0.678179098970166
0.599420314051649
-1.137030869656387
-0.437721165507108
0.884372479411043
0.289433342932243
1.271344327852669
2.589957194684851
1.001869029359031
1.060626074425878
-0.488193416885947
1.683050136849309
0.068200005970034
0.016151073839653
-1.194338920878563
-0.641710330940269
-1.279603888647201
-1.195938604032753
-0.764870361107541
-0.441738172525213
-0.417350554150735
-0.069325056467039
0.315322252228164
0.169459189694519
0.326130858900007
1.073220775756381
0.897679318156434
0.614009747907208
1.657516734526967
1.273970353450316
1.330237356232904
1.124213658421323
0.061222595428598
-0.776223031837785
-0.923908204396307
-0.822413659248381
-0.567494567083956
-1.281262398901080
-1.522336965503981
-0.863766714050616
-0.000833675988596
-1.480693455518859
0.635228100753564
-0.859909288908068
-0.279066361298286
0.516218295418139
0.378952741937146
0.017922603913824
-1.123771248435470
0.183346892993524
-0.694495589465679
-0.160894997715403
1.207488737924819
-1.124351057796428
-0.497248329977162
-1.035708030100033
-1.082598351504231
0.670216946733518
0.073103563113238
0.819471860289979
0.462204232515065
1.381538494065229
1.250794104194914
0.130212582464971
1.364759233963132
0.079383854274989
0.715897945541388
1.715897164507664
0.325877371277054
-0.607125347824118
0.000154584087917
2.075030207515956
0.371603147466242
0.552489792235563
0.902180242831373
-0.203028850621540
0.764060584064788
-0.299035865638230
-0.370442324493031
0.763886931901032
-0.907359244145105
-1.141234720513272
0.581751392997496
1.018431142540027
-0.629504443540156
-0.430254506847969
2.267936715603066
1.106515227719765
1.215661755023846
0.780076792471484
0.671909259710253
0.909019410624447
0.474976839395157
-0.601252607397892
-1.573193012098686
0.611967974273252
-1.319689753657755
0.583786906525913
1.281595207209087
0.577027400183739
-1.878803183063829
-0.426488009023269
-0.218224190735524
1.329171713850988
1.599921011718124
0.865683618920481
0.717890094929372
-0.644594157739943
-0.280210678471571
-1.188511642278616
-0.664709628442313
-2.129937052980600
-1.227256508213993
-1.721507560184148
-0.727413197324700
-1.556164514558437
-0.071955278978506
-1.375904321141163
-0.879218781142187
0.865730627514526
-1.974794665166004
1.028379312074903
-1.443365486176532
0.260759203401586
-0.819759413705169
-0.107760153954170
1.261345201274129
1.556134149217446
-0.324594493121218
0.759999016204575
-0.015431621308571
-0.857253926497578
-1.144140569615379
-0.616672121295333
-1.843578816891290
0.764495443744288
0.535917929637949
-0.147619623329178
0.473900734111291
0.425102220524822
-0.748463271709986
0.479365508256582
0.732828176166006
0.602007613612695
0.209052806942988
1.741996597550795
-0.143487836461061
-0.683633084118899
-1.231119211083767
-1.041151234189162
-1.671693415940722
-0.531336492709561
-0.501894786961746
-0.720444392994144
-0.556010239923283
-0.008927253793189
-0.473686109296590
-0.714468376033186
1.532192410167255
3.608587838628059
1.726871971459801
1.249544428509005
0.006322125541982
1.292011636818403
-0.065531154298582
-0.618794552307484
-1.534511145639777
0.685787264021167
-0.225702700969044
-1.170521116664623
-0.368936102733030
-1.420325860860379
0.477061501190160
0.695795385209969
0.505403141331323
-0.818900440503357
-0.057952625106229
-0.906609399070368
0.353836071176669
0.623044545359712
-0.314742460153773
-0.922928513175006
-0.348608526701716
-0.015157061754310
-0.937369457807636
0.339587225323650
0.800171325940854
-3.201431582809029
-1.802221045966750
0.132739566066209
0.199584820111649
1.785209495783582
0.862215993616083
-0.003877513089077
-0.046293585670627
-1.020099991393286
-0.638321869988956
0.375744434758896
0.933726475258110
-0.761993370976672
-0.389670222698169
-0.273214365142491
0.451798731438882
-0.605110284808221
-0.869918251232611
0.514352084343619
0.099439679329141
0.109049642686189
0.085032595489761
-0.913097448192437
0.007608469273951
-0.816737002665582
-0.784517108776568
-0.136890302966223
-0.740015370219402
-1.666757388988374
-0.395777556013624
-2.653146651981400
-1.377243254337697
-1.632856173444793
-0.195893376541504
0.362796948652488
0.835253074336729
1.110861459783011
1.962792989442206
0.314989033422672
-0.552783700575818
-0.270877546583611
-0.873580595722529
-0.617754796236813
-1.026377376700164
-1.397222478756142
-0.542165537267902
-2.144998685243461
-2.507609493869040
-1.701439722189906
-0.575053121352196
0.765644819290240
1.842979195237116
2.469811941705197
1.590485150568930
1.165963340976285
1.743342137229278
1.323401983347470
0.772496678088327
-2.013156009575098
-2.902509065039629
-2.483562615305956
-0.388748340308261
-2.064255822174690
0.255568690621638
-0.544755851261631
-1.185185279168900
-2.248137579481306
0.271470374420390
0.548693844529192
0.758620227190506
1.485398957152632
1.490092443402573
2.494324033457210
0.376936526742890
-0.985351875266521
-0.499414440638045
-0.658671451325074
0.396756966385021
-2.762943211481212
-3.424056906430617
-1.864957721956046
-1.413240447033175
-2.517477900023559
-1.756640633845416
-0.446472332139207
1.770207030667565
1.372355492352608
3.950036613875691
1.419898191684756
0.498701777594977
1.401122229159540
0.932562909484540
0.294371273983516
-0.805713577266122
-1.579421494336996
-0.903699892938787
-3.686305239875818
-1.313759566177706
-2.293316520806293
-0.197289817494068
-1.987641365671673
-1.410894024286659
-0.143010677877301
2.283143124698739
-0.368120891959766
3.464467870220070
1.843470451324963
1.625338377312864
1.149380634341781
0.996047083942091
0.292162564273898
0.066575096409139
-1.565615230964161
-1.942782799562032
-1.110633188729499
-0.986530299084857
-0.352490104998169
0.566912004424571
-0.218004047086478
0.733455217951628
-0.814552653102190
0.942753547848670
-0.849670445403333
0.986319890441692
2.325943184538020
0.150640116099448
-0.105915721945270
-0.299693913387498
0.274051054280501
-0.330421456076790
-1.570029408241979
-1.162038314696610
-2.054944552185660
-2.199418809611149
-1.276724435633817
-1.273124573340526
1.325303420568534
0.828298409805235
1.255783348364744
1.752508004528916
2.648458163276027
1.735031600950562
1.439410319071615
1.320920015578862
0.596686830721056
0.861704526929306
0.371724617139922
-1.063918835517607
-1.698157275181042
-2.220450132989031
-0.606460292485674
-0.833909859882865
-0.291949013870975
-1.712271380045131
2.029847283756177
0.518477855542681
2.134908373822288
0.977047625897647
1.794838959807018
1.410479956817809
-0.613116892548298
-1.219678262332373
-1.120422618482799
-0.469236895905598
-0.925614921606622
-0.754887072861441
0.292044622150670
-1.392601682720888
0.348149631247016
-1.207083033302094
-0.856140132328119
-0.320258763252459
-0.151317549168324
0.708410527168342
0.403850572426613
1.774014947456292
0.476813348010938
1.600105726877088
-0.038240797998992
-1.371823437325522
0.684693473741450
-0.207942962546886
-0.484349977263159
-1.107928740571092
-0.421027501007828
0.236440565830143
-0.686571592933674
0.129287310667961
-0.965773445897008
0.186636343182332
2.464061067175863
-1.345161212534959
-0.314288405664088
0.203581244832350
-0.261301592788799
-0.900546129754962
-1.931237339233302
0.179649502687534
-0.878928033442041
-0.208041060374047
-1.555369142146573
-0.500477995486316
-0.071038218852479
-0.062769203030791
-0.302624329761638
0.163307205307110
1.629669010503544
-0.249325705958224
0.165408946226992
0.707506821862134
1.478973077164553
0.837654624450323
1.662728930685386
0.155154883043242
-1.731528663782027
-2.149866480972576
1.020118443314550
-0.984757662501560
-0.011743925460267
-0.106055862519533
0.107633196720321
-0.458003002983869
0.836244084441502
0.344263987337435
1.574411792649177
1.335790898420424
0.942214474900665
0.606019268259491
0.163318743874820
0.438271829744217
-0.949831991271036
0.775005417233581
-0.457495185610672
-1.558710986350433
-0.400811668842306
-0.588745379577954
-0.665480239414831
-1.613405843943696
-1.223950204555752
0.953352134453471
0.410594973702722
0.147173135941212
1.385812053599059
0.150601908155318
-0.551247679122256
-0.089927797271107
0.403711986786761
1.445747276859958
0.441649747250035
0.878553037562830
0.864839989157506
-1.846021126864884
0.253156534900811
-0.085382402986328
-2.000953647022810
-0.644142478073229
1.051727119283772
0.316770989396077
0.473476265397216
-1.497646295135996
0.724260399025760
0.624528828407975
0.720411344593721
0.664035176389374
-2.491045658641875
-1.142053297691962
-0.928199969865894
-0.350540001740400
1.195210015896944
0.020045005310414
-1.399289855508813
-0.388743854875446
1.387900723281517
-0.107012018841370
-0.886899767342892
0.785279331627235
0.108221201849322
-0.531524806425825
1.032877985451949
0.721981937895597
-2.322882880187744
1.166850133711589
-1.023480989878877
-0.533812870742968
0.391090809003446
0.168949984941775
0.492415710110795
0.409571713503046
1.953508582648932
-0.962896361132319
0.193062724887108
0.037879108169833
-1.311204570074914
-0.806027338645657
-1.507449353786640
-1.505765809173824
-1.262510645119086
-2.357761651116287
-1.290352659083100
1.115875518125938
-0.732155503367339
-0.392548227409424
1.783929971965608
2.061366539730764
1.921793203702225
1.517674057839817
1.772829779203809
1.975172667029969
-0.802754145804098
-1.585323577080807
-1.846606134027904
-2.117512296415184
-2.371443683554089
-2.075005039124787
0.109669922275859
0.215204034994543
1.274416056950174
-0.272258015908609
0.200789116046380
2.103864742278763
3.666615741482250
-0.002114677595105
3.252427374769725
-0.026685042765453
0.606891829511759
-0.581326472502629
0.113962244104507
-0.776300909459993
-1.386756625162781
-2.020575536096867
-1.693966262470181
-1.101123918139412
-2.405494601842085
-0.385708962731774
-0.441435715007559
-0.560577804883996
0.418033906586304
0.151515206674106
0.607799209513372
1.479697877941075
-0.179771699838865
1.709248506689073
0.752791864994365
-0.649487714252998
0.022219162655544
0.577291343274627
-0.441275987528551
-1.295027590407860
-0.277079447199406
-1.315558119599331
0.574475238462180
0.015795707811151
-0.305117961384080
0.420898183088620
1.488787425377678
0.411157478655537
0.188916173225290
-0.046891618242297
1.846471843404238
0.550670708315882
-0.724995234763809
-1.278725154198583
-1.508548940046062
-3.540466077776597
-1.788702026591764
-2.039727439926558
-0.358282208873425
0.214511840456831
0.953092961428819
-0.493547036157372
1.952101324718511
0.531483799478494
2.128364044087873
0.763582691940445
0.077580535784884
0.270133808331121
1.622915830379211
0.242143194451425
-0.410546256342218
-0.659790643066821
-2.795216226248628
-0.307040086667321
-0.392474847221086
-0.717180117068698
-0.946104222246279
-0.331288792494808
0.545715144811676
-0.088130882797791
0.430041972048951
2.052052097849782
0.683542586847194
0.744446759174307
-2.396380661220197
-0.054971433105698
-1.312601600256152
-0.440329365786019
0.108271054077218
-0.202746162258692
-1.452900160994743
0.154900219550931
0.109299903984779
0.266636462370980
-0.402729324739049
0.131702245958992
1.596523851058743
0.497331679951562
-0.196343117326275
1.185603700957146
0.205969520534358
0.406899943414334
1.476280934437015
-1.508766537388180
1.927258597556268
-1.499845537036446
-1.499624299810295
0.548363041745105
0.357441775617221
0.574686257103466
-0.877959334014710
0.640344121663714
-1.492398301809692
0.826701493029406
1.058794446427979
-0.234546769448902
0.991281700596606
-0.593319543346965
0.819644679019508
-1.272539904295713
0.840778618050146
-2.219257567936902
-2.090743505388575
-2.003289996818138
1.175265687835487
-0.850635357135147
-0.454879801738942
0.186387864456875
1.746223998869668
-0.338376911244595
0.998602207156750
0.959638909477957
0.804356877475508
1.943876136668098
-0.622434912715084
0.987273439285529
1.275204940547241
-0.226643670752570
-0.734392187511342
0.302468955121758
-0.196889708465083
-1.064280494928993
-0.397786602309396
1.393999017769314
-1.730443295248461
0.338085343790863
-0.094698648039388
0.269397673078336
0.604677103232288
1.522671124790906
1.185138525575896
1.866856205688445
0.391046705138740
0.423816333677517
-1.293212884406735
-1.653820613412975
-0.821803208819317
0.173663218603597
-1.029929697335550
-1.541757856918345
-0.996510478620741
-0.479646509372393
0.031508327684198
0.172676205658577
-0.833617126455547
-0.306319296574861
-0.332334322924535
0.421014483375781
0.291879009113124
1.116351661537845
-0.679017785870539
0.095082435983381
-1.935599983445397
0.511054580003786
-0.402521342307181
0.512052293551171
-0.753591144482162
-0.066552401388787
0.336776609865448
0.431914104863803
0.572100311315569
1.097139094093474
-0.199261815014512
1.148052478495359
-1.318301808721330
-0.446695014485332
-0.468038877852214
-0.721486792817787
-1.257070774953051
-0.467006588743317
1.215904154697921
-0.378448170655939
-0.836624753365242
0.341380765312434
-1.080149277978566
0.496061974375582
0.162418101089598
0.977243427818423
-0.376139902468083
-0.641347383787723
-0.732914241516257
0.102605690602209
-1.479370133875791
-0.372687546475324
-1.692741623647852
0.938422605002626
2.014629234101348
0.453655603870336
1.573045482679252
1.463143217170727
0.709105682158599
0.961900316721152
0.002944709729990
2.465394344024610
1.476489393750698
-0.682414119313586
-0.434975751530717
-0.013921830335106
-0.233765239628335
0.558450361803501
-0.520924146052814
-2.060442365917155
-0.716342540068273
1.250956534516852
0.068121777234855
0.406784775015298
0.567665866078913
0.086301735911891
0.947220091595196
-1.018523425233234
1.122067571538957
-0.115409092662432
1.136379436741877
-0.354312664978164
-0.652111330663065
-0.274820049739563
-2.360042702944662
-0.388793439781805
0.200326465162241
-0.456392096572749
0.636562004004301
-0.267241020629000
-0.252601604300935
-0.218178559072556
1.585081331467323
-0.278198697060725
1.285078095303982
-0.794906126205043
0.951613200414146
-1.309053584856447
0.320800167255673
-0.026305455799732
0.965273620316872
-1.124940231952711
-0.430153701806407
-1.355421299508800
-0.928153300077849
-1.032400517940641
-2.588537866828250
-1.185578693815169
-1.852327092553181
-0.222776526868416
0.376784941722704
3.620587897565986
1.882702562400125
1.298924502693791
2.121023000224277
0.108064541873566
0.618438421940864
-1.205069923436711
-1.802645742270638
-1.215451205581756
-1.323622288912306
-1.817901961156405
-0.138583162484837
1.493115571898469
1.134059568649115
3.437906417125314
2.616356770833646
-0.495977103415089
2.425590536434868
1.992854554870194
1.037975674470055
0.899721106030311
2.004007575541479
-1.054376770313143
-2.056033756401246
-1.430541305978058
-1.982414802980377
-0.273126035024342
-0.767922653445906
0.654770063597062
0.153938727776648
1.869880470524661
1.095584507692734
0.439450136009303
0.112627946374919
1.267687942064922
0.086012340887775
-0.938853142785366
-1.033250353692859
-0.812264631908739
-3.480108895498620
-2.241161726532225
-1.092801797305910
-1.567349907575152
0.983445944033942
1.237378465700024
1.706310073518890
1.534396910726952
0.990054421320818
1.631099185990441
0.805677529822160
-0.588661782468962
-0.878574097386981
-0.872454033032168
-0.775358299107722
-2.176280684987813
-1.405429404907490
-1.395263151904856
-2.528802808461170
1.633309088442630
-1.524891215589430
-0.920109425689874
1.148875725762340
-0.993122922493263
-0.351711686636417
1.152165039886303
1.269317772241966
-0.080812689310102
-0.113469919005554
-0.177162951936195
0.964069458173265
-1.212000981538400
-0.800362499865782
-1.781104914675775
0.130155179110688
1.287359523313005
-2.220353695344457
-1.759643567493035
-1.782077300045006
-0.637770319017718
-0.126265140729321
-1.282965486288525
-0.187638723569276
0.797794691255659
-0.058868955539120
2.300490277250299
0.886079877448670
0.187195987951714
0.140014824315846
1.001598076011894
0.354026909379448
1.209608595927191
-3.391275488132789
-0.732803927154769
-2.636944798427009
0.580035707467178
-0.189138756499501
-0.981900140094431
0.381341055078524
0.468095619995347
-0.261502598732237
0.785216263595422
3.279851259442609
0.621863813119241
1.407546177826852
1.310072222322100
1.908321397328801
1.137710461760930
-0.294348908935494
-1.112396269474222
-2.570645664922075
0.617019473095083
-0.245064245209265
-2.746092493718788
0.102834124104976
0.079787713787577
-0.220306061239713
0.426074889953316
0.834707981998665
1.255553929294575
2.097056136724628
2.357235858984119
1.986752696876875
-0.636220658250722
1.194897302020397
-1.739465066085658
0.290430326041001
-2.052246954873920
-0.257942267593517
-1.257562280877685
-0.107747987287820
-2.330545821095530
-0.991122928740807
0.121422659834045
0.882742857479033
1.879605086655368
0.542017321157741
0.740213659850939
1.248861464116368
1.259443461992598
0.642838066427157
-0.014979896530492
1.368707517959840
-2.474386659129087
-0.243660725548482
1.900047175791584
0.075566934140480
-1.926734725350364
-0.042306741496257
-0.571331103299505
-0.415494294122175
-0.381498800170653
0.037075592316484
-0.539536812882751
0.663361995768161
0.655095952144114
1.382327666648659
-0.119034262797407
0.259589097876848
-1.075105630968801
-0.775862504919687
-0.956463137354623
-1.276303995433984
-1.416485699280825
0.245833986171391
-0.443882314883503
-1.711910251086340
0.235027666558552
-0.268340363975692
-1.265907224002556
-0.570957913180640
1.132568178323980
1.077312563332461
0.677373404860641
-0.397789438805356
-0.091289304296651
0.555615158495980
1.100080163301018
1.024634109809731
0.923953085057963
1.889157613649893
0.483476698046351
-0.124753854440503
0.165255716781662
0.511772629479408
-2.191021929136268
-1.017499050317744
-0.275029313285033
0.353062377989228
-0.030704039991543
0.009045266044393
1.956634196291216
1.234464548250768
0.526173163298367
-0.784801477756171
-0.037094051674097
1.366472120620311
-0.033600010470104
0.469082382529784
0.630539049007501
1.535461031873027
0.323206444935882
0.311506698232800
0.227112725810876
-0.970514496898301
-1.252005094975813
-1.221874012374907
-1.225987463136353
-0.373364510576127
-1.742242712579107
-2.651003311646911
0.685989606612685
1.572445543466144
0.424343760464755
0.809538452072659
1.262679043451181
0.153370937812841
0.293752689445258
0.497818593589905
0.995365974907633
-1.379297478209146
0.215655120276276
1.460827368659993
-2.142830428387502
-0.513154734598813
-0.569175641058489
0.615259356109799
-0.962721508939698
-0.468453130457203
-1.553817850701196
-0.944169573356118
-0.546362604673686
-0.599389965872219
0.677121960947955
0.959446856987346
0.357442555502065
0.392679044509206
1.450866669884359
-1.044453151627417
1.193405484160199
-1.171445245937070
-2.354197773102005
-2.170576060805840
-0.557669106537576
0.382646401408530
0.836140929831565
-0.218560841774150
-1.212321583339726
-0.423817680289408
1.611035701476155
1.421517698504878
1.725245740848657
-0.077710946070650
0.453784204240251
-0.649728000241596
-1.214526854667695
1.019232198650973
0.001114658927231
0.771371924454374
-0.456616520517054
-1.073738621491044
-0.260230630807057
1.019551271536070
-0.548085196019970
-0.270200298071307
0.267968328516110
-0.354801757973022
-0.687356781581500
1.360853978313070
-0.075927227002062
0.778610269427170
-1.940599468866099
0.215833400264880
-0.363735994301367
-0.259295125798866
0.120499647196274
-1.357701592061797
-0.100743406953472
0.463159677536109
-0.005789387024478
-0.926617016486716
-0.204164937743059
0.865595324846363
0.085452781943773
0.806546145486552
0.244141332144177
-1.091082742467581
0.464969661917799
-0.954114605548728
-1.682377148060128
-1.114866198408982
0.279636400288474
-0.223574255902726
0.461582836879850
-1.411907048869962
0.972897153500183
0.613383184510041
0.868482575077996
0.121995317347961
-1.421280437266169
0.665727165019713
-1.682966601523095
0.537813574817438
1.628649925510152
-1.125460235877573
-0.598854762284342
-1.102275428651124
0.064640523817878
-1.486117077382081
0.199806960377050
-0.331237389180008
0.042907724853683
0.647787767815624
1.067110349088976
1.892603861892398
0.881946072793879
1.849520820741682
1.143248870398842
1.727132907151492
-1.200831504811934
-1.387297073870668
-1.290437536130522
-3.139954399111402
-1.463078396607951
-0.728821695988320
-0.747929815484534
1.509046151595653
0.293402551644048
1.232409111291096
0.777556257071591
0.695713071808346
-1.364785958681734
0.851524004692696
1.200411505913708
-0.812962318636272
-0.843701606900624
-0.727578174150863
-1.645397848881339
-0.872210512299716
-0.052562773416663
0.080158127650084
-2.143840977981828
-0.462453408832275
-1.616527951401654
0.183032113744789
0.055284005994540
2.109817762887574
0.003821002349015
3.100431184272445
1.730430982745143
-0.965218755168479
2.372402815851047
1.844858371043392
1.244070906131542
0.383194578259013
-1.861532600277050
-0.838633794046111
-3.510323002691093
-1.280456535038045
-0.200827863093548
-0.074843769816314
-0.866185185853021
-0.026472627090518
0.306262898963846
2.132234779629030
2.272328208215407
2.003534820012393
0.793769829364671
1.463146456909770
0.297463908974196
1.046213637650249
-0.736637464033276
-0.946363961962738
-0.955984972526510
-0.458371937523290
0.133419381907805
-0.481226408352773
-0.922131928418972
-0.680292606827439
0.951101917535825
-0.344979164819757
1.710509828473195
-0.516216404145569
1.559533244450617
2.071166302327600
1.561965461978753
-0.808974583186565
-0.351520391186935
-1.890810829459567
-1.338376743597449
0.054512132414876
-0.064384377942324
-2.123588082552225
1.003329581653293
-1.685137506685471
-1.384568879618064
-0.445309737597642
-1.081635442473400
-0.923752651686678
0.124460084237486
-0.263820020424703
-0.089951938118024
-0.535035719570050
-1.342674298273594
-0.128162711319436
0.468473923337218
-1.313633706494776
0.759767384747961
-1.544630755064140
-1.373173566327383
0.156954818155155
-0.289980404257065
-0.100394254345785
-1.596986868901468
-1.811223607359944
0.127057497298091
1.542918510922988
0.323462188062463
0.543021873526588
0.717550746705353
-0.142952216362810
0.225911337253305
0.196323461006444
-0.273268224090094
-0.036720728514854
1.157487702153183
0.188210440958800
0.430818229223039
-0.713586685740275
-2.595614776233686
-1.140366550469898
-0.264659716953486
-1.262939617840450
-2.241870673518722
-1.225913113134996
-0.143239735242061
0.946794393207113
0.298316349108791
0.056784816927959
0.951874499396529
0.909201535775717
1.448730903583373
0.784940279274196
0.326813171981223
3.111284982894761
1.298962680842771
-0.020546752017486
0.139504069210868
-0.506191724496207
-0.655415307184516
-1.634592822756317
-1.330669924191153
-1.309247778031387
-1.331300386055763
1.780469386206414
0.344808112860374
2.701710598576389
1.254231356995201
0.636416802673240
0.916346533925242
1.046139116185493
-0.613346820114761
0.423158136405713
-0.879762252461890
-0.705372223072768
-2.065043050078549
-2.833489462293593
-0.668183780295107
-0.533474913125270
-0.913550861236447
-2.130418382578372
-1.670319989877331
0.053653771674961
-0.190894212068507
1.572489938587799
0.454217954929343
0.366426714005604
-0.560017235375808
-0.508096883442811
-1.858650637616988
0.970333078054381
0.031550370589369
-1.268287964798220
-4.234098920377623
-1.905012149729413
-3.705220910285161
-0.563388867793161
-0.865640001608236
-0.888005401630343
1.016038361554868
1.357414070471852
1.474803014978543
0.299947156864075
2.857776209485404
1.538495771486339
1.959082171503686
0.081515608234937
0.851173930485041
-0.497877829294336
-1.938227432568232
-1.240064809176532
-0.336404711298692
-1.004643068058103
-1.127639044021159
0.533668524604569
-0.030837237646970
-0.246256542510385
1.979446508375871
1.494743227731729
1.140672661017045
1.575419068709057
1.576751817138891
1.806590363685715
1.057722083663346
0.124787292534075
1.465281399749062
-0.417541120256124
-0.840607669474758
-0.411952486755562
-2.543049877736222
-0.554550053877401
-1.043834802578330
-0.187018935158080
0.169378188120437
0.676457162978714
0.376448051616570
1.932056899036663
1.752123259216092
0.743775916474237
2.292707045353181
1.273752567123754
-0.721258197654271
-0.135966383284425
-1.564084019647398
-0.078556378532035
0.212801475748983
-1.558452091115375
-1.277804505485655
0.568578161997106
-0.146365648592371
-0.450178389422229
-1.359016392181934
0.494801932526934
0.289219224847366
2.347351544730543
2.755262800275834
2.071155565801125
1.321977419961232
1.679626990839767
1.351978354254301
0.702718543624945
-1.493006754272769
-2.400777870518332
-2.463080142861088
-2.429295264363992
-2.592230421587892
-1.889875429679718
-1.176245673306648
-0.728375310318704
-0.466911506934049
1.860719509087243
0.958574671868444
2.728159749496239
1.732214583910997
0.905405524439556
0.114139031938025
0.122044903500538
0.085026647468594
0.273099943886795
-0.913992596590624
-1.638689252149533
0.139760645538937
-0.537954736063344
-0.831899240772686
0.224443035259958
-0.483006026477326
-0.300968499655488
0.456689626990550
1.226869825147448
0.943814331838531
0.858627559284186
0.478630349702306
1.696581213324894
1.860602673330062
0.208796772109453
1.775826715241508
2.513550439499385
-0.415167163551973
-1.586448466784678
-1.129437604099807
-1.122383535090306
0.484448421987717
-1.396596727823290
-0.977407409139293
-0.560647191650045
-0.159169035483532
-0.935405291383559
-0.362807953307233
-0.536558575799897
-0.187987024464380
0.469707406362747
0.142687510425208
0.301535776970319
1.740454276758561
0.587946391972044
0.974972155363924
1.081369417253686
1.225464721477381
1.384890154009891
-0.611940497847991
-0.123461171568620
-1.035496893913775
-0.912394894242318
-1.157497701121010
-1.671261732750958
-0.261525706816861
0.528320934612517
-1.105723908503326
-0.838147577530210
0.983220628114185
-0.416838816735851
-0.050330720365651
0.218905988218289
0.623280511656855
-0.734690592583618
1.230075233093524
-0.686583963979821
0.375830607316448
0.809440920360062
1.524113876505090
-0.481057123258036
0.576962937653843
-1.113038376746199
-0.921196540633506
-0.663205581834613
0.178055959580998
-0.308261263604556
0.089768376759795
-0.368059867666766
-0.378055067448715
-0.377186446011967
0.501608175785957
0.154821011145565
0.934338339824377
0.773428720278874
-0.751961146148378
1.220494335735922
-0.296364041121741
-0.140989120714471
0.641062804548056
-0.527874895270735
-1.150266640524556
-0.096946460477406
0.701603595923445
-1.849319243223111
-0.868660871889559
-0.492325533076013
-0.838551453024760
-0.499009136035375
-0.169052882057872
-1.196353123966392
-0.871976478833866
-0.837810435229189
2.214729288787139
0.546096081061697
-0.334467269437883
-0.015716912621200
-1.376478631572602
-1.140921181733850
-0.739717408357539
-0.135465753388523
-1.236325056342079
0.195184500500350
-0.752065381945231
-1.180698225390609
0.841976324159439
1.117955130712260
1.080110283058263
0.343524732595373
1.057663397916021
0.053313250125890
-0.084134079008859
-0.157470927074816
-1.015403517899575
-1.655812924696780
-1.824686743314198
-1.509636387983494
0.140038099168978
-1.006587745451409
-0.564935490465251
0.077229075125459
0.085823145655314
1.394271485989278
-0.634897053222575
-0.020268947489947
-0.092494477572512
0.015617788564955
0.309014751100556
-0.635721689521645
-0.897632554654377
-0.410556038132180
0.217005939792132
0.116363379551667
0.374702996150052
0.201427500875797
0.111447579002881
-0.219802993455139
0.001406276785648
1.138237217437952
0.289457317436382
2.763148075843978
-0.184210929198646
-0.399653066184343
0.446889421021288
0.762528718635667
-0.245276509437243
0.853421335719088
-0.401564137718184
-0.656524168382088
1.494464766298920
-0.704279334449280
-0.743362090935993
0.113386119537783
0.228888310738380
1.469439756498554
-1.525752565887288
1.425869837310542
0.933141861387037
0.823889371009416
0.071154877809102
-1.928625379491957
0.122877645527186
-1.723797642399727
0.069402881886268
1.379335155798731
0.170653163735030
0.463073127546223
0.057068204760288
-0.588632497999174
-1.140927059383686
0.463084488645120
0.329510898660784
0.460709447737249
0.629579157363380
1.041163443886125
-0.751377189058803
-1.175925323765042
0.228059187019342
0.874438708797032
-0.895410047806513
-1.721962998156446
0.176030888569961
-1.027574486983764
-1.074055543373859
-0.154524086709904
0.966738512894034
0.175765629892899
0.862235576940462
-0.114090394134528
0.539375736835306
0.690443546657054
-0.024306373965423
0.597840398584956
0.455273490563674
0.927992102558740
-2.581822012952976
-1.186621755118577
0.761267581932961
-1.985739520052716
-0.477695624330349
-0.158593186302548
0.384032131966341
-0.108015486651251
1.113537048739718
-0.368776435877675
-0.609946506746529
0.522799474617601
1.563501580617165
0.969694372637380
2.373669418968082
-0.232257164201595
2.267769427769949
1.497907356827637
0.802468462072149
-0.237971702877831
0.362500628893868
-0.163304077085102
0.270972594761430
-0.922952581113424
-0.649224326818597
-0.254678343613711
-0.903351749973980
0.421058264139817
1.022306689866033
0.111476966846242
-1.446980466097118
0.505441847758700
-1.234954948270263
1.038037598676766
0.232810486778366
0.164531744255373
1.789576436692945
2.426828759654341
1.892715236156638
0.106432718762750
-1.164311400611440
0.266897381257102
-0.224362334646519
-1.445569282508347
-0.550806595237372
0.079071200716942
1.186534941403802
0.144330908416096
0.191930599325070
0.021604004463159
0.629438119699473
2.362320509387028
0.694091461361241
0.734145686491699
0.331966163977045
0.812809803862257
0.267835790170707
0.205028394199512
-0.772061882913017
-1.145620083012182
-0.778340805766954
-0.588139551935977
-0.301465386739043
-1.486195874923286
-0.779248466152506
-0.639143031600677
0.940079594944449
-0.741457462617470
0.867183257709102
0.525775376932217
-0.795031207668233
-0.311999180525274
1.797635047447495
-1.326159516971294
-0.022249943459925
-0.639365218922980
0.516488371546467
0.147684824577504
-1.397837715784625
0.119589656724810
-0.548249309965778
-1.876711553159368
0.023869957152979
0.817569664492809
0.836809550532632
-1.465494546887750
2.408716219547888
-0.620258567851423
2.711853370974831
-0.039072522093345
-0.450949577720415
0.213910600735297
1.103141064206287
-0.213492205556736
-1.056195994585278
-0.055136403712595
-0.899449092064722
-1.267838692660455
-0.505192073224524
0.483435281733831
-0.394435070325471
1.214827094342323
2.414417245458345
2.169204549176369
2.022819246658736
0.857737324552554
1.710758656092313
-0.373035566574199
-0.738604489161698
-1.874153044586269
-1.878993092727586
-1.956179069379374
-2.207777772102214
0.215975104591822
0.155889362947373
0.350614001061621
0.226359816379744
-0.865627733777016
1.420019569590857
0.767146584700206
0.807641022390340
1.414154341634477
0.715794220570248
0.198323319924845
-0.322818762182521
-2.204274919849288
-0.569457317494895
-1.028951416882077
-0.987030685776060
-2.043214142354240
0.983270139063576
0.482389689054405
-0.175853274158943
2.078404830664005
1.760467694807866
0.369791106560596
1.040921597851805
2.483558515345063
-1.255016376641259
0.103763287713152
-1.537837871708366
-0.103618927252463
-0.731495103181715
-1.231969773645821
-0.177522928205955
-0.146945440283057
0.143025250697814
-0.663215535214465
0.561923531685778
1.589487934807692
-1.537366296255499
0.310631213233453
-0.039801409501589
1.349707911076629
0.034130965436180
1.338813038714438
1.870954203265794
0.360806956420956
0.340944348098896
-0.784435530388446
0.513999519360834
-0.338624819667293
-1.232601771240849
0.121568580501218
0.632201940223971
1.133287396109566
-0.061886013730832
-0.551186211884284
-0.245473507764879
-1.634797075015809
1.034018833713232
0.610541230753153
1.831298397999492
-1.088529812995552
-0.243658115230679
0.712759109406651
-1.086700736991202
-1.535458203939943
0.720458418897982
-0.824756589715658
0.362630383617873
0.354443705312235
0.840132296987460
-0.892025136061720
2.302493599218420
0.213610681949040
1.800098890156653
0.499446135624082
0.451906609373908
0.119707268513574
-0.429523410099469
-1.051792051734203
-0.136943606833721
-0.630096882094034
-1.886353648332600
-2.309906340526145
-1.660217707627258
-1.680748579010655
-0.630100854432210
0.329009701576272
1.436182525020922
1.389669790696518
-0.119643270835961
0.598408764671252
1.085620476816383
-0.244203823861615
-0.831636627468101
-1.466067185019542
-0.354931954759659
-0.733953605924269
-2.099843259396104
-2.388725774496574
-1.514229357686048
-0.625588749320875
-0.362753924338397
0.366669779186623
0.089257556535272
-0.379406720578755
0.746126122022541
1.527120144193377
1.517572521918851
1.152261193595280
-0.172450776546388
0.081743339357895
0.336264242001139
-1.373263907669357
-1.672594450511767
-2.450745199274553
-1.605351697812156
-3.616150633572789
-1.024524868703578
-1.176694648810597
-0.438358874890553
-0.695493646422682
0.483964465100420
1.264737923383063
1.896769067286133
3.108995382729629
2.848872316650304
2.684694584304783
0.317897465749473
0.271634998083711
0.457355647367241
-0.134261908392475
-2.480877309552755
-1.969534611411169
-1.793162546922941
-2.495268244592534
-2.270499729620168
-1.323237587417371
1.624966985927794
2.051605086758027
1.951434852456928
2.628703448415253
1.049462991559292
1.616072356985848
1.031127771625426
1.094727726870729
-0.629317916321379
-0.982772683176561
-1.950848972651781
-2.110967406530388
-2.945343634888068
-2.861545257868621
-3.306692783675257
-3.301223363353716
0.363226484596370
0.900908384502725
0.509068239456353
0.799199276761352
1.962241532843542
3.432835483285750
2.421875087403843
2.180881594575841
1.244213988072570
0.066420512494699
1.154096296584514
-0.635971422385454
-0.744064345694013
-2.050439325496064
-2.054406205208823
-0.583825770247936
-1.161441236575153
-1.976063966017791
-1.299388657031200
-0.302519194664331
1.150418872794641
2.362071516892387
1.950722181901880
3.348614890138484
3.623390904825984
1.858215639908598
2.235066305097125
-1.891803797726565
0.179750220438815
-3.289705639120125
-1.268009321084778
-1.761921262312387
-2.372971920917139
-2.923361296142724
-1.138892738132861
0.087193725413436
-0.304158616206257
0.567556983647758
2.185716605601248
2.799022198432422
1.885438024338107
1.252166706078696
2.152839099738793
1.033974753374830
-0.193615780969637
-0.565446610168240
1.172736264872716
0.001168343831171
-1.183744735513621
-0.595001023328500
-1.139382462804375
-1.317581575182522
-1.262941089548636
-1.461986624819149
-0.432349539002289
-0.798702838330674
-0.393873610426872
-0.756374259165579
-0.601009796863952
0.807881297796642
1.471165502039651
1.122344108298954
-0.003936993254190
-0.272669520831230
-1.094425048037109
-1.319987536103702
-2.804045449643905
-0.531563976554157
-0.136692759404262
-3.260282279676341
-0.320964819556257
-1.694295874165276
-0.742754560001450
-1.068395746388531
0.930184602643658
0.405321860107650
1.049627448764353
0.592902859575431
1.521559823621567
-1.170264865152050
-0.982113105422172
0.058137860662871
0.456295191434714
-0.346328314442085
-0.293600875679491
-0.348236784903859
-1.094553167751230
-0.673675067102255
-1.474673956145404
0.554279852821647
0.592524582517327
-0.884462747204037
-0.931793912586507
-0.882137222081207
-0.072938930952769
1.620239452802477
2.895210272930871
1.266817459156160
-0.485198070787802
-1.792245705916204
0.051751233867018
-2.348513270619702
-0.467000263702986
-1.544000945848683
-0.842705201390994
1.201003202233721
1.456852080268357
0.321913097226282
-0.581893860772507
0.243097560123525
1.714660908271741
1.314793384236195
1.831008506949992
1.371375599608877
-0.086764430385547
