0.794336941370142
0.947424117966048
0.253328019742882
-0.558602389792585
1.997840547959715
-1.116439109656940
-1.039343421064513
-1.389584564841263
-0.988856256540851
-1.002731804479370
0.622443121262635
1.622620835319946
0.982526067387660
1.117674192244708
1.179658989506153
1.307921420517200
-0.045716542763938
-0.067739037070303
-1.436320203581636
0.085107463609901
-0.376991154731193
-0.311892578719498
-2.375951633992430
-1.999994831953035
0.615261409770940
-0.850536673291821
0.119454001467656
1.261447134982252
-0.068829559991297
1.635542472336006
0.401130421651169
2.283669551021580
0.678025497132800
-3.465468741613706
-1.506865695431894
-1.035568527824327
-1.716826423637631
-1.203767263319598
-1.396059891284037
-0.121480804846458
1.470648890407168
0.657933764410713
1.224744093303372
1.444312132534570
1.887424335983757
2.122657767280311
-0.543941106633844
1.158700234949916
-1.340441313841687
-1.194331388778153
-1.286958485760039
-1.480152279893445
-1.264957167318646
-0.583653424209604
-1.682220161577364
0.783625412358875
-0.709597939991071
-0.905787798890862
0.820838760022770
-0.869333739249983
1.378326836661828
0.680754977791384
-0.471561603123843
-1.111029352228226
-0.650127085149789
-1.694578381988936
-0.332540853442625
-0.895210425179414
-1.623646648955080
-2.645880512125638
-1.976825981587825
-1.004104396570352
-0.471647320989639
0.860604911822329
0.684384807069637
2.561430229427724
1.459038454983192
1.501759518172287
3.616262306069812
0.553473309106603
1.026521992264259
0.139528528356027
1.640895062544675
-0.753717799509375
0.646121401266984
0.404244648594216
-0.663116910718638
0.376704817707839
0.995367873220482
-0.858270374704468
-1.361255549207885
-0.998248621359917
-0.904900140832841
-0.665585315216702
-1.118931718278696
0.302105072604825
0.272205433523556
0.644898932803373
0.839440787625301
-0.424797750531621
2.108256875655529
-0.418026340399651
-1.439419302186656
-1.134342019348583
-0.721644871318726
-1.983232698418921
-1.759691355868317
-0.257810177871728
-1.106567294476998
1.555309590935766
-0.170580856801921
1.638751182992811
0.954801673280657
1.098876075746853
1.460782312582889
0.404319841533890
0.386830635199863
-0.260474620975538
-0.552511957717582
0.079716272940238
-1.118807619598344
-1.464043286874407
0.760966758348925
-1.470749850752822
-1.919529998406537
-0.616925625162899
-0.920290411847166
0.277586882440711
-0.204040554373996
-0.959629777463089
-0.226356405916327
0.532210366273102
-0.139232349730068
0.479251009922166
0.374890161767021
-0.353875278332743
-0.366818142781681
-1.594787902516120
-0.621462271021305
-1.517250242518756
-1.306457481448913
0.058050861757847
1.317881178554629
1.167291993431219
0.017425940939055
0.318584128433116
-0.425305569881684
-1.184845153061165
-0.937604326290219
-0.016963875360450
0.177537080433456
0.070074000158174
-0.969209910150006
-0.777716752449177
-0.235521135757077
-0.553990762340716
1.338518892028048
1.172203219060497
-0.397859878810818
-0.363904275064606
-0.056079803447881
-0.457335746287634
-0.968860894870337
-1.815318942741282
-0.509121190807600
0.331501002433860
-0.425348869750354
-0.225707639635029
-0.452314146908310
-0.566133673676193
-1.153074062855337
1.165516229474001
2.688507557775965
1.500105047303669
-0.348386288694685
0.056629252528839
-0.441361620541376
0.240593565268307
-2.560220193341816
-1.218690766965734
-0.566776886488641
-0.847810441369187
-1.400356215754331
0.590957103572500
-0.200203598142840
2.030955213291408
1.879024245845145
-0.043367450709860
-0.665680659009730
0.180048557168252
-0.119499554441764
1.470591334490170
-0.415336012160373
-0.831941905601127
-0.079998318115556
-1.202741827676310
-0.330437820295115
-1.581249612019975
1.377661673458227
-1.806618205067584
-0.738998441710747
-1.071451496651652
0.155138915856109
2.311762344821556
0.437487485680142
2.142086814749279
1.480162671049760
2.372725360366951
0.096100013638747
0.077310402133121
-0.126101453844331
1.424495182835899
0.983703663888920
1.470571039801082
-0.038468667053956
1.350213562871470
0.576255319179682
0.727891760586097
0.090391505209676
1.212000256903732
0.755582123140356
0.872171718530421
0.142631494422614
0.599175571774175
-0.040983778702187
0.906186677151037
-1.334550899575886
-0.133445734856280
-1.873588497419349
0.252290055701101
-1.157265274536179
0.563865602149470
-1.041596363870229
-1.051006036683561
-0.498646385890876
0.484702311408816
0.357659313859166
0.010113792963552
0.406059060167004
0.724207882454559
-1.133198403052119
0.664129109484407
-0.715497592709636
0.046189216917626
-1.700848504743369
-2.804723285151880
-1.119638165167264
-2.674697360358407
-1.049564974688049
-0.432235925984796
1.546935809500986
1.820014820088060
1.503224559763440
1.999647075428400
1.419740559003038
0.149670570603026
-1.064046862674019
-1.239156939960459
-0.893842682880341
-1.114891179191362
-2.006943933295358
-1.718742820917355
-2.316287690324045
0.723313268219643
1.226335126395036
-0.594741918513062
1.396720673123867
-0.570859133663104
-0.173372675646803
0.967019955390266
0.199141313461036
0.497079705452341
0.576867819143939
0.038772148231786
-1.224319064589330
-0.140017111753478
-1.094595206716887
-1.750088712642865
-2.192289463366203
-0.802045772759271
-1.318719799068551
-0.241788423831738
-1.012432914185414
1.629423229644614
0.364185294237752
2.180121668531946
2.929171375061856
2.681377270076456
1.504332854000832
1.168486121935810
-0.094817850443789
-0.561675862223846
-2.144556647273900
-1.570167671596669
-1.923496151807140
-0.213274984167783
-0.637875327830610
-0.951086699530906
0.555618598312145
-0.395015863225941
-0.000975450830872
-0.557670766203247
1.355124769525524
0.456093278363174
3.287402102808854
3.240516791001213
0.433651384103559
0.686375796171154
1.374013483359007
2.065480370036901
-1.204277406012791
-1.336910747754352
-1.790171815352837
-2.195174402626487
-2.439467887690940
-2.976331090383662
-0.097432492128701
-1.911758483026815
-0.050229655053152
0.850744664520517
0.873788848900636
1.764910845176581
0.863444827870624
1.639758479086881
1.156322270035957
0.452091004219742
-0.340104658363400
-2.158556535054603
-0.774220102282432
-1.246333381328433
-1.780680012705623
-3.016429876288175
-0.937578168866788
-0.068509620457447
0.033799522621426
-0.627866762116429
0.696398297972651
0.631132491160826
1.935330923409671
1.290956660862597
2.143846050348408
2.616688721736181
1.625866029360754
1.776682736234872
1.048993702972602
0.371318050831175
-1.283960769050495
-2.351891145799970
-2.444157582592099
-3.542699411154963
0.056109523606489
-2.094419605376999
-2.214499237254367
0.652142923482707
1.892977192837023
1.956593138181653
1.225555768647139
0.350331361152866
2.717350112385055
-0.218879724660358
0.922759926323244
1.359881792098111
-0.547918840449514
-1.259996324327841
-1.224733458277898
-1.069922724816257
-3.164407502150700
-2.955860348967598
-1.144086355393080
-0.087304198298249
0.215754538106726
-0.576065410267601
1.455854443575129
0.567805408833458
0.455157079995455
1.314851574097189
1.647697888994172
0.779676622276926
0.526633870750497
-1.371779933505987
-2.013748475454916
-1.958994408078545
-2.351669387167854
-1.695422260058044
-2.883675896117748
-0.855724121678305
-0.392443225710501
0.551223839972436
0.348471259764849
0.691089274895121
0.285936976124280
-0.075961225330332
-0.030310324566894
0.932442026824453
0.940834165011171
1.145041381832313
0.151084617999594
-1.599009201158858
-0.380085426868238
-0.541796641970119
-2.049310308708230
0.811423092502379
-1.823377037143675
-1.021413230954848
-0.984531889573722
0.334797142952706
0.644181053893418
0.053051044371476
-0.940175015910365
0.105641439028192
-0.693976658522517
0.590810124410646
1.838113455403561
1.447226631787992
-1.666365663305815
0.506248967245144
-0.704983332060381
-0.876296238748602
-3.008903086709255
-2.167385410980654
-2.878432952107066
-2.533644592124980
0.223568996796615
0.134234529297487
1.306766874132162
3.490013030968712
1.883149904554365
2.106085019390455
0.630682080069618
0.737005999451744
1.147765031744964
-0.821293403221699
0.283544277932197
-2.144386395618245
-1.438976865993685
-1.623077939680911
-2.327360346831638
-1.773678688769548
-0.132790296120479
0.707649981627087
-0.393977372061133
2.490760477140873
1.036140951874025
2.775751746088339
0.873440481191599
0.033053890424266
1.184729997395822
0.016290223302127
-1.917967810521954
-2.159519014934632
-3.202629421607824
-2.066821292410786
-1.308513458607133
-0.543485028626397
0.031634506331447
1.411103820384940
2.034666591416381
1.398047537345600
2.075091221256811
2.123512490938681
0.222693793039160
-0.020398650523280
0.401653612079156
-2.729661843608918
-0.917137351382763
-1.648429661167236
-2.444748912698207
-2.576900370207016
-2.545432977172631
0.458416860994168
0.784620874940497
-0.505540183700746
2.068582402802761
1.018706337429145
1.629924356468005
1.804073660131539
0.738053186433557
0.171705093140915
0.077433707229575
0.398648650879295
-1.215254802144037
-1.037171229130993
-0.124706408482951
1.762818904311212
0.918095980379834
0.423492684965843
1.086440221305874
1.171441633483618
1.414113573639332
2.231280089871416
0.420287591256302
0.031910796636543
0.627961749678181
0.902834077006341
-1.726129817074137
-0.570488151446022
-3.871900173327535
-2.285391643840376
-1.508692240765979
-0.389433523185273
-0.167959091893783
-0.503746651601248
1.723409390037284
0.947084930576245
1.597730377155325
1.693040460661805
0.441778475003484
-0.390012136166014
0.038350118668895
-0.404812153296024
-1.592637576521556
-1.570152577153429
-1.229248130579437
-1.859283980256954
-0.482072345920084
-0.936908777513063
-0.293762235700506
-0.005932173577543
0.075648460287597
0.339862559029474
1.062593552981841
3.074413760802821
-0.954993308224691
0.998340754388704
2.099336545508211
1.452309763219327
1.629529375378754
-2.044415475251747
-1.389804222050573
-0.314002366409819
-2.268663115347507
-3.042288754609920
-1.576203175434501
-0.301618659323706
0.188789893471035
0.500059030047044
-0.176579971686589
-0.799096012589070
0.638614348675383
0.289785131493468
0.611391916771637
0.109081281076791
-0.089846691022361
0.108417980938215
-1.906463254974727
-0.580121515372588
-0.463701223377443
-0.428157151519006
-0.333121369787153
-1.091980061977204
0.016129113789561
0.559392564718192
-0.888033988314534
-1.755636639578381
0.675948574895671
0.024506200926965
0.147334473582385
1.609974988293740
-0.467572180602313
-0.561467581862768
1.986961884783643
-0.259164710039295
0.562930442682963
-1.218328692103360
0.185540426035457
1.446089613927496
-0.653816854833811
-0.374951974717775
0.234446203119404
0.208157741745826
1.465211281350341
1.867212276476443
0.272524003055367
0.819901683487610
1.381353788181831
0.159330305799433
-0.674397349774745
1.067598263415098
-0.438125900543409
-0.486105117910114
0.320870517372555
1.091860165387411
0.824660840706727
0.679193331387446
2.042354616093441
1.211208546578598
0.212571824259961
-0.047167278283783
-0.081225537382586
-0.470717606625944
0.867250908948584
0.064808467204554
-1.188112368590674
0.178971743257457
0.263660947916451
-2.242612169123348
1.735306743352580
-0.057788557092911
0.528547777149798
-1.817820614477797
0.466698652116716
-0.074427964271842
-0.457492005853576
-0.230800398249943
0.873574164823898
0.943926619111253
2.940579273782238
3.797002256884888
2.994048359535477
-0.697634566233919
0.701249751315484
0.155128857886564
-1.059278445089515
-1.234197776735846
-2.996724204866227
-1.271567698944965
-2.256883557252317
-0.511627304049864
-0.826885779422960
1.380366862429695
3.055489325128785
2.153613756451238
2.800259446189120
2.463084632084273
0.849862844559391
1.246829950429245
-0.191923572205949
0.236545322030070
-0.371297504728797
-3.199715725495627
-1.606457893745389
-3.188881699364059
-2.924314935753198
-0.709553972604039
0.899384967967892
0.909710330955458
3.492691953564266
3.192375178731054
2.341176876800760
1.735640938383245
3.668219897209988
1.020074502238608
-0.187481659334296
0.024912297243779
-0.785241523446844
-2.911787520313889
-3.041966697913931
-3.104023073380781
-2.881194862879074
0.139206677939018
0.880853112880548
0.470984866268821
-1.105570181871943
-0.386412432749214
1.145945753109133
-0.312418676232177
-1.544995791402965
0.953429164793701
-0.719379113398955
-1.798645017626795
1.458128348189879
-2.340370423574670
-1.773852270070320
-1.512717375689039
-1.686682554140078
-2.336535275904083
-1.234427664097169
-0.748340075124001
-1.273011994038741
-0.676557690228217
-0.237947628931195
0.278488440210630
1.072287992018858
0.551343328259032
0.972835423215113
1.766160222945761
2.568206660341993
0.187728894008852
3.368466620053876
0.628713266857622
0.687703373233721
-0.685490770531627
-2.029529691124591
-2.433874813005358
-3.592863506976800
-2.234148051190703
-3.420494311124012
0.509148468919002
0.116404142930688
-0.362618949483605
0.417701779964270
1.928658437882719
2.852983463873112
1.633702436433565
2.434351162595395
1.193685933772911
-1.068764710645650
-0.913844583306299
-2.088590854108821
-2.699706147381172
-2.519170801477405
-4.402403886988040
-1.131970053007536
-0.672474814409931
2.332195056748247
-0.348795546439470
1.833004183366189
1.382076849507254
2.818825464450507
2.487195523724997
1.734013170087460
0.879121268045899
0.094189159278893
-2.629033437163864
-1.829017490163484
-2.379642999639740
-2.846496614342004
-3.327951212696144
-3.296558832824439
-0.022331096289393
0.986579414469842
1.028275218417544
3.031098022557490
1.758145895957859
2.379948040649514
2.192576371178291
2.904219911873861
-0.883737668066492
-0.464431629192625
-0.697245598429700
-2.266514672423185
-2.360096935788565
-0.428184080484353
-2.435147339538198
-0.288075108011862
0.641054740847563
1.410158082746204
1.141024475945037
1.829364442187751
2.557330634848857
2.335143695351283
1.927332259524595
1.036055700035693
-0.236324822111888
1.435838809143254
-0.795712202329491
0.068736698609298
0.992778845428530
-1.525381402687173
0.282716974948317
1.388382746905550
1.053700449397245
0.441391146614436
2.455218807033385
1.311321101220520
1.175710455858562
1.217944713760171
0.534511469123182
-0.519850874187819
-0.141597456785550
-0.913356644480084
-0.210147856015854
-1.530750518408521
-2.494723711535118
-0.794475594993340
-1.297759028435600
-0.213939922016761
-1.283206192084265
1.125294369916258
0.775385464212578
1.088665658352057
1.476493379720239
2.769272722770066
1.506261455838121
1.051805252058011
1.022132812369209
0.273352226686474
-1.094977064091844
-0.444247959778845
0.049648156390964
-1.304320627730363
-0.352542889032548
-0.067317590661428
-0.073693844285399
1.073966401594948
-0.308444089983921
0.110084948686496
1.277662420063929
0.902639418719431
0.416979912495204
-0.480814272135805
-0.426680706936211
-1.646253132689547
1.064418986917426
-0.339432788651328
-1.692004429694471
-1.386092612364195
-2.214905475869370
-1.937997767264942
-1.213217198722710
-1.718287203161532
-2.817351149958696
-1.227547107136635
1.103777620217510
0.155365627421000
1.976235371666246
2.120008564730119
2.315755481465016
1.813423949997017
0.583032516313236
0.897042335354495
1.082155392452509
-0.995078244317067
-1.137287803382004
-1.609419252761499
-2.260709042234934
-1.643863245329840
-2.977590037267116
0.039295544315113
-0.117602520526710
0.806756022398935
3.498627647816345
1.212580643538302
1.338480879389254
2.641907621688577
3.260014385954185
1.551979480375046
0.984846864130959
0.907217443761433
-1.940810520678594
-0.386903577689683
-2.183408165832848
-0.242774466775308
-0.395411308324299
-0.307804023930532
-0.077506440330894
-0.561225324862098
0.762595723973575
1.834885889315192
1.041183857463649
2.798306896917311
2.372161207351532
0.900160589684373
1.484376981849362
0.280778381680508
-0.129828885557189
-2.882213946330725
-0.768403309034345
-0.807109153569049
0.004135464072710
-0.501176692618542
0.505587946443659
0.698500553438963
-0.796906693772807
-0.655113825390771
2.967379728229372
1.260934265264225
0.900036962862990
2.657282655436628
0.995762425780421
1.916073039645085
2.262000507315916
0.422374595506463
1.381921033206682
-1.200768558499842
0.224028138384506
-0.153535103338156
1.714615813507492
-1.433849793516611
0.378646493722967
-0.899925923316094
-0.871420011064577
0.201468818777245
-0.836550603110585
1.138972795930105
1.377870326263480
1.878338041710994
3.020250034411966
0.920529000943190
2.035827480381239
0.184035594784729
0.441385065517566
-0.705938350102174
-2.830485455668178
-2.223359527841311
-0.773248693281067
-2.229969892963401
-0.585567517521900
-1.463422790999557
-1.211547748503939
0.710835337175326
0.962293256991930
0.387558399949815
0.375734647397093
1.263272126346410
1.988046032499182
1.250729438036256
0.648771528272529
-0.293496121006900
-1.911495872070519
-2.719614731071117
-1.786965176415360
-1.764851819544407
-1.331091100729586
0.483571315259506
-0.064174854236700
0.912787350561069
0.292066742987977
2.460162616232251
2.274463870106393
2.957040594659079
0.365521046195212
1.618397796567285
-0.113697365355141
-1.704758292193792
0.540776966317748
-1.955762302928297
0.113579768339222
0.213969099206836
-0.903243469192379
-1.779276558336379
-1.930148032252619
0.896519845683259
0.026935330822878
1.523220961828405
2.511573385682996
-0.032876007903287
-0.113347274837983
0.293610414837976
0.852700323652580
-0.038884401554507
-0.433263091999911
-0.530121687755437
-0.428692353140834
-1.539313858639706
-1.041550236854429
-1.218094677422738
-2.428026780864723
-1.774183909525388
-1.036784616753071
-0.930140038534101
-0.063888411505512
-0.504123962975513
0.434002203892655
2.538664263038495
0.948974992701095
1.018924980760868
0.091188999620677
0.386946456204242
-0.918827624900030
-0.106409404581577
0.274889708470135
-1.285834024314742
-1.211912493512001
-1.958674382668132
-2.469452693917168
-0.169218258196308
0.346391651938305
-0.253320313577868
1.085213047381425
1.179929100551896
2.056191391511029
0.964864789436227
1.833804683866707
-1.168980383872869
-1.642272622476105
-1.309064666774725
-0.678267571277264
-1.069051470400335
-0.490347621885043
0.006174983055365
-0.404995489986254
0.115251456886348
0.820564930899522
1.728151359042667
1.108450541030147
0.840287607325197
1.312505695240295
-0.133222824651025
1.534297594474483
-0.995276958755022
-0.843559192961720
-2.480743386444499
-0.816070658022496
-1.629761210031042
1.633186657381445
0.908181655107595
0.053369565025262
0.820697963973323
0.593325292400297
3.396723099224494
0.515616502451069
-0.250438147280182
0.501293739677925
-0.483310727906967
0.225207365114773
-0.935856375897539
-1.160676687966028
-1.270913615167345
-1.398723295612100
-0.898726793271174
0.917331188823340
0.862565700436414
1.025012551969807
0.358765440380446
0.581029673262940
0.275954541898306
1.533750000483966
-0.819074726135496
-0.494473347113190
-1.772528120733755
-2.685717778502492
-2.030738489811420
-0.951990120269633
-2.190229001743186
-0.530689447721050
-2.114291624271216
0.656965715995135
1.219033544786085
0.314090685461991
1.350416392581599
-0.037098963869456
1.831642670107861
-0.004488039995862
1.801928786770709
-0.611784271667522
-1.419663705227138
-1.777233557179915
-1.635182828028451
-0.950249391311073
-0.156849489800126
1.513872599149982
0.434766183527078
0.465851672644150
0.088949473383277
1.666837126685613
0.087450576942178
0.404797103266486
1.538203134182100
-0.364727488298070
-0.046049449001507
-0.359942645182427
-1.596152858258935
0.470274080064441
-1.495796600413351
1.179532334865937
1.641811141546487
0.839968416597398
2.723853394266155
1.257730965502096
1.989878492332877
3.280466475155517
0.146099086334532
-0.606358061121123
-1.087561784026424
-0.825507331656587
-1.888754363581774
-1.042109712395189
-1.681014236029071
-1.739151225864937
-0.165911270243354
1.022947974550975
0.483049206936427
2.558693899972657
0.352130613379900
2.108734017365738
1.380832793543016
0.746416354674235
-0.266974959282061
-0.959840988978819
-1.070045874800544
-0.869552031511880
0.031541547522141
-1.712122829286112
-2.603755251161311
0.601043086593295
1.949043289948335
1.915481710892918
2.725762784937391
1.287250282178659
1.145304793273935
-0.776779421492166
0.490118578681947
0.895448303498042
0.718843883587120
0.225061091411544
0.564759083221029
-2.495091560435929
0.756406308204327
-1.509981022201400
0.444109584063582
1.081844686274339
-0.680911325731507
0.761002797360795
0.428026304463060
0.278685677475652
0.060721109320088
0.091736773333944
-0.486432637096182
0.277464989432074
-1.522631555943739
-0.852497990099417
-0.228592268413131
-0.485304607527946
-0.689966074850652
1.234365724858864
0.064650150404065
1.763390956771329
-0.179569626880214
0.173915114748755
0.006739453117725
1.054763009983228
0.535070597447982
0.719851540443587
-0.744158141135194
0.113987664014542
0.806462634954828
0.223937095225089
2.820553218988569
2.271927965356650
0.615145254064900
0.397090688322399
-0.237469132611409
0.733162027105335
-0.409196565524985
-0.037825122991551
-0.701183256506513
-1.705819036313553
-1.473890568947459
0.085602682821442
0.472252917990245
1.242960387711292
1.928758239626724
2.017704548401981
1.641998658213862
-0.063779929541045
-0.671689725651476
-0.229043519495213
0.985250748712944
-1.312106933793857
-1.420653163279703
-0.998573626512619
-2.135173628208218
-0.602369594611189
2.387919969097290
1.831340748216763
2.261287858341031
2.049261146871451
1.316232232190368
-0.013093853932021
1.580652809070907
0.960347803688144
-0.600851139372132
-1.278367601446909
-0.253587313918052
-0.653616844710242
-1.893444659767883
-2.391482492358346
-0.992640669885729
-1.042209712486432
0.366720954145943
1.502516584024559
2.619689375457954
1.913874804791452
0.857602815232150
1.425025222636134
-0.062029056377848
0.384023144742988
-0.240239338188430
-1.640006004488827
-3.577954088067539
-0.908342578496609
-1.224862687748415
-1.477194095165888
1.916673908419916
0.273610366938320
0.985472417659022
1.790698446626912
3.154362116828798
1.255253228769418
1.717482520123948
0.771680551353544
-1.506060062672776
-2.142322061729709
-1.906991755988890
-2.226738114727435
-1.524267875523603
-1.860454599427000
-1.910509102505375
0.486830305246232
0.590885433853113
1.851187910343278
2.946763052838200
2.314752774083340
1.192719615635774
1.263578196352161
1.469722958325223
-0.920464955472400
-2.707185426668062
0.321757386365083
-1.717276696615675
-1.050372145680938
-2.247065910377104
-1.985445764264410
-1.763317752918178
0.263507155065973
1.217467276484909
-0.041838315714252
1.698797707861402
2.293938937852527
2.258700328648570
2.078056216634653
1.072297749951795
0.899224810521821
0.517818557551284
-1.426455043183036
-1.595331339557811
-2.851218504824603
-1.125041341524970
-2.075715490579907
1.537964793254151
0.043928845911757
0.214600600196148
0.639239346945846
1.072626052592904
0.448525461497193
2.144584216172176
0.646413585517286
-0.116285790352989
-2.188003127153273
-2.683273991001233
-2.467919800461053
-2.701757224655470
-2.165892126996502
-1.307947638582027
-1.024785543429677
-0.883507990042685
-0.072736074756665
-0.847128078926461
1.256377694379633
0.593263313158924
0.598406243968930
0.815327467138315
-0.420785471615533
0.518248683593669
0.959092061211052
-0.135436265088295
-0.888762439740446
-0.516435594162100
-0.450776639669092
-1.061647057912953
-0.220928924971636
1.339652837877572
0.862638592355327
-0.650676328591272
0.452064143526413
-1.324023331289577
-0.026179784283679
0.250825280123081
-1.070805673616350
-0.103653522034028
-0.283589994697937
-0.131430546829619
2.346343946669423
-0.207796602371306
0.254380821817913
-1.984734880680236
1.438133095895640
2.401529644492782
1.561467545572898
2.807666737654152
-0.160903374052604
0.771279668811867
-0.677531087400860
-1.100571761447537
-0.740989046000307
-0.751909213184850
-1.197499273900734
-0.026581531939308
-0.675825681419073
-0.177034332390445
1.565606484954117
2.618849913860140
2.308094561027820
1.083148466530135
1.993842245189644
1.741337578948954
2.005484053120057
-0.415236251884790
-1.364164239587853
-2.517087977849118
-2.046832535736398
-0.571028457105408
-0.115853244509042
-1.307745038766523
-0.521799605123888
1.030447450763097
3.283836766382439
1.437872434108020
1.525719736604996
2.041617423947240
1.534451020704006
1.234596174414420
1.720135863161869
-1.153424408642286
-0.284549224739800
-0.949402356079286
-2.686551028360562
-2.997203265842394
-1.485902692567498
-0.443338519501666
-0.743714415259761
0.589867274413896
1.098715329139465
1.235511052616900
0.323803518924147
1.109786437894086
2.431037995960354
1.410382818402376
0.815670574940541
-0.448979058614067
-0.742150624977581
-1.437535499047204
-0.634892748876269
-1.251980412818065
-0.838902624615450
1.830874207277728
2.007946415240258
-0.622813335445720
0.021031226570738
0.624346304168224
0.661610565644059
0.267376400526687
-0.306581052603090
-0.330117686102363
1.583065977936496
-2.700882019801258
0.391832865893175
-0.803550015608486
1.536758593164262
0.435247381501054
-1.481773362392295
0.523589532789915
-0.210069165888228
0.169986598557151
0.676811266698314
-0.023920897780998
-0.131578052839169
-0.766040857278523
0.361484870346197
0.259337362654200
-1.011913778941359
-0.591138989242619
-0.367356082621386
-0.882777051045743
0.521740665424707
1.463923329343955
-0.317065545710148
0.207750996901799
-0.156191082446805
-1.157519632644353
0.940639357347105
-1.195938886101587
-0.778729002168892
-0.151301647343288
-2.064633610253374
-0.483469672645862
1.797724280253761
-0.463088871058023
1.501141334220883
0.820761457664997
0.269601102346352
1.504520905837736
1.138996978254958
0.930032891624347
-0.607341806694891
-0.526256861631888
1.245633053278757
0.445056305930861
-0.883967584988147
0.526756826056673
1.056902811489890
0.074565875204771
1.620663897281967
1.458356869658390
0.427281917773598
1.558209843681864
-0.408545416817130
-1.399385674145379
0.057629135262407
-1.432090200783273
0.920128801710936
-1.345357026718067
-2.607072695484307
-1.709296913389827
-0.923817655967644
0.332939519799884
-1.081981165950843
0.327473349209445
1.632702487454175
0.191104632326468
1.535485449372677
-0.958994174470377
0.629220149496929
0.670859188899461
0.117488078248360
-1.176610358362376
-1.192094487825700
-0.033856262110685
0.044609522182540
-0.978423756563294
0.480656644353433
0.938406030347879
0.918505421521464
1.466822667757279
1.960326967371674
0.796504955816289
0.237426989767917
-0.625771507126416
-0.214299958945677
-1.005067145512765
-0.107694054056272
-0.457031718013406
-1.617169162947325
1.167526013721645
-1.014865669962628
1.442488137586439
0.387977781839493
0.635954775422733
1.414279239334031
-0.240610293408520
0.898761034594320
-0.055401677396217
-1.857585762548144
0.034515300505263
-0.896435021449912
-0.927508041807703
0.511810273111980
0.414932746439975
-0.450656882366858
-0.591477299583870
-0.185829235126968
0.844843799380092
2.878626143224029
0.265906940728254
-1.301975384025060
0.887792154052631
-0.759891360401156
-1.416430149335041
-0.893875980649959
0.356034140955031
0.413431332057932
-1.197325486820878
-0.865815048533843
2.865987030614777
1.148374151366546
0.627071476833545
1.901373870096959
1.169175322512378
-0.089764632622761
1.000528961958813
-0.985702026322929
0.094432696566933
0.242389240665574
1.432673779816052
0.536880700319071
-1.099589248178309
0.948302661791247
0.483237583601005
1.692608837605670
2.755706520795446
2.695102593756453
-0.512720108467635
-1.464244663579314
0.282077930649521
1.297278029645907
-0.357520508243803
-0.715367114663895
-1.393372666790575
-1.442103852277553
-0.038896711430027
0.249736223055103
0.044167735385809
-0.433922867548669
1.313043547075428
1.109118868754709
2.141671372671675
0.459207001623163
1.277903419678431
0.463448110491638
-0.264411267372395
-1.706419459648573
-1.396488920525527
-0.770717477356693
-0.445075199635978
-0.848534588722152
-1.328272715747263
-0.613683338464916
-2.165259671661519
0.447455129827433
-0.839823525697392
0.695271272777407
-0.070092121238251
3.786925103135959
2.467777582672135
-0.060644637677249
1.612151431794502
-0.257259793667989
-1.982593214871266
0.404048679500164
-2.809865579767718
-1.135925428827432
-1.826465680677755
0.546706012494697
-1.381728607814123
-0.483947347159430
1.130805709329174
1.015152321349913
-0.055186369537960
0.168643411188348
0.627686071413148
-0.115304055122685
2.315916489318052
-0.705518226358149
-0.451876797610405
-0.067133378235306
0.886347486396731
0.398730529927706
1.808320084039314
0.944119092345789
0.378890439246286
0.369435998991918
-0.969857838950618
-0.202138869566398
-2.499810252527288
-0.001221329537159
-1.628694348357940
-0.966639782804737
-0.336877474139410
-1.197832462496630
0.148378334410786
-0.455170988051434
1.106796583435474
2.217538455237154
1.879331862456887
0.538218692273722
1.436978248404071
-0.148145984195690
-1.357626717783036
0.066771286850847
0.074534904045056
-0.716026838521232
-1.515459002906091
-1.136026529560844
0.833753215373627
-0.878478446402850
0.914483534142428
1.729874866661582
2.433519198627081
-0.137126283089839
0.354152695756147
-1.535303551049645
1.289180357586245
-0.733458935928124
-2.719257156344795
-1.059282804017976
-0.892411480437723
-2.423595342864552
-2.183776905651066
-0.611662182455642
0.302576987790201
0.012437178953945
-0.342859092912273
0.864243165462502
2.756245638808168
1.372816904399922
1.534129897470809
1.722528886235632
-2.064384278598329
-0.508221208970890
-0.862997694473996
-2.129036731646952
-1.684086007632362
-3.245746144566955
-1.075840051832118
-0.220719860029837
-0.512312478706697
-1.729317956777932
1.957743504531465
1.747368720850707
1.426428427268762
1.409783594512875
0.033943173215214
-1.472665200504305
0.740420310473835
-2.031416639577905
-1.368286347383938
-1.831359161394471
-1.571071457256806
-1.521114139647049
-0.517681981196066
0.407370489677824
0.274275483986591
0.521731795468137
0.628401783094434
1.499293509928334
-0.834554687699681
-1.563309026532156
-1.458600038054502
-0.549558541937738
-0.480525653847734
-2.930307625548458
-1.952406992399180
0.165260862051191
-0.117872793532763
-0.574173298757912
0.474276027439016
1.307600056774026
1.218201257442467
1.691617554721319
1.523163647150315
0.172621569845672
-0.332189364251129
-1.522280126319008
-0.297824939716763
-0.639216289534187
-1.093875108863461
-1.276379844861865
0.416583912316482
1.185030287047287
0.570766433063561
-1.427648810230773
2.268229783973003
-1.227203590574611
0.790304437982645
0.488472660719480
-0.154032924156749
-2.168476873543074
-0.625390903199754
0.004875111026044
0.081211062823211
0.780949516456598
1.167793920841523
0.383416833867309
0.835570865450012
0.546905432667629
1.432136528809187
0.170738934311482
0.017949348012502
1.107504959278048
1.098220668902464
-0.307171996276196
-1.096664470143463
0.179876471051869
0.917754825490411
-0.339415248693473
-1.701659963307941
-0.289059604079603
-0.379917169601340
0.495392031373409
-1.521018668769181
-0.214979348435423
-1.864625434113039
-1.037651508142952
-0.722751815745152
1.077557617977359
-1.109760022871575
-0.640108500188449
0.386040142389738
1.107269991183078
0.205249472895381
1.297921702225152
-0.021078589870423
0.699007324548709
1.526159712626925
1.255179743241990
-0.719125394341203
0.339219877372912
-1.347736397108167
-2.823070286882187
-1.135499154214103
0.347400502745185
-2.181196638629932
0.532353611503965
-0.068874291037005
-0.052714346385468
0.022590660083078
1.330877435842432
1.749902666838859
1.627000954310189
1.173708989601580
0.277029745769302
-0.819785930735590
0.242719356985958
-0.645267562807810
-0.994908260323208
-1.970996379048031
-0.803894610629407
-0.954414461363624
0.479815649347222
0.200039322713723
1.834521499012619
0.766390178886859
2.156316476668646
1.062312808583857
1.505144591201016
1.255861958644717
0.130816472349987
-0.941749175858196
-0.494265009165995
0.519219124280240
-0.636941102121686
-1.134468415633503
0.890002961539782
-0.990094243610399
1.802442131174007
1.541700581539947
1.112936632679780
2.136105153081183
2.066416185902487
1.932129610867578
1.178326467695849
0.764762418623147
-0.779946484049945
-1.936639678811660
-0.847167379544807
-1.493490466286381
0.269566056323712
-1.386489364442387
0.452614607025183
0.630458884480514
1.385818139113895
3.630900314291061
1.372273790669820
2.130209574236265
0.832363588343611
1.437156223784475
1.464048080228146
-0.953904846375948
-0.536933873212362
-1.505664774686770
-2.775082931200496
-1.525217998898501
-3.721609321800203
-1.040105413100170
2.121616795404991
2.950266221251529
0.241993880286847
1.861210685330493
0.261956379759224
0.477932159606837
-0.353121457397523
-0.404113733202558
-1.923607307512719
-1.677130341836597
1.038271496003754
-0.101104044139114
0.193614193662305
-1.063346716929581
0.475150832901407
1.323453138662355
1.266987372158979
0.420035564373489
1.128931590234669
0.167973961214555
-0.264497277881969
-1.212273800635047
-2.171053155835615
-1.214705521542113
-0.317463215519200
-1.025441720425432
-1.660252418456558
0.285098433579757
0.072465523201461
0.873748402358937
1.171446318962956
2.185043887684199
1.351120781825248
1.113092916918138
1.428490304162486
-0.566741795142254
-0.398139162723709
-0.922113990183484
-0.243662857165537
-0.425268125499847
0.024339729239739
-1.157401263157802
-0.440543715849362
2.171249171510421
1.232438853500004
1.178760822852546
0.693468936358011
2.407883574748565
1.799150151108841
-1.398762643664821
-0.751923122622142
-0.885010999473281
-2.101276472969131
-1.403264349171518
-2.138496987619530
-1.373002204997105
-0.939551978195858
-0.732516119877566
-0.321886208907582
1.083707337052608
3.456549991472608
1.131473153003482
2.302050437125387
2.055881693333708
2.740884556318082
-0.326158013281453
1.012538867613957
0.273358020513398
-0.422335681790437
-0.697068908282270
0.096464918510811
-0.575970387965902
0.275128474732846
1.219828098137965
1.514789347722727
1.708289162487236
1.323858376731424
0.845621062795385
3.428202809048664
0.606207587637764
1.333295462309959
0.575170998343447
-0.132071228704569
-1.382870753271267
0.535542268893758
-0.042833913959604
-0.018450856266639
-1.073685252363418
-1.497500466580374
0.080561228592768
-1.760822911582044
-1.266825370984066
1.446879005332554
-1.497628475414693
0.870703165033025
0.670862244854850
0.270551522964901
0.560265406716844
2.045521474143093
0.784525891316525
1.676033134136314
-1.541489690869206
-0.460014417822510
-1.966032671632899
-0.295819584540589
-0.877739650693320
-0.563332365730601
-0.870099821676572
-2.084627307355205
-1.376302472506731
-0.895127189259083
-0.620673188863657
-0.833234727245649
0.080271627376561
-0.484611418496789
-0.620463303889325
-1.445582628038150
-1.198505932191776
0.028510922262558
0.251321112649116
-3.097191843554085
0.392348797802875
-0.598084792858326
0.342991265868605
-0.074778132343902
-1.064153130118423
0.827272254987742
-0.830593915379141
0.830355532139516
1.971490564873705
1.188311166527238
-0.130032478281787
2.631530542894268
-0.462482615320768
-0.327471634116109
-1.165624010922720
1.276859863373774
-0.750808998249574
-1.363277159706908
-0.237807409366916
0.156197124659765
-0.736576215796365
1.843149201036060
1.688176141096666
0.074545165402388
1.722010852168494
-0.030709711547531
-2.703572802350882
0.027147005867640
-1.523429825568367
-0.676228017714494
0.644953607819599
-0.205566410592269
-0.176483549062366
1.059506395830861
0.508151287325083
0.416825530656917
-1.991384627791400
1.250708586949276
-0.146199507134266
1.440934562143315
0.214895995214307
2.250460544458010
-1.229282078716755
-0.255634026053390
-0.224991188895260
-0.535700090585831
-0.274514883180472
1.166310608225527
-0.334271593676374
0.135879357229662
0.842759384418698
-0.281266087641077
0.593202144041248
1.620307431321039
1.304805779525336
-0.514511460664318
-1.856949381882578
0.381354854904816
0.264676167715744
-0.204091504337430
-0.900121637229654
1.305693793678051
-0.891998874154992
-1.962741019243685
0.076789881019140
-1.541688898774161
0.303177942875919
-1.577846794319826
-1.438369098838429
-1.782599946508455
-0.467816678878745
0.890795144916712
0.121210469300007
0.982016470545873
0.493335889775714
1.240112648421539
-0.604674724155749
0.282817304413901
1.431087602185238
-1.286793770920025
0.710979179615560
0.739296989763466
0.906894150004023
-2.119690416214579
0.001227134901718
0.382965333906450
0.609989964820225
-1.320977252948523
-0.154056316670014
-0.704612125792754
-1.306999599593405
0.998048746415844
1.381781483327200
1.135383545211112
0.222226122053870
0.456661580563357
-1.764178586656536
-1.218065624295247
-0.118806411651122
-0.622746517775172
0.558852007356355
-0.516237327234570
0.831044106489598
-2.264560920901421
0.568510192448419
-1.217144657669725
0.074539139149142
-0.411650737791935
-0.807737417224773
-0.639656641175564
1.098931808731897
2.102603122844655
0.561256046761774
-0.280095418554135
1.232332706093194
0.821569089868483
-0.138805031163789
0.283640230477950
-0.177799935359237
-2.129499144788879
-0.002873177639789
0.586289075402718
0.601245075742013
0.742791095155667
0.736423776083093
0.670157998478810
-0.020680369712152
0.121061596515398
0.397057732629337
0.228587719829718
0.402727862242068
-0.606358128288062
-0.506235962159725
-0.477365601259954
-2.042155811339168
-0.730782620394873
-0.172893847016615
0.432607089275133
1.278136992533205
0.821032891888845
-0.115647739221780
-0.124242355235871
0.453836801318396
-0.366035931671939
1.264229252627985
-0.239850852917173
-0.617231833686155
1.074739272015805
-0.651605943904815
-0.190510272176083
-0.656735598006488
-0.874889317256301
-0.212454447790785
0.970839086088021
-1.458584242360952
0.895408574644070
1.375171865287370
-0.345301877184843
0.044747096877291
-0.009153966718987
-1.634891208787431
0.012493440987095
0.290988858421559
-1.263928493557957
-0.209139943078098
-0.340537820303157
-0.313698262688695
-0.324712413958013
0.706520318590778
1.556921951174460
2.067109111904920
2.643865893168772
2.812520474676916
1.913982086587199
-0.375167943688603
0.488456529138430
-0.879075839529769
-1.088329255675432
-2.313632013541946
-0.415690405807439
2.463086688492158
-2.030350691463505
0.953405668476967
1.591403815278066
1.456625070618828
2.186097058262109
0.864134287068461
0.721893178935249
2.011813980421702
1.196806800555214
2.157503783807449
-1.286142318600763
-0.541908060459371
-1.712664624871086
-2.277515454594926
-2.500572521467815
-0.334063319703101
-1.771416944433708
0.129226334781718
-0.069749035846187
1.785413586641893
1.763973291467254
2.163225201592889
1.726309426930652
1.356676001976169
0.515087098400926
-0.207315203842441
1.661809177758239
-1.096118593484726
0.290582516881442
-1.090248319348927
-1.675149139718866
-1.208783275441857
0.614700701055578
1.127639030465740
-0.059018518051700
-0.037036550087627
1.749455002261265
1.681306105875775
1.295329421606383
0.739418797870831
0.535416750871350
-0.326613234722619
-0.535580760066971
0.518509473947615
0.366966074518936
1.127915857311615
0.394186219855376
1.722990688338249
-1.820008703299947
-1.097893629489603
0.438385675219493
-0.302561905704736
0.055839448097089
-0.939670983913980
-0.369706377415117
-1.540146351581267
0.655541088845894
0.102160548767180
0.835684676286456
1.913057316188883
1.490778898738785
1.537815297767235
0.506168772321115
0.538016317148965
0.873254433344145
-1.199995967960150
0.431051085893909
-1.842980341591084
-2.260062340449975
-1.868973452502824
-2.361670765056645
0.137183484274291
-1.972533043000219
-0.464559270463248
-0.640623386554482
1.323915055157797
0.775710835741795
0.528059928908851
0.694336386558961
0.892397662797172
0.216006355099398
-0.920505666175993
-1.602290732614024
-2.683963805494916
-0.572281960175609
-2.395304445605112
0.183248185583653
-1.096222539426300
-1.152992456594080
-0.950635262927973
-0.214432056570352
0.849945343306598
0.079231173544829
1.668576222260377
0.765846103333110
0.686612576717286
0.479618676176672
1.108379686244583
-0.634886390262511
2.764195657396458
0.353817481959961
0.581661836675244
1.280062266118487
0.657333208578186
0.041724340974162
-1.144884491059705
-1.034662279186283
0.141851593200906
1.428309968433797
-1.071035996321597
0.107249862892252
0.718639792382983
-0.585873392454694
0.847964018686033
3.809715389469691
2.766411171129776
3.266636555974143
1.464696750953904
0.350054860877446
-0.350948541308115
-1.945928067333289
-3.433596144591749
-2.461002255254967
-3.409840068888124
-1.474703666462628
-0.983687986860844
-0.988659305735815
0.763776283803350
1.380311579204544
0.848176310605830
2.773497534156276
1.399194997981736
0.834676046983972
0.799063664854680
0.614803166201952
-0.852450452716298
0.307368368513845
-3.191193804526097
-0.747056585393279
-0.419308204560577
-0.355792524648677
-0.628565466862029
-0.301266031453075
0.983327357899198
2.353046008777461
1.309429872449321
1.283557228842256
0.143937166361008
2.367773869542474
0.445731462143049
-1.686293595380786
-1.776896339763769
-2.036424265118555
-0.560623428713918
-1.691770787292724
-0.215715417695726
0.454823117738100
0.736894268489242
2.615092695536707
1.595108070696662
1.148371420562621
1.990827959558044
0.781078965845501
1.162551894898083
0.296610248574072
0.366677974161749
-0.488522138948976
-0.121291709440368
-1.218372465636372
-1.330579659847349
-0.278238537147856
-0.866135874464299
1.174557910972312
0.345606091495273
-0.062285901314040
1.016415462713272
2.696618586360580
0.982571158207583
-1.298113454544384
0.642604086492446
-1.798722524667735
-0.232706188867052
-2.454938687995775
-0.574081096082720
-1.197172962320239
-1.625888072869564
0.120079031631728
1.430845674798526
1.535846191622269
1.812046830808465
0.493386518003132
0.084241096061005
0.169111004601166
-0.532108469593274
1.184051252545901
-1.974014605862806
-1.281363526145279
-0.312355848679576
-0.021847368803766
0.697981727270624
-1.086032388643703
-0.074854476868745
1.374814175604762
-0.344462737388392
-1.196085178546576
-0.676471814813371
1.044902490755926
-0.416515803561590
1.664321252530369
0.063720647926774
0.313583148886810
-0.311329955289188
0.315687495657357
0.102284937038846
-1.860329089925657
-1.873181774612423
-2.443995322154585
0.530867027551821
-0.971945885444707
-2.004465968947566
-1.242013107677625
-1.116066282861063
-0.405778221428666
0.489833410238829
0.056998744614111
1.275134159069442
-2.689389783294371
-0.037934138533168
1.308302673495832
-1.445507405659466
-0.963291211959867
-2.118724488536136
-0.760487516081198
-1.144252350572277
-1.472082927142573
-1.019475087409925
-0.792939882406930
0.788809421492093
-0.330386096660680
1.087083963338831
1.985449008941665
1.312588649604618
0.847032505689182
3.178908904076751
0.997746464259844
-0.372186803425605
-0.412215795704640
0.372089583479818
-0.211978111763211
-2.165383393967716
-2.112492049381058
-0.692103513059148
-0.540458747141065
0.280396071777458
-0.218563336490969
1.194476921645360
2.382417045903638
1.412904113173908
2.116949890718590
0.293679591232187
-0.599574410932198
-0.912182535559709
-0.445891412572609
-0.387387377906431
-0.051762855867380
-0.520720986096207
-0.713661192746404
-0.247027236842265
-1.865695276355398
0.869361926726271
1.237668401255426
1.565537231115523
0.558175870391531
-1.296085157767279
0.978536309659861
1.432094121043471
-0.542306337159916
1.191330313781877
0.345250175942028
0.834991625986497
-0.773178536874181
-0.017858629423632
-0.898677521533730
0.305899931016021
0.212432423148882
1.519370731425534
0.007053408313323
0.568694525617076
0.422679140192469
-0.813781010435431
-0.613367821039601
2.272190688956568
-0.331682537608985
1.513992446663281
1.444414108576898
-0.990857910409606
2.016033635072212
1.248275055775020
-0.187101880349869
3.080251046237819
2.007024843892897
2.877642384763736
0.731108570625080
0.794147351555180
-0.867821521659486
1.840551751422580
-0.564379853315645
0.948092325452128
-0.022936241180181
-0.886533356824832
0.539365669278045
-1.365661175663146
-0.645836475518821
-0.410357903809382
0.405997248138556
0.580350888108832
-0.881054355886375
-0.918162889832463
-1.432769002612238
0.123574099206711
-1.462073036097297
-1.419796368033488
0.143500906156304
-1.364307632531421
-0.019035278493437
1.388713527557086
2.673357197854904
0.500225506201856
2.129218581627241
-0.134982572964530
0.025961272400980
-2.008819023450375
-0.673052480569434
-0.488144900168518
-0.750760085104950
-0.725170270931888
-0.371803296271454
1.076748342132261
0.719434713332301
1.389658698263748
1.482041057381450
3.168867119800938
0.382433068843159
0.864396555731801
-0.039237700970396
-0.181447192579710
-0.963701536785292
-1.285787592753267
-2.079840737297745
-2.675611195793332
-3.138778947572728
-3.070664366429538
-1.105559725709873
-0.814271318373766
-1.689300390052392
0.626204342438617
-0.329443668983870
2.074179979372664
1.369085898846544
0.251060499750132
2.225481008731172
-1.138862697140795
-1.510041428450841
-2.370579027933211
-0.250123769674235
-3.100682935073081
-2.356786775817568
-1.020309672693741
0.903485792076803
-0.128367504139610
1.131910129952776
1.720463253236905
2.569291121787129
0.994751671210930
-0.387219448261060
1.760461866228077
-0.512113918383553
-0.413942980799481
-0.346044483576659
-1.004194169094311
-0.551112874701700
0.488681019262232
0.694200347628537
-0.205550771832065
0.094378012622656
0.785312765489308
-0.125933244738636
-2.282019436517946
2.035046747887393
-1.298890961924211
0.145357563078739
-2.226661231962776
0.934865912764672
0.932022084365810
1.219928486852322
0.532432799255952
-0.820944797838080
0.945448853161334
3.270643979397560
0.855542788387586
-1.021878525397331
-0.545953545472421
-3.087064609123118
-0.873569189281137
-1.837951885142330
-2.242320279908192
-3.247077944741715
-1.977957145882457
-0.933963646089552
1.009209621054148
0.748040576967537
3.086899877130997
1.349973898385587
1.765038402488814
1.345321686354385
1.729320594656187
-0.770194718016327
-1.020619458965034
-1.978758273792505
-2.555466972728887
-2.617167913611559
-2.838139216869833
-1.626784602599486
0.005579973481810
1.278291243837902
1.143996076070708
3.421570350164088
3.615255910357884
2.801175952047339
2.293290852700188
1.016224494352379
-0.068986230549340
-1.587479997898911
-2.166617120500933
-2.966589074860432
-1.805468678607154
-3.248574016664133
-1.632421684970160
0.177154531873197
0.214022852826121
0.935688433269930
2.034797184848168
1.130843138943359
1.928897545222553
2.188462362968593
0.904263001335334
-0.184095074503214
0.811918428438958
-2.568033297914787
-2.400859710510258
-2.122708296677751
-1.467765454203609
-0.721027516559374
0.280329516477073
-1.223946917501378
-0.929930567122384
-0.968343849257367
-0.436554212237392
-2.432588575573655
0.217521466798240
0.623692592456847
-0.686565959906972
1.188903207899140
-0.838141973939415
1.968120518037868
0.502623341121077
1.399892893560455
2.593394866220979
-0.132071884163482
1.195607343474450
0.942515429495414
1.169188517473554
1.166346233827646
-0.174161751467700
0.143432599432394
0.966384558582447
0.603779092277145
-0.318916526134804
-0.544075839545949
-0.828844606843950
-1.577702691119052
-1.714179479301195
-1.393816799591574
-1.215121106605582
0.572094188931934
-0.220140663920089
-0.127983004527447
0.901490267038536
1.610322206221493
-0.658775607603664
-0.556476448024295
0.750637014129699
-0.330245704921439
0.206796649128888
-0.672748873738449
-0.638319307659133
-1.589711265443935
-1.202349944016357
0.936248803132950
0.057306208276467
-0.443272483269760
1.565925744787154
0.589433574642853
1.826977505730894
1.035562232786558
2.560179553337971
1.528568804226120
1.061962292868817
0.961131346296701
0.482535020238636
-1.479753357942265
-1.515843395902091
-1.179382152566828
-0.741603721785799
1.268975469067906
-0.524922863446355
0.145778545588717
-0.523595429944039
-0.057437587538252
0.512211425571721
1.348724978387524
1.152450866408000
-1.229553314580023
0.845984738041916
-0.102646391596648
0.049650611400066
0.352241161202488
-2.411410401267493
-0.106874012258860
-1.422257231800798
-2.209932477607756
-0.827301324378923
0.376156588792871
0.755274413855697
-1.223936202686766
-1.013664144729907
-0.051934014292416
1.856072860306140
-1.168331275075490
-0.372451828725831
1.158854139031212
1.332674752504745
1.105242964503690
1.695084909396010
1.944352086132011
2.390573939890821
-0.129730885645377
1.275863201090751
-1.455036903871711
-1.563982095474450
-0.589177268637154
-1.573393392163832
0.364505501886606
-0.447841287830718
-0.570853523564865
-0.082143001285912
0.287455971273635
0.682802482253220
2.565224910961251
2.664253795563210
2.040587604757596
2.697436313901262
0.498900646027259
0.297346175981757
0.874042827155571
-0.462128569807172
-1.632326977104583
-0.055824884621298
-1.124134952789603
-0.327328565184247
-0.133319586904022
1.063026050623860
-0.143113202693691
0.590618293227159
0.810921378416357
-0.905926964638000
1.734320741221167
0.174110440445870
-0.454045120142624
-2.965103779233027
-1.208567905940364
-2.055747595510770
-1.623279542769029
-1.992731976493574
-3.482279010095602
-0.285358650042839
-0.506936764045968
-0.942978239583016
-0.384027475265094
0.105922581190925
0.954175580847099
0.633082020555947
0.475824930264347
1.265162108636562
2.078386184893793
1.371068846797517
0.428522407312110
0.371890167307464
-1.109363062516695
-1.096179444757666
0.101025777359173
0.374702024497734
0.279892608221992
-1.902957500041032
1.715797766915174
1.887949115118708
0.476455149716463
1.655624589099163
2.336189493013900
1.075424491535808
-0.841843341492396
0.457437328538899
1.775518895053711
-0.334671621199391
-0.894409150848597
-1.537469177204754
-1.536073848668740
-0.814991897986955
-2.208039818689351
-2.333432542175074
-1.730054417419649
0.656246506171371
0.125263501308010
-1.506975659932438
-0.129457521167374
-1.464476104881517
1.531404298488467
1.975058355503948
0.821987783026094
1.998821139735496
0.517829870521410
0.056479430362440
-0.257520596030791
-1.062021135466369
-1.002551283136001
-1.385623427329793
0.190958072786848
0.032040605264533
-0.638795536729753
-0.029011622542856
2.033749813526476
1.566087733054198
0.022126738096548
1.663598561091746
2.896941247231291
0.863228050210470
-0.201544027151303
-0.835016399928761
-1.983798714234327
-2.292461547340541
-1.376171676574047
-0.287282980119300
-0.629405708816836
-2.050549567900832
-1.034596436880652
-2.227161193851789
-0.131343961421523
0.413392697115011
1.165251634036077
-0.799333321053094
1.550063518991211
0.451671914048200
2.059317341733380
1.187870656945379
0.137600455358599
-1.209352967099465
0.606523222499143
-0.822939918420758
-1.055953059423385
0.223477998607100
-0.776549253627459
-1.182277284929444
0.227305161428348
0.262813012752464
0.494503595297072
0.939029537218458
-0.097201223950084
1.037022661670426
0.452582681551140
1.265570608252873
-0.780420931732430
0.972762144364408
0.139939464098900
2.010192598646523
-0.576062860261986
-0.985393849180256
-0.563243202221042
-0.514516659430765
-1.662977535626848
-0.025088406080408
0.428090893963459
-0.337562712072205
-0.512338067042968
0.104740852791275
1.279759372807543
1.902695460679746
-0.068114714355750
2.638804114773515
1.885501516143093
0.915197389875870
-0.759765750044318
0.290740811944612
-2.047297184287301
-1.247452430674988
-0.483816047100995
0.460104027722114
0.344240584266309
-0.684035043455352
0.232290404629234
0.709915317021796
2.850308020631389
2.419195071238907
1.681962992943454
0.325974692556565
0.119700304090822
-0.678110524084873
-0.373956846168149
0.143555014960038
-3.294220644007048
-2.405577817789172
-1.711281562946429
-0.970126093800687
0.333321497492218
1.077064607535761
1.868562141315316
1.886909501416309
1.031984515205331
2.926700101471012
0.716075878951673
0.201003817151565
0.091338800818684
-2.335975819314672
-0.079154264804439
-2.442261895589996
-0.922900289160972
-1.843415253189939
-2.247792488291691
-0.971151655104812
1.343447480322509
0.751199308802180
2.044726778609524
0.735243550262026
1.489737605431293
1.242347945290535
0.369705509585749
-2.004452041914472
-1.580203376159918
-2.728042237142088
-2.786764596238302
-3.118840439143064
-0.005744013344991
-0.271705704663416
0.628640730510514
-0.078937927858628
0.001410757541636
1.145901577324057
0.846023812863666
1.476714946563191
-0.528867534984550
-1.126184747391910
-0.298780050354303
-1.575681960746840
0.102310803807864
-1.073021326576297
-1.789840366080264
0.487194500912795
1.388309835040391
1.885546672064420
2.353527015163432
1.810892257563411
2.414033119916499
2.308659526063571
-0.642813451741637
0.920013802638878
-2.098675428391478
-1.931224569099333
-2.411698788295416
-2.999847900091948
-0.704481827794583
0.421111231415502
-0.454316288135503
1.046293767192018
0.131915186212984
1.786466564143591
2.079643840094916
0.611512050972412
1.590994713990642
0.407691848070370
-1.101648263382751
-0.247798541214675
-2.253820355145013
-0.624453476620755
-2.626131279913377
-1.775953744597867
-1.565587282360453
1.167100740718082
1.402984870725233
0.951028631358376
1.107982395750337
3.345726006957627
3.112233713276579
2.965271651969731
0.312591872937457
-0.886547365726051
-1.115702619214710
-1.436224578036905
-0.800921741150048
-2.207968488503671
-1.797379264758842
0.483784019536853
-1.342145381384006
0.884287399856637
0.975568359297426
0.802953240198488
2.404158162551958
-0.630537181991117
-0.269077503292145
-0.496785819657688
-0.584636749046288
-1.438442543312102
-0.530720051719731
-1.653427913102115
-0.173005621424667
0.392688435024163
1.271716246907199
0.247880787362221
1.670972495954686
1.328295055011364
1.030665583795039
0.388112962864166
2.271105991808584
-0.601065706071179
0.287899305501270
-0.775037502315410
-1.564088379997221
-1.213197370600413
-1.860109201202996
0.027915878630412
-0.219554003769882
1.174511393373319
1.279892617629650
-0.251254429334811
1.034932583588652
0.044502493800981
1.125327459449462
2.731364359080168
0.300410040624882
-1.442463742305122
-0.093730771238347
-0.489295498502607
0.429242223477512
0.586248704776579
-0.875347905829718
0.554287353624681
-0.239511713365019
1.835534265176682
2.114514121204420
-0.079840354553548
1.951865518217405
1.011144589756702
1.187951260811753
0.718970016415110
-0.491309194068224
0.211599438553090
-1.401797195636684
0.472736144537481
-0.223589866917463
-1.033748959540553
-1.337741835047558
0.886731235259410
1.135918469404021
-0.164328458920009
-0.454302527128515
0.038436798011261
-0.651538145724297
-0.519736309629041
1.423677641019126
-0.880426105972604
0.993519122068064
0.385805867077306
0.732605107029674
0.889938098003501
-0.143417473074264
0.105324285261295
-1.419428053848524
-0.524719204159383
-1.240977971379508
-0.112092073515758
-1.592963549761400
0.304728875661135
0.154162535670365
0.696593274836548
-0.160088152829981
0.796637136678075
1.325915010999485
1.238514121505972
2.865174640207692
2.239915965981463
-0.125529857306799
0.472425177560157
0.426094874044243
0.187132954342401
-0.885107140414665
-1.357998186527384
-1.048853973842006
-0.454830490148320
-1.903641593167644
-0.600097828447684
1.960742889264757
2.296750292275953
3.089894428131013
1.909859023409893
2.373863671441587
-0.270771720721674
0.820205349261217
-1.162488995250240
-1.124502719491799
-1.904200322854010
-2.750283158922525
-3.255130761471450
-2.223365937945022
-3.436085900478871
-0.903764711755100
-0.053020195854423
1.628180426096409
2.687117120589307
1.781208311668045
3.251601357991086
2.463780261291237
1.835680735804135
-0.467569707631881
1.352334365946611
-1.966455659849550
-2.917600723351213
-2.825197398675733
-3.190187911516435
-2.350382201232097
-2.599116461989554
0.294089541593752
0.762949633050484
1.450752925681437
1.910874666961626
2.076925973107653
2.587338589991532
2.957911143888260
0.371790379925802
1.943521223415996
0.175102151294493
-1.573897110799833
-1.962163172594553
-3.265110785459029
-2.980269575247085
-2.953220942137806
-2.343365528818192
-0.984941284240753
-0.490535123185634
2.187026462730969
2.050311503300978
1.858295788763240
3.582093747354847
2.698528606476761
1.540332969463577
1.051199040058746
-0.890475787285947
-0.571991375106112
-1.862121325811394
-2.526636996065191
-3.060089651188421
-1.095046818712131
0.270402487187096
-1.422477971039616
0.283913639954666
1.898930893221938
0.638599990534993
1.858508410840174
1.864110479394583
2.349772370826428
-0.018786219344503
2.082596988724862
-1.162391131748168
-0.003019406046786
-0.407890624906802
-0.763595318231838
-2.628606744139125
-0.978252820624639
-0.358965820281345
-0.118285921804254
-1.068328036601710
1.698764978921955
0.304599416590869
2.680104602026749
1.698114387167562
1.448464114841625
1.068759734752778
0.700690616479605
0.196271580010306
-0.571109315339257
0.863809531020107
0.975718292507896
-1.394927255871079
-0.100812499809905
-0.405975984807242
-0.686949108585548
-0.439857276240394
-2.107160134832089
1.894467316058243
1.446428469950208
1.044456591987723
1.090198151239074
-0.693623502105216
0.908163902421007
0.781820514115613
-1.040710299562103
0.373423532842077
-1.330847156946062
-2.220279006666313
-0.935827694841599
-0.283167326875263
-1.833261762027026
-0.518290764854325
-0.480646585037241
-0.292781308183492
2.051740500826731
0.472404593336376
2.818366150723976
0.485752982792610
-0.209805064429452
-0.023834419861255
-0.757157164086454
-0.139768632285542
-0.913362333846743
-1.501245185631301
-1.088750541240465
-0.477713368990041
-0.920255238785016
-0.719418078765933
-0.685433997466041
0.032605153702773
1.609508166653421
1.421863748640744
-0.447212659043348
1.666739044108215
0.033219277067537
-1.103244218769631
-0.648601147846607
0.179683657208845
-0.529468462575732
-2.844360327785036
-0.881286127148341
-2.036066098346654
-0.550314533197584
-0.652305590066054
0.257812413781607
-0.534213952018309
0.483813975296833
-0.488242591505888
-0.029468467777347
0.469948565673196
-0.070108275191214
0.353362143955786
0.597061787379738
-1.900095103144819
1.329639465904451
0.657795904534618
0.664800873885146
-0.971886384986145
0.965717898986456
1.492143907087428
-1.501609699788598
-1.637207560907997
-0.567064365313497
-0.514639192819046
0.041656966991900
-0.095956162988431
-0.885015550783803
0.732608600123613
0.982167908946780
0.319162675459765
3.105653046560484
0.751745943558289
2.316885039712380
-0.392774937711008
1.503016628543189
0.354606268386834
-0.343335592517970
-0.671365497651799
-0.616388663857297
-0.800515613009066
0.535500768118423
-2.803518409860697
-1.130747340628128
0.565770046888043
0.894343768833993
2.466640748126221
2.037676809823576
1.026700234042584
1.668001696308788
1.501381751475018
-1.468492696596553
-0.975070645005269
-1.011137784914764
0.844023793402506
-1.052042402384209
0.150589064710415
-0.918682404601303
0.840209968786057
0.509646663021441
0.273530605525362
0.629897622587517
1.733179094126913
1.734108475558365
-0.861006427088056
-0.469748650151174
-0.657999422833558
-0.335722363824938
-1.747657155396617
-1.056121923466119
-0.186176099977918
-0.115619104145598
-0.433968466290692
2.344925921613846
2.146360598797775
-0.941671060697327
-0.904601978004147
0.989183421565470
0.732470473736217
-1.065747227674666
0.354359212516926
-0.689695523260830
-1.511814792976251
-1.054282032248934
-0.540812884051114
-1.837648410437339
-1.367377374505962
0.881839018274081
1.387006939797587
1.040226309495524
1.486008965236613
0.565828155893235
1.071639644958547
-0.896795816749816
-1.053865524800162
-1.338131723317432
-0.990395720190525
-2.171949582058580
-0.424735662161176
1.497068607755857
0.571690630804174
0.090304946931288
1.373469975324399
0.146967828342062
1.237120493191831
-0.055166352217788
0.178692820095128
0.784960559472868
0.355836221033748
-1.582324029122605
-3.013360245621915
-2.558232061621194
-0.883101066223218
-0.463028246383172
0.464187083050705
1.706721024148653
0.321457503103545
0.871801346918401
1.556733188485480
1.728769509623800
1.646710368068970
1.291258846534154
-0.123454957335297
0.905342763117807
-1.515623379185310
-1.665423982723777
-0.899143028399911
-1.448830917793799
0.311396153184157
-1.249890939874393
0.188990390807866
0.876612742806091
0.088448947412405
1.402861226765714
-0.137900783866652
-1.637014309110147
1.752326869573854
0.759351465085820
0.980170930342977
-0.271182489221682
-0.925522743284593
0.270065428195260
-0.488086580561315
-0.787212672023115
0.236396106815475
-1.012632222180319
1.285706895822275
2.196607669367143
0.092717672536728
1.221339826505061
0.850813316236251
-0.061567471771190
1.046416969373419
-0.018438542918498
0.620744706267861
1.269134531831902
-1.004775376114767
1.280753729570857
-0.072058816578888
0.645614849532988
0.027530007767263
-1.170104241959413
-0.387103722538069
0.301622110465120
-0.965616347665976
1.163945817456681
1.119083045245110
1.198411464992664
0.386483897168813
-0.642874506445487
0.228219002452654
1.423397680476119
-0.592273307598535
0.008235739728757
-0.859576328115375
0.132775850661081
-1.641433505185522
-1.901992917964437
-0.719481744906889
-0.965792486760042
-1.248529213574824
-0.353976143369562
1.283559822833271
1.678528996483309
0.540659358866961
1.339654074914596
0.509448869734792
0.606913336517331
2.338981170514335
1.365005757265879
0.674505345303128
0.299211051174768
0.642342190624220
0.708894287150979
0.865582838979226
-0.934915921928217
-0.229674282503798
-0.499784519195327
-1.090208639225339
1.144345389096178
-0.649044743050400
0.947325071749897
1.866415307089457
1.820141787128549
0.923583841324944
-0.095070583523411
1.079878157470618
-0.693226683373008
-0.853687967352273
-1.446364872880308
-0.259564089451891
-0.962640565876502
-3.274344967458642
-1.717964157875519
-1.348553376344382
0.954025524583900
3.433875528346647
1.298288640887619
1.826394156466244
1.411787015347787
0.706953824448597
-0.427797344244859
0.161199592124717
-1.438770081908606
-2.726190408941789
-2.401450914467281
-2.300070499370820
-1.050414406872028
-0.439331266866509
2.195976841857218
2.677858462148269
1.396746468588535
1.940611732454298
1.254828210581230
1.354991235282334
0.683280448075707
-0.137699174652521
1.306683521070847
-1.282176132758668
-1.760473840887990
-0.871719905138307
-1.202092282646749
-2.883401173534059
-1.519347261432191
1.072133144226733
0.312994878484637
-0.464165360270640
2.098259416388053
1.060427824228432
2.915529310404487
2.633331234059702
0.210880263237596
0.575123748825720
-0.637563900559620
-2.309388610153543
-1.857064370745568
-1.835787814439100
-1.695855524440202
-1.846621080404402
0.182397865400966
0.106531768323179
0.860882130855903
1.428073995651180
0.797024446670138
1.042326076800217
1.266894296209429
-0.205346300110963
-0.402882133051623
-2.436062634448485
-1.970509511274066
-3.065204179026036
-2.883190893697955
0.584547450307448
-1.004338159679869
-1.253812077480406
-0.750511670492892
0.139347675595622
0.992056248475271
2.875122457542024
1.502517373903272
2.227704425006774
0.025664002020647
0.777087479904779
0.586755699877678
1.313630325718551
0.640550713284084
-0.159769119534357
0.408160438989202
-1.159361238728220
1.630889486654428
0.941404837875706
0.530461972643870
1.040989729675214
0.989830342086406
0.686354725240640
0.477896423834332
0.005401243272707
-0.218702343809981
1.182353747445557
1.222879812378439
-2.387303541017135
0.011482252764087
-0.114964669051205
0.005589679780237
0.157679921062332
-0.129573631952814
0.034603046790861
-0.166835641921288
-1.133011577139588
-1.932527001198411
-1.699865194351381
-1.314548281046514
-1.536152300841564
0.844941039668603
1.554952166910167
0.046730224248839
0.363298606516993
1.454197713038639
0.798642834225552
1.116507524625146
0.456133044179005
1.713271118598358
0.094534538635161
-0.660946258719197
-0.389909364018370
0.641212827332224
-0.110880848407932
0.784831624659371
-0.693294172706558
-0.772310568946400
-0.012031014728772
-1.742742359225850
-0.012414386501256
2.181234806746332
0.635029677426746
0.029092478584927
-0.145508862932257
0.486846998335587
-0.401651719023174
0.808214205102552
-0.172791516067412
-0.800650227674246
-0.746039211126702
-0.705968386724925
-2.732526868225538
-1.702526875943223
-0.611094065979663
-1.944560897023022
-0.503893916546174
-1.457064232985378
0.187587793524105
-0.455765362539901
-0.378773468184718
1.456048254556715
1.237413565396641
0.305132713601721
0.912301512379799
-0.287595052111719
0.434756886175230
0.882897533121047
-1.031730740551615
-2.029525842882531
-1.264890363541607
-1.094359096699167
-1.478912204190489
-0.559616661434165
0.531887695787881
-1.251914778281772
-0.058625271177252
0.163886653567683
0.011701974142041
0.228493847048567
0.340256640351834
0.848158029373508
-0.905536224235312
-1.309960252185812
0.244189817205256
1.209664620975385
0.805108194666195
-0.600246604743588
0.988893343685467
-0.260598816784108
-1.146518243691984
-0.586773393282632
0.380873398393439
-1.197915336668278
-1.943059578601732
-0.088712776937866
-0.358896404318799
-0.299679420863677
0.630567025054719
-0.182864891808083
0.320469365847239
0.861245158672339
2.068884440819741
1.297242444734216
1.871617983058382
-0.102683802885121
-1.927582381628388
-1.353231382032781
-0.933195895474153
-3.127058319252107
-1.741883051396176
-1.637795511922547
-0.374134114210918
0.494705153304896
2.114686250240041
1.811107914905289
0.591741029529069
0.940882931927624
2.875055158263778
0.611626604773578
0.983647414781210
-0.000592325624321
0.678872476706585
-3.159366493553686
-2.018532679710399
-1.176107748012786
0.831153507838125
-1.228855176196267
-0.672888719432564
0.530386013458521
0.723268800815970
1.200985632094304
4.148285027286670
1.784633266948527
1.779859085680799
1.539668324833190
0.002894326639031
-1.085123879548826
-0.429349571188512
-4.312112599495993
-1.957336898235619
-0.762452572476767
-1.501805309527278
0.121426984869999
-0.254380998719220
0.804665781855199
0.816302765987928
1.622616041812895
2.465797674581545
1.233501326594067
0.111254167555943
-0.139984072183655
-1.089896477410740
-1.829346440407025
-1.042192562219735
-0.579239066210553
-1.818150365621593
-0.170940244223484
0.826600747016500
1.773072221069213
0.374048044854000
-0.625178534217735
0.837105510330606
2.189286853075681
0.394119033700871
0.114884481401014
-1.454909358246992
-1.226992925530741
0.150393751475745
-1.625890662621209
-0.340656620001100
0.878322944044758
0.427360310362342
0.289551760282117
1.883180975487789
2.124256939518055
0.680216490637868
0.445796902261924
-1.257631245925366
0.928843399787392
-0.249084047677864
0.089325668271859
-2.318829489486645
-0.845421356789121
-0.821167218949668
-1.718910162491384
-0.342911718772996
-0.981871048388148
0.902686653912050
0.581570026806316
0.289871683802684
1.869717178870471
0.666790265765502
-0.697001552747842
1.260697440974621
-0.664045764158115
-0.438920491650014
-1.364381179731138
0.291906823600399
0.399644878270560
-0.356996352208985
-0.051309969168208
2.192536615032829
0.471783059862265
2.494733330956918
1.472162125907052
1.350688071662989
1.460339462540886
0.877599394815322
-0.001265213242187
-1.249560814571565
-1.479994341548630
0.928209922644279
-2.819952865533694
-0.785008573693580
-1.006020921193364
-0.566659212395876
0.126370726317752
0.741869853014735
0.298379827259737
2.101216677988364
0.844537821016019
0.969237615643620
-0.920833950427862
-1.248984561511301
-1.499009327901312
-1.109494399234052
0.300271684559909
-1.677165514831082
-0.380726543526424
-1.056621927867871
-0.156292965178968
0.346062733329418
-0.484558557484412
0.257627246222060
-0.020028107797657
0.182709234453524
-0.161200161019459
1.248968475677784
0.980618295019099
-1.312350564335861
0.530180889960151
-0.675038724591592
-0.949365513833803
-0.925894122946520
1.073943070720059
-0.067145417336864
0.608570809499460
0.300517709293180
0.677744239791479
0.254470404839343
-0.178462153420048
-1.018669059728236
-1.472509337627289
0.660268953530659
-0.183937465957668
0.862541452029437
1.541429070079847
1.897403215628638
0.136682051883761
0.609375944463683
-0.597102804425070
-0.026970361554975
0.135076533634275
-0.277734956827856
-0.628072088562973
-1.015498705167340
1.285838033807236
-1.246232067775184
-0.002356513776014
-0.550781267518754
0.839783149761174
2.240683539414842
0.426362923307748
0.978493900680394
0.620405211474354
-1.820321116542705
-1.380869453623234
-0.792689949887418
-0.085490091338405
-0.336103051908115
-1.161753226973112
-1.142748640408054
-0.149750750754182
-1.125753290838027
-0.040105095312819
1.214880846378967
1.479241466762191
0.825515160729282
-0.169818504830364
1.465492684181648
1.405630388160052
0.948745133245983
0.013778167745591
0.020648232342737
0.162164202507614
0.221519531543440
1.017326234871837
-1.116657348349038
-0.272311528413952
-0.992684390889238
-0.333646313381730
-0.395828886317375
2.323360867008127
2.368875637162465
1.296074510362916
1.005122553845176
-0.576384848183479
-1.400658649545810
-0.482320840631784
-0.265609838367546
-0.840166250732494
-1.718495955306555
-1.523647957485787
-1.198894274027485
-0.398753120292494
-0.894451495835059
-0.365057014213799
0.545582781602558
1.106261962166011
0.669255833559493
-0.009783489250138
0.824684516175448
-0.534642262859449
-1.032919776715145
1.675581038537018
1.294887603962326
-0.806350273045697
-0.408288979734259
-1.687802204310312
0.004599607549686
-1.987490325192991
-1.685576995029169
-1.238008865998663
0.062008457581943
0.173416456682335
-0.547609585227832
2.304839238335176
1.620396043938880
-0.561303535277641
-0.843752594704617
-0.597033573114885
1.360560616338671
0.498036681064201
-0.580702727563028
-0.147415386346838
1.016391492542976
-1.181433657919054
-1.891049581844495
-1.280745453793244
-2.660322139984218
-1.188649754641516
-0.013733987119384
-0.462578569087875
1.219511198251713
0.107666130627658
-0.780321007000705
-0.001866042495388
0.336137224821554
2.029370221617573
0.984389361504962
0.677681142422171
-0.236319160547912
1.616154166855723
-0.484439560086193
0.868969117836367
-1.686916921907909
-0.224071604970816
-2.390288582863771
-1.677232028616854
1.080674213278159
-0.203052566210977
0.544785694287141
0.981979283518346
1.402990203513756
1.065730888640438
3.012163244084032
1.494960817461004
0.140448182433041
-0.696112816661431
-2.088536376350958
0.146839980801225
-1.469333412557218
-1.223457765973314
-1.975147462667726
0.216447752838792
-1.273246283104934
0.664136786431643
-1.604804790809238
1.896464714253278
1.880776901927058
2.842473335035299
0.506066016197645
3.157144356189116
-0.283291439908739
-0.345167348123244
-1.597447175731104
-1.414074216804367
-0.543639782998198
-0.938053249444947
-0.922500456920654
-1.040465954173112
-0.757348839447026
-0.631419504130046
0.393311413266248
-0.348924188153579
-0.498154255269500
1.723155578283914
1.421993938135862
-0.549738283567028
-0.792194284228168
-0.241466414445178
-0.496431936138744
-2.675857557822515
-0.079645197727236
-1.670669436671496
1.231423629053231
-0.857717133347564
-0.621322443296318
-0.607074382074079
0.600642856622416
-0.313449165669108
0.804350276877646
1.373895237989491
0.054618317176570
1.670196934422632
0.231117129757729
0.163386205707139
-1.273220876958696
-1.820203927312117
-1.553706206883001
-0.372107940651078
0.764175371313871
0.646143703950158
-1.261556475032661
-0.954749361580971
0.448166808621392
1.574180505813662
1.863832049808898
1.561752392081664
0.927239185284008
1.327342683928789
1.564098875050688
0.021053853034635
-0.744515973996147
-0.108697916912557
0.724400352647675
-0.208521462449728
-2.400054625701282
-0.041882433815280
-0.994719780726027
-1.742679100019443
1.546010826670012
-0.328522044335081
-0.130212700931000
-0.198758433259837
-0.151183558873446
1.544265422341008
1.165948906849442
1.774776172634169
0.307043339895112
-0.729005933056262
-1.222070297941022
0.096868321343039
-0.464237091019542
-2.050467988761187
-1.651237800259173
-1.168275044018169
-1.093028442679800
0.463857056097482
-0.603291360586549
1.015676658544181
2.444836350507784
1.355328769230321
1.739405586570396
1.986754097094316
1.241985270009621
-0.892482107431580
0.523111981405067
-0.596424917061966
-1.540010977376718
-2.427791112995626
-1.732421883720205
-1.335424716661509
-1.578696185850889
-0.553274478308222
0.649444274470793
0.350943473500961
0.916020693635385
0.670181883024579
1.719554936330201
0.720334903355414
-0.673204741270822
-0.685031109315454
0.467053034654603
-0.374675188702359
-1.777041248908616
-0.225064942322470
-1.800916476563365
-1.322024241471382
-0.741782108361725
0.420779440286285
0.434507497908675
-0.216721034821720
1.897753728618805
1.364200142059896
3.199168188170698
1.575000361898501
1.502548460011602
-0.930978499856484
-0.430374028765291
-2.011926043648501
-1.474844921537597
-1.182062575924572
-1.645234144088395
-2.337154913756128
-1.602249044904603
0.735880602674757
0.214570666589943
-0.366224256937438
0.061425600337200
0.374716332714490
0.509218230023351
-0.701766507457584
0.098923914480294
1.906280456034855
-0.308953916444868
0.230059419253531
0.080280725144534
-0.869317374089845
-0.997073263367969
-1.584089754185385
-0.190649262651366
-0.311776403396151
-2.054001852973702
-1.089429423854779
-1.126346815764482
-0.427559035011675
2.044755690304058
0.696673263425572
3.282041722622978
1.529247263997775
1.832985130123775
0.713814560548811
-0.211487212176468
-0.502853550950589
-1.830713294395043
-3.247698142723828
-2.102339842334512
-1.919945156076587
-3.580638781093754
-1.157040304281089
-1.231945709818953
2.295083640516152
-0.135890766164911
1.172041128690039
3.499863816117792
1.706835844337735
2.168722607079647
2.295970057081718
1.002976961952935
-1.917529820567236
-2.394595678055973
-3.627121306422540
-2.669002988516399
-2.114960628630873
-2.592485014706820
-0.145437631874938
-2.054001796974743
0.303605581901965
0.595885224304954
0.825565148950667
2.702409903770961
3.099801567589453
1.419103566779929
0.321105319087462
1.393557907389479
-1.419624482488628
-1.803368822848765
0.129882650166413
-1.589672372434753
-2.196742916880889
-2.156797601505311
-0.749454588763530
-1.546331323815894
0.042976472531196
-0.022047097724770
1.898452173194043
1.429746323159148
2.864937785240745
1.775265450096988
1.686409979088392
1.099694708284945
0.181650559187123
1.412714730130487
-0.777929974700607
0.172497556760934
-1.740965433402728
-1.501634463328056
-2.081732726362919
-1.123936410241363
0.919814390679399
-1.029248497829151
0.850881390305798
0.300131281994777
0.187182817397888
1.722448149106218
0.473343955404020
1.411108256188733
1.254286934945125
1.366350924438528
-0.350657673232065
1.355561245802642
-0.442529648839829
-0.721297762582544
-3.104776726833526
-3.478406175827920
-0.522476385547440
-1.429531177300562
-3.416741517646135
-1.411156620362739
-1.115384371110619
-1.726987380885478
0.389032466719347
0.370967895720133
0.703891497004696
1.723151828535090
1.004933988873817
0.427057936196083
0.418912928705469
-0.023107897928448
-1.409025311296020
-1.255770639239588
-1.892017446426546
-2.139516868802741
-1.661904623330446
0.696009933689960
1.634360766140114
0.887486666859682
0.364257789683948
1.971957711220638
0.363672408236616
1.469910199474889
3.298378322555234
2.478206079658853
0.861555366932457
0.481726121531579
-1.811835014587909
-1.921973423116929
-0.919117929032456
-2.331584052526986
-2.192817668951360
-1.511283954687092
-1.307170351978101
0.524228522912077
2.240171737477421
1.021482288723228
1.152040226818129
1.820452094156567
1.904232028004319
1.550564849162065
2.532861648018781
1.535330128849352
-1.104061144435277
-0.880240248436227
0.471543320632406
-1.436787007995235
-0.413439326489789
1.458649528992826
-0.804646708879771
0.398423538186444
-0.856315954433044
0.862327169144463
1.378139432746341
0.653481855231953
0.384829784925073
-0.233445552545497
-0.106072166036503
0.057882593823672
-0.011651892392929
0.506284530126851
-1.380351108101728
0.181669074142989
0.002994985677177
1.694354348151940
0.249195491322817
0.572400508369688
-0.052726064565090
1.281833998573482
1.401125328169567
0.206768981808929
2.554276193673863
0.424373416901031
0.867732662535163
2.437051800339979
1.310003608316413
0.551889175795596
-0.036974029871655
1.572435003437935
-0.175665479322857
0.692338848827787
0.237341944595703
1.706887159874971
-0.483887342308630
0.384741535439386
-1.408943082265406
0.756815595545814
0.187407604093520
-1.565954646939233
-0.237588367470184
