2.206482031011849
-0.001781881213630
1.622852797144528
-0.066917829443898
0.318491967210149
-0.321565559013694
1.476724565150682
-0.214798338307944
0.775934497289511
-0.178200449759078
-2.062039953002276
0.228904845428845
-1.646488740637433
0.118197510758194
-1.047866685604237
-0.969165694742798
-0.746786071547454
-0.254770437732662
1.738201949144032
0.038342978056455
1.343603820557140
1.367370790708309
2.537678291941091
0.160095226807181
2.520149505320297
0.947999721224352
1.496049158643492
-1.153728328567414
0.220705880446155
0.161338130137822
-1.492621007550047
-2.171002150213724
-1.680817488208938
-0.465799474030517
0.249321798708799
-0.047911550150145
-0.461546366974932
1.672901004692824
1.152053990421184
1.294668084122931
2.407754064728386
1.309567844805368
0.253474872437000
0.047033614852785
1.169522530095551
-2.536095669061571
-0.214404581189809
-2.273458315723319
-2.288878352629694
-2.424235914561310
-3.322089877702609
-1.806300865453285
-0.543728012303909
-1.631470907780634
-0.334862729611841
0.969471478564848
2.088794252331594
1.087883867940198
2.502651413476138
1.166218290238567
1.127140502913119
1.857065899196853
-0.198286410990084
-0.442242868924859
-0.599557461492798
-1.674998203593234
-1.193253321336782
-2.266980736711608
-1.965846517228170
-3.113342443712725
-1.040344075016594
0.517057485086823
0.632881219195413
0.844732115152845
1.556412737641106
2.032023263957268
1.199474863799935
1.910406636054750
2.445154970495248
0.733593718235069
1.616381024948636
-0.227202680125943
-1.969501334164487
-1.932950076814222
-1.434018064232681
-0.801919695990861
-1.913823023628714
0.250751860498344
0.292363470423289
0.278560396096183
1.692851882470114
3.274700517643938
2.496867417386425
3.138101812999464
0.948003217721264
2.426593367451655
2.746120730465551
-0.005686261308307
-0.510478054831102
-1.415426481576248
-2.220856721993459
-2.907598888496771
-1.443171474927235
-3.426063073793475
-2.022433901040781
-1.786605753199697
-0.933636071482528
-0.605958147698806
-0.544337051558427
0.976059180471748
1.731998046562800
0.607870943758276
1.182927499418763
1.057126288976695
-0.075743238225829
-0.283497290804710
-1.674981162024424
-2.374956874373663
-0.958017124489320
-0.528081158130101
-2.667534380447945
-1.169354988268337
0.774319693175760
-0.892997055993102
0.058510457611422
0.038250924992992
-0.392997971604304
0.568066417740655
0.874074960208187
1.854836003911351
0.869048054428510
2.156547456931087
-0.445709748407257
0.639544051962477
-0.532099681883454
-0.444510563993295
-1.032260135195963
-0.493112870556419
1.488582677578480
-1.356084441573773
-1.784190684157758
-2.179434667258912
-0.900899626559671
-1.197396733793389
1.116493588363983
-2.247365789146890
0.808116722299326
0.408861282308484
2.176727621924553
1.723440723344182
0.714129489815072
0.493146355068851
2.229273086360563
0.792014588437042
-0.546974376595045
0.586989857128313
-0.749413071730473
-1.799197329489304
0.046808962717638
-1.924496648115660
-1.565589502797300
-1.065711925891864
0.165478388952870
-0.509798142252240
0.380651780555518
0.586196783317437
-0.509777132927469
-0.680756294509626
0.296718701850876
0.118266223065419
0.502433190514790
0.888052731359222
-0.397104452110108
-1.939055776309194
-2.376681709207062
-2.768358947461208
-0.926034707623576
-0.865820832318220
-2.445314540274557
0.911488657475606
1.420523824682357
-0.304110017783404
1.168875056643149
0.558024029331109
1.169428562183016
0.583662360328943
0.343868051063923
0.131393305247790
1.161435014428995
-1.650371253351425
-0.048697737249701
-0.584801468369507
-1.766446585262266
0.003164002199926
0.044531186853889
-1.360780223091517
-0.392776387783147
0.395056776669076
0.867571512677989
-0.251860023870227
0.369655106355139
2.051642759716903
0.330301133356011
1.168898606227847
1.856358623770732
-0.249784361673060
1.130285395374027
0.367118248709489
-0.956113425570170
0.065388817577670
-0.754320518381137
-0.114713880588556
-0.776143747616074
1.340452776158516
0.503677339485739
0.382173394568619
1.004246787757243
0.069958428269772
-1.401522534902515
-0.065068228553184
2.042540252840862
1.619097026967136
1.333792576958714
2.515782443262513
0.686197821304321
0.782001600002881
1.375365731385648
-0.354958895190404
-0.098785043980884
0.024466408063140
0.471491928322700
-1.217734431331546
-0.329246226321991
-1.974293692824107
-2.203971138955736
-0.815406350248369
-0.829149899997783
0.417258263389880
-0.233173282439358
-0.443412425483539
1.022081557558942
1.809036233988675
-0.402877797025499
0.552534792124452
0.670616784748749
0.812383037032750
0.839643628601814
1.255077782426542
0.398661685919730
-1.602569077283656
-1.114824075276890
-2.242818047781647
-2.069725637091298
-0.737425668151633
0.402437460182453
-0.984458796654645
-0.826019745001953
0.710312814676093
1.881019094144250
1.339967796075861
0.936442930694494
0.696935995032704
0.189729264495346
0.347777747595661
1.911100735239926
0.321545175986095
-0.131097856642465
-0.870352551099874
-1.639003401071453
-0.636379645358652
-0.825592385558225
-0.608441777612778
-1.450287524457025
-0.315618165516979
-0.103371011425681
0.591526333736359
0.347169209788489
0.132278813691062
0.171559007129771
0.671655114166045
1.951971339305787
1.037655822002840
0.523670289512448
-0.865504953549064
-0.273519416229934
0.941878767114947
-1.840591480338327
-1.282392037792705
-0.865248609955600
0.406611992336249
-1.321608767310221
0.592230193888103
-0.024165085525397
1.313335601961870
1.054685636905617
3.579046659609987
2.080883342256346
-0.020712145755864
2.101527617469889
1.653068903807259
0.867961201857001
0.615796500197839
-1.460090371336286
-1.742274688133853
-2.047439643854239
-1.664992569433624
-1.973045651928461
-1.694995682519471
-1.693290481586397
-2.510201923066586
-0.052889276442726
1.073925139694629
1.434719500511079
2.109946320744581
1.305460701958788
2.886215132803030
1.996346930704639
0.187712425622217
1.178041722062890
0.222949088277959
-2.106227882955487
-1.118075089390850
-3.663447842694790
-1.979218766420473
-0.427819055602526
-2.074081276820412
-0.266437129783450
0.156455078376286
2.148987339743575
1.570629500084638
1.206636938428832
1.295658838176989
1.844030560001577
0.317711878990717
0.778943325818774
0.535735730801229
-1.151784741124702
-2.505225413100694
-1.230265484216261
-1.715635218739530
-0.694964871767547
-1.715191889645097
-1.442092160279809
0.306695648632228
-0.557318208508802
-0.148292990171429
2.343958631389592
1.387970942637365
2.630819275597533
1.420312617596270
0.611136286381692
0.561532943690840
-1.161237770620142
-0.192402225435850
-0.359414773386271
0.969919161539321
-1.634456882811768
-1.229430009534517
-1.024224134171875
-0.439110984330527
-1.064666480815424
1.733665741110923
1.071842721769675
0.677555625531029
0.694932044162614
1.643238700554616
0.158222925725861
1.095810045569020
0.513201921031284
-0.152150048322425
-0.459532494454412
-1.895700743631794
0.095766595642055
-0.138172566338272
-2.024444388577558
-1.321992670471888
-0.960955637793174
-0.529728480204155
-0.221850355438204
-0.253879245107821
0.098654759047470
1.359151477420264
0.636311306767385
0.618963327893454
-0.066706596663401
1.309802232873523
-0.582692229261324
-0.324755922048800
0.691946628410499
-0.137730044025269
-0.188311534985935
1.704294552147242
-0.230775014564952
2.538234047593437
-0.704327264728580
1.621547267929042
-0.341518358324426
0.976074913716737
0.247807073609355
-0.396088022785628
-0.454103059095144
0.123696211623655
0.105994154598591
-0.317114498092211
-0.502461141501024
-2.265075925230359
-1.393735540437157
-0.837797059316205
-1.600578934769439
-2.179032087799535
-1.060225097528270
-0.189733142189719
-0.175257381873027
0.118631988096267
-0.395448351328837
1.272117097414436
-0.339992567815554
0.115610455696089
1.676264815668315
1.152110593269632
-0.681863617201208
-0.753222508498627
1.664586407613842
-1.049210497799826
-0.978866888089973
-2.038185635648056
-0.877061200072569
-1.230061991862677
-0.242503346034443
0.458589444310925
0.374539165316726
2.185703139294627
2.823317124288423
3.161195011079111
0.894698576905521
0.434452633319301
0.181784200543165
-1.446173226071725
-1.829383289272601
-0.379594894105553
-3.949983067248541
-2.468449276329175
-2.403501888464800
-3.569313972539746
0.505655997376041
0.752232091230757
0.519687465913990
0.430005178072203
1.857477727116097
3.084273091435889
3.180766687808885
2.250304117402868
1.160186250395016
1.494780930592454
-1.408833745341225
-2.743844139195150
-2.428977865588156
-2.907025011214274
-4.786536734556339
-3.575996362510990
-0.442120322949046
-1.874411778442564
0.807366381178622
1.788668046572403
1.834159370009605
1.606978927521113
2.949474727733147
1.306054304621353
0.156761418270405
0.877181817503997
0.101849803330509
-2.866403570293393
-0.648678425209352
-1.700460770594684
-2.550091824391739
-0.552627227807765
-1.669240860072741
-2.893071799068052
-0.935246385826920
1.309604961141560
-1.012068765659988
1.518262553808040
0.290508436661543
3.311031743764580
3.598112398913498
2.053606400671158
0.651697218239900
0.969496548403557
0.704071324341291
-1.556386191615988
0.090765504979506
-0.636219150913961
-1.547640068067468
-1.117849417704137
-2.388935391182456
-1.375142711041238
-1.411975922506361
-1.757443913916145
2.177396145963153
1.158488810885534
1.349715820022534
0.645048541648816
2.048081786168326
2.895617671441807
2.121068733022760
0.420874270166597
0.764831562916478
1.046981399310253
0.406818817213247
-2.714590699889207
-2.337979240673691
-2.524183690832547
-1.167633963536611
-0.565236463377875
-2.114192837082786
-2.907713548605059
1.117409722810478
1.068283957183325
1.875021708866404
2.502358582450254
2.135987385542702
1.439620144774509
2.860306394828990
3.132250710506320
1.550140966664117
-1.052048819412259
-1.575813417262271
-2.472724312373666
-2.446003664357848
-0.518146476891225
-2.085660865950221
0.099529215887082
-1.416736569924411
-0.457751825858171
-0.269709421614776
2.143237847050676
1.379028984041981
2.425997825408531
1.111710256122859
1.459888913064531
0.735290137514756
-0.365085733494019
-0.460915665507014
-1.147478382628703
-1.581921798756631
-0.970940358383295
-0.768091327018729
-2.178261189030219
-3.305539286499460
-1.052254605701456
-2.032838540665696
1.449361307321412
1.329121733051558
0.940795430087048
1.767033535115224
1.300809225826836
1.376996951299362
0.813999725995406
0.180077804864182
0.765362368383408
-1.993043026836023
0.746637997251302
-1.114471011338891
-1.591617370235440
-0.390187509104914
-1.130225030347313
-0.328438812639345
-0.499728287428882
-0.087280815424571
1.870578627445060
-0.621358218348127
0.377965135023905
-0.875385990995173
-0.164830476444544
-0.235573889666472
0.141840719811076
-1.126604308512065
1.275970241369813
0.570438897831794
0.737124013814599
-0.749365614432248
1.214303989622248
-0.405878956787567
0.568429827339551
-0.388704074975163
-0.032635420726513
0.584655009657127
-0.611421553573655
-0.579204019632747
-1.067249052280551
-1.347034398575696
2.028511099241110
0.262959278373132
0.053564346455730
0.841707011713491
1.409741417502538
-0.525821534561926
-0.192756100499181
-0.055241399422785
0.156387142948975
-1.114081987428937
-0.431805115338919
-3.074718722329599
-1.194050999509909
-1.067641213798660
-0.648272939558316
-1.040911390105020
-0.244596748323043
0.071305333630943
0.540067964912032
1.057613701004631
1.087495462432179
-1.197570185998673
0.957528692356100
-1.229982063809692
-0.809024757149207
-0.001926015735949
-1.247666743540728
-0.218508893544137
0.555354829505853
0.291654350835789
0.743557206986186
-0.603744745556008
-0.876522124630644
0.469379623197518
-0.037691606978723
0.542851026026453
2.021485460251976
0.926648155465375
-0.257311094672747
0.912020855995743
-0.634827363160963
1.084841763025787
0.392283448246538
-0.580918529161825
-1.604880755787154
-0.515312136908087
-0.003179085171476
0.345993066755495
-0.016505500741182
0.655993842755394
0.448631431466685
-1.490805998703290
-0.256843680746594
0.387093666753676
0.360189441000915
-0.299626857354400
-0.214220731628608
0.602898991514047
0.414689634927047
0.117278801002879
0.330950363566322
1.701052154553620
-0.161201250039838
1.905172192611911
0.168649517366351
0.646883318335388
0.218014379269610
-0.734654421604744
-1.785556734585289
0.857068707044680
-0.365139309752563
0.556953649974681
0.133655955344524
0.185400055235356
0.381964839490126
1.100822806169905
-1.844895646325762
1.262549075371736
-0.848725677790804
-0.395174621692846
-0.238147876347779
1.376006079408470
1.216266924671460
-0.378982018224325
-0.335960039077667
-0.440937322890147
-0.088069301121629
-0.376705032200460
-0.230625309917003
-2.604528387119797
-0.461588928603125
-0.546698281298580
-0.685053676355989
-0.657992251442251
1.710524278834036
-0.180721441329131
1.192808855177282
0.430996565214034
-0.224353384980623
0.688199916871503
-0.005910157088018
-0.196849337509286
0.241694124413332
0.458531323692873
-1.318925582745872
-1.465684567208631
-0.790571880669559
1.062976213670077
-0.679429041267851
0.882771201359292
-2.117700850828572
-1.061185436407068
-1.071340829551606
-0.524707329453556
-1.145909470291009
-0.352490147469930
0.499368355839972
-0.043172380003375
-0.970483979268213
0.593227446063678
0.846377830843073
0.943294681249526
0.358307370076155
0.971322025102759
-0.891819152204878
0.628462001725365
0.865925181167321
-0.550898971738478
-1.359942474765496
0.442286273066504
-0.653732776666466
-1.634675020145204
-0.260853187755905
1.536614299781860
0.379954570266725
-0.261166824361796
1.890198205636079
0.605626730751807
1.416082695897267
0.219379097832076
1.183024333109507
-0.283177397944475
1.589226982975045
-0.223615584559428
1.157051900675075
-2.775331582134093
-1.326421836122195
-0.856068025804118
-1.546548268252034
0.575576253990275
-1.766384606032792
0.110749419539802
1.515671273621605
1.777399139728834
0.173155380871419
0.777953103304794
0.636243021131954
2.052645145767491
-0.893947419601763
0.631734662352524
0.341909856632475
2.170323733640257
-0.583229443204543
-0.297043951913207
-0.890736212164924
-0.430894219186555
0.012640081704874
-0.963002953543681
-1.809383501873787
0.160933021144955
0.814966839335931
0.027773244760644
0.061615563504306
0.856484349016776
0.373703087631705
-0.152964643855873
-0.710484753250477
-0.377608258674457
-1.415271334067295
-1.323322216367821
-2.625555400925897
-1.159585628804516
-0.103539211682336
-1.089526128939122
-0.830760403073060
-0.035210618497906
1.492716974590382
-0.275134803482764
-0.148708572422742
0.014761208780707
1.704793430169149
0.065765789341389
1.157793029013009
-0.048971538236357
1.177485067826975
0.275088511352906
0.084211037525942
-1.620717746781945
-1.255472897837435
-2.374908796907457
0.278998302645799
-0.634668256638016
0.496866273173639
-0.371417766570849
1.774869938468771
0.507468107872900
1.404022514676714
2.367221141946572
0.873868307186002
0.958811269833738
-1.085159649377855
-0.863649452829415
-1.044502410113185
-1.001197515121744
-1.405177341903020
-2.700998430489751
-1.838847012100674
-1.956617669933969
-1.100757184614987
1.008940071330174
-0.574111721915459
1.465657801321295
2.970457022985835
2.006209013150241
2.173546586746059
2.027842819743734
2.560470893238194
-0.129626467724840
-0.492551772892849
-0.548399735116972
-0.915805955656996
-1.404219025117099
0.225095174805912
-1.943527873654251
-1.907413586487825
-1.727594419689858
-0.461163877715029
-1.806569666876095
1.635324479766268
2.530581374362841
0.943581155015261
3.618716260541558
2.810425450567390
3.364809488642828
0.338041586691628
-0.435764618747166
1.433241635529072
1.080414681233329
-1.251783888046765
-2.167675282680485
-1.561960464272567
-1.556137550225432
-1.285954505957661
-0.900981577440151
-1.053409305509664
1.487121090882148
0.134103485170585
0.093720232519948
-0.518146984425733
1.141235266964879
1.009391443559316
-0.058044460713598
0.502949598624253
1.249490541939877
-1.126203376630803
-0.715314185997649
-1.122799988994527
-1.237422387600847
0.037828305123089
-0.853488600887049
-1.773884301676282
0.577308059161952
-0.545718452148324
0.600223142201102
0.883858443674686
2.242153189269716
0.332830151112738
0.937748420750688
0.080911627721429
0.539815962066841
1.148953726756087
-0.003570741288121
0.349064760250190
-0.963058683914661
0.144054173088150
-1.339960414940285
-0.063112150038826
-1.050907064997419
-0.201170045717494
-0.371069488772511
0.032361828546638
-0.739921180011762
-1.096777828632831
0.858731930026532
-0.207566277430054
1.515855140846142
0.487159122797209
0.615828933742276
-1.054016478409967
0.146902494257810
-0.085317948958262
0.590804319986147
1.679509797890840
1.550304030800691
1.303339659900169
-0.016062522155186
2.779300654919989
0.101683128791932
0.117945182183398
1.337959268216632
0.091634782506888
-0.737546973515049
0.210756793636735
-0.125202130337948
0.623310613389764
-1.906740649398262
0.033865763821290
0.230523170310663
1.918625982065002
2.967957903717088
1.285970462602528
1.080365779625908
0.941745888471765
1.359960337501001
0.301008869920693
2.475162654313923
2.309578638916150
1.029500901614476
-1.060159659267665
0.520253047763463
-1.879051058213116
-1.900966499272568
0.399729052560457
-0.751716524034292
-0.545577340709384
0.333568614525996
0.382369644605623
2.178392920122350
0.433332013876568
2.505995190070611
0.801897094266219
0.561285417223721
2.221617998669013
-0.116129250529018
-1.284202087193600
-0.227678235563676
-2.130333773662615
-0.847923017151563
-0.227340831660417
-1.516602343401706
-3.964258916500409
-4.890181419006031
-1.028751074140157
-1.708792661601405
1.386745479212330
0.976182472851170
1.949076602380945
2.152682000361419
-0.510030247610617
1.732084122341271
2.005977152436087
0.510835292090043
0.565864275332052
-1.515951637452184
-1.506128786241668
-1.974480308795598
-2.396474510345950
-1.476480952359019
-0.770762340783407
-0.730457841327530
-1.568003642103209
-2.061560935922467
0.888592042278109
2.210851246298684
1.291783768076203
2.895926235306622
2.833648338766664
3.559041463647120
2.312527638316600
1.985293219402433
-0.435430665967156
-0.832931241551782
-1.443663397795338
-1.255722369803153
-1.500609590125888
-3.738010823246474
-2.838781667661539
-1.866745068422325
-0.819921065862268
0.392172734225516
1.196317217592231
0.829177600253956
2.028423996478866
2.039962535752435
3.577317274663367
4.694008441543968
2.705132529319095
3.556388956587647
1.606541511658905
-0.092152242671746
0.486718961434497
-1.259369918718987
-1.573223362717634
-1.890894785911267
-2.368936252961145
-2.907851757139152
-0.016700743893213
-0.869182843949486
-1.616939868560799
-1.006112167390602
1.179964109531933
0.840952568332049
2.251519248271423
2.536530077447082
2.795846962369303
1.234633905214641
-0.313010127094112
1.881773385599211
-0.776743931031145
-1.006799709774387
-2.259553873776289
-1.262918611667071
-2.205009576933157
-1.838754018066240
-1.776064330013269
-0.977252045485770
0.150096428535737
0.381833713968688
1.150039095354714
2.310372168983135
2.856073914272875
2.352224475198046
3.421617209568001
1.516212715744032
2.002337707546925
-1.439654770513533
0.129941403917533
-0.608663183264155
-1.908982422312233
-2.353370719467656
-1.511792594037616
-3.021252652745204
-0.342189117053379
-1.254505312353900
-0.140999554486103
0.601978883819397
-0.049658840823665
1.033052498841919
3.409854012448113
1.484139368044859
0.166763566304584
0.685574761050208
-0.003579001382196
-1.552599044587402
-0.345204725285910
-0.724719330821181
-1.624557151037545
-2.697844853774361
-2.798649048997286
-2.963065700738077
-2.246994831612672
0.954363663325571
1.439994061852453
0.836088095279994
1.973696771136702
2.266353838003719
2.172742385964264
1.782176878668187
1.710212856953780
3.292378365557009
1.759098839560179
3.711169830460697
0.518606149879712
-0.448888446770933
-0.410831302183350
1.337053471693926
-1.638543262233658
-1.342214645048334
-0.297473791701466
-1.296859675058513
-0.873340950577102
1.464270848155713
-0.346467812353438
0.848755251933287
0.942078283036728
0.486786295441982
0.530056689931047
1.132413881098391
-1.009523727483786
0.604344822526160
-1.465649832844376
-0.578822531776748
-2.652593357176764
-1.645609612228307
-0.291128748308134
-0.022917590005026
-1.270598038662382
0.076878298532503
-1.840864256002195
0.497811069975484
1.244935227633442
0.785591092793249
3.070456452349938
0.309796855284076
1.196807434131778
-0.786044403079041
-0.782374491139890
-0.586125643042461
-0.096473843863869
-0.476943407834022
-2.197516676437075
0.309097369418571
0.001295047281521
0.052232524078628
0.129942810234042
0.633457342588889
0.587209072138232
0.443232324302127
0.943822293150439
-0.150266186052392
-0.366655155153237
-0.598945382333202
-0.746004303200577
-0.584354153571856
0.136124350094154
-0.874200626414884
-1.551267225089126
-0.444280198973184
-0.319374704653811
0.531167270747859
-1.014062956715953
-0.368496586430503
-1.612464717298910
0.315555895313452
0.901664954113876
1.785270310524538
0.722171943548048
1.869532442798890
0.384944753860657
0.882973626847012
0.798313123192210
-0.239924667227584
-0.738719573446892
-2.142671797351955
-1.441929986795052
-1.955774216928388
0.041214737481966
-1.355609480155060
-0.153202492546535
0.848190564004685
0.564789067518320
0.095204651807913
0.109648953208606
0.301133221372456
0.591163969934817
-0.800543216666192
-0.626202854650910
0.350854404376173
-0.193432399211490
-0.876063983458400
-0.372245241829285
-0.955907014075138
-0.473707654013109
0.269691882797430
-0.950590041897619
0.191143535913238
-0.824803525213138
-1.029266993777676
0.748602673372737
1.191745541285481
1.334282102765613
0.445574327553601
-0.649925071372177
0.055404666242514
-0.884817039343759
-0.537110790007465
0.034332299343602
-1.833120939913456
0.227959635352555
-0.399088851939438
-2.149560865728928
0.185613249309590
-2.235672368531090
1.649475887866110
0.577714792269674
-1.550213196552517
-0.458989361656082
0.037444160198261
-0.112560237469374
0.371053696477017
-0.223362793316293
-0.767616223518447
-0.684644983364754
-0.781691452631669
0.481867491954331
0.379317298499480
0.067989291410591
0.404464066432623
-0.320918765434468
0.551983211721182
-1.767544331581020
0.961413055489432
1.179551946983670
-0.134902045063382
1.004645123428097
-1.446018671146951
1.311692941801611
0.698516651662165
-1.206892869239191
0.290702707615270
-0.200046532563475
-0.802040513218190
-1.378662383115224
-0.083007135272643
-0.990227517782789
0.100149023387296
2.258025316737653
0.784660700710568
-1.234217429608199
0.114344548592884
0.069388118713701
-0.296254374619546
-0.886418905320659
0.626683596922462
-0.136363385164252
0.832240596732465
1.751382693536573
1.857267129752556
2.398592835248395
-0.089501900876658
-0.312420265770035
-0.974427705975231
-0.779634425260561
-0.266125418969727
0.216373916439394
-1.030933297106575
-0.871231358354068
0.614313143230809
-0.476465681074286
-0.553217252517050
-0.940329115120120
-0.696207532021579
0.239340842107742
-0.929333122394672
-1.242293814275489
0.766188701744189
-1.615946721012167
-2.017453439104306
0.354516850319358
-0.942024419834980
-1.123427897538343
0.049145792112198
0.370179201467548
-0.802020667508661
0.287543679710921
-0.905972041562205
-0.667567450563892
-0.094656730211505
0.595577884153143
0.796043029416635
1.361602599646985
1.044561003123504
-0.933891585459830
-0.848814908576844
1.857841071206830
0.578702056760824
0.610922367670672
0.377389095304605
-0.658160377223589
0.956229037037924
-2.058621862757871
-0.328235148078988
1.964388732311777
0.059599845594874
-0.367663667350291
-2.647509356569357
0.745109579806465
-0.422204507719586
-0.719758558780840
0.262165284409125
-1.388185045782971
-1.186221215943100
-1.055038051152356
0.206514886337680
0.889404076646630
-0.328010185540693
-0.549184529694287
-0.394011295817517
-0.953040437117559
-0.791662908266716
1.313313548738039
0.931185576813431
0.409211995789725
1.715761783464339
1.425852678266970
0.494168275346022
1.085176527380664
-0.358493590922215
-0.064069175780927
-0.338488750027821
-0.340315174611647
-0.130464522951406
-1.433192628911195
-4.598865103052015
0.912052428105128
0.087768475570030
1.504171043955745
0.521715587870296
1.872423949412664
1.342211055465943
1.181739869986356
2.005002887558750
1.757886582937755
-0.065736186771275
0.708609863875550
-2.263637228051363
-0.918578989621855
-0.545943119672800
-2.115114683804785
-0.971332295416858
-2.329090292536444
-2.872414505057863
-0.102997197811763
-0.440209085502497
1.715631251617895
0.756743590339027
2.560542590151181
0.720731489455064
1.386720599345143
1.838653763071319
0.079109644384550
-0.698944363843216
-0.349946191739706
-1.598957293144414
-0.967501887791462
-1.918616636825701
-1.362498463379643
-1.679014032981350
-0.215419735131088
0.326965143873094
0.606122935775408
0.732140606207198
0.351810160567133
0.463736872506849
0.010794617716018
-0.639290150865238
-0.220902948528355
-0.354040365108366
-0.903018346538089
0.741253959155759
-2.420515115827075
-1.686241688214160
-1.998246345998528
0.361204652258423
-0.426016690240049
-0.688413038932304
-0.438588148636493
-1.026871857217351
0.470307924875174
-0.621748833237644
0.908882411745381
-0.255670373899161
-0.841864786769265
1.081396358155844
-0.039122889008407
0.484006246208698
0.773753083018352
-1.811731179031669
-0.708487329349597
-0.105540489975570
-0.057893685746683
-0.263102896514067
-1.493705868788281
-1.220645175087952
0.406738416584431
1.428764368304045
1.155346864974223
-0.768789683747332
2.640491778442777
0.903922214690299
1.705925493316421
-1.736614557424681
-0.437204159115172
0.143344199117634
-2.211299096269290
-1.785566138821884
-1.312521982945752
-1.153569823977388
0.295654287947775
1.422853874954953
-0.478859830918274
2.914169453509166
1.005563308743147
1.186068955409327
2.631026376277439
2.043518130862512
0.612344261873644
1.544148080126235
-0.049133304295049
-0.122934928899845
0.321848536839108
-1.472033128485041
-1.338506330285316
-3.567137755937146
-1.248182558686157
0.202895757205096
-0.778238697806141
0.357952436695863
0.937238405902363
2.956588813298625
2.698216050542174
3.608589123451877
0.818320644365341
2.531474374220700
1.067068078608255
-2.018473664881621
-1.228757330216650
-1.523365364897267
-0.805186471392851
-1.585028940102271
-2.798002447698205
-0.351561612327822
-1.916840196174329
0.253763344137177
-0.086079801452652
0.919406426148521
2.321225071781403
3.103966572032678
2.828962857280920
1.560294488828677
1.523879193586749
3.804579191173597
0.201412180190607
1.371975459023171
-0.123081025072916
-1.520579711747397
-3.015282627960825
-1.434178518047710
-1.944221095985854
-1.073792971107317
-0.106477507440500
-0.366773441036698
1.052527841155106
1.073781674300866
1.002051225127265
2.191654259646207
0.316647708672047
1.698854256241489
0.150969120895188
-1.290444292762677
-1.972641992352088
-1.570379202470676
-1.752905906506718
-2.326714893775097
-1.901869127958117
-0.853395919426846
-2.376883750778283
-2.012427567948899
-0.372158930943195
0.450182498753062
0.525224726675810
1.726342984111919
1.612147209001705
1.543308178867599
1.298652329315702
1.164258774172538
-0.327614794794355
0.585867095803606
-0.274325594734035
-1.313184207469451
-1.405350744254052
-1.545502559552302
0.056118205716011
0.180872988676833
0.889913147905012
0.138664973617274
-0.024885293026830
-0.004288996138232
3.787236699911796
1.663174830144980
1.304391865228320
1.477606749115312
1.364050029808342
0.419896115713724
1.192558665385825
-0.968451864880144
0.216510808331845
-1.437217687650421
0.309772790213435
-1.124780295422960
-0.804264150944926
-0.700946041586260
2.096540296989548
-0.179879248110339
0.654340792776459
1.725559502388153
1.738906103580795
0.960358961383634
0.451786879584033
1.979956831061631
-0.465646595579959
0.559173525811331
1.057415980445197
-0.242086395085519
-0.793683100183388
0.779231137658938
-0.472158236256095
0.215735867097788
1.349241935498388
-0.912754541732211
-0.772581601762160
-0.745902881764640
0.969530107396885
1.164841436406866
1.003935997876274
-0.165819579238497
1.360011952143546
1.169847406165270
-0.523951121976249
1.149942240236861
-0.035806702072983
0.374848586889285
-2.103573994763104
-1.579248643067504
-1.245771862467355
-0.582339293731865
-0.497469635846335
1.468313714921909
1.247683095969866
0.576365289283807
2.022575466840645
1.164064226532844
1.390251204825667
1.677120087588792
-0.335090981281465
0.530995413596204
0.615614315055990
-0.329916513132777
-1.719446574011572
-2.349797152693366
-0.460501253038454
-2.477468828512867
-0.742575582847233
0.399620630004542
-0.258510850932170
-1.543908149065322
2.189769469222846
0.948321675977909
1.093922410770114
2.497228378571697
1.817970431467206
2.678589030643839
0.665644250094530
0.176422476628487
-0.507933609006103
-1.204805719682831
-1.955401746327315
-0.243007473907432
-0.339570187795120
-1.146240538192399
-1.328999368301008
-0.915931759487192
0.548464677439447
-0.535503710603849
0.865786454747758
2.567610233957276
1.612772348137803
0.221869592325072
0.026637486638206
-0.046229224716455
0.764077403804222
-0.705379155064858
-1.227429433490673
-1.818588645358723
-2.999263594101480
-0.833137912008077
0.060099201088223
-2.164160228009679
-1.280479221768525
0.406566478687821
-0.169506167012731
1.371234808279458
0.274987204864390
0.244388329585640
-0.567660529494812
-0.023042569324188
-1.237163387714110
-0.393957547534847
1.571091700533090
-2.052071462617655
-0.871249341622571
-1.754460967192055
-0.959782285849483
-2.333785359874656
-0.471505961067825
-0.314308323869306
1.575448771686466
0.171301522975697
1.268700869441636
1.419763621873829
1.549672327349597
0.719172399968116
-0.745264724454427
0.864323873227185
1.273092552503319
0.645328271830891
0.501084050897837
0.605951751452364
0.159006825372029
-0.802352246989702
-0.414287628360245
-1.513692954537913
-0.512020727759717
-0.728821696383445
-1.394970145938041
0.168041589874197
-0.376877622704050
0.031745309334825
-0.156241822159017
1.560527178830993
0.987216431837902
0.371357828552739
0.005525510457824
1.018021930874346
0.758045483765229
-0.059665479777224
0.630583282665784
-0.417520399327093
-1.045819322748003
-0.442368620231132
-0.495367548551846
-0.433562245822624
-1.776162493475844
-0.998947999762284
-1.602711731615867
-0.118676817827280
1.960967250757059
0.846089480724623
0.682217928097449
1.344293205086235
1.132040830258116
0.085197945479748
1.826613663772164
0.206601552668117
-1.432835632053246
-1.706909844227176
-1.773664905909965
-2.628881272313612
-1.967949629589487
-2.075228887652883
-1.519394793343389
-2.107463144015643
-0.802519062540958
0.433978913573367
1.849030713681423
2.750051870602663
1.081724844601295
1.428602644742646
0.577890815689672
1.102029366767057
1.171304385762234
1.293171617115560
-0.900659797816765
0.065485027917862
-0.869758324450144
-1.801298146474580
-1.167769672058301
-0.675358381090518
-0.975928801618332
0.312254672563180
2.112925501386941
2.409441809060251
2.452542612745701
1.888930390774314
1.568591513085893
1.000292204733055
1.080420409558988
-1.237288803298929
-0.664485369500915
-1.211117452111881
-1.246119356850634
-0.158155851973238
0.622118582212571
-1.731979936944879
-2.452834926451972
-1.828650416538786
-0.766763822314704
-1.261833056500602
-0.413506040347824
-0.670102169328212
-0.593478598976948
0.981115012857280
1.278599546457514
1.766293207617179
1.816032664492251
1.630354006515633
1.725026789268957
-0.987050467357842
1.036656752523747
-0.193771357803054
-0.646695833193664
-1.400702464662377
-1.965053707407141
0.653546970307505
-0.898493850152731
-0.791119464258841
0.674577791070241
1.504553849328910
0.898257520955394
0.863515788966012
1.324980776559565
0.818961318922151
3.200989179351030
0.873122193479422
1.638484939181579
-0.702662869464984
0.200096138985194
-1.806964308825699
-0.594413619090939
-2.431248250391723
-0.842027541378229
-1.844711287512358
-0.842705971674915
0.413417154784267
0.904239169725695
2.305998339174131
0.077991586191983
1.340145976175479
1.935328823227144
1.840359804314362
0.704645751562240
0.751530974600883
0.215116978127686
1.065618122875963
0.226357383574459
-0.273594219453606
-1.546844204172862
-1.513164411578301
-2.252000445194609
-0.478464320794269
-1.312748326893153
0.747160748485099
2.423399425592896
-0.032187546083066
-0.080047419134457
0.990669079880510
1.608131227386343
0.405881779636998
-0.578987665068560
-1.512656398727239
0.607063949867554
-0.156964317625537
-2.120244399757512
-0.599857434546789
-1.411061468960178
-0.460019577610509
-2.027861872806522
-1.417371836989990
-1.319782397353949
0.760386998720738
1.615885379100421
0.929788230474496
0.439264422277859
-0.540488175081655
2.647667147866366
-0.032491592763315
0.210406419108271
0.885737148541379
-0.270892687990338
-0.617083449304429
-2.073198824106119
-1.735453572912283
-2.024456288796721
-0.255645562309628
-2.761454242073502
-1.816320332522919
1.192128502686103
-0.987616210293833
0.775345132290518
0.746472671134484
0.327292995842704
0.418234626295972
1.589880620807314
-1.393524303575542
-0.475356868839754
0.504053273539325
-1.280765103996116
0.905099790982088
-0.122022233373659
-0.335064299780305
-1.504429507902110
-1.221581884042627
-0.381367608343708
-0.942086257873741
-0.413674250179868
-0.049994605567573
-1.043864591708963
1.901669040471384
1.451426094904008
2.208989384481176
1.164812542172739
2.380438972280654
2.663980972682829
2.339137067971559
2.978761610131541
0.345303147850260
1.301193934112615
0.068773559760667
0.074405246432439
-0.250430456484545
0.181995548792778
0.832724471212662
-1.774229893828833
-0.081320782807167
-2.631134712148341
1.348685489540597
0.892710891392413
1.510430224945831
-0.915807543931182
1.324825736055401
1.273804607825090
0.601104844312007
0.366338108906114
0.998344004278628
0.228991137174007
0.359166350747666
-0.876109770594845
0.441953747388736
-1.837897893797974
-2.127094401818581
0.760994329281418
1.018362967068147
-0.323790097589628
0.427722261309135
-0.852554342899386
0.473993290929946
-0.707616114658615
0.608930471396349
-0.629713654616611
1.096289660406969
-1.216311948026612
0.958257759633733
1.746721731525177
-1.082188401593996
-0.911672708457829
-1.082734437427283
-2.524174143423936
-1.271463498195308
-1.151637185719178
-0.698711496239056
0.508752727302057
-0.442240496634762
0.068253394493994
0.726695561689006
0.422931979752388
-1.670326127759572
0.802837474407617
-0.683112473407825
1.246282544587572
-0.217712076530079
0.584562463319167
-0.600150132967151
-0.883872849600908
-0.438014232244731
0.677564825350546
-0.129333509150935
-0.042531418657562
-0.797941377970153
-0.343490668405025
0.163534901140648
-0.342188623758769
2.655830104172273
2.385672089005637
0.960268978686421
1.395202656153099
-0.188545075348237
0.547603101338193
1.091873082802151
-0.279839527188585
-0.809555548044853
-0.078262666489912
0.540535302980348
-1.011688761634592
0.959397579904119
-0.710435174505087
-0.050220731145041
1.546276366028778
0.984794475001344
-0.961779896827341
1.821992659563073
0.079175860436029
-1.130356440318671
-1.791941350786393
-2.374902537400224
-0.340841012103923
-0.621754125202522
-2.887025914575903
-0.626056725185612
0.536479946449910
-1.251284387250285
1.233129289823025
1.681543497851881
0.647435578326754
-0.037719413721639
-0.147242168261072
-0.560678209261734
1.679362189377255
-0.121576872927946
-1.061997839585001
-0.154316431275911
0.632558141837544
-1.233067992931770
-0.366100558135414
0.508103535254062
0.565286144639803
-1.983099584995106
0.611748200004776
-1.127927351715121
-0.683285975214078
-0.860781004038438
0.098424434997673
0.471644696327942
2.857291085229461
2.380648175378135
1.902683780513337
2.789193845702147
2.508793154121007
0.577387256600169
0.522733034228460
-1.365933219923807
-0.578560410142931
-2.158251400499179
-1.782841719981920
-1.114747582157925
-3.333586314201091
-1.349261878397731
-0.490248891015478
-0.104067915109549
-0.028115572654191
1.499856795030619
3.424943515453448
4.596913068810625
2.120949250046519
0.481186588717579
-0.414423272357042
-0.715239414217175
-0.887074853227846
0.895771646620428
-2.312286677358153
-1.739855460321312
-0.747029405829953
-3.564962262475329
-0.909898722416701
0.308678359977627
2.458693555219063
1.204507225997860
1.584183343840374
3.264801353267563
1.659195860800768
1.235149578287919
0.767199483795723
1.118047504064628
0.204410905935046
-1.680715638039331
-0.558690764698930
-1.375288049166641
-0.514360872708285
-1.016450269749111
0.255139820717865
1.544354224490992
0.402569298881910
0.608459208071509
1.963795102454736
1.087007809513481
1.033898085135640
1.154471578158995
0.032496538970570
-0.764885179943803
0.209173687312524
-1.708719948837388
-2.373607915485500
-1.535514502713939
-3.561335025300679
-1.153729543268460
-1.244533621008023
-2.396023327922971
-0.374899229006350
0.323340490130761
-0.096318525428187
1.058240745373988
0.330841768403144
0.714925723631510
-0.272167010512896
0.532032730394921
1.202019742598447
-2.025469960294489
-0.263393753898578
-2.299462490106066
-1.139587854696990
0.263905295665839
-0.643963257294004
-0.180266023628623
-0.670800131955417
-0.050147961423620
1.409002610307103
0.120640214679337
1.230004484771559
-0.904067578042105
0.016452807951881
0.560463487178493
-0.998694453012874
1.700529650698716
-1.219198165584925
-0.109100072250249
-0.665376596690393
-1.901632861277931
-0.731271842900424
-0.148569610035146
-0.273077116659621
0.469161764148866
0.166512557127256
1.669008244575938
1.703922145005031
0.662583976649200
0.022629113695909
0.625593790818459
-0.881800195341521
-0.918979544241094
-1.718013788686320
-0.614629503680706
-2.735363858379896
-1.367827182170145
-1.496421732012307
-0.379961916941611
0.950282418665854
0.990619494751756
1.107482876022168
0.205667946783506
-0.063618913513066
1.866050661759077
1.686002235986065
1.416454250255447
0.830694603775554
1.404367720820053
-0.707532951756641
0.902724275157340
0.262653001847262
-1.102083046595213
-1.000070937964832
0.224948989514530
-1.207306237863389
-0.710983807771039
0.490143314863694
0.013595853478649
1.473763783671952
0.148981950078031
2.299359433347324
2.473016379135037
1.053703980592080
1.971137632795037
1.578227863480243
-0.551697200860995
-1.178330733519637
-0.520024062707344
-0.778327928023989
-2.098048797946480
-3.389703227957228
-0.518797819000385
-0.604944630750469
0.463694497814816
1.268720256315279
-0.198251384355556
2.747573643140939
0.737526770974989
0.495223945202617
0.228881615539546
1.247029028865324
0.429241000700841
-0.819650807351810
-2.752511971752304
-0.488958275623367
-3.244376609998135
-1.654920540229781
-1.369034359822344
-1.254755515428131
-3.500151928350587
-1.334406360825677
0.118131436127303
1.711890097768468
0.308323710233590
2.121980301324018
-0.184845607386280
1.133548416780031
-0.846976726199527
-0.525012865388117
-1.474224872613503
0.180406722162481
-1.552830521903787
-1.214169431047159
-2.159037133646886
-1.014921632252427
-0.402992165575771
-0.710549936177764
1.899721991922736
0.690072140389188
2.311690609728970
0.679493261651644
0.886044032480614
0.688832686993178
1.485501219535823
-0.295394357410326
0.645514316040051
0.441806062980989
-0.571770686528073
-0.615591381575088
0.994893942336232
0.924271003627477
-1.140044283190022
0.551161808119150
-0.786198888456589
0.615651192956193
0.994097483759506
0.626898440579077
1.922063716101615
0.360229907914097
-0.275311886736863
0.484708759189278
-0.089985530994692
-0.671716407960340
-0.012640880353347
1.092714131586989
0.059783868564870
0.213479824955927
-0.590895497001322
-1.116194343735455
-0.329773080212719
0.565470934218688
1.082407462540793
0.937588066078914
-0.484835454019754
1.423096321270639
1.959828011360129
-0.484848125821038
0.149314171623738
0.256178838302115
-0.242832493755299
0.190983738683401
-0.572637216975623
0.491380342403684
-1.926109697466319
-0.948138394784488
-0.737626869788795
-1.724524665919341
0.325236255670048
0.234331268487406
-1.454923087580752
-0.331910143616192
-0.457706303836842
0.193892492313961
1.677591919036876
0.683341763490807
1.164643381365137
-1.127024352700642
0.619705578955886
-0.767597462758006
-0.977057833337992
0.206706173346843
-0.393077429173680
-1.059779734440474
0.066517778231512
0.332960010805827
1.460422815630628
-0.227579234083490
-0.747165489109142
0.379677857336757
-0.604175887151886
0.935669791270625
0.312810506315379
-0.885600441604007
-0.088506235173013
0.161637649482501
-1.372432354800254
0.796834074255378
0.840332506470638
0.484265174132984
-0.712147570216734
1.323837906287836
1.960453757983733
1.496165373631602
-0.967692977273439
2.078415601124580
0.970026165007163
1.133609032292429
-0.818822864423635
-0.280507133015814
1.052327939021026
-0.278348630554836
0.275678485492857
0.961814491474345
1.796759291829370
2.176206361567077
1.196071477931509
1.434510796992661
0.497947100840186
1.908288003612854
1.130224051912302
1.273079642304384
0.835427769384423
1.790032058392793
2.107181325901390
-2.463641325731055
-1.892413072602717
-3.234979185528906
-1.279975457304866
-1.929675233632079
-1.990286013775265
-1.727190289784057
-0.510948592826839
-0.676429743944483
-1.458347252481287
0.885232702963189
0.518928511992488
2.204123733698150
2.708501248992174
1.039659657094438
0.089512741410734
1.374184296235848
-3.059334925030974
-0.984282404937244
-1.595163564590677
-1.482861832882438
-0.820351010815304
-1.317456558327031
-1.497730264815246
-2.615235956343752
0.300111302306798
1.035273182520856
2.760615072406103
1.497933960834574
3.586131159993335
2.378057687860401
2.056790647280016
0.106847960197744
-0.211894374748421
0.095387635853708
-1.569608452418721
-1.898055139841669
-2.373263323272846
-2.120731136801112
-1.364796530840807
-0.215837315202029
-0.469317307547466
1.738545999607262
0.283858970528720
-0.056117279932765
1.051836190478900
0.256079670825268
0.198746641693832
0.392437399413501
-0.780164365663992
-0.149930427548591
-0.387594725760055
1.680632215889402
0.084774931653743
0.876666880164829
-1.547131489326486
-0.493721311427450
-0.008194592999041
0.224039130265594
1.633322197311455
0.908105640624646
1.647157978987747
2.290836250007851
3.397999820799903
-0.763509002992821
0.985400118730500
0.542926654156701
-0.267429477329277
-0.628705512912458
-2.412428186300613
-1.560840254316157
-1.441214023834922
0.481012629033489
-2.409971772895701
1.148466284134885
0.743771511148070
-1.375624948473103
1.505654550381835
-0.469429070874123
0.668520087678929
0.862139192290207
1.553561915778229
0.075998067570512
1.010631005260954
-0.876306230169536
-0.884938883431716
-1.687135607098572
-1.829886631515512
-3.437698086855852
-2.303778517976339
-0.869934935341073
-0.257574811764007
-0.996821974141977
-0.251229006948784
0.806543852221464
4.017487053007294
4.859652674004211
3.064683866273735
1.718597428406470
0.719375350173268
1.034306209754658
0.320313767637309
-2.001813510569842
-0.884985107555893
-1.710847893788026
-2.510289626877243
-2.187273482425260
-3.244587338843659
0.518140867525731
-0.136438852242663
-0.171409710485002
0.429803842533374
2.219489478199669
2.386374589715613
3.215109078437180
2.216490300984781
2.201008796648207
1.241099882909673
0.257530085082066
1.556074296245573
-1.013833779483648
-2.015750983301648
-1.141279313447261
-2.297705196506076
-3.710406679046023
-0.371931763500846
-1.198301447614381
0.458747680234285
1.340048966416913
3.997112917959479
3.946093161665696
1.833389600471009
2.163492230336282
2.707018245380914
1.831175841328935
-1.288261461275283
-1.899396381635705
-2.125893315480907
-2.967222359784651
-1.412893559341786
-2.002940775094098
-2.708812115655252
-1.269160266751120
-0.040842133790689
0.580819822224476
-0.578679883848093
1.842578230522447
0.935375342300021
1.582365727695533
1.135545394763698
0.594962673468540
0.250139292759068
0.253097729034311
-0.525257520889601
-1.836653664438857
-2.228652239241223
-1.937987547776304
-4.098736126882724
-1.545961387802626
-0.747389722939092
-1.344080432805640
-1.492832252884095
0.739075863393488
3.083718416979985
0.029795140668620
2.102687208052177
3.654854059679728
1.347213440506451
0.123887555890779
-2.776923616577935
0.795595647252597
-0.118768809830499
-1.090845536635925
-2.283751841597500
-2.378683826352244
-2.048264748814881
0.494479638964315
-0.099811807607906
1.475764419351064
0.937898257886065
-0.326983239916474
2.024538904871817
0.894971316309049
1.497406437565986
1.149936464449664
0.908406923806463
-0.215490144825896
-1.705500178916981
-0.482931770119288
0.697443579586578
-0.817232437281009
-1.338905837987003
0.067908756482663
-1.723210453660461
1.071468088344134
0.819344808286369
0.623195651275685
3.764552979061817
0.023699187180811
2.160540976549349
1.505935499601250
0.105979638116420
0.438150887050682
-0.268283917840145
-0.973821326555649
-1.847514398174682
0.013689082584285
-2.911584447580529
-0.927266568541090
-1.888191553032489
-0.914150357242293
3.066138152271298
-1.145302358808548
2.672564980645439
0.405027587012874
1.159440016455396
0.325755901422800
0.773732355036379
0.441047624273108
-0.180008293447743
-0.844970201402793
-0.615853608477571
0.342950847400968
-1.208954699154027
-2.391028589023185
-1.036652329873546
-1.122171710090760
-0.868284035665008
-0.022262410542924
0.277255679230894
2.606564804273660
1.093557990498937
1.341082941106984
1.409824186977054
2.105330584680186
-0.042391909243740
0.276469378894762
1.491132309985439
-1.945525786870111
0.511681653356622
-0.478171720712583
-1.505724103644314
-1.520870813882885
-1.605680505646210
-1.264458026063286
2.425544654660647
0.990324192824699
0.017961630660145
2.410451751959593
1.092741811109503
3.253217915611780
2.506870680736538
1.162581323672903
0.173937317621062
1.944942706125894
-0.698317277661803
0.962824248753749
-1.160093282249476
-1.808545944907284
-2.697300070173152
-2.960458151550206
-0.859701077256245
-0.880944236210769
0.549026566551272
-0.276647218147643
0.837998073716636
0.258319315590670
-0.077777683459378
2.166821046820375
3.587806124171404
2.225890441262970
0.051008420244706
1.424453007216546
0.541383445836819
-2.817431666963099
-1.771265387898089
-3.444665270472948
-2.053839918238868
-2.383971620891674
-3.292440619338171
-1.921636937693788
-2.406168267568625
0.712609853693991
0.100572982735766
1.121886579647390
0.700432167468319
1.130811577072337
1.966015758407961
1.000906767806227
1.212089081941715
0.825990002930519
0.530953614627218
-1.195537644433493
-0.552029211619455
-0.727138419516174
-1.172743957712196
-0.627387033544255
0.026595574974611
-0.575344911277650
-2.003850089057724
-0.182296236184251
0.151102520734826
0.627117993794960
1.207244574905000
2.125998264960529
1.928133759927112
0.793231932527949
3.178399762864621
1.432015153780825
1.703566518674694
-0.223440305111502
-2.688541628640861
0.102777623672460
-1.351185977918638
-1.111526114966455
-0.386545464650717
-1.867223521227760
-1.789824392005392
0.036723724440151
0.919982700525215
0.786201461309432
1.738982417031747
0.361099227961379
2.224174069446092
1.464828142595257
2.210112632756836
0.501644348587554
0.796726975917045
-0.643632479336082
-1.313343151857561
-1.049706973303919
0.532110391430210
1.554937919299157
-0.727402607565145
-1.959035535929507
-0.908147607936125
0.356825074443384
-0.921251167281583
0.185087971489778
1.057405784914450
0.327120055639605
1.090805918175076
2.339162022840581
0.256554035060469
-0.596591411572243
-0.140954563496482
1.130012726592976
-1.241848275857692
0.450926228597204
1.302014091941117
-1.058500305083875
-1.244249818536225
-1.357612815791094
-0.553168451233726
-1.064336180290380
-1.485616527653407
1.025352284166679
-0.500222469653152
-1.945092236360850
-1.030604101280833
-0.645812121846916
-1.222163840451289
-0.916291291068539
-0.179238056273870
-1.251597443805729
-1.081953794095912
-0.021780867005792
-0.701328751674327
-1.410897951828033
-2.899140157809245
-1.937734885548825
-1.885966556642475
-0.514480823770915
-0.423434385085888
-3.183192242370054
0.222855962930554
-1.401302199824043
-1.437844830841667
0.254836458505777
0.690524713197672
1.658735069374145
0.431369569777365
0.151910817990813
1.462044488969229
0.049077662972101
0.197545650817395
1.812474136564421
0.258955342308542
-0.486893282974510
-1.275718641626462
0.782756831743854
-0.537475053682488
-0.111046504949925
-0.338381485239669
-1.080126648745552
-0.238807553433765
1.566990187610202
0.667237983632644
2.749114881464418
-0.160303607187210
1.553121127675094
2.411697064856077
-0.522154161007020
0.447524788360117
0.168873225746919
-0.788073957314664
-0.082556346356936
0.123279721428571
-0.254104691562841
-0.562288535659575
-0.594830373076928
-0.283878378858513
1.365395016319324
-0.420288657145006
0.223237449097651
0.962232078687499
0.059729679343504
-1.556554211845703
0.689405270415275
0.435494504038181
0.583802243177295
0.739210692808246
-1.531295187878551
0.564480426503381
-0.824873003369248
-0.333222701865076
-0.656928498191060
0.877245500292892
1.011692077467262
1.155193995562659
-0.885387801413954
-0.641476978034869
-0.968424821838324
1.036467599497835
-0.123515080640579
-0.119281031513390
-0.106963498551835
0.138733706063806
-0.967844579127039
-1.203157020680119
1.213494091577982
-0.443974311016612
-2.295977561450795
-0.842179599584523
-0.568389264169013
-1.657485151977131
0.552598178573412
-0.446969038737509
-0.269457193697175
-0.497563995799304
-0.095061598594207
0.321460828623148
0.119257845416210
-0.809985375458450
0.788418815338195
-0.385944989566307
0.018588020099115
-0.554834818535137
-0.436785902189468
-0.892623313070352
-2.334495074792629
0.079361722130495
0.738237922365304
0.042644573142200
-0.900664322268988
-0.386166706234322
2.112411072621971
0.324440611206208
0.049367980286974
-0.253491146728008
0.931944655251372
-0.354884664926427
0.525213621253694
1.047661948438189
-0.276436138236864
0.001901906846819
0.046593883991465
-1.396346121398346
-0.436884666268021
-0.939487977451511
-1.295571383846893
1.034897457153396
1.134061493540023
1.964389197887518
-0.287854919497976
1.513670639202372
0.741806462850318
0.767288198310999
1.127486711609203
-0.738399737589484
-0.190427093270166
1.312855748732437
-0.076097493013732
-0.942946646498741
-0.395528606256508
-0.183654050036528
-2.855458701554045
0.288050608561946
1.142222017389970
1.283359073855074
3.315092430168955
-0.445421464207210
1.699154161053082
1.112392060474405
-0.072680670624547
0.486572683990506
-1.826071436145840
-1.225880277641113
-2.754723767856317
-3.501560284164870
0.181167878415591
0.084092657909621
1.264715470517501
-1.025857003283893
-0.248466493947771
0.515732110875138
0.170422877983399
0.889245275790060
0.357837115618819
2.446741750527185
0.783193610934865
0.844412821199914
-0.490131304406111
-0.853640672271452
0.696090731479983
-0.506032854717676
-1.314454422100827
-1.192515770595103
0.618553181372633
0.979711317362090
0.043306094902858
1.083637824723510
0.927619106335768
1.860188552283047
0.221460307891348
1.315035886574896
3.340448440361400
-1.253008366313676
-1.138346194863224
-0.661373490759991
-0.665923976393903
-1.050382431812814
-0.810678622803225
1.971240042339991
0.969702688098402
-0.488602860107394
-1.060817305646481
-0.503728275214696
1.388013439614544
2.088554924459851
1.919301713174131
3.605182507873378
1.364011995913204
0.586442120897290
1.324925099046202
-0.574805138818988
-1.251866284353314
0.153220850118305
-0.723406366879966
-0.090640225218812
-0.234718555180482
-0.457977189441607
0.891200452211960
-1.284109273474849
-0.058268445062503
-0.436382291024871
1.528225624026341
-0.025600133923875
0.132556732337515
1.655939623152713
1.548605823268118
0.869176496825801
-0.225355085144945
-0.430283554919928
0.269060883932143
-2.424130250428635
-2.097233466629344
-1.430535409229066
-1.620958291609245
-1.938863007994740
-0.207762258557803
-0.689417994000469
0.481256102023524
-0.863044158196909
0.035474535679983
1.267280470291916
2.100145576662788
1.245980604644065
-1.992562159773889
-0.856835240520887
-1.367747688924133
0.144672951442973
-0.041925781838902
0.069121428038632
0.738261430723326
-2.206044955033129
0.656502505772294
-0.346749325514910
0.619952282824988
-0.570801535469907
0.581229433661851
0.186393047862265
0.145360059816201
1.042641882023654
0.603972552716843
0.003372703775928
-0.607549299357542
-3.210109429500347
0.395386540188680
-0.671067441689448
-0.502485934948583
-0.172501459597445
-1.363271577947027
0.526146826505394
0.278656366603775
-0.326304177642245
1.317712600026142
1.163417666697690
0.512630203597699
0.643652683320659
-0.788707106911005
0.493801778707409
0.453201724996859
-1.562612434630254
0.127252986707375
-0.320496271809965
0.057013283775364
-1.235692647183485
-0.556354331348916
-0.270927370413117
1.027476462654853
-0.151183246637417
-0.572266404784634
-0.160262548232747
-2.373542235209474
-0.794840670745793
1.179376176407148
0.397288036454813
-0.069946735517504
0.866853640185818
-0.478966144152946
-1.152291337711026
-1.208570133547273
-1.087242909690482
0.372062794822449
-0.810464974908628
-0.450232573361386
0.300643770191504
0.324005356611357
2.910806303337370
0.737083471081235
0.553284976927738
0.889010753617426
0.468566911940395
3.154863201254190
0.340179749798124
0.227089782873243
-0.634547875927417
-1.425037616340520
-3.263761292211777
-1.120989925685967
-2.105842244170876
-0.436486029634922
-1.100645527749122
-0.021928898202701
-0.795712697695634
1.210980252970423
1.932134537815116
0.839735057112498
1.622866010622658
-2.296814538497832
1.937664159741134
0.694456344453199
-0.491650560252419
-2.071031663316928
-0.234829243278055
-1.021282681633633
-1.835500877862094
-3.308332000201320
-2.023730079271144
-1.936037374936684
1.402705581580431
0.950152178544125
0.783339808603563
2.700093500251921
1.545148597761042
2.461203477454303
2.437763937337597
-0.004276381926331
-0.983468494090905
0.154676780634222
0.118463721973271
-1.183909381842546
-2.000360479472651
-1.804255945389986
-0.451004694523057
-1.302340895405079
-1.688236064645085
-0.750310542047194
-0.435905170603286
-0.900969805685579
1.223736980254964
0.923642151192467
0.771748186254047
0.873055658005259
0.556529866332165
0.955377051346633
0.571683851687761
-1.668302523214028
0.183025275556637
-4.178439943126156
-2.125205976396571
-3.242427077864221
-1.853710402098208
-2.957167556645728
-1.318305993360712
-1.069969904930220
-0.354991647757604
0.082724606432416
1.424282954863576
0.657960445723161
2.420469810521690
1.906812454298853
1.574149638478107
0.634342454090187
0.057072153911103
0.327039397464781
-0.338632815538394
-0.554409955787435
-3.450333077820484
-1.846512066657333
-1.558958345921031
-2.539148347299747
-2.095053229648093
0.137313957115455
1.288283350669319
-1.572167630159101
1.245345143254522
1.700937527783952
1.621988787282724
1.739471989042062
0.296011977772324
0.092684713505243
-0.293737310792963
-1.448962401172055
-1.496114935209115
-1.950584330122169
-0.961781814032299
-1.350146188381642
-1.795496895521457
-1.775543119139457
-1.391473809598064
-0.144194401335365
1.997999417234047
1.541875148118723
1.172276337216559
1.001255713447697
-1.482878947080109
1.087094106310024
1.198005691052516
1.482677564369764
-0.543643301727459
0.500506143866399
0.663694558265065
-0.112031206002628
0.155571451801201
0.451707750956332
-0.797503589478341
-0.231394249830855
-1.301228008656530
-0.111463161983979
-0.988491449791872
-1.046265154973629
0.734995046271563
-0.605115519791332
0.549076646509504
-0.520694523062882
-1.275284337756916
-1.844869714093875
0.077044212330249
1.111075113231894
-0.557545030849976
0.651138897451398
0.417654817194371
-0.477936420176485
-1.238559564002161
-0.972482496375898
-0.352253323476445
-0.589537191952265
1.129392223297420
0.682617989967662
-0.012983339750428
-0.129731600632608
0.289375577436795
1.282931318636308
-0.507426168764378
-0.239426000938238
0.317638934937584
-0.147881494218032
1.244556089451360
1.041755878857777
0.761007968317032
0.406368075919837
0.440724377093671
-0.251676065617861
-1.235020494531603
-2.423073101728410
0.222767758644018
-1.934131654093702
-1.045503848868204
-1.158659839930781
-1.967894977380495
-0.803432485624052
0.711459884990600
-0.650556060316109
-0.463578180413230
1.399476703652253
1.437466492458428
2.409098865866703
1.193169720822781
0.596667184200052
0.577888167252343
-1.761384195278229
-0.339787116477609
-1.080435394792012
-2.066463855134784
-1.539226647142426
-2.463497516715384
-2.495115434960168
-1.288010759091640
0.400694703623714
-0.064046944331007
0.780304164218213
1.252531735172901
0.359061262606987
1.411646949712218
1.612753476037040
0.864428091918957
0.095222958593260
0.057025637545556
-1.013648579272025
0.334366924906514
-1.861560430893809
-1.338062860170570
-0.949462538822680
-1.734611339144026
-1.051080460498655
-0.672172860255241
0.397926722292232
-1.412998479031225
1.132575648632190
0.937511208640989
0.788498860583636
0.544888725201255
0.047587744933045
2.706855337875632
2.233909491364348
0.900695556934973
-0.034215494327233
1.234389833321843
-0.626689833413066
-0.931460869909669
-0.273269489019965
-1.717520122992613
-0.855171771235490
-0.953771765665973
-1.518935210928825
-1.337426709263371
0.615181837816197
-0.628096148343182
0.518899700210366
3.410540332612351
2.089497046394904
2.706009896256266
2.408181317122903
0.196696920951811
0.081869559071063
0.948235376824281
-1.887197616729727
-0.877890042752988
-1.993755415778554
-0.881210042091177
-0.100945538234451
-1.297467233514979
-2.621394967503959
-0.285137416418619
-0.713785807661903
0.184684988306932
1.123943705360992
0.218247605961220
1.749173994803569
3.986411054692335
2.986870782936482
2.422699733157320
2.810375763465540
1.412604285842167
-0.163300289440574
0.471787093531810
-0.890375670675401
-2.280688619768165
-1.269695435330949
-2.648594946611170
-3.001557265684122
-1.697418464724852
0.370766000837585
1.276482737422258
-1.251787984408022
0.385022588696446
-0.341440390973082
2.294078256538769
1.122431982076866
1.548657690763780
0.658244614293332
-1.159877889199723
-0.200471203332049
-1.717516200853373
-0.143261418553682
-2.640894677045744
-0.122075565483351
-2.856195934698526
-3.522401183437992
-2.245494306707625
-0.830936472559502
-0.400686874381384
-1.501132773020708
1.554923027203498
0.251554534629791
-0.408290671993732
0.925575593281070
1.248002832364342
0.562697695483444
0.929896562273144
1.612684505982171
-0.015284310869699
-1.449899720018857
-0.322102931945616
-2.752356168406008
-2.983870532923266
-1.218885237449307
-0.830106023948826
-1.608405056560802
0.960666740242179
-0.642493034516196
-0.602925080889633
-0.489234292101343
-0.048551766887663
0.978542750433367
2.559433036517551
2.577245030023088
1.260851748338571
0.086819667774586
1.028068568380061
-1.133525080845279
-0.643042020915858
-0.770131474103732
-2.248797194379884
-3.262257825001906
-1.615279926167376
-2.860577911357294
-1.103833795302782
1.595997797833648
0.964726357766078
1.135204479395592
1.205591449031991
1.703600477424368
1.127907693797317
1.796509260278689
2.537702733781611
0.448924342576528
-0.009851915081439
-1.495840586154676
-1.463832288811653
-3.683339353981332
-2.461874833846047
-2.844310654288262
-2.839119720349118
-1.527956742188672
-1.042472196272482
1.303062043491569
-0.454671435053887
-0.271950655710452
1.337526924890882
2.188300101068866
-0.593150466596651
0.894244452684658
3.114710005159393
-0.181580663630796
0.381570188001805
-0.977884637670875
-0.823285672767924
-1.584714601654786
-2.236458965467503
-4.407578513320406
-0.063213941755378
-0.055897251809601
1.236900915687766
1.561210224739269
-0.197607833847754
1.655115028589603
1.655564775362440
-0.254601848414427
1.973902622534390
0.015820762486706
-0.974330958658593
-0.618533290418125
-0.197106669448566
-1.807058652401498
-1.922123685476673
-0.973788335285304
-1.529584026710141
-2.039303083169825
-1.381826863885460
0.074727545721295
0.863385703651183
-1.619738471508728
0.900238623015002
0.649389245800192
0.556915989946860
1.672237391315580
-0.053481721182158
2.756012362529382
1.567250863094234
-0.047364770907435
-0.486890150772336
-1.757690457187109
-0.872764395393013
-1.176189191604234
-1.576236251086751
-1.626482686185132
0.913653851591472
-0.743473385851761
-0.644173913015654
-0.477430314295079
2.733661566250166
0.239618491118159
1.831453378936087
0.610910871691941
1.330650216600602
-0.001261260505576
0.967079181940577
0.083159015877732
0.027337366554674
-0.351338202719220
-0.997898686180068
-0.433951130183770
1.226659523014435
-1.888431591542476
-0.770999067213619
0.161264826091793
-1.631237251419038
-0.308733859899237
-1.543353680647847
0.110400947415383
-0.300100767912620
-0.578401354876081
0.078822972302168
2.263358138959034
0.652362613323519
-0.061379788418551
1.115547524776098
-0.083613879704155
1.414383647480314
3.744966068592462
0.421064340724961
0.396010420834771
-0.346088292267780
-2.178820196371257
-0.854008272645416
0.324408156672953
-0.296897540684023
0.641481883457862
1.303365082156062
1.324396837325434
-0.722092288994772
0.726788354181076
2.987554734191380
0.431313578051078
0.588143994759893
0.916047584815434
-0.030321786467722
2.022207933614757
-0.253918589976919
1.242486643612261
-0.918943435630894
-1.325093393791816
0.306366181225863
-0.445858930367829
1.930834904440066
0.626916876978159
0.639607519628415
0.939068687678323
-0.917895493662747
0.578156323351446
1.625114136905592
0.333569676036790
-0.468607191710041
2.073016457470218
1.290734737101071
0.567248375963411
-0.789546691418761
0.472588595542727
-0.165465528908949
-1.074649082226617
0.204717439186271
-1.069401684293014
-2.117016053991191
-0.203795076922548
-0.216032226380943
-0.409845150075019
-0.131616781404055
-1.270492146789402
-0.600353426721620
-0.685787700280103
-0.533770033286677
0.416089499329091
1.553323282252173
2.675789592202119
-0.049147133318987
0.985665198926174
-0.174026983832698
0.780572534717486
0.825513472625509
-0.013786446479762
-1.203871836710722
-0.829594894714970
-1.271382792167216
-2.920728581131326
-1.357880191410041
-0.261311514675880
0.711377214189858
-0.316405585395189
0.596297340423635
1.140864575603490
0.013497933859733
2.323223478248649
1.373342097846597
0.443552401470661
1.098286255832898
1.544298789721407
-0.367182368978536
0.565984885326106
-0.904870155719373
-0.964949723402610
0.517362909629935
-1.005408864037535
-2.503585147545508
-1.427355784130519
-0.150988488996592
0.011393769543768
-0.546476767367607
0.420881223369326
1.142685862364106
0.568179441043795
0.117682343100865
-0.577396851708650
-0.345452901323218
0.246865289879249
-0.130652037284718
1.537946007896256
-0.576406577574217
-0.488774420067663
0.790776294764692
0.248311322184016
-0.466531636563809
-0.063796140776560
-0.033942473448479
0.453299833092591
0.643246782982992
0.200430130269916
-1.620233104599563
1.323143725894601
-0.889873582074985
0.377358019127896
-1.529165265580758
0.460118074302399
-0.385869430581551
-0.905607715721423
-2.040563838322800
-0.301928035755215
0.147267822486864
0.143889620510892
-2.060915374393603
-1.753736759720640
-0.161473273715570
0.415583024847375
-1.207178783633435
-0.280331111965464
2.409285537412163
0.091521300869691
0.106916260739382
1.586797497953009
0.782986146767942
0.557720229161516
0.066300507557206
0.311927499144782
-0.654806978954659
0.823878661592144
-0.773858819006973
1.535344713612938
1.430265520840023
-0.553318327226058
0.988404653676444
0.482392233159416
-1.389923563376906
0.349631015192870
1.094381109613330
0.495513674692043
0.120823853374397
-0.721449676756383
0.096322679224345
2.364906464272035
0.946419283690467
0.985939622797402
0.243725210708162
0.887871535024131
-0.722767623638889
-2.271590428183722
-1.226814747086229
-2.437784449739480
-0.471584045735912
-1.800796597666239
-0.828529180374414
0.930708250833874
0.378655922035466
1.633263889090962
1.089121776257442
0.948577592650198
0.664422799031609
0.090585426802015
0.282064138984358
0.835238546198813
0.817364715432037
-0.111184175120886
-1.041540605613386
0.098654253416209
0.738422506398862
1.647321744654670
1.398387148644656
-0.766483748354401
0.483174071927088
1.242421512438677
-0.725125495447021
0.124660757963722
0.361233059887133
-0.718751336818650
-0.543593769686002
-1.743556997034951
-1.336504203511599
-0.751733459868699
-1.679870319322069
-0.214791935561879
-0.940371097097081
-1.184141145225457
-0.219317312957555
-0.097819626778101
0.275407865020138
-0.197928721933537
0.458912029624201
1.610722917737114
1.618609749148808
0.597378852857405
0.259633127494352
-0.305734985993560
-1.264221097167916
-0.463448012676680
-1.693483420104953
-0.587078451227709
-1.135030505445965
-0.656328785577068
-1.233456732714973
-0.873070605583371
-1.694989056945180
-0.045104520141920
0.213082732014980
-0.232502927567913
1.119348214208177
1.116265589912159
-0.189726693317622
1.419844111111900
0.700917410579822
-0.926686698678066
-0.828637538777203
-0.226997090974938
-1.783501197806861
-1.328304605964550
-2.012043489531308
-1.405676979582364
-1.065783707084412
0.251263802223108
0.245051420050059
0.453238463007576
3.436107715322791
1.589033489379760
2.951924070393637
2.078365194214291
0.415196684621742
2.134528857969141
-0.380260745674001
-1.197693066224350
-0.595827669444365
-2.199516900211191
-3.386178614619727
-1.432320773656038
-1.737293837830467
-1.411131015613857
-1.006342632416827
0.613141698308871
-0.575526503163811
0.927146299858759
0.609552034449910
1.367981481690861
1.494603964836768
1.785748247604354
0.808763397350959
0.116758820328693
-1.600217459480276
-0.162138802788839
-1.624501032447109
-1.243726468446710
-1.704186027462353
-1.281520207739623
-1.748088754110985
-1.153122606710900
-0.246645370229402
0.996838833325782
0.941988597413741
1.427819605617857
1.216159918130057
3.343486361228980
1.582896549946307
-0.501267673413750
1.478710938627770
0.400686848955954
-0.412010044524643
-0.441959730711435
0.635078008831647
0.016558976920478
-0.651650088940527
-0.728210471752986
-1.696544480318092
-1.011744877945235
0.919021845913433
0.401216170080355
0.120588934718640
2.658323945479098
1.386384531007190
-0.591783320437879
1.771070040002867
2.034307556858967
0.184236918868679
-0.707198931701216
-0.619634902069410
0.028918145798508
0.232665476400285
-0.151323915998004
-1.733797161329955
-0.455710934801773
-0.362887413837072
0.379319181172282
-0.206396244332946
1.009462565292911
0.500888486895974
1.388888698514119
-1.010210463836785
1.935618809632911
0.384078218748195
0.193720389298240
-0.030030680069816
0.311204272767122
-0.573811950442635
-1.085418329737942
0.984572266078150
1.346073440546881
-1.191731083558113
0.891787483907596
0.030229068305787
1.109554145852913
-0.000128617079602
0.683643364831910
1.572990062129068
0.354164240044009
-1.347767415321272
0.836637188679356
0.174767941572462
-0.710774607955005
-0.433253986199913
-1.025098424769609
0.243334960073572
-1.982258870968028
-1.182312916672848
0.781777387755963
0.791206588452467
1.839055014791895
2.400028569394560
0.766344993893087
1.682507533850453
1.176811056085532
-1.094204374001652
-0.646621501058872
-0.973285821720574
-2.216226627656228
-1.175447426781047
-1.708082208522431
-0.105376064070297
-0.645778833131763
0.305185256529929
-0.232070203859134
0.907811930117446
0.416755080756439
-0.871173266003477
2.277879337860250
1.432236266991727
0.253021811041442
1.122847191516243
0.882812021481098
-1.368611080067555
-1.580430098443171
-2.090941152227987
-2.683231656796836
-1.920500828973304
-1.082899683048985
-0.210422622888052
-2.156014896120426
0.772064382372502
1.419538861842627
1.231364241267981
1.326646429263479
0.539018953627775
1.834776639575308
0.180011220032891
2.469042937437018
0.337760563865029
-0.208496394664412
0.002996938812156
0.788014070147485
-1.355484810521103
-1.295603786364814
-0.284643080121950
-2.152079894725497
0.012259830301756
-0.872492156157004
-0.192025222062490
0.176722786228443
0.091895397245047
-0.842520368149549
-1.602336351719915
0.154245972445794
-0.734476507169763
0.096457554818113
0.542802877648991
0.735041016149793
-0.045911561023594
0.514512804931631
-1.271653918287813
1.334412609583515
0.032258855738334
-0.176700084390196
1.174448379484444
-1.417512590285284
-1.070537153938073
0.503818222556003
-0.943286726926947
2.325965899448714
2.238609678944725
2.225290397249155
0.462830230967258
0.542662945382497
-0.583097241918599
-0.444328490530806
-1.751923739739667
-0.089094034620117
-1.372293588639178
-2.438596279308709
-0.584378271000010
-2.285902740723412
-0.670437504410613
0.494301312285302
-0.652985850431175
0.877964941530778
0.293595023356830
0.471212923497193
0.617135660720711
0.456698952757079
-0.857826866295087
-0.401491393899867
-0.634443928536961
-0.993846220704406
-1.126409113772086
-1.519818910422513
-1.244447478015186
-0.509326649831336
0.552177879907392
1.087488354711816
1.260203227399887
0.832273561877515
1.178355884745925
1.855870953945917
0.618412460233514
0.439678096399344
0.602858220181258
-0.934880643459636
-1.687475232941327
-0.905131598453729
-2.164087821733825
0.094778242052292
1.002700086552306
0.557494849064300
0.639168684872008
1.320391096276821
3.612687921915088
4.438191546820859
3.646574921787340
1.033756240685147
-0.318806706628596
-1.048838498504387
0.161799942224543
-0.695403037619489
-1.412240171805909
-2.444738224315925
-0.294245431654414
-0.875682420805747
-0.410173138816316
0.200681944466072
2.219939715736222
1.660582472534544
1.390235026936126
1.557632525685932
2.367583568782302
-0.506636023328580
1.607396973410513
-2.364668171990281
-0.392467173815376
0.031038517864884
-1.889166554583704
-0.613747541282160
-1.244688050501026
-1.465033457259860
1.026857423319492
0.166629342965845
1.305248626849085
2.067655931900060
0.793125730188672
2.884000004527642
0.447565069904417
0.324794527837351
-0.246065768568293
1.018290313049917
0.009630599444765
-0.464014785286686
-0.758571920991502
-2.316562184596769
-2.398945585153188
-0.277580897631778
-0.520017965469373
-0.916466647115108
0.161741272292425
-1.193055619393837
-0.148649820957472
0.585989159031593
1.733224789433753
2.379955449157872
1.101094879826789
0.890077038276763
1.043677167886514
-1.228274584715722
-0.036715338536579
-0.317478640608733
-1.857350887419833
-1.832997823983761
-2.682019071406542
-1.020009508379059
-0.751691879891462
0.451979145786274
-1.055551737918951
-1.317198047905628
1.728001723438345
0.774770074492398
0.302822154428024
1.647499190160612
1.115142884119691
0.257733320613925
1.264614554286123
1.674871731836030
0.446203933560933
0.136509077217291
0.315785734490456
-1.111484066822294
-1.408467989195023
-1.274490963771286
0.130989286255102
-2.863388069804572
0.978050131855387
-1.633784954562902
-1.280251056388677
0.132433900161747
1.082154295654669
1.523319507121991
2.556451675548134
1.527824149200441
0.605069569445548
2.065988897528371
0.550059225942415
-1.777523668576687
-2.996296186794043
-3.073908136289346
-3.306163120109185
-1.386208063554496
-1.819522885141860
-1.873744875260759
-0.436926403689028
-0.219105879141518
1.070007523442822
2.258519485975683
0.240489401155270
2.859008244431233
1.068179314492618
2.173093743433311
1.657886173568682
-0.482122131983582
-0.718138072647051
-1.026971300670196
-2.218378449586226
-2.547596222593255
-2.318006695047607
-1.774964353454470
-3.000944079939108
-0.524729105375314
0.592701995693596
1.806833513720366
2.053005350585025
2.019576191255519
2.567764221295452
1.666681880536655
2.781885201834452
1.716011802264638
-0.266474483235468
-0.632388922188397
-0.048758448588138
-0.896834547550699
-2.386396943573449
-2.450990137891065
-1.871351678800791
-2.156676425461614
0.006171139261938
-0.827645834279514
0.573469447557100
1.003511365799659
0.408973231888543
1.146873676596688
2.418744138101051
1.711862802971603
0.540875199495241
-0.752451133554105
-0.994690886003887
-0.102845387526950
-1.979126755791387
-1.946551590373784
-2.011474398268298
-1.778067708371326
-2.030096203480331
-1.449172652653045
1.006851870841731
0.054366552675049
1.071737003366587
2.254239613067263
1.620069160507483
1.141085639343402
2.987325791849651
0.997369959992144
0.557727050134776
-0.386010135096649
-1.310339701779747
-1.448897143698816
-0.207784301136701
-1.833942318300559
-2.501408022105129
0.763090247309180
-2.591483945778839
-2.024145539873688
-1.224753838689865
-1.805452815785675
-0.507358438985494
-1.049603924941348
0.136515576338803
1.943941878481211
0.869295601715938
1.203530721876235
-0.585666559560304
-0.601721584069688
-1.189519037920392
0.963854784385088
-0.416080409148892
0.056713220134940
-0.846123447615920
-1.843895310819900
-0.900329664418979
-0.581665329801625
-0.713457156866297
-1.189231844835526
1.870436339459483
1.398945975582481
-0.090337473496374
0.388393642114623
1.002644725636627
0.263553304827941
2.137871277344230
-1.436023108547683
-1.456377241855422
-1.504605291614144
-0.842839488235242
0.308813236042422
1.025204830251921
0.114570228061887
-0.122051091525171
1.875256598496271
0.587198085087892
1.828823670245400
0.462629889379549
0.455592124210822
-0.053210007872537
-0.608662017728891
0.456306699463992
2.796851659737326
0.539563020452896
0.428364014083288
0.545696160270646
0.969965417432475
1.100154480847622
0.667270314851305
-0.084854114203477
1.878606576857198
2.319159394960098
1.139471020543783
-1.744041969438999
0.552160468371744
0.184867171780596
1.834931748475701
-1.000671682596251
-1.284108159754284
0.220846128023076
0.230016480797254
-1.196580478477868
0.909574847622249
-0.821931268099762
0.441966513524654
0.066958683660395
-0.965856728373027
-0.935977316105199
0.677257435910626
0.114308300372722
1.044106268144362
0.049783202450595
-0.782144397955610
1.527237683941583
0.870507373094829
1.697028160801189
0.428440619148982
-0.760066976094068
0.062051159058923
-0.207522419738622
-0.587492976368762
-0.416510006972227
-1.552320030538787
-0.409368979439198
-1.379833507914888
0.072903015124750
0.841036666217828
-0.254020769413302
0.547255905279526
-1.666547046931144
0.780894613032854
1.203551779981010
-0.118270392219524
1.595613840819777
0.197982302063716
1.389684086209283
1.126978354458853
-0.455390962019475
0.496027176530407
-1.187532421206563
-2.303159914176062
-0.597155522450538
-0.586881486289707
-0.476429678060261
-1.279353254844389
0.280533685767840
1.993096518482374
0.506651213869236
0.433848701372585
0.553129482983559
1.574991988708675
-0.831197893444732
1.020106296469087
-1.025793126340994
-0.552209466455648
0.093066536457411
-0.511760395300924
-0.386787189317205
-0.030221968776412
-0.140999828149227
0.564716704434563
0.981591262455100
1.402947719908824
2.038786567308220
-1.312959050178657
-1.013500076606541
0.356322559301026
0.302915381319016
-0.703677037716045
0.748468202737498
-0.375371681056243
0.281703782921719
-1.642211399402267
0.107235383293943
-0.180223321576542
0.340281915160531
-0.534075782675944
-0.580698056815135
-0.021862407305882
1.121198546599733
0.315870946217728
-0.379231953899290
2.513013179294338
-0.159402510802717
0.176493173129716
-0.236546354135381
-1.174299440868583
-1.552738403625050
0.589152465463804
-1.537686118279741
-0.377774235687603
-1.632609813361683
-0.749760705802521
-0.334976542066909
-1.126043820836433
-0.703481203732155
-0.411531315733763
0.430710111863940
0.326234953856626
1.788599456641018
2.822459573340262
0.766375909310898
0.403275210683333
0.526591461066570
0.600062023932576
-1.408158751426473
0.421846364714402
-2.484835794734312
-2.731035155334195
-3.337771539397062
-1.189936913964567
-0.127097568988527
-0.153217620121843
1.522078036751844
1.676057013401175
0.227155310455094
0.816965289310844
0.573293338198777
2.206024484254602
0.297720460553983
1.335858900813414
-1.101743728409531
-0.684585112097791
-2.235155854882288
-2.997918703395071
-1.846231948025309
-0.231394749667853
-1.720733151550945
-1.642455052321277
-1.665814804347712
0.740835677861125
-1.774760330809815
-0.389880368933290
1.978129192590293
3.176219382614740
0.609446165097429
2.246493022451184
0.222746583392487
0.221475320836038
-0.441396906790095
0.527657549203379
-1.488952873293072
-1.555735386658331
-3.382062104393876
-3.895317777032637
-2.286037891701703
-1.579127848668805
-0.833580834720989
-0.214789196894067
0.926471175183210
0.363386259259046
1.869993595650659
3.603133126718569
1.548586908878260
1.598032450587644
