0.039987631071963
-1.321502955328302
-0.145990943415687
-0.844408914960682
-1.107237263896744
-0.911555964436907
-0.654254958725558
-1.378478745443578
-1.263879442676356
0.377662772120172
-0.983359001019326
-1.008143310938570
2.265168964750442
-0.872909620280050
-0.657356969702655
1.140714390453205
-0.379495608506401
0.110033405726664
-0.508524370207325
0.178642400681096
0.693742081059316
0.817081229482545
0.509407308982114
1.904645653859009
-0.992293886669768
-0.584519188694616
1.081631715279395
0.835446915759151
0.520095559721717
-1.162843265139828
-0.704622421671092
-0.579206588505780
0.560152559589547
-0.030099354594472
1.376156178323742
1.643054917242252
-0.253799398606915
0.003675089371476
0.420695643517409
-0.901648786167312
1.659620202432915
0.919368386425335
-1.956935317025587
-1.159055670660874
-2.393427033866194
-2.099869198202911
-0.672389600389657
-0.898353650164324
-1.146487738325817
0.161284765772661
-1.265296407465176
-0.362170229195342
1.467309195567670
-0.283989821585841
-0.250757335824351
1.246286942662916
1.129785325661665
0.376269194061317
-0.226829544170054
-1.104726001045822
-0.353343077948334
-0.076250052742550
-1.964376877280187
-0.392912924163834
-1.298247674653055
-1.166889270649232
-1.545001112051331
-0.972930640696543
0.264084244826273
2.072979813693322
1.200661942932132
1.353701664683437
2.067360339323700
2.734961436142996
0.352003272144670
1.022206695162825
0.304257775644019
0.605286041941360
-0.799388511426257
-1.028142789437996
-1.989561720105677
-0.865176724425914
-0.258131472724077
-0.467019742358899
-1.493952737481372
-0.173899603276374
1.146526094307347
1.284124764774398
1.604240116845793
0.944684145024640
2.315755895750800
0.464701317842279
-0.102721225881569
1.349611990418445
-0.369609703402756
-1.834124539264457
0.673486098882098
0.990464114722347
-2.068959421414531
-1.449071933490182
-1.733680334059657
1.553266161285903
-0.996371743872219
-0.380514201521779
-1.648649372342160
-1.216778031909907
-2.191125267640419
-0.844866325006081
0.373090010875315
-1.346683183796638
-0.522005633453516
-0.724069346464181
0.543830395046106
-0.615822009850459
-1.202248751809254
0.155249302820884
0.528931604641095
0.444409760587708
0.099364736904869
-0.393543359969946
-2.015034610824961
-2.389203481219790
-1.087017311407816
-1.198478563207239
-1.400833905936079
-0.800924397506250
0.497570560995905
-0.134032064049033
0.103496675681604
1.115153885626144
2.198192571960854
1.726698374167749
3.455459863706544
1.576184214437920
0.286595940614105
-0.498914707386227
-0.999180917906762
-0.591050925456063
-2.003127513270074
-3.235232610871046
-0.336704536552520
-1.410454683527744
0.572031447084482
-0.857909103969338
1.192649098232425
0.733063542293984
1.524840506776505
1.313095310920532
0.736217087959165
1.091287167050430
1.891465960998378
0.094597075850951
-0.905052334419198
-0.584874634026885
-1.536988935928395
-0.888865672750735
0.376074261946766
0.390226552188936
0.416753404349425
-0.874850730752167
1.343341311511349
1.212056261972368
3.441023237168654
0.117332941577715
0.317210688822465
2.285049243256020
-0.236317093416358
1.462606535433479
0.489875740206299
0.074737098658842
-0.864502087460750
-1.234638780210020
-1.984671634678967
-1.673631176563285
-1.438751801173497
-2.491508524447678
1.355196818343331
0.526525348303506
0.977923736385193
2.043847803600950
1.117241271514295
0.316477622050131
1.122171250363402
-0.458714309083046
0.201126438595320
0.858437296324431
-0.419524247725772
-0.458814374014111
0.217014075415637
0.035493635374698
-0.605126881358290
-2.188885104942854
-2.304386917039151
-1.774607145220171
-1.472317682772541
-1.890331791335493
-0.605987929563641
0.261585856428464
0.739208466295822
-0.466006118919558
1.650852271104059
1.654268155984036
2.049919102003801
0.647964375243523
-1.739372991784945
-0.518938992808265
-0.136480231195666
0.378225978706382
0.111987976517536
-2.815576278983740
0.256939986377779
-0.056992670742501
0.415277977499908
0.195569901309540
1.748844055637306
1.875395333459476
1.251307801382387
1.310600267224960
3.662363496822156
3.561646977829197
1.131763122401242
1.451781175041406
3.531902491936195
0.077390343769675
-0.356084275373030
-2.152981560026220
-0.863034145923892
-2.783745780514954
-1.372233788349267
-2.100896757564565
-1.093801374333367
-1.586708545855261
0.439601852513939
-0.443685049039997
1.177345993985587
0.820735452678298
3.179980488837695
3.575992913824218
2.505399391791735
0.504676804174275
0.979094263471608
-1.279954257441713
-0.626740492406631
-1.836519071831575
-2.419360609435611
-1.957098332717306
-2.754299267880760
-1.664059661055351
-0.574774561082053
-0.647861475589844
-0.026986405359924
0.593044875583314
1.013528064250629
0.370964148928071
2.286319410225042
1.292549723854309
1.277290887331708
1.070497736419681
0.457338594142592
-1.897534902893281
-2.005892548907824
-0.707615303873460
-1.597620301607903
-1.436798919059296
-1.571202032236537
1.011843456270638
-1.549770638663523
0.454348857597080
-0.708788503818462
0.440246123871271
0.251695538719475
-1.541411196568214
0.905586881365962
0.399120090049575
0.175257716925499
-0.454166842088879
-0.899335923687243
-1.407836433370775
-0.492634246190182
-1.307903376043409
-0.944393959779087
-0.410678007877555
1.134117558971028
-0.445113272028067
0.449806744739260
-1.018808348464094
1.036342324049121
0.895933515527116
1.027479427439228
0.829097907503401
-0.459442632460663
0.233477824107198
1.144436653520619
0.947521124573084
2.121565247862591
1.428534180216666
0.218129602285468
0.430565690467180
-0.924110792217854
0.717283608430194
-0.674166150952748
-1.499016795673212
0.194775556066691
-0.481984569856022
-0.694717498896250
-0.877186683493995
0.076781016229798
-0.913342279337860
0.894277174733652
-0.264726651661372
1.995489617067483
1.384977970399917
1.372812628024582
2.210298956048813
0.744983625896941
-1.259981652790215
-1.729371608150772
1.211776696759180
-0.384233272100986
0.311828059430973
-0.873356107708565
-1.673035132154492
0.567842930009834
-0.013118751280776
0.108665810577378
-0.055233908921929
-0.772296431393099
0.405047020849698
0.345752672918369
1.789402358863940
1.512192822044929
0.422612197738120
0.320301119930980
-0.301967300573762
0.363912651614197
-1.422648268529887
0.101420471903971
-2.214585618352075
-1.519728212144197
-0.827810305999756
-1.336144187674020
0.655810024981591
-0.754333902247401
-0.161755574149669
0.713378809230568
-0.421194242677474
0.270719259599724
0.093000769630839
0.615754725073211
1.032255823037941
1.484984444876556
0.879404693941807
-0.768109613842265
-1.341657866240327
0.146891185224617
0.323572676570089
0.729838032110532
1.535959234880098
0.493493768982415
-1.856689477544461
0.594313079082469
-0.612428187505236
0.760140026868244
1.501236280557735
-1.214538618999275
1.811100148122518
1.214572148377921
-0.224842132504457
-0.753039659200953
1.211781491051530
0.194308581651423
-0.562882080514225
-0.329679242345481
-1.179445312448319
-0.494135760459372
-2.491427465326445
1.232795960081001
-0.098195215354393
-3.027526755691768
0.281737782016740
-0.961131138559530
0.616089765643049
0.619117167161526
1.387847119465504
0.119081166622988
1.195610707360651
1.341087789389927
1.856416168635901
0.925722694126720
0.924061207312249
-0.027842901816452
0.312258599728193
0.886289282724848
-0.830314469996364
0.739934273291845
0.933667515920499
-1.107815448406950
0.498606982704619
-2.167435466508157
-0.406645561538194
-1.017028265829445
-1.116943493330125
-0.726001734253281
-0.359583505181430
0.252581404767737
-1.395975245303908
0.150811442343172
1.278580110799487
0.028911288344968
2.905351946617418
1.527521644411808
-0.522201502252670
-0.834290175420919
-0.375577159895787
-1.441725080925134
-0.749867235308293
-1.796163766788419
-2.023458391682520
-1.301978968801134
-2.125807390822047
-0.284817181766737
-0.153487402270765
1.280674527809786
-1.401811437129122
1.401444497842627
1.240601173641256
2.408207729043383
2.402031452898906
0.993428757817600
2.516337539443616
0.474869128262430
-0.620183186445578
-2.126870664166836
-1.747375179569895
-2.121623450418767
-1.037074327556133
-3.251908907584039
-0.465620664231876
-0.065417971786139
-0.557420018309604
0.210422164768979
1.353819475141111
1.358276544805587
1.537997481337919
0.611757344390042
0.078265917236724
-0.754125812812499
-0.046523747776485
-0.925171051321166
0.019122775763644
-0.146215138318710
0.260766922686624
-1.470810355886386
-0.943971215882746
0.402140245490307
1.785543631398335
1.760634439323448
-0.406559305561407
1.078739272028846
0.163146123361628
0.465004918746159
-0.213219446470458
0.619542655736555
0.398010337050296
0.402024682986240
1.871630540306893
-0.483168947619452
-0.098720627440961
-0.732847946278513
-2.256472589715773
-1.013152479703750
-0.952423693049503
-1.564776499614926
-1.190884134901286
-0.941610837018139
-0.521570842249856
-1.164483096498192
0.455739185595036
2.266172580824759
2.157556245151592
1.729770300383588
2.566604639730293
1.236841327703122
-0.838492832055553
1.200818258540970
1.221487637947356
-0.427002262338724
-0.732764822498905
-1.400665576693182
-2.351368351393253
-1.026336863226491
-0.865621392108914
-0.882900473319044
-0.316071130857054
-0.059354787635313
-0.242164077902353
0.487126655814533
1.790031449555311
0.136422969802479
2.146356064403610
1.442938068472576
0.235001836726622
0.603092347646945
-1.531969747302979
-1.076649634190758
-0.641763315938871
-1.921448180640138
-2.186823211606280
1.184557786607195
-1.889723373445183
-0.951577957668619
1.002226062569832
0.738152645688890
0.585582599072367
1.571773959263415
1.209340112956339
1.392808705406787
0.725294662901282
1.583294343252390
1.136807792688760
1.292928433180299
-0.036653122065120
-0.307304403208116
1.012568180047503
-1.182103981555687
-0.891622952023882
-1.660546420984324
0.218802486707380
-0.843686819641239
0.190923015701994
1.725519828495177
2.295719336678034
0.248617483628084
0.435850062876176
0.083437001482538
1.008991574618797
0.754978454362069
1.115994876071318
-0.477715320937024
-0.527276295313165
0.277324311203376
1.170158367516219
-1.229619800696525
-1.596945089093212
-0.874533816369871
-0.866490361955713
0.530078659287379
1.110059147441423
-0.965377404322945
-0.519880796278901
-2.248701256433679
0.384707997458678
0.158312892617129
0.471674277160678
0.458050749800633
0.211115770933183
1.779513411036961
-1.804492199954321
1.121089945576852
-0.331290828729511
-0.022404281535880
0.907030499900826
-0.680364804760824
-1.240674783022322
0.479211484956628
0.237416544320104
0.141458723225629
-0.091602801449392
2.032479817334737
-1.231193724516032
0.097998641452295
0.669091533452460
-0.215436715643551
0.960376078814968
-0.011106598539678
-0.424291351747363
-1.027636038912226
1.102699395795250
0.797978631360020
0.365519046314518
-0.836485432183080
0.545827564724184
-0.284880409028123
0.580813936204890
1.285033924755243
0.600065585750167
-0.038910321874074
-2.752887222610687
0.673665171186787
1.280036344914927
-1.077123482532112
1.455535359889082
0.713238441096918
1.133805452763193
-2.648196451302673
0.608065684497713
-0.391570913122122
-0.386676455270589
0.192131898178168
-0.703754946096042
-0.613112306214639
-0.411517114834684
0.638736305712524
-0.403931739082106
0.705076655722484
0.522534133636078
0.179161642075934
-0.145485388229015
-0.599556171729117
0.732668153390564
-0.949431551759141
-0.405861770544094
-1.622391513757575
-1.309374551321228
-1.012076851360527
0.016868272630192
-0.720364476159754
-0.966366237419205
-0.583770403183508
1.102760398842370
-1.702559599811633
0.739386697461657
0.046617196650250
0.854181147619600
2.123185669706176
0.867317752428278
0.216888026599280
1.097948487257806
0.075512220311198
0.178892345121558
-1.849292089568042
-1.216820483607516
0.010206652358163
-1.065308019788600
-0.852695181321014
-0.001470332713593
-1.734768982490976
-0.618487194924997
-0.107912749316848
1.023806545450745
-0.549066925834798
0.099271903783256
1.179835491039686
-1.276404864853904
-0.011876803777819
-0.919950491472607
-0.795495171003969
0.101662898565424
0.826904078828842
0.107432304191150
0.928310105820749
0.691563855743033
-0.314348385707370
-0.904041036429246
-0.014140595955056
0.251988110312374
0.497798335902025
0.483025956450475
-1.563061803955352
-0.602674264876918
1.066995359656663
-0.838312397743525
-1.632400357850910
-2.101463488304960
0.499931954546500
-0.273156395159708
1.344861501038315
0.102611053736685
-1.129550802089924
-0.106543467147855
0.886064882187179
-0.732684430310875
-0.490064244699118
-0.410589928986664
-0.326553578018772
1.561643910130982
0.127821052642555
0.164778699154086
1.336907079440453
-1.015736004345259
-1.914686740908240
-0.079675542945088
-0.998278468373834
0.521061506147795
-1.097301182722582
1.979476798777032
1.022491234283431
1.275435378093059
0.229648118573981
0.014600449333881
0.139092109148805
0.379241096758733
-0.040369698113885
-0.549815635963877
-2.149735995924358
-1.112160145351718
-2.219038701787528
-0.604254475386121
-2.068174838336252
-0.315714082619069
0.385013512765530
1.377140746647124
0.122230344194830
0.095745987423520
1.457637896811389
1.130341189313668
2.109121537455712
1.979538623074828
-0.068515690534500
-0.161893511672609
-0.984880240843126
-1.349144579440565
-0.626543371367196
-2.637227159115320
-0.823605551553494
-1.206090706496239
0.199754428469401
0.766924021654563
1.335174542746537
0.882028905194022
1.186569460699701
2.158586988866698
1.865894448852517
2.134459519258935
1.913919555386148
1.274392168654089
0.627312630688682
-0.473078516501641
-0.430758913576618
-0.641885611338786
-0.751961670482125
-0.342790031331302
-1.778046946903498
-0.163473873902125
0.041912481777928
-1.825786379002441
-1.235462750342393
0.083454529742226
1.328027199617236
-0.345410449859599
0.663947097716722
0.651604391516932
-0.652022134758434
-0.365968149467331
0.006259589896027
-0.120008191050229
0.607062905573387
-1.441224811907194
1.481630232073544
-0.673198786363526
-0.823359803451576
0.683961746607772
-0.561934832180652
0.390516790324342
-0.415492989806507
0.824581639477221
-0.061618690820431
-0.242427996251035
0.941784890508635
2.041063678243335
-0.074153666860290
0.794040813314050
-0.304764042116821
-0.182450391449919
0.755439432772722
0.215456408558160
0.367731737770967
-1.316373173625721
-0.881729052277016
-1.628470978784755
-1.584875382096919
-2.388647486348857
-0.154141929762805
-1.197595221550476
0.834283899704866
2.203054912117020
0.360531652644451
1.834469002469396
2.023525203579538
-0.805712358074901
1.542244068619682
0.728087241328225
-0.250490456422796
-1.152424090365034
-2.352533867586448
-1.668520814558762
-1.151374488407007
-1.821705692785289
-2.011068013916526
-1.476893198608217
-0.562539728071910
1.129667176225873
0.766122239593747
1.241507950507086
0.674991600699467
1.393290455965082
1.783646926773280
0.972397704688604
1.014995645316641
-1.398234193937072
-0.355781785902420
-1.203668527850373
-2.437111537928716
-0.027753398755466
-0.719836468776849
-0.960037795449995
0.455566159054090
-1.641506763560491
-0.958233368900072
-0.303298424413213
-0.056389861418249
-0.740663296431558
1.086901968332630
0.725801840560628
1.130625036590395
0.230633810518133
0.388276012805935
-0.321906855001185
-0.910484961202373
0.680175428021702
0.009162983997387
-0.438027207528297
-2.479426731987492
-1.555956160084231
-1.688982026212403
-1.402294945061790
0.428362923884061
0.894328618410938
-0.104701345265658
0.006026841088326
0.013104733183856
-0.615724592689707
-0.994999343404670
-0.126132062443888
-0.044837132336345
-0.527760659890785
0.240013598761250
0.163119217359008
-2.070566338399424
-1.035438185106965
-0.641994385832145
0.103452974960187
0.343546366705429
-1.712128454449564
0.118126994094843
0.102467906567913
0.664187125922560
1.116953639256422
0.360873436817314
0.366956166554409
0.475951107789652
0.591303875185136
-0.371832858431600
-0.508668108629602
2.840890423390675
-0.003730483398066
-0.930904673001637
0.010590816814261
-0.208534950083297
-0.059916948470699
-1.196779058484088
0.218682500536316
-1.774301617479741
0.244122336046916
0.451237987529694
1.532448496579143
0.728636541557938
0.242804461275535
0.680377459424517
-0.445238091428670
-0.946369135736640
-0.107001777007821
-2.551736160424196
-0.591896309050906
0.274254235825396
-0.298013147649324
-2.497575930334692
-0.035378161310590
-1.640673312075758
-1.668665738171285
-1.813211026551796
-0.560709904972872
-0.462013555235437
1.342706919395821
2.407661470976374
1.570830592084286
1.464106822524879
2.597580025297774
0.637278437684036
-1.636530256751949
-0.575390887109409
-1.026015233650864
-0.964750471901900
-1.602228834567250
-2.271968711184056
-1.278582537546376
-0.357938440425174
-1.626288637176067
0.085933129978683
1.720620544745159
-0.676430204584792
0.421604295934478
2.305398465226510
1.087202578862806
0.601401221975515
-0.391697067313212
-0.034810498339250
-0.598397764590091
-0.997372861680923
-2.988890745899160
-2.069879928969314
-1.650839193727764
-1.649736905761291
-0.628689008725592
-0.326210046994444
0.032673595125398
1.340011005098775
1.365236021123774
0.367178355221081
2.559050363556264
1.187291793135343
2.302704191261931
0.879881596651953
2.680367702725159
0.111783886344727
-0.341945707265569
0.096674217478542
-1.780558551453086
-2.325024063027795
-1.065397520758161
-0.094498791127522
-0.015869564743220
-1.873422699673719
-0.472713648167686
1.480716252345013
-1.160102497084778
0.387404793669695
0.977423155473245
1.196181786922557
1.337631271620675
0.436122362885014
0.229995323201634
0.881071526432254
0.374376936395232
-0.528914329380058
0.171038243180768
-2.474671204232719
-0.346669647570670
-3.051967150478884
-1.296998808049725
-1.561660995173530
-0.129373649489724
-0.782310358996413
-0.315073314987341
3.346032833180192
0.742141985168281
0.568237401840598
3.119392926514881
1.039144610108296
2.465391875946219
1.672308541426971
0.340053868132643
-0.328779288385205
-1.334223824084203
-1.867672922205711
-3.312246575445941
-2.414139581855572
-1.101357474876040
-1.699565432902132
-1.967490478439760
-0.073150604660031
1.076361668455370
0.807707218713955
0.856029826076370
2.049960787327676
2.308171922963559
0.830064356866721
0.586070662561260
1.236034869814566
-0.026721146126205
-0.029853277144877
-0.604284170374899
-0.925680551350286
-0.621770246439866
0.760919231056423
-0.472187546363075
-0.542491624902186
-0.091259370877574
-0.043684458322483
-0.604167801072424
1.296736401341386
-0.353709050091715
0.538997590371459
-0.234257899435902
1.294522622859589
0.558267062168395
0.214708698587152
-0.211031876600909
0.368222838091923
-1.676593690245685
-0.310146746064148
-0.348156312415343
-0.446848552535990
-0.269647638291512
1.293129162279335
-0.168236550789257
-1.172646925429104
-0.562747779796632
0.427683827220163
1.394019963319711
-0.686915426003339
0.755977595751126
-1.312169906068652
1.874342108336778
0.389842794414093
1.905168470255818
0.798398199359215
0.387854266282394
0.522251918773101
0.073847199632120
0.030415764065691
0.786758605118922
-0.916536737124982
0.695120322377420
0.815940381229920
2.649398330235565
2.043144620328591
-0.169455824579088
0.022115002718128
1.908351305468495
-0.597590042606675
1.349113359477266
-0.406305271176034
-0.820775615171183
2.469945496787861
-0.739653777862811
0.691938666376496
-0.717638928638066
-0.138052581987438
0.605859648924912
1.415589151313885
-0.016969332125203
-0.467745854094267
0.730863239571878
-0.512940644868803
0.881716662257213
0.176736128774621
-1.229882608269140
-0.457300213133828
0.212816174293338
-1.179029363000856
-0.270044868688957
-0.536115958837709
-0.515564038143513
1.939721589854768
-0.374232172739454
-1.045318427418176
-0.280728689639324
0.453305792191363
1.428721981354642
0.527403273493379
-0.524868970116929
0.172082198561425
-0.004310322020322
-0.141207393515895
0.652296964680667
2.392337685327786
-0.542272411876507
-0.772488470451597
-0.496717473695281
0.314113482641472
-1.107880762040263
0.602867913721597
-0.410890753262702
0.149146665008781
-1.040468657804888
-2.153849242295195
-0.307907938474487
-0.291186439976724
-0.694867935942851
0.035918763529763
-0.124030060619249
0.742108121657359
-1.981968591816730
1.336386358140695
0.037721597602337
0.160184212365054
-1.228266820774361
-0.062962932648587
1.068051309569965
1.224166798933447
0.762617857025977
0.518563880813803
1.859915167563329
1.266109493635191
0.359057210578648
0.665515101440944
0.336454389095094
1.146744294889130
-0.189048592370769
0.222018825028722
0.083976365767376
1.592830533229618
0.724872103425088
0.544089976911899
0.388402612341778
-0.318024154164701
1.348102171691445
-0.575040891066738
0.013840941265449
-0.548626828123902
-0.804740071877251
0.911982670032030
-1.740260256074126
1.977601300399199
-1.702681857133401
0.937272915459974
-0.903470086081258
-0.636067137896023
1.476160147027676
-0.450257985197261
-1.436049650573523
-0.298953390388167
0.790086538047742
0.307660023388116
2.257502143415256
-0.958972722496999
-0.832175984375568
1.544190756563616
-0.324829774699137
-1.203418416334813
0.905469589975882
-1.111307673545141
-1.579555176170167
-0.223943901101257
-0.323484718281532
0.618095631366834
-0.133425483946384
0.562293491896889
-0.252210117697641
1.155167924457597
-0.488565432528697
-1.440299924929626
-0.668292478069285
-2.423087409880143
0.705394383665436
-0.143365811321114
0.945490625993877
0.404919583109797
0.207929378306085
1.021722386543637
-0.890355078144110
0.347890145906491
0.709241807254535
0.371073738016489
-0.826949487386657
-2.203272946274239
-1.729669680223441
-1.222925299460047
-1.425045118207133
-2.492861552441858
0.868372292345486
-1.001446150882456
0.965335311256683
1.431719050281890
1.577874914622489
1.474431483657267
1.551601198717274
1.539806722068381
0.400843866434968
-0.402029529161840
-0.643236206884794
-1.404300548631344
-2.544169933663309
-1.379445275412682
-1.680212767024074
-2.721887846184609
-2.484296727574740
-1.794693573180940
-0.541496580846143
-0.277573518107520
-0.111188120180350
2.088812155552840
2.698835930424137
1.381524560817541
2.690639471652529
2.770582535826166
0.739533102108425
1.437691246297107
0.121891090532387
-1.535166845835349
-0.771897620454430
0.096012301158603
-1.516500307380766
-2.177484332522162
0.113522527129019
0.143081265982622
1.314500773626735
1.906579927660332
1.265206006103040
2.258321018400547
1.610400594996746
1.225208981067160
0.401168353501145
-0.556870130725068
0.119051473140138
-0.548767870508558
-1.095516267846320
-1.187180576870845
-3.068931962250827
-2.107652610479567
-2.867853597812557
-0.976875018152610
-1.148340793152739
-1.856200736724966
-1.246193478731987
-0.988082959477534
0.048460498773424
0.159162139870459
0.492557851716789
2.558481246465691
-0.683497963760748
-0.910871714041858
1.521260181124840
0.748477479267602
-1.983639725756677
-1.964909184948113
-1.280405903932277
-1.074328294875333
0.878010474351893
0.527908912415201
1.114818007958913
0.218063011459564
1.313964323090425
-1.177961166966083
-1.807503806621188
-1.132041211194514
0.352136715131544
-2.618187625393630
-0.273541582546757
0.407161921729276
-1.148753849871011
1.465006246184461
-1.268385060157617
0.339394684626981
-0.312835361405568
-1.980956261359121
0.547680234148661
2.044734262039846
-1.747199951423771
-1.252245752052654
-1.832173757171611
-1.358049901865418
0.132323259925431
-0.294439978861391
0.677374445945458
1.293755658277744
1.327013454503620
0.676103689239678
1.811459256885989
1.374061005697301
1.111218713882893
1.076289556489948
3.094569829955170
2.181491870335167
-0.224731876677708
-0.309452774807546
-1.275613110875206
0.463716633991505
-1.773125702294923
-0.226240375298767
-0.825862017954021
0.200230679051222
-2.149850138410967
-1.144086758601369
0.197314625155289
1.380243674378483
0.693449859636620
3.036639693025713
2.110010658178219
0.532970256764077
0.577972073495343
0.780711879349035
1.820893147431407
0.974486782779588
-0.966511203409834
-1.057833475411136
-0.888064971293625
-2.036313609528793
-1.276011246813510
-0.605069875632884
-0.338285784277303
-0.424394378298804
0.955844799538225
1.050753719498316
0.634155862598383
1.641171784713812
0.928554271365257
1.459231983744505
-0.322463447291319
0.330283284675570
0.357294878112564
1.399122314176123
-1.945918207104593
-1.556559967487563
-3.708605864898507
-3.464759247496981
-1.140089558968642
-2.146092141854901
-1.781107653382752
0.152464078179598
0.885980982881895
0.164716315186828
0.040266076079241
2.355591187742048
2.204246457160051
-0.037128623369818
2.011286657957029
-0.544350538722646
0.633153229299069
-0.046488072517143
-1.593453698577474
-0.833434516830441
-2.112807431161198
-0.262728390016091
-0.956888148440962
-0.641670198233040
-0.217632949946316
0.247838602463083
2.865369708210968
-0.169859485635854
4.872136312519960
2.010829657194971
2.507328566851656
1.585626782991591
1.605764666907490
2.608608196054111
-0.801799506435572
-1.156238143208861
-0.540876593275224
-1.939114984724479
-1.242360940526837
-1.164677732321235
-1.532334762190814
0.446964296631634
0.689786507826487
1.477401378268688
1.017313539495996
0.765206599743520
1.626566112173154
2.916688151032575
2.792628966500229
1.973170434843126
1.323893858407736
0.778745911535185
-0.299129018283214
-1.613506913176372
-3.073046356325932
-2.321693270188322
-0.948566187016996
-0.909278011209253
-1.942215399600206
0.361736637798101
-0.055604112851084
1.241405825872511
-0.704927506894065
0.905228844261326
-0.667738127498201
1.590788505794907
-0.642651415464773
0.475718678788583
1.093832484673222
0.275130228404216
-1.436742210096285
-1.155452816880182
-2.181526655570604
1.273989375864604
1.267928553856994
-1.222982189446617
-1.232185906455785
-1.772939094352445
-0.401853454392628
1.639372709723943
0.572152995660070
-0.108840479026053
-0.467060005045035
0.251531268393594
0.749843404079007
0.447822682451438
0.944127739942947
-0.293596856258436
-0.883332961278395
-0.709667709777814
-2.594490284861870
-2.175088607364744
-0.383914448158194
0.830806207813175
0.030145075388035
0.141404295886191
-1.207007135020842
-0.287712898778586
1.427174722201625
1.248281955652705
1.943864407968113
1.115651803450860
1.153026751616915
-0.901720657520762
0.798173250894550
-1.375393212465675
0.464566639772516
-1.613845486793960
-0.521521240032262
1.180969868878321
-2.227839887227608
-0.833230588053210
0.623512879001560
0.000104422429734
0.829600103210487
0.767750945978768
2.446038130827069
1.799888642514536
1.303393179657759
2.301770694039381
-1.258250931264553
-1.219291893448923
-1.940600040554996
-1.874237992237481
-0.624244908823191
-1.002647558747878
-0.215442156029411
0.186787011462132
0.845297457851341
0.539643248609389
-0.588115934633404
0.731135903270268
-0.487464871397587
-0.797158763903363
-0.350062959914463
0.545280939123300
-0.340663218638700
-0.287684958988598
-1.115790756495185
-1.797769532414417
-0.646878565221535
-1.501518154123632
-1.837349012635495
0.593150942563699
0.004933760366644
0.950138929158626
1.401721006693065
1.066424353094435
1.033474700151715
-1.137229942666310
0.414115177883523
1.715296933492600
-0.955462722632714
-1.055689536318959
-0.777456848683149
-1.982300698714867
-0.600506646459731
0.733506280888196
0.583943347850584
0.836967806238861
1.600990397579123
1.761440776419004
1.154885782458278
0.884885671183659
0.471772949190670
0.603578909875919
-0.828079550633755
0.703723891310404
-1.967279188708727
-1.187724248670683
-0.931075337146582
-1.616518596901891
-2.238407290974890
-1.868763129386449
-1.062174075548435
-0.125412159384265
0.883556515567661
-0.381994137955517
0.457898763289107
0.342266986227300
2.142157699514992
-0.055875666434932
0.297201704989336
0.390126172093351
2.444626697200102
-0.526581728565904
-1.009857199338646
0.282823473293383
0.270614168458656
-1.156821730611227
-1.792141294256716
0.066291178955893
0.203744834602608
0.050662541882017
0.809844750255937
1.337539016264659
2.122403689051462
4.145745438408111
1.784166526445960
1.055689364248835
1.258122395099051
2.285094091390178
1.597821778908989
-0.875141092071458
0.074723707438735
-0.601919097364613
-2.101693724186639
-2.920638974308059
-3.603224794165130
-2.775700722781505
-0.616023034678229
-1.626464381914178
-0.094756886781261
0.369425769433466
2.362962844888107
1.930658717808007
2.700622982494048
3.567381455413412
2.459430735948825
2.206344109807379
-0.396349673033735
0.204811922893459
-3.884707560468557
-2.582590929733179
-4.006985570037946
-2.775351564888199
-2.378169803047050
-2.584237956208096
-2.348323278502450
-0.764151589729524
-0.653160412384311
1.577696402520994
1.977406155283868
3.458039644469348
1.876914764676286
2.582632982893442
2.517454763662048
1.723775130088980
2.266572019820965
-2.112973537747381
-0.082352426424491
-0.637904051310860
-2.762958366053162
-2.710402010250623
-1.519218089532404
-2.540344954147087
-1.536867724427953
1.587301213765050
1.307390876682270
2.708139342206417
2.171652249658119
3.814435379888167
2.338042001263386
3.035888071489450
2.442689877285039
0.974354841005268
0.841382051270726
-0.980583151442027
-1.458823308894834
-2.242005486502367
-2.856678487242094
-2.873479768189275
-0.825532381732379
-1.962500697786843
-0.013100753382521
-0.492347598339266
0.716995571524611
1.725551745330636
0.490025233950295
1.865084296832096
-0.088221906154598
1.575299946138695
0.512764755622277
0.240359108786735
0.074541405317763
0.074529881664821
-0.705941439168971
-1.693189535134478
-1.561426761961282
-1.720858245674756
-1.940272301177410
-1.978317859005835
-0.038125277777234
-0.359982881035887
1.161678709009051
0.489442466356958
1.390177833997190
1.395142368017049
2.458903965117897
1.474061825325464
1.818743500357718
-0.167102482507212
-0.443065257610929
-0.399502950268330
1.093185837570788
-0.086411408808640
-1.130559768287916
-2.165981835569292
-2.161618782420243
-0.376260756097591
-1.001235128847875
-1.696253013878692
-0.139290293641024
-0.747366806154896
-0.535416305787712
0.264488610298694
-0.273796093466820
1.906837174139939
1.233462463160257
1.736928288646713
0.606445816997027
-0.325980478909622
2.161117136874608
0.179347908427112
1.114407005807660
0.793663182328884
1.547052733859582
-2.245235605503406
0.229981228457085
-2.839591854178598
-1.517295535495349
-2.881264891159656
-0.384762738329974
1.036440546790286
1.839963086645539
1.997938891502432
-1.360940092775738
1.939364931742227
-1.450803860129501
1.733253612752861
-1.391168714377657
0.195268639017772
-1.033884436765848
0.399964266454820
-0.327318476388311
-0.123671243424357
0.031326269006144
-1.910161286536976
-1.659199464489823
0.083911197872201
0.319387610978804
-0.853336794204557
1.908372782591939
0.996216722442210
0.075542104188772
2.426360681899220
2.344595741920702
1.313402664929375
0.805363877210591
-0.762184618587801
-0.642455683913995
-0.075812310513624
0.167023449174621
-2.306331751472416
-1.389579185761066
-2.156751211707065
-0.042264292553046
-2.422044099215229
-2.036527927745102
-1.813424478676420
-1.155031285793975
0.363828360191986
0.121494559797581
1.597693866289931
2.324088917215649
1.680088072734961
-0.242596664497671
0.930704244147029
1.061414761769944
-0.555567738294103
-0.193808278788432
-0.630608674764729
-1.990082022236877
-0.138412688337293
-1.618426830602275
-2.467261149729163
0.720387142710878
-0.883232322511389
-0.909652841421623
1.332814874495558
1.140560064932534
2.683235272505850
1.072056355003962
-0.436887719517169
2.741871153838495
0.675119683950915
-0.837852357646077
1.595814433522788
-1.818110739516087
0.261786575437446
-2.294200560912099
0.071015320956108
1.873813669416639
0.131020720338819
-1.790237295988135
-1.838963111330768
0.664769622563000
1.651930394727554
1.256060681746886
0.499029955265871
1.507038711104334
1.315544626679737
0.501732323061300
-0.473327483478723
0.934278465533443
1.272957405668502
0.507170135057032
-2.066004513826811
-1.058511137198168
-0.675614403829255
0.633665736214924
-1.671306904126608
-2.195514455169464
-0.540862270353175
-1.014792433238513
0.988645800491588
0.122190770666388
0.235993383802419
2.063655696831391
-0.950385527047316
1.103021257278908
1.603760731386387
3.270555584571524
0.730639272551004
0.180186657248249
0.697756663621607
-0.199857987970354
-0.705395341917353
-1.598631764793288
-0.536071437795764
-1.623316685504723
-0.841455716134315
-0.902849646714841
0.442580004856327
-0.401004492435154
0.583013105651689
-0.830202428219380
2.995712137969315
3.438988688192012
1.418545764044330
3.315697644242460
1.009589157497961
1.192134222835765
0.110413140619969
0.552573791648956
-1.304366158169860
-1.691848095137364
0.319301107009310
-0.225981795207339
-2.031512672582647
-2.245941425312960
0.975928446907171
0.754353411891173
0.861139878034801
1.804671097761736
-0.201652469894670
1.291462271057551
2.708863869788201
0.316389369224957
1.346317707737529
1.293545654414235
0.746729129165896
-1.003654670540969
-0.629818737650005
-1.996323812349317
-2.760315551074791
-2.120205473714071
-2.577704332658202
-1.891861518450211
-1.164225041440099
-0.411049226930069
-0.867897922505590
1.460411277137866
1.018045800281208
2.150809172213374
0.241830163771444
2.487308004015700
2.104885327632377
0.798792582858765
1.326047520348938
-0.531998104336484
0.167996393282034
-1.283350962748820
-4.245411824642818
-2.445592042241247
-3.388218894122498
-1.326966296269911
-0.681093417966790
-1.116128059664429
0.496267077071934
1.361017436564274
1.336433256975435
2.609736196200664
2.449352528208512
1.699326387623946
0.850222951359613
0.433838352086747
0.756150014916175
-0.583801397725941
-1.958686656524466
-2.174439338293415
-4.134906863915145
-3.962443710764136
-2.588335861150391
-2.569841512994945
-1.360287835737124
-0.872000478603639
0.168603104979274
1.334292665231419
3.548723848495403
2.176587664759846
2.913809313886702
3.138886387033036
2.084056948754064
1.628537978177263
-0.459659852493364
-1.774591714709388
-3.036977473335005
-1.005545318417398
-1.762287342423082
-2.717376953172221
-1.882733544480923
-0.016292434748965
-0.454575534192063
-0.322046765847352
0.929079052002027
1.412324366860511
1.263717423488643
1.147334693619255
2.558224802060360
2.887221741111734
1.078162641126769
0.027789310418999
0.446098045824958
1.288304055731672
-0.388321999846734
-2.535833669133006
-3.056025468180911
-2.602575433732981
-0.668412341818235
-0.496128150013855
-0.862553860454260
-1.064217593756992
-0.002021754892858
2.568689217597785
0.987104182485763
1.601843312720185
2.056442304631073
1.632972013015422
0.449064046459786
-0.478077600892971
-0.087852541007565
-0.485470094332237
-1.768137973019076
-1.049027964863269
-1.546864333338135
-2.345873478365260
-1.340984025486093
-1.694600377938662
-1.695108196610525
-0.460057645038086
0.922367056147595
-0.714305143468528
1.093500905473602
2.008013956177740
2.064210180587470
1.206437197660806
-0.050787398445427
1.089758157794667
-1.005782412900567
0.234042890820377
0.563393846885944
-3.620500684394747
-1.867810623205143
-2.194374828672002
0.084009512892950
-2.225696946770138
-3.301195249738314
0.683256034257141
-0.193082747665531
-0.285519119425010
1.294525964212298
0.747356731115765
1.232337232360603
0.019009122397273
0.623073890231526
0.073061763711555
2.988998163763156
0.619423949083074
0.269370045667514
1.327424962260030
-0.600312309434293
-2.492756458911189
0.726900122665698
-1.208812658129066
1.012013542769678
-0.465819254286521
0.524838163737044
1.179160096456891
0.488683168210534
-0.717600797983235
0.811849246068851
-0.502083268330883
-1.093309172132577
-0.504522683927506
-0.626241047519131
-0.819237489996340
0.932014635910327
-0.042670241266365
0.681891283898363
-0.347489240874955
0.170396918508613
0.371361960289837
-0.925228104302454
0.369707678869330
0.025149692650915
-1.418484773191647
0.097404841605769
0.491031390963701
-1.770647404660027
-0.299817723595768
-1.131188766658840
-0.301677504486956
0.763300908144080
0.212910574158960
-0.481201698115665
1.455593473169139
1.348673523478769
2.078398294287565
0.289274407137011
0.725651725969951
0.369875225829321
0.937146694016630
-0.644853261241738
-0.529852160321356
-1.630846185877842
0.378870768771787
-2.220685347248223
-2.733535180823760
-1.155998903486277
-0.404946121052655
-0.440444558009012
2.079468391965406
1.033394765380037
0.604690019899233
1.411822221318616
2.087169236425561
0.748738154120308
0.437859815112479
3.059704597493306
1.733772953181914
1.401613929288929
-1.158011315045884
-3.826863342191662
-2.281207393055839
-0.847161518813124
-1.713477871270632
-1.709878479220958
-0.922544481989431
-0.012736907631207
-0.550072865404356
1.932945192371969
1.053439431514044
2.436751467403850
2.179623790453612
1.600197326900233
1.676183520428864
0.960414478754272
0.329775771656909
0.728423450243206
-1.710170098789285
-3.021370075297167
-3.703450058110317
-3.006042156497634
-2.167047132508050
-1.843123852137981
-1.679012053785948
-0.578744444622052
0.386701894720390
0.878823520727847
3.166940767148043
3.561051444374915
1.038711966250397
2.144643860324797
4.264790295211699
1.979535765036347
-0.350062904887851
-0.236129615235134
-1.661304406313906
-2.325490836438722
-2.461690851910887
-2.984275212563911
-2.607636948330974
-2.382590005601314
-0.944166781861793
0.451436199598184
1.293564997743820
1.364595022819630
2.458552988640849
2.778893209448816
5.021723398625561
2.489137463100183
1.225759491432408
1.814919685705809
0.663856915381003
-1.596743123758710
-1.449235765027556
-3.818383790426170
-3.010221893413900
-3.234336224425769
-3.210850621878642
-1.037506948743361
0.546756486297705
-0.066426518005140
0.693635915056330
2.595778910113686
3.404388982214850
3.638523475711510
3.098287758391822
1.787644814792832
0.612488693452455
0.784174981389326
-0.043781366953731
-1.099085618186599
-1.455722631493459
-2.753670506075967
-1.788941259153496
-3.813038895267231
-1.099940062896407
-1.082332410183209
0.114884377887174
-0.344213816485648
0.110611440375715
1.698183245793364
0.656866323147011
0.643910572608545
2.259489224774656
0.672940917896198
1.096218693946192
0.343433791045173
-0.367442432150589
-1.818401882275605
0.632267471289804
-0.136539502086724
-1.302240238793515
-0.575251636909902
-1.699937619585489
-0.175121646055755
-0.168476368533428
1.199232023974188
0.448561911154908
-0.192519676120161
1.474643896596088
-0.046058917986177
2.386097492183454
1.852820197386458
0.786567209830539
0.885174147085546
0.608218817426736
-0.663879306697755
-1.032470529408162
0.826619459328390
-1.812595376240655
-2.390876940152771
-2.302341920236736
-2.095017273590071
-1.438916994759690
1.629249303647702
1.336172934799318
1.541364799076074
1.333109465135666
1.142836345765523
0.968441751070095
0.711923303156870
-0.042809239267554
1.640062193750710
1.106429458070131
-0.978638887193540
-1.241861533626675
-0.791852374064936
-0.267083326720341
-1.415458444155751
-1.779648282554820
0.358629503494391
1.164241621633625
1.319227533079553
1.069644718486444
2.086286335169027
2.458006204219169
0.898458266511860
0.771933668754344
-0.927664667580492
-1.086574879100694
0.097082752607105
-1.107379196818790
-1.471046367520582
-1.640728529888077
-1.056023851733264
-2.625071572050934
-0.815719292841278
-2.550684046801502
0.645643738968137
1.833951133436898
0.887672280366631
-0.665374858815676
0.565797538794321
0.472547823084311
-0.523051155199268
0.627713051075663
-0.836541795692178
-1.070390309354594
-1.506423784416546
-0.337557536263922
-2.369135685988232
-0.672525556115290
-0.057063920455049
-1.454536624664203
0.209412984457528
0.303201045040843
2.480203721807079
0.839376159618571
-0.081844882622434
-0.108806447986453
-1.043383284420785
-0.508929377397472
-2.262542151336744
-2.684617108403557
-0.892757635693813
-1.061015758498003
-0.570858707640896
-1.322175857358514
0.708811492163171
1.353382138693577
1.068242778165180
1.694097818019948
1.310816240028870
1.846250148618870
1.202614098892757
-0.144419118551842
0.048958190229638
-0.975242610265622
-0.714445019002631
-2.025429084000796
-1.052218154433876
0.222647978962127
-0.830179212954933
-1.535908488300008
-1.697184104063111
0.421393413416748
0.170746322180859
1.738517108420239
1.489945903450689
2.121170450937977
1.377803767113734
2.209739388165898
1.856796569594582
-0.468322344832714
-1.718109362687988
-1.806798491455964
-0.871275186056174
-1.076121212781813
-1.677550591393014
-1.848930965629593
0.393681402345154
0.776736919646634
0.223479085298033
1.208521252830051
1.795966935695344
2.807457722387519
2.094159567168927
2.210979601424591
-0.233578431203883
0.837513475153548
1.325154078025197
-1.828558434632017
-0.138905719660170
-0.157308955637310
-0.614096836430192
-1.891172962659492
-2.090250706700641
-0.329323132628181
-1.783755375046451
-0.642630193269137
-0.347083904328322
0.512119187391456
2.480991205390323
4.204488816723905
2.051600059659769
1.843855215979179
2.166074334025936
0.049800513533736
1.434190232495954
-1.061840710930654
-1.920295757303285
-1.636166761584232
-2.066223209176528
-2.173434327933456
-2.437003542570023
-0.021654823014284
-2.433367246269940
0.041298621112844
1.124366283284477
1.112404005338229
1.346655797512943
2.070260096498433
2.813256762867246
2.381658466864305
1.365394001170111
0.162166564505220
1.121910441349993
0.048701264722344
-1.164894861094824
-0.894082883894580
-2.473184782323978
-2.565067073748352
-1.668957273250542
0.427121087499316
-1.836961946914019
0.596646140083146
2.122768415941303
2.279948185368176
2.928225541554550
2.306152207448210
3.091493790476198
2.374961137767566
0.716039012169963
-0.383546994904818
-0.372315435701676
-0.071152892869270
-1.174648145628708
-2.057438347741070
-1.428020935192871
-0.991338082165147
-1.553555445266791
-0.388760627772230
1.285576835702326
0.391081202332765
2.459444056469825
2.106800730158581
0.988140020777611
1.255905722120614
1.432857205726787
-0.046381614314136
2.106013461570336
-0.337475228953654
-2.329697713560108
-2.659025475403117
-1.184006644055951
-1.626744612820141
0.136653452976658
0.277946562877828
0.185924852149876
0.907619371830808
2.054490109060644
1.652777540561001
0.905932208326002
1.947253747003500
2.326074106246574
0.331273534097644
0.734051055608853
-0.605051000575482
-0.283697232362602
-1.103295706376429
-1.237052402287652
-0.471541277211943
0.472434496097102
-0.486350299733554
-0.670065314769541
-0.996074871550101
0.650560732056083
0.568815604522699
0.476112634445063
0.238816839655915
-0.289487813189610
-1.882613444005149
0.428247313001684
-0.720734978548992
-1.832947625813073
-1.204666914297079
-0.880117930928907
1.147226267761567
-1.136738075001911
-1.201193926520533
0.219289562971700
-0.227557348207822
1.276308403824731
0.824907983367462
-1.218080378206414
-0.353613395113862
0.447852279613520
0.007782880034797
-0.336842311672615
0.226811746573134
0.137687650289713
-0.876703381380236
1.033735618610040
0.585571163937535
0.766834625440206
0.093753688626895
0.291952985956065
-1.613789332525520
0.019393639024851
-0.378243654989795
-2.708856408430231
-0.736053698246070
-0.750950853105085
-1.192986195606686
1.193839949477466
1.505353222273614
0.028793349494543
1.433518969399176
-0.244751511766351
0.938789445246775
-1.057388297931800
-0.319688477659855
0.541479308899425
-1.480857915558888
0.403692453738112
0.635950083930127
-0.399210536927231
-0.630451565409034
1.025655323907839
1.352991321527123
1.426743503828874
-0.835413615196006
0.501973851629895
1.217416329818953
0.229595028808413
-0.029211696100517
-0.973938655107866
-0.734574625462312
-0.368989550890849
0.414357859916212
0.460663096782058
-1.178273576062529
0.356587626734350
0.310522400945504
0.409116995616479
1.186110232920250
1.189675394564149
1.571624512257482
0.950142389630881
1.321093210152552
0.673096112704008
-1.722088369334682
-0.692722808745933
-1.994987363817373
-0.592130379474007
-1.415096010456086
-0.013856597929744
-0.222446717059110
0.251158206114465
0.385076032234137
-0.836202757289281
1.345513334660980
-0.428777256476318
1.232070130711560
-0.074913090149837
-1.408622104325287
-0.622793080980577
-0.672934452780758
0.006944315828330
-3.141660663345048
-0.211248307598710
-0.312456458426936
-0.197908457826881
0.012995716527240
0.101123132921322
-1.809597046487674
-0.438531007144414
-1.045180954095245
-0.920840757437963
-0.291019086338215
-0.008786712493403
-1.792472374220357
-0.587430948557518
0.379180790493651
0.613436263511806
1.959262967573224
-0.047248232619796
0.173553408400569
0.312179587504255
0.309225580204782
1.510181904864214
0.208518806180711
-0.097615883721540
-0.196272403055793
-1.216359734773368
-0.892447292843622
-0.843459071914302
-0.253174352931386
-0.404745078911195
0.360549962532860
0.257023016042440
0.220778570194614
1.913752856599287
0.564759071611156
1.543331050664994
0.459382238090095
-0.800392690129052
1.336888671746191
-0.787179892178032
-0.721669627637703
-2.774457598873331
-2.915613512216639
-3.214291538069533
-2.042117248353186
-0.817188103290967
-1.316415173036332
-1.894934749183931
-0.946960869197825
-0.227484719657441
0.561157084042037
1.816274427610645
0.388485256251198
1.751567228233161
0.181369861556986
1.116314468322846
0.584906012210858
-1.580388218774178
-1.373722548839573
-2.066142472182063
-1.124363809395715
0.426446322136782
-2.112304235538344
0.002625407389947
-0.310563160860006
-1.244587251161186
1.264231031303991
-0.115332711254263
0.157746660130874
1.704298696009926
1.537371340773893
2.098447346770672
1.099846162070340
0.391514587007171
0.538628613397552
0.054767168354536
-1.560315844607675
-0.808216518012197
-2.132572552777589
-0.619461619541851
-0.866166400285770
-1.195972422128913
-0.480423991220840
-0.149482138037265
-0.053627496494013
-0.076829622592107
0.977412809328545
1.370951344464727
4.097152129900802
1.318786130929569
1.482430977671443
1.718559700910135
0.148635130016922
-0.474394379916599
-0.935275589411995
-1.653838698223534
-1.373366300300576
-0.712636901946693
-1.364396708627557
-1.401934547370117
-0.766627018999555
0.621127106889783
1.720763059701940
2.330411315999985
2.355452950646997
0.632432145713037
1.107248272301145
2.579500936846640
1.843074944522184
0.282764134817601
-0.444862051636971
-0.554350012565261
-1.748083521468280
-1.835366345361948
-2.122553100297395
-1.817982487272152
-1.912053606222552
-0.445721300140149
-0.414089472700543
0.686017651730071
2.408847358536399
0.158328723058532
1.869102859591211
1.944795656232097
0.863955595697150
1.758866172338630
0.690646548778417
0.471881054957446
1.154080237905362
-0.274561793230652
-1.073373014571412
0.266929222049738
-1.834873312882963
-1.262033427236629
-1.162745524979967
-2.193014201728727
-0.538385228067861
-0.191242035100352
-1.181768532754983
2.745553630607290
1.455476386393949
0.803690965284441
0.632856536829028
1.270280649720976
0.053140167063636
-0.177912813947515
-0.630085142833787
0.197130622241852
-0.145983775404069
-1.491547661139945
-2.412008675295439
-2.038897468344413
-1.463570578433415
0.291750123546373
-0.759059025149679
0.147000317784711
1.591062037250557
0.784436980668033
1.239366379980803
1.567305611823413
1.513309273517482
1.268492211890733
1.658212542135920
2.831956303305313
-0.778153863511029
-1.845904327813903
-1.548265026120758
-0.432517864368699
-0.897386697720743
0.588991622626278
-0.475397761860671
-0.209325502885876
0.164049426564928
1.214938245806521
2.536386295167990
1.704154084400113
0.702965462256476
-1.316354913021295
0.040107175949259
0.035730492385792
-0.335416191737099
0.825508875527915
-1.681560276510859
-1.932077786990740
-0.918632778463952
-0.689947978062205
-0.588384241148673
0.408137123686248
0.267256471751294
-1.249401824006092
1.572216533033310
0.053569408547011
1.570152913182944
-0.088717409603447
-1.108741175248209
-1.575709774282269
0.518006999927866
0.433432289954248
1.078114038127519
-2.321629192635420
-1.074546921489377
0.532350412155095
-1.340718511087263
-0.249778991437804
0.032888016705770
0.041748896118830
1.087161315447317
-0.778545330252193
0.922101335666985
0.177738059579881
0.295380842890702
0.453294692861876
1.429795325213222
0.046944129891169
0.120734834156531
0.456762338983476
-0.975360219928369
-2.906720764778920
0.045435511097342
-1.368065256883445
-0.690009340036653
1.742752992926898
0.306684986029539
1.019739523787897
0.463256511854222
1.064825012747241
0.062657866764224
1.638747591418011
0.497347511635041
0.172051628954125
-0.500220487490114
-0.010037854289671
0.118699939253165
0.497246474128791
-0.012728266345237
0.430315624206215
-1.379443066094250
-0.222698769528900
-0.990821503058409
1.486965649526955
-0.444747547787415
0.986658975790869
-0.128507371546485
-1.249153718052785
-0.522064631887983
0.992145449356846
-0.540923216299687
-0.565603861545165
-0.517708897821665
0.423465878594713
-0.286928685881088
0.081915948076323
1.271191448491583
2.431306143135566
1.326877718376894
1.428527861349662
0.966037273133601
-0.057688858753851
-0.533365964425589
-0.898237406381225
-0.348385584229836
-1.477135305835373
-0.098220790945250
-0.677311434277647
-0.040326206006258
0.617875899648218
-2.147871109099139
0.564604062994977
2.136041004836007
0.526154606265738
0.453803582571229
0.708749220818187
0.520563124093630
-1.557658232544956
-0.394805018606517
-1.435637566354765
-3.013726053815130
-1.948492423428045
-0.989443951130433
-2.253807691534508
0.061732184035293
-2.184390955731484
0.666824547105084
-0.251136252415514
-0.689722766770215
2.232421130138015
1.004396995316148
2.221648372882106
0.639738436485148
-1.097067264573165
0.132819981976462
-2.101795828684359
-3.303172832909991
-2.322271227009311
-3.873661744957610
-1.727352833865172
0.449377551634915
0.014840278387332
1.849730353704917
0.630268027156387
0.524972203529628
0.523894134365363
2.469771843013884
1.357816899958266
2.541561668177311
1.710208763708527
0.753762300635851
0.131382373856669
-0.040260563628217
-2.423250390156983
-1.734381691078466
-1.734227512402569
-1.851950260108765
0.073807862020393
-1.062824220046558
-0.152374171630476
-0.500338516942664
-0.493709862857013
0.290398364073235
0.057444517412344
1.729411058588196
0.940611849041809
1.351148955161606
0.687288728991467
0.988554972042310
0.229629427387683
-0.796570798146756
0.098105963458198
-0.227500581737701
-1.995991279573365
-1.486648017666912
-0.512669176232810
-0.282171465507951
-0.990857395475599
-1.119883081494195
-0.206586172248456
0.384506629327334
0.313173851914682
2.139456805342814
-0.355827851932836
2.534977715767243
-0.356910654830613
-0.147005306661252
0.341437019471066
-0.849904623929066
-0.306829526091499
-1.492808651735216
-1.036945274412241
-1.698907905961554
0.112852169225408
-0.102895152840634
0.608067381394523
-0.308459063651069
1.380278603250847
-0.398797443779849
1.563926478234932
-0.179413302436438
1.188073294524295
0.832907468945869
-0.588166557532186
2.003318891248122
1.239285065307453
-0.991887861751518
-1.660471214505692
-0.361460689442882
-1.166094063855263
-0.346348202755628
0.994493155838713
0.654857937217478
0.065413772702241
-0.183523145248771
0.337913607861426
-2.160424539312943
-0.398510945056761
-0.871184877418042
0.722540236479405
-0.002693150945002
-0.906963479684724
1.270362160897670
-0.435654310990485
0.252624982563434
0.183227536036573
-0.310949324750972
-0.418551388596922
0.470539229449671
1.033778937699963
0.180861398939181
0.545398899613678
-0.416214175408835
1.506582947332783
-0.953906262152178
0.213070733254145
-1.753882731293591
-0.244081025030666
-0.631896566010343
-0.162066462763250
-0.974809261718467
1.321959627936601
1.449462131912458
0.363499759975095
0.322293241585129
0.359095141645179
-0.682529967412531
-0.212718800192554
0.946195195702687
0.933142041648128
1.147911988474096
-1.022691252944300
-1.725187268182581
-0.216230608047990
-0.629528700527113
-0.020330843112780
0.079274768546955
0.930353872323401
1.255138485331320
0.432606742679818
-0.218361378297009
-0.667405527643280
-0.154447533125852
0.203140849275793
0.190244766695096
-0.124123435661121
-0.230068764647737
0.782749338295168
-0.006887606853708
0.432091155747955
-0.269954448326894
0.213343076276791
0.161170716914080
0.619110113652992
0.399768469698314
0.062002222258719
1.331277953899952
2.095045509277031
0.400973232366175
1.988643803529012
1.993878945463637
-0.094008706056202
-0.156515425369834
0.545832097171969
-2.334728086691016
0.469784789059708
1.247494585492508
-0.226298270046005
-1.577189021380091
-0.642232411590050
0.220218304903431
0.025761045165264
-0.626339323974407
0.567846834999730
-0.198270272898255
0.758866562102657
1.587150276528883
-0.443850846972202
0.059756064754147
-1.692531037507818
0.331527731486698
0.663336314148193
-2.608780845793749
-2.514472178593468
-0.376624435972670
-0.782574807173503
-0.203323535636133
0.268086838557504
0.452156494193198
1.275053775063256
-0.454829092092552
0.143901179872170
0.031087779671744
-0.071757097216136
-0.562972648250488
0.390399084624163
0.881686679022943
-1.335469631408826
-1.894856095021392
-1.435995451938777
-0.538372146629842
0.826716971174447
1.534890707664094
1.664897876092770
0.291424404948647
1.619720193381730
0.766040441772925
2.568331215536700
2.025473154613833
1.002851273701588
-0.690418178629015
-0.662530306093774
-0.040638749724363
-0.625176277216333
-2.581944272368774
-1.424989103558594
-1.898483669334431
-0.462240799826144
-0.270671427623616
-0.048584153070196
1.040158154120816
0.742583622036089
1.958483961732586
1.281526969633827
1.657865401390067
0.639468469742239
0.923551288300364
0.521444608345754
0.365332038761879
-0.160461239200036
-0.101254766523675
-2.500673437880280
-0.932716632711115
-1.871910007019419
-1.100952721780558
-1.159933825200393
0.094091514689763
-1.400499444289731
-1.616441760484384
-0.736270309722549
-1.328733011839996
0.770147198050415
-0.178511564921680
2.481541278214018
0.594306777228471
1.355271931680821
0.476127397769156
-0.835846732481223
0.275771625888014
-2.291656014074915
0.292650715203527
-1.239644018661155
-2.534477872590774
0.256922113709683
-1.394394924317928
-0.900689507343901
-0.420361256127270
2.046235743127400
2.841998478043344
1.777794025447967
1.899710940462417
2.103917922550299
1.144538850295616
0.877728774608614
-1.342616060542241
-1.563948081679605
-2.982440434813830
-1.560913293389869
-1.941694368783614
-3.465695289866060
-2.222571453821133
-0.262438574831127
-0.576367196336881
0.351625363584651
-0.245275319792877
1.896631400725443
1.803589930926146
1.556115553419964
0.105988616578583
-0.411783997991375
0.180742803303134
-1.864341779546899
-0.661635088696739
-1.818582655987754
-1.325546313090999
-1.792984682235481
-1.912130627036138
0.341465892234206
1.748700916080113
1.644926942247068
2.999862508428904
1.742372500575336
1.077683906307599
1.338895532588945
-0.366771844368363
-1.849357080779424
-0.900754243954479
-1.663402301732824
-2.159095801032570
-1.705542519315425
-0.961609194658818
-0.232732431669392
-0.758232142072284
-0.278262589594084
2.075193963665478
1.903080057139204
2.208540332356593
1.538383271406526
-0.843831566114947
-0.287742464636481
-0.139893839123740
-0.927676167688527
-2.178519428211946
-0.206023497613840
-1.890562199685197
-1.885074862318493
-0.519512425264915
1.423783390553987
1.382536302081156
-0.392631359879547
-0.399537323264180
1.089224599304421
-0.881054515007527
1.805780446046367
0.715480451414515
0.737889646812781
0.746853465212229
1.585302720365610
1.251808841294313
-0.377137427724322
-0.132141410238857
-0.826314446845616
0.476567222762643
-1.199908973291370
-1.830620031781136
-2.217431837121898
-0.226408764904750
-0.589491370342538
-1.261844330227124
-0.948105247234511
0.700769030563613
-0.167715466797980
0.390467739874976
0.741621102892723
0.646879808979495
0.338116960292229
0.020261707653309
1.349021545601715
-1.472403549240330
-1.516566562907929
-1.240980185076456
-1.778742401424091
-0.349528172287653
-1.648031302799305
-2.767419733087168
-1.904497207334109
-0.046967430703596
0.949568004692624
0.950651539303855
1.030354952680733
1.800180169127491
2.625476695502119
0.152588342213819
1.868302831766015
-1.161124864356604
-0.739790023025820
-0.926773545981530
-0.943288772694433
-2.161741061204895
-3.951644594549771
-2.466982752306427
-1.214793953193997
1.002735354991581
1.290345396783202
1.293081599884340
1.060807808013802
1.111021022521020
1.128764539632392
2.086796891135387
0.779850258077107
2.225862261006789
0.002200494294381
0.592968284066070
1.246121552343425
-0.806341869764155
-1.554308064963327
-0.556205158093170
-0.836275702001296
-1.429291783069458
-0.963257967149559
-1.372557656334362
0.169311488685263
0.560618623124999
-0.525052318322859
1.213384546487434
0.631420484428414
2.462230799613379
0.897366582137528
0.164669797474938
-0.073250376806792
-1.010837954739434
-1.422395814443386
-0.812209062906128
-1.375645862086647
0.401725961051669
-2.168539503898105
1.382085916063950
1.350087644892259
1.219387170295847
0.212082486606633
0.823233181266280
-0.248773121229493
0.668958715607851
0.267681125588443
-0.682928871647002
-1.380681884906098
-0.253519022940812
0.466297316782821
0.528155247919024
-0.112863970891289
-1.213527244323973
0.000310865585832
0.432311975423600
0.642643599241739
2.602355582713410
2.076414037787175
-0.750188863031008
0.007747049519607
0.697263148087232
-0.832777792928387
-0.406010145197036
-1.610275949449613
-0.513697307689553
-1.573480858006704
-0.850417744305785
-0.189237164769157
-0.631521292767464
0.313227628874547
-0.902362393155200
0.469953331486440
1.074366672602785
0.686196308914549
-0.433508376205911
1.816319422642269
0.590522799653381
-1.703056448746582
-0.492794260575487
-0.317386334722023
-3.300609831067617
-1.110185186210582
-1.340452282998816
-0.657293053867853
-1.974220318859948
-0.622681972020025
0.554679713394465
-0.252059667880859
2.217200008196899
1.798066471673710
2.213009049988754
1.553831087821120
2.604269158061274
0.831360063088852
1.125730476595908
-0.874308606983151
-1.960672540964997
-1.571987148177925
-1.828835215337283
-1.650974978099372
-1.838000904062504
-1.643789996525532
-0.174393961103151
0.553845045587903
0.030534394500936
2.715812300554539
2.105321539093266
1.465314636113009
1.710893468788285
-1.001374356553985
-1.548179079523972
-0.540414013081314
-1.173082418140043
-1.054280121666473
-2.476810457894829
-2.518220590308369
-3.170584849781443
-2.302192813207567
-2.773820584509999
0.900349383400738
-0.339955481381123
0.881973919561804
2.620042431155797
0.347954578243931
1.236240456365896
3.499036687267752
1.392066997711784
0.069078596863255
0.033617552019991
-0.837898975328369
-1.231521045964697
-3.041593242975875
-1.261499330084887
-4.161821241134941
-2.089611781329346
-1.496062655831263
-1.284030544448827
0.672084199915313
1.274388808825980
2.155262565872551
1.559774275197833
3.676215454704313
1.214400032244134
2.176798637552197
0.222699997855382
0.437307072238022
-0.864005797049642
-1.191261213406911
-0.568431334483706
-2.009135730745956
-0.405601949799500
-0.710134095962262
-0.038552167141938
-0.569873427972180
0.358406008525290
0.118940047837325
0.935778608656605
0.090565680854521
1.651389345003398
2.120880186218039
2.483367363518449
1.385933693007033
-0.708869482513864
-0.216350916412851
-0.154675947292566
0.485593963596427
0.374176547368916
-2.034719424946165
-2.087995428655328
-2.258516823436249
-1.003748712064807
-0.087128362945425
1.263748769610188
1.283862697695235
-0.709331406091865
-0.412451870736497
0.114395266799312
-0.551106452819455
-1.274767204717334
0.073056065302457
0.194460092646849
-0.152088616562007
-0.013407161691536
-0.904709487964639
-0.435658003460964
0.471831113794104
-0.646966082575623
0.001037306640506
0.168252538387568
-0.788002455285975
-0.490289687702077
0.335383887609274
1.789904757228792
-0.199664942947649
0.773778989438989
-0.069076293622887
1.049375024588610
0.796961474989767
-1.064574344882127
-1.351372654814223
-1.325888673712916
-1.736095101043285
-0.373542929167864
0.520997836934912
-1.611696167875652
-0.280703465034160
-0.533468244651197
0.732683836673194
1.600335452169693
-0.286359860597822
0.856202395731110
-0.103085084913300
0.432548319957820
0.891929033330169
-0.554174083513256
-0.673638264765540
-1.090390778962301
-0.787930873176113
-1.320706257108136
-1.311806835216379
-1.071123852989287
-0.922425201255147
-2.250027430261695
1.457265347251800
0.730962519182399
0.200536669013182
0.168430148815764
-0.041965605725215
1.292551666899188
0.930208900987476
-0.441134902170501
0.349344730651644
-1.198420148970011
-2.012067032664967
-0.663761898025269
1.236692080879005
-0.488052715234220
0.204920297904089
1.136226925982554
-0.417229429752810
2.688160551750203
0.986656557457135
-1.183081015918136
-0.239471277411737
-2.505091122750558
-0.729570376460240
-0.483634913587718
-0.400853115315442
-1.798619107144157
-1.772950653257643
-2.417878578583398
-0.849699703320058
0.001274680185095
-1.440618556201372
1.501132793591008
1.265430514803035
0.687588553563312
1.208260716650740
-0.371372659625254
0.060030337814905
0.711070805135186
0.246279595827462
-1.274204452212432
1.340049431368301
0.705858321320616
0.221442872324165
1.352661614701204
0.343166880229838
-0.734441751265869
-1.299486124856499
2.494416716200207
0.148576290778646
1.048862170160200
-0.161520948557810
-0.312945589682868
0.637716470797156
0.974510683928141
-0.431988083896076
-1.503894993688095
0.023700690298450
-0.945871237790729
-1.287479188458081
0.617695821409627
0.240957352104409
0.329612883752766
0.663008266792109
1.789334492481754
-0.628337028455919
-1.167532405905036
-0.609100840807455
-1.033348864118089
-1.435853977850954
0.197831241376821
-0.624045463370663
-0.980423395889381
0.087873003914379
-1.414823249877386
0.282806341017916
0.529947103319909
0.086486200352683
-1.203532613909811
0.665553012534168
-0.802375125827571
1.331099491944149
0.107461666063045
0.793174169915943
-1.249403077486370
-0.457464906951167
0.292209903526785
0.137090759552214
-1.532520136332750
-0.054376277283638
-0.417300833508426
0.792628944105461
0.590928800816822
-1.294559883936841
1.475433877903951
-1.339076891530605
0.222665982500134
1.447583950102842
-0.931358486193096
0.236511147901728
0.579872826033693
1.286987573714438
-0.627697275969483
-0.501378686392177
-0.255734016351481
-0.756613219852455
-1.623340481094265
-0.392161938759672
-0.474066988114827
0.037379792981122
-0.354623343707978
1.890408972585916
0.819519727655542
0.506035806796942
0.947555783978681
-0.758949483871686
-0.421775843596587
0.384992404788175
1.363204656494632
-1.043645734965293
-1.457346135977210
-0.111275556025572
-1.268961203993744
-0.972900813535361
-1.430755224660904
-1.411230943209654
-0.486020737844263
0.504497449263549
1.115766906058142
1.463474095538950
1.280852398984909
0.959012580524892
1.297871579618481
1.658228192454867
-0.497900584684862
1.601771728427924
1.322976021691841
-1.081963733295805
0.998193529480858
0.877353539276083
0.490532294977650
-0.816554437711693
-0.832786528568846
-0.381616489337730
-0.662111106136882
0.305398843409286
-1.206498609081662
0.501869865103437
1.260965154956471
0.472562687606248
0.141357211044911
-0.012637938655888
-0.882445977437667
1.344115042881139
-0.562115847396659
-0.493135486670100
-0.992654470516933
-0.403496545835039
-1.208243612375149
-0.653823190887715
-1.480805354402867
-1.063633321943337
0.161731736384561
-0.077870590810167
1.230288267369321
0.318504252693802
1.837202641337230
3.734122786826365
0.418957569292286
1.834450932030666
0.966515517894925
-0.134036384126676
0.744258728651555
-1.179015121654648
-1.051190021786454
-1.126929178643499
-1.065258634274553
-1.416730120702747
-0.545100041799181
-0.473980822890883
0.099186505077015
1.062882814260378
-0.835747660445865
1.070242351167223
1.840029463228743
2.054370388947265
1.408686380028831
1.697519925971373
-0.040506749213784
0.225482936898545
1.751265581345754
0.571301461437240
-0.102194091438068
-1.016056105280070
-0.723800609261948
-0.206931484468475
1.625401146548386
0.353589974152412
-0.227937503413172
2.242134789644934
1.180906791562037
1.800431285278660
0.506965850340839
0.479437734187548
-0.164659311499395
0.843181469121651
-0.381284891309988
-0.802485738197244
-1.778743774605427
-1.900452930833215
-1.290461160019851
-2.594898690418947
-2.757510410510344
-0.269164451955737
-0.223121267915370
-0.533612712581879
0.078809981350393
1.025005245745850
1.709534626994810
1.086783149620676
2.840139464271082
-0.807494162967450
0.289931559488175
-0.233931780959326
-1.511003525220548
-0.921341898928040
-1.852837034762570
-1.546038806931259
-0.539827993975510
-0.878281278900788
1.059520408442530
-0.199762218777644
1.165681253959084
1.683442019783524
0.499844116146207
1.739383104254425
1.036652709576337
2.495190272453137
1.260582767521368
1.818052043613538
0.280586778199214
-1.094496311053852
-0.322755781935041
-1.469348659443435
-2.114865654354516
-1.487661453791475
-1.522520734811786
-0.650171247846949
-0.676006022204682
-0.967130120370632
0.903814470897074
0.194728264903396
0.989458328634674
1.021877942959337
1.303643785948580
0.798921958406150
2.404715274894735
0.073266505597164
0.315840723445314
-1.169461627553903
-1.149203001374584
0.093145717672071
-0.675419183744491
-2.169199992622512
0.272662801564863
0.189969291131539
0.583693136770047
0.562931277967596
1.584981413272462
1.112503326921565
1.587361396833385
1.324602195626205
1.907918448898828
0.985240744950814
0.278311002189536
0.949801028217887
0.276962396266489
-0.469320456939798
-2.468857758317071
-1.118308215551723
-0.640131207054012
-1.126082820576891
-0.590612233483319
-0.385443289241746
0.748868384285392
1.099945553882321
-0.850172358809098
-1.437908631678542
0.009813779514787
0.470296794467203
0.750723482468081
1.163019901197957
-1.990566398680425
-1.784002058013103
-0.359088190068482
0.438277303100775
-1.026852305145884
-0.931182033889514
0.601098830725201
-0.114995325508406
-0.551772465245302
-0.468381157997244
1.424551207195677
2.900982998165962
-0.567075926829200
-0.857567723963253
-1.434693039805988
-0.488193097064986
0.124968009690448
1.008462200751017
0.306016027763130
-1.466045140235469
-0.748194432827942
-0.148427426294701
0.689871421735955
-1.154346484457424
-0.855356362725010
1.133928918140896
0.090612384472366
0.072153571348662
-0.748118427471596
0.844737389532614
-0.071980225012626
-0.749515043552435
-0.413605203231453
0.983049770774602
-0.803154209903935
0.716108332373570
1.358186945653967
-1.542490585113899
0.794589457289641
1.331441955498338
-1.189698298238777
0.642403315752480
0.196678516335299
0.289912424224700
-1.147195515334645
0.773707001045207
-0.677124619265401
-0.443893423260477
-0.108716986957648
-0.322230022712035
0.673464805426972
-0.883188973841558
0.233995397267316
-0.342039039210639
0.601668814723923
0.717302964056013
-1.327684113563103
-0.617505564983649
-0.434725396344305
-2.132534633814933
0.130593359234006
-0.485066660234878
0.601291203334238
-1.122733706336188
0.532811509546640
0.559337387140443
0.840735682165215
1.193623063571159
1.470022621767538
-0.230249351891557
1.773327848523532
-0.805480229960719
1.502182070499265
1.148852914519926
-0.441300349039148
-1.058377836540541
-0.790215495766674
-1.255513701283689
-0.041775452599861
0.555134268404493
-0.154658223194070
-0.268055885016762
-0.659036251683209
-1.317724846014794
1.476537557022343
-0.980162273776286
0.088767964551555
-1.509793790862135
-1.260536821102667
-0.171669523284445
-0.130568727716598
-0.645003420505558
-0.636110038111089
-0.407201968502896
-2.072948819358127
1.731708528304867
1.867070599362969
0.221516266426883
0.691880447372162
1.313705260846218
0.894609028457328
-1.912005905955066
-0.071468185453338
0.518139485379772
-0.483426483652460
0.315808976603185
-0.755169000952251
0.577173826332347
1.174948451857157
-0.583793490628248
-0.970487177304248
-1.819728085743582
-0.022341793703284
0.351338363447141
-0.521602857342859
-0.708709721017024
0.782708248720046
-0.917099768256625
1.117667711316294
0.285402355684850
-0.816902944090707
-1.135443846157723
-2.937832952419678
-1.206949898681213
-1.089429036874037
0.333392372522721
0.488670515454915
0.539522899880418
-0.938946837344646
0.904775145140477
3.307006104333260
2.543533594971909
0.371528420781694
-0.494246003742506
1.162782411652039
-0.304893692884057
1.106378994229080
-0.660594188590095
0.510404735471001
-0.449762560431697
-0.210857322331654
-0.627786705629326
-1.413637974180127
1.082095236204177
-1.037315600778515
-0.160923886455724
0.928637763401467
0.128320220594069
0.720822094554081
0.905286193719010
-0.917716767401580
0.061534967093724
0.367182312488489
0.315142965482915
-1.882952930641165
0.418619228243311
-2.125656550001109
-0.006555491784498
-1.383239105339193
0.309298269047564
-0.525148768336722
1.261237646984450
-1.453229395337836
0.464189756496635
0.709211295937156
0.978286466136286
1.650461636835519
-0.303811292276622
-0.437656107840640
0.376622591749595
-0.617815447625612
-1.426050221488889
1.276893832853372
0.231401727124292
-1.740812537365545
0.556213097596956
1.154453328507793
0.319014724902429
1.151802169262172
0.544375126646690
-0.829467108619235
-2.231071897619623
-0.339656252220885
-1.600885528063381
0.596682099712423
0.207056631626376
-1.874602956015112
-0.246398125608829
-1.081927361930293
0.392556197113322
0.358694101817673
-0.793702212809106
-0.662385009930716
-0.702578175422638
-1.330010623682964
-0.611452552784251
0.330911469891799
2.994235250573581
3.136949638852133
2.917085060174886
0.142162540370104
-0.042990664387568
0.084636218227514
-2.268070987289985
-1.080536685549835
-0.298521823646867
-0.193724030365032
-0.486462161640197
0.350042271390635
0.511908354232606
-0.458379777356866
-0.482775089933987
1.682445014861450
0.759186239430059
0.862760137929783
1.675635354684393
2.754767251795216
0.718289325080904
1.661746172780477
1.183264959671158
-0.405526979731213
-0.101272715480775
-1.463419328082910
-0.343397622471114
-0.845898187579022
-0.536859555058264
-0.267165254618781
-0.677593564510684
-1.076158307523889
0.275545425577591
1.469502676563845
-0.033976034197257
1.416714787426834
1.572554037336227
-0.610005493642916
-0.485656674088192
0.140594382623130
0.024202484266691
-0.064534597922672
-0.829290744475055
-1.847779062898795
-0.917091120223805
-1.318057632099837
0.529516996497201
0.618703320839955
-0.192264933709631
-0.284877613873333
2.002246823690183
1.878144184569565
-0.081703828001267
-0.732082448880576
0.071292067850841
-0.333490816720649
-0.334706070159890
-0.962803323151839
-0.341507627850527
0.071029369611274
-1.333189992886197
-1.788140966673173
2.398632068124768
-0.474627431566083
-0.927943815885492
1.025806941924095
0.846026228216981
-0.493122992047233
-0.132940074455470
0.054481595245168
0.548751832577556
-0.105851183757688
2.335250188048534
0.432816412968800
1.098803232542842
0.657181050896234
0.579725148399464
-0.634436462134445
1.236049915321277
0.233140610600768
-1.391246574081525
-0.923395213553852
-0.634943101490862
-1.626682685463718
-1.200372257220445
0.352094943462356
0.317903693240445
-1.634341428827137
0.142578122881488
-0.956756067515501
-1.399946126038314
-0.184079399830723
-2.054352307769055
0.085279932643881
-0.923635610408935
-2.362614760666145
0.158597962199946
1.534227258244702
0.077292136460193
1.455877590073385
0.605415374387466
-0.505443346837717
0.923800114429750
-0.303664573911610
-0.981852404780651
-0.179658637257250
0.170423541758815
-0.217572558166331
0.180464995163841
-0.521687127987831
-1.510749973398074
-0.945195563650448
-0.423090153070951
-0.128644862969010
0.976262001300606
0.891409245738380
-0.717018189459250
-0.149468188180562
0.559654824741000
2.282792112670393
-2.183115036102642
-0.846874878079157
-0.329266531176394
-2.180365061601269
-1.754409445600267
-1.122987245921947
0.460832548153083
0.675777386471191
-0.207640478865408
1.563679220843676
0.279833230337910
0.642352982136097
2.348989239643194
2.893276399026617
1.653183728831539
-0.318042435290711
0.222525243306879
-0.475089627488203
-1.790780925965632
-0.826685854339715
-1.157041276375946
-2.855973003447113
-2.691856592748388
-0.370846664956077
0.537629183916343
-0.312105016779391
1.744366429681542
3.311983575866224
1.115275612533869
1.091841286224667
1.606895835462427
-1.497955602374212
-0.668275259655186
-0.559454850609798
-2.793918454743103
-1.965587906815000
-2.590006579668986
-2.137672044407306
-2.457496059391108
-1.215043567637350
-1.077397001863308
-1.155036687732705
1.545816183272941
0.698281212924068
0.612160374653962
1.539223335705854
0.046282046742715
1.283565741712427
-0.116442392689008
0.261390357921477
-1.257312509833131
-1.660659730987817
-1.558400893985442
-2.277910364654250
-1.921634492764065
-0.591361868172999
-1.872967199486107
-0.992645041102423
-1.018187281532276
-0.315260733233430
0.201272326380476
0.953859301240748
1.103035848061651
1.778800181437821
0.518501629106386
0.041974731469817
0.312300424560576
0.273504166785127
-1.240629383265456
-1.871228047349577
-1.046824320786829
-0.512731799659406
-2.773882902834868
-0.965461419526423
-3.071335872817579
-0.819736652633216
-0.821636161825063
0.463269347813198
0.432482435332740
0.386739634257169
3.592392961575128
2.106275475886238
1.456207396219527
1.807023663990172
1.769976175181304
1.538426335812306
0.205053016118960
-0.309375508394333
-1.180795994493502
-1.865973332392419
-2.858204226929713
-1.058426674849630
-0.324484582476480
-0.467556633195009
-0.240500325431298
2.874421812076678
1.130056309730264
3.208717949241735
1.750980183434977
3.090193812957574
2.172524585304864
0.748739776153706
1.024468698051046
-0.410888646939966
-0.540367587412915
-0.860073770745376
-1.506771374373639
-1.286329423179587
-1.910556633306642
-0.753570547169591
-1.242404262527622
-1.056524815259097
1.000563673436419
1.041856981530694
0.465878879898397
1.187149490166749
0.806122338559797
0.623393167096961
1.817275667265050
0.124662380626559
-0.643960803566950
0.532919453690412
-0.298010472878607
-1.246911602228911
-0.816134944787236
-0.486828158243336
-1.301398223470472
0.407255829363471
0.355948473407370
0.365121816879515
-0.096214085652446
0.330939536290850
1.997942858436111
0.317878397491792
-0.032473570193723
0.871614863214905
1.577470152706766
-0.840606761107289
1.038555725862707
-0.494004752014044
0.734222747784940
0.402925748940346
-0.607022065320489
-2.842309923628664
-0.557682084683590
-0.342411951029830
-1.802298552440973
1.074129419738216
2.345444673056654
0.523240486477054
0.749571612399589
1.776226966862572
-0.089111369943045
1.685437504421150
0.182436613886823
1.061375677425025
0.677103037459062
-1.231175649300825
-0.254976548597088
-0.063676371782281
-2.144765370656252
-2.010525697307476
-1.236629121824879
-0.837763416182568
-0.530321967289988
-0.328087332432104
-1.399336005094764
0.473335386441354
1.839597151814228
1.025826752278354
0.825371732756009
1.428959530534354
-0.675192099186158
0.533473211106300
-1.718202052423360
0.579756940393725
-1.394510297774715
-0.914769254429672
-0.651584065529671
0.740903954379301
-0.046979149034829
-0.589331434132327
0.121982664116603
0.075809070743419
-0.407079383798941
0.601343372758482
0.819848349690850
-0.146660791313525
-0.709801821404510
0.682960532478365
0.017460573695825
-1.577071727472925
1.007751508674474
0.024418616732885
-1.604982879855810
-0.408932283257849
1.110602981177540
0.517361098105948
-0.478244973227979
0.867948677230761
-0.045861758421338
-0.948882844926751
-0.542478949778123
1.050698692483435
-0.046761999536294
-1.294145272393298
-0.592204704181063
0.754009037682687
-1.112272811258999
1.381089115517601
0.430211896642257
-0.374032655173646
-1.578475886792227
-1.805639353823200
-0.119120066380908
1.577021502313499
0.227862202139642
1.904850486585369
0.297098697057178
3.197509294990843
0.566050044336303
0.231935507934485
1.570454460354945
-0.118894080034823
-1.479305706699791
0.885429602125910
-1.366322990444980
-0.326371605539334
0.963891492734072
-0.048978179559984
0.213022250345477
1.352498767850961
-0.079013323357745
-0.113366171120750
1.074519115343606
1.035697575806702
-1.609423209452536
-0.391308384800842
-0.043506075008356
-0.125522876053716
-0.826415198073190
-1.219809243866431
0.968116316196532
-0.827676297643595
-2.614117262373871
0.639546057805693
-0.143138147390485
-1.672556764422179
-0.812892575765952
-0.402268438309556
0.259112345969173
0.454519606019967
1.492576976167398
0.727198861153689
1.654944875425839
0.538385020644652
