-0.190945696378330
0.506113743959477
-0.579201387399928
-1.329748614187863
0.260397654026134
-1.075222531845852
1.067929693705011
-0.668543583725047
0.678433555617252
0.490781332713317
-0.986278854176772
0.967379922620091
-0.699467309692771
0.171370785703892
-0.161022323079776
-1.337655994256952
-1.150566672169231
-1.213146118174146
-1.077554788792636
-0.433843172164200
-0.692323937195434
-0.454994286632995
-1.610597452422017
-2.234842391486158
-2.659486103066185
-0.838987223046615
0.433801963128595
-0.988634405785925
-1.838243319009023
0.289136753050942
0.343126442051758
0.849033496598506
0.759145555623179
0.333094356352051
-0.457082213828477
-0.479081456249632
-1.056557385218184
-1.909253170267192
-1.313682803122403
0.464293239563744
1.021667565377247
1.354857529785785
0.187994160797398
1.465775541175994
0.918803190309661
1.387855805019714
1.506093087745937
-0.818338304999807
0.961971146823076
0.614076053265234
1.656989435507558
0.307648415673092
-0.285613334796019
1.340002051908580
1.516749933165845
1.202266044693430
-0.317441978448487
-1.689415426958313
0.417802867350828
-1.854133215339740
-0.484736243617407
-0.163642730957045
-0.530101081420352
-0.689014348859594
1.340542759896189
1.681531379781663
-1.740155813314565
1.683462247543644
0.573618131360455
0.511130327311337
1.056015035991863
2.074203332290140
-0.133204966209295
1.601109051834540
1.949257971515192
-0.057979605157574
-0.303708399024201
-0.731906499270147
1.695574196852546
0.030825629696130
-0.053349330079049
-1.317205067060604
1.940318313943854
-0.679940410844547
1.352292219134341
0.969888968415018
-0.534054830974553
0.517264265452449
2.908391233177384
1.004741268094869
1.187893380501759
0.479067082561201
0.661816993696665
0.503442133938049
0.738759992492756
-0.269391417173529
0.568790365051764
-1.107751541523402
-0.339613408339463
0.449836799045619
0.331232929628159
0.256788847808540
-0.099121920437301
1.039278825682390
0.358109162214936
1.984319070727630
2.057465933043005
0.416937363763711
1.158965821061665
1.454148730653474
-0.083294469185336
-0.517946272661129
-1.283986112949166
-0.510559964822695
-2.086209697104653
-0.755014188403860
-0.960879132450269
-0.291291949657098
0.188698119303081
-1.224519928080506
-0.415292299985737
0.433231416356966
2.164270162270070
0.150619584792740
1.136027018709233
-0.508585515525891
0.953482665884150
0.542504023712885
0.025502798298083
-0.419927015875872
0.723654341921851
1.144411390068277
0.900385465088139
-0.025032521711606
0.961038563912821
1.201533024089113
-0.613652019558426
-0.194911365016356
0.604763649761196
0.674203324177372
0.612795945729422
-0.363107764081832
1.677746486479436
0.500383736025623
1.041906493633532
0.939861507859554
0.012202406062702
1.181403339753567
1.525690011792903
-0.232768213068627
1.201478372180184
-1.178226787403016
0.101654292568666
-0.910531596336868
-0.415017616831712
0.699308870842524
-0.166639914344751
-1.130844628295532
-0.994427714653376
0.867415669481672
-0.120630423495152
0.285325905045099
0.148482959470369
0.209657258212769
0.263652810842066
1.388044541451102
1.181508607799509
0.444757240155375
0.393429512627876
2.290651817668339
0.417335302674973
-0.269951815099250
0.616004719458688
0.246971774725303
-1.465395698833323
-0.199496938352533
-0.293243708740057
-0.303506666348963
0.323167970924005
1.424304102688017
-1.030045386136467
0.270506453798859
0.702989653401291
-0.718519403881203
0.258975329858046
0.625575260158477
-1.151940393118143
-1.181202723389912
-1.016381358493230
-1.238671549239591
-0.804351240247886
0.714630128857492
-0.874328790906773
-0.379332442568283
0.316141314949402
-1.148322916816599
1.111474896579195
1.606768911929493
0.188337392665725
-0.296756232988471
1.674759580534709
-0.018727399400512
-0.310325216220652
0.758969237904216
0.472392615505801
-0.248855904514094
0.967975909915731
-1.658945923714228
-1.194160454540374
-0.303886081130594
-1.764352168751471
-0.278950364651893
-0.554376544984537
0.571733879279557
-0.717252916341012
-0.849278430094523
-0.058302975988993
-1.521862832377389
-0.528229055445746
-1.239445451708965
-1.049894086784146
-0.419708728048783
0.715187497464144
0.354922459801968
-1.270060595380483
0.908494584628379
-2.379191843922849
-3.072789066285285
-0.919127833842408
-0.412802747886578
0.214237484955683
-1.130009636677792
0.004437198632330
2.200837919490354
-0.558976103937426
-0.231425371387384
1.060507516507949
1.627810351069646
0.476888496357776
0.518685836972489
0.978722440912497
1.835924037557403
0.958621065395976
1.426562155867342
0.239954186142583
-0.670786496401828
-1.339111838429293
0.372984481763747
-2.914021193640377
0.778933126912683
-1.579886901866976
-0.682129118058811
-0.288360005509483
0.860481013073887
1.488006915385669
0.573887015317227
-1.655312193606256
1.651267553724168
-0.748388587504248
0.316108177872989
-1.919285351915001
1.175235076348210
0.936766347329161
-0.730336399700276
1.525779294187646
0.066495237261554
0.089820410666210
0.674233868870141
1.048965458821196
-0.345584821679396
-0.013255201799410
1.319659107325713
1.493547011393237
1.781348853454911
0.662226202768716
0.375875262180097
-1.217666164598741
-0.085231338366176
0.722289107018508
-0.517199391631088
0.166856004658496
-0.047538749693547
-0.391687976398739
-1.669959673039595
-0.368626189317123
-1.757107442840580
-0.919923383915484
0.245033986166405
0.108522185604708
-0.290123808730968
-0.385273595574389
0.866857972526204
1.035523567316279
0.523313655003364
-0.595482770120524
-0.788539433137962
-0.795875502665718
0.653361319890283
-1.215114916069563
-0.482614486564513
-0.910511042277817
1.198170133004344
-0.087595708034545
1.642800511137417
0.022945360191219
0.186186684109216
0.592202044576462
-2.182489842770805
-1.273889264890189
0.037191275496549
0.443209608902787
-0.483056238670233
0.156613475815314
-0.937253210701632
-1.817288442608374
0.685964697779652
0.854812481307925
-1.342113204830440
0.735485280365422
0.793392945316710
-1.552225353273891
-0.197060144325518
-0.425576331697007
-0.798321691156173
0.600859492433076
-0.104427557374767
-1.232977800798551
1.042928317437577
-0.189121620281573
1.559344066358690
-0.516468849147137
0.152569597328413
0.839856037048864
0.348033969115724
-0.550787612469294
0.189612956456109
-0.143187282598155
0.492159258016860
0.136424175928649
0.203600185885037
-0.529041446277343
-0.847364072515914
0.602892203333578
0.432921259090983
-0.099117982049809
0.573200892168069
-0.058274596483726
-1.246535806205216
0.860140913029993
-1.100140687232756
-0.917843542122029
-0.507908604857250
-0.293376612780906
0.033343506254997
1.684727073138986
0.764086908554095
1.177764100993070
0.507577273662758
1.329702973809023
0.534255036421921
0.216943081350601
-0.587576040404459
-0.128286182606802
-0.778703858874995
-0.408150625560754
-1.600540909151230
-0.864284637501863
-0.497633152295919
0.730888596012689
-1.874560275344558
0.183161066248901
0.422832227404725
0.718886086654062
-0.097577381402739
0.939282019624026
0.867135316519507
1.049087072889851
0.624969621989902
0.900617527770773
-0.083666284904181
-0.416409218001805
-0.243646662697063
-1.028881249865312
-1.587946031002804
-1.656407421762514
-1.207745382588021
0.797171732408234
1.133390065390769
0.470176714938675
2.957705470684250
1.704499111084407
2.203927621347617
-0.214033693700910
-0.001979825710987
-0.422951433485919
-0.178498603872595
-1.381968262751121
1.715238837776771
-0.570502756290057
-1.871437256786777
0.334114208048752
0.618645203022366
1.263786812060938
0.086700331562707
0.458401120727184
0.147260493191501
1.488018435542852
1.131761971904590
0.249861253188186
0.541630040592845
-0.033081180489315
-0.527036896915305
-0.098211617325489
-2.416483346658780
-0.439821484724823
-1.863654100428858
-0.153727503784670
0.620261609127598
-1.834363059932282
-2.118514062938416
1.463060047873181
0.413135116749224
0.776212311789641
0.438256651265142
0.753462123087879
0.597095617884616
0.263296194670119
0.370106052831672
1.681063070255700
1.551046656326147
-0.256480808488860
0.882246078629785
0.014095854168412
1.359014309805182
1.027448901466040
1.075855139650511
0.348667640898221
-0.028434687334443
-3.023411585294741
-0.760164533219484
-1.104003405386453
-2.496749961168013
-1.782462770683899
-1.717235477078849
-1.176089592763347
-0.545153676167568
-1.456833915854364
1.390235470938875
1.336558443564572
1.032381225090766
1.101526969572421
0.643283010501144
-1.500685212394363
-1.602531022369386
0.647337278890212
-0.654635403307265
-2.064116368642838
-0.224809354778922
-0.482993049366359
-1.263784429398564
-1.249899402422774
0.429544966937643
0.725548975974075
0.577136450341429
0.178237211169781
0.392486685667436
-0.505857619843329
-1.216975594915185
-0.503225361649203
-2.909890853598013
-0.842927739825535
-1.749925883464945
-3.181477880013025
-2.146311944640949
-1.032297920572767
-1.054815984458896
-0.267591493194021
-1.709463342880601
0.953461833702897
-0.191797990965614
0.754226226142638
1.315454213278657
1.656772988752694
0.204842229822701
-0.141203700679642
0.196347808114197
1.140128542563426
1.051568830770637
0.694414694114864
1.406373527543852
0.169240963212980
-0.746304728387896
-0.269302928084409
-0.099495223639204
0.294186402869288
1.008420709437366
0.731964571319426
0.082887474773347
0.521456337338808
0.401255439828209
0.717582981270879
0.412412942085664
1.804136757434129
2.378217892963481
-0.919639674635650
1.887914896158297
-0.116478015271845
-0.299386153754616
-0.121280663170634
0.164713099219166
0.459249140787573
0.354001872051656
1.350757777130528
-0.261701381778698
-0.280195532972552
-0.236135528665658
0.144449553720537
0.301355888487596
1.071901278405126
1.232357345119247
-0.695120526735464
-0.803324723414617
-0.479454255585397
-0.338947538007831
0.305640532630679
-2.904850833406462
-3.016801841798442
-2.071642401779270
-1.449355118603606
-0.579475192970776
-1.359504801785196
-1.274975182460204
-0.134694030481061
-0.570411604227081
-0.210144898869290
1.668002971986616
1.049636774585845
1.257266813937321
1.943243666710454
0.892903609400427
-0.517659173892125
1.048555600495556
-1.007861577424970
1.120265395639001
-0.513261674881793
-1.063337557102422
-0.476256756269328
-0.293909841265288
-0.198050768025951
0.386619949390887
-0.288168089299248
-1.133038989304051
1.267549040038117
-0.211921708650719
0.819744058558965
0.550559013383470
0.901676389979616
-1.748263061575212
-2.125471864452502
-1.229720773676935
-2.045710700538297
-0.839025479726630
-0.296735008611921
-1.041566736866494
0.100519808945563
0.006003478993248
-1.308163768209303
0.077029028370320
-1.213052803476408
-0.109760188065271
-1.063977919951324
-1.160900682376540
-2.133870571462662
-0.778448288069305
1.306244644758539
-1.121695906579933
0.583523301054514
-1.175317644654248
-0.008721399645365
0.677260714406693
-0.924057485088366
1.466068883636196
1.044919177896252
-0.188673918275674
-0.439551428303677
-0.859971656784046
0.057665475087399
-0.946274078771499
-0.637025147304568
-0.733816226783053
-1.253664687034731
-0.356263505952195
-0.343241609237510
-0.023812336118384
1.477451698103272
0.654566385550861
-0.288372252887943
1.600656230502980
1.184262246808956
-0.997936752716604
-0.270030300732297
1.119999293967074
0.613678239944123
-0.424145246204603
-0.395877510317677
-0.554925525482725
0.024558555445122
-0.074840129776332
0.204850566855915
0.848356385206161
1.331966838984560
1.253104058292965
0.937368385489691
-0.491597101890599
0.213077808433013
-0.652627104225721
-2.162714536892434
-1.539431053551057
-1.643623039142605
-1.729663240601102
-0.810326179842074
-2.449392480328568
-0.142300020583944
-2.944259197208240
0.458479941161548
0.288343820336097
0.823298231477184
-0.407945121128833
2.431124456609812
1.678244637577970
0.517242897797345
0.486852788323569
0.392461152691341
0.718018570378378
0.474972721242107
-0.160620283634255
1.099595713105156
0.644627888468213
0.388194832319833
-0.590535862986842
1.120042529459317
1.156016866866521
1.828837094275901
1.623384951766023
0.029123907151693
-0.589719725705969
0.576382704741831
-0.365619581803261
-0.156807246568984
-0.324360557931694
-0.835780070286666
-1.874943833507106
-0.410452881569782
0.741331961778530
-0.661688446143865
0.606663725529787
0.769314860130062
0.046082041397115
0.677333709795600
0.631945292481050
0.080772553399372
0.583412747236847
0.683049415065696
-0.702850585346613
0.999446440663038
1.727990737440774
2.616400617109886
0.062745390282007
-0.195875853474165
1.067136105905734
0.677229821141120
0.387339818865178
-2.796379466752475
0.958425685228875
-0.771812072556803
-0.323115646520780
0.849198830091597
1.407290091499357
1.462331502623672
1.198975206004637
0.042292280836201
1.063564753065321
0.714822049419415
1.152003978988793
-0.639006925634201
1.330839174706563
0.491510594028664
-1.267353229179942
-1.579819543731755
-0.822122558988833
-0.281580804137666
-1.344297886085264
-0.501307148403264
-0.875838932010052
1.221755704172928
-0.857030676081450
0.473700215058153
1.812554363043729
0.148160497946473
-0.134362153686238
-0.954674326223595
-2.962675446914858
-1.155673908551525
0.210724087352162
-0.721159701726006
0.504005090560876
-0.708205198741901
-0.437808909379246
1.083585948942542
2.581030574280899
2.377377876126353
3.365874039852854
2.892265320444222
1.486128687713147
-0.301456494364148
1.659161140228738
-0.877768975617135
-1.281371452308088
-2.597613653210650
-4.570875836705470
-3.977452725233392
-2.931241045738497
-3.264154352004502
-2.518548475722076
-1.617945997574712
1.552282157180838
3.752919726492416
6.180310459660939
6.752820415557588
6.284657119610467
6.311002990857287
7.592573096027817
3.374656258917790
-0.847146575803721
-2.911931198505782
-3.950518612545884
-7.153461065073045
-6.804354093371296
-7.560015909575800
-4.186778510980976
-1.193841544506387
0.576162517842520
3.563715048119641
6.035164233963221
6.577160394159988
7.988081795651385
8.333006229986260
6.480362869668340
2.937038154487219
0.233638636878086
-4.794227722825916
-6.450240207695483
-9.306831261827579
-10.173123880493430
-9.487633599129746
-6.599410787144076
-5.017209953544778
0.543504832382191
2.969399209064752
7.035183590414327
6.135911306266180
7.857336361618376
8.646136588203907
6.514462865502218
4.907696523312043
1.627195066681544
-0.988703612866786
-4.823938061892040
-6.096599419003942
-6.587646824806590
-6.593826941949380
-6.446262129104250
-5.359476067058395
-1.247105096042098
0.397622922046387
1.089600019917260
2.606524143150623
4.267719135819822
4.474600516188493
4.070749300540450
4.737680305972777
0.827914417458207
-0.526958781525565
-2.342448836231810
-2.191018492437621
-3.068384703536437
-0.708286324310991
-2.645788713490920
-3.091899997235119
-2.118038251478911
-1.154065684076932
0.437310234493431
-1.909433931850370
1.241207443931675
-0.858400277338515
0.772855966868949
1.323188659833032
0.890461136317558
-1.914614774590346
-1.429530408202735
1.105947657843665
0.098082975806681
-0.797702701104795
-1.441125564500727
1.546833258363433
-0.622958026922075
-0.352239583394737
0.342698695673798
0.309229648027207
0.305660846244360
-0.916572734909550
-0.241038268052453
0.047267092392383
0.214860837005720
1.632832341050164
1.227647963728860
1.890967159654278
4.115785282893510
2.064698907894161
2.310603970460004
0.967941956348051
0.729817867138321
-1.462157617506204
-2.771396535640530
-0.974010903714993
-3.987684036579011
-0.690305226828841
-0.036382661597060
0.225599174918331
0.219730318980675
-0.620894236494186
0.606549358288388
1.206022734162310
2.294532462476201
1.088877748271362
0.805893059420115
0.223054411522425
-1.358440869988479
-1.129168563705831
-0.841171835829866
-2.488494232054608
-2.042533746751917
-0.959915133583046
-1.164280039734471
0.313612997931312
0.404889995745500
1.135729034703614
2.950794453366099
2.739974448219620
0.835030552585739
1.006830649624578
1.198395423871665
-1.208425175726799
0.656547012354043
-3.728714837133272
-2.239214920213511
-3.208668585168463
-1.601272945583292
-0.139309081763846
-0.750748194115154
0.245919915519626
-0.698272745960087
2.058085602614691
1.261066630624056
2.319538065420652
0.114815632616290
-0.358416401385337
-0.481027614598676
-0.872523973283896
-1.320734326535723
-0.555877398432585
-1.910511267098746
-1.870614879011521
-0.398523973826002
0.711236353649205
1.054828108242610
1.304338362614646
1.140857293302105
0.933468450482456
0.411880564415750
2.542623593208619
0.694484064502799
1.851309238173352
-0.193170942718180
2.366527471540997
-0.904654364714485
-0.831574068322193
-0.488091449128127
-1.292991719295320
0.014181128629911
-0.627311766386682
-1.181457473539669
-0.502818033713905
1.383444156341471
0.026337364742604
-1.129721226116317
-0.338470514384759
0.444186814300876
0.497974313140250
0.515307402731137
0.810738841916783
0.444948545411349
-0.934058646127025
0.291981461936406
0.071288186359527
0.598196958326639
-0.067675659224366
-0.103551689130550
0.475469923562124
-1.171759448324071
-0.291805818054420
-0.529169601097691
0.234334797973121
-1.002213860584742
0.601846774450376
1.622465037082220
0.375127815235795
0.020794314413531
-0.942985324088881
-0.790947096517399
-2.040270699367245
-0.562908391816876
-0.226347995389571
-2.830980398852024
-1.815259581250098
-2.142009308286293
-2.295699821695382
-2.511854281781491
-1.166400883125590
-1.556061792038450
-1.418692622652281
0.922174325779780
1.077540305930648
1.226344117728805
2.518714315218125
-0.552149813687920
0.351976372499623
0.174901288550151
-0.118641898097267
-0.735898515464586
-0.735046544880851
-0.464320922026455
-2.191124373070438
-1.627007778558980
-0.435610388268977
-0.055720152249681
0.784755495439763
0.982096028607600
3.559833651812562
2.021747817158376
3.056202423434397
1.521690386548251
0.493317019337614
0.453707009581044
1.568805991627426
-0.871460187563339
-0.646489569333229
-1.626843913606485
-1.752819712105519
-2.453310312612975
-1.583327912444119
1.354296570491455
-0.202549204340912
-0.114143750432345
-0.048048203787423
1.607354081674047
3.467425191050167
1.697586674680325
1.047147927611600
1.263397582380759
0.448169056300885
-2.201435502082594
0.514698030077720
-1.401966936073449
-0.047048116964610
0.511837666632773
-0.380912923250273
1.765306960421246
1.470160086577101
1.311212960090395
1.226427517249846
2.423730264119206
2.151434457300271
1.349213900468659
-1.110559759971419
0.642326893324736
-0.015021949477723
1.467679757925006
-0.581766724863536
-0.184950968972248
-1.819702136898167
-2.455403274089190
-0.752700250985414
-0.267607010802348
-1.277520380968963
0.593378976259400
-0.364685891160722
-0.554496774198687
-1.120274029222031
-0.125720965945159
0.168346334609897
-0.713544894077579
1.728967157073017
-0.497996332641848
0.438678513008218
0.001871652832599
0.546233458971523
0.500439770952064
0.157517585528590
0.963797051779328
-0.294661444593482
0.428799479489839
0.474885569815603
-1.594693359758963
0.441756017777585
-0.734128085479215
-0.523183356126742
-0.409025531051067
-1.005413154121693
0.343153921270671
-0.469446100922589
-1.660585999281605
0.290690048410784
-0.561538693600125
1.696670791437387
-0.248449281909596
-0.214425203772960
-0.101447236957840
2.097171950643546
-1.066653433478622
-0.457357870207719
-0.301097118632947
-0.658546828651876
-1.364033405545886
1.954675116659463
-1.513885895898023
1.483852073786512
0.941115589031221
1.121245278813587
1.761319407875987
1.306270741653843
-1.087030986731572
0.520398215376444
0.439645150395225
0.817404106854086
0.483277710131121
1.283334075809069
1.064167004895694
0.363314701521097
2.039150025330358
-0.393928864129064
0.380863451772155
0.110346358881001
-0.848650709306838
-0.095251136502821
0.175214224329059
-0.875075846265287
-0.988991635617204
-2.084285922200530
-3.515092299162879
-0.406384739914055
-1.602917484256447
-1.328857040054043
-1.007525635299055
1.042036068480649
2.293326455877978
0.198517075998803
3.721047630841397
3.972617885835386
4.477081448207501
3.322848667688635
0.851688739319401
-0.517532698961177
-0.888986418096509
-2.412476318385850
-3.319317154100276
-4.161451959449176
-4.137773055119983
-3.390639630767150
-0.558000231051831
2.223865773358555
2.711210581494846
1.107577228636254
2.995098265279196
4.298790080689004
4.167498712682400
1.242328176296369
-1.021966550759128
-1.586989227689613
-3.979121032879016
-3.376171430231912
-5.500345407587370
-5.269632095151195
-4.753758245789003
-4.572365470715843
-1.409196489203024
0.089762879247507
1.169323775312560
4.399897118138990
4.841486943650731
4.959268744929598
4.425319879022993
4.382924101310240
0.936910966080175
-0.840251192663242
-1.460100900701643
-4.082641252351565
-3.672518242210075
-3.027317511046718
-2.320156215138487
-3.220808860882936
-2.156766656045390
-0.670585287009886
0.515568711460193
2.356799943564666
2.675900745299794
4.001234313789435
2.449083492907607
1.400581533953079
0.133257082238191
1.677518900834300
-0.492967580912211
-2.847294799073299
-0.934950716645632
-0.683602078367739
0.095011370371229
-0.787785564832980
-0.140631309477297
-1.929503406537388
-0.050840079716052
-0.272254673128514
1.005419069271436
-1.814599499130189
-1.197613155299714
-0.525537415013166
0.202083038611525
-2.486983267488993
-0.283713223212851
0.973588623451606
2.569038353371947
0.959594030398394
1.829267384814181
0.198064779556663
1.596479239520583
2.402748649423057
-1.207698572679108
-2.075556237293571
-2.566397644024150
-4.914649061842367
-3.281006054109344
-3.271683028807978
-3.184759548598884
-2.371879914028189
0.000710658641883
0.453840411905138
2.652266158979601
4.680107705751558
3.018787966808286
2.736682350889462
2.748768662532292
-1.013924131137116
-0.059196774065363
-1.478885089877093
-3.650748902684815
-4.066405621733415
-4.367764290148269
-2.786767805482007
-0.692169768159507
-1.071375133898244
-0.298702863732650
1.729459434453395
1.385935427342620
1.790667355253680
4.158666841661750
2.469374678120544
0.767247348479200
1.001437772102660
0.555009072303234
-1.488430006315644
-1.492480154965584
-4.402370641449808
-2.611158472075500
-3.380351173375432
-3.344739629306945
-2.985994192001702
-2.353295385022620
2.009564742504045
2.348897779172399
1.953802993332027
3.425568555918251
1.273899258738860
3.642710041218634
0.333522471416018
-0.266836751744331
-0.813972703537734
-1.613499420601521
-2.298672468710417
-3.062900759683984
-2.854505697496918
-0.697144725403338
-0.907003278376601
1.190964373710397
2.701435588198119
0.165888535500722
0.071584912250836
2.069919267213542
0.908477732448648
-0.426826437506671
-0.828607929630732
-1.139535413955587
-1.807316539420961
-1.697991409726782
-0.017890346234854
-2.575325870935044
-0.131790556499653
-1.562144862450084
-1.901521557521978
1.480898738081864
2.149702016623021
2.812017429520487
0.703689852957185
1.038790327685100
-0.543787327140617
0.621370060624428
0.435055269925097
-0.591408047647019
-2.157779018422647
-2.294179576418579
-2.133598868885846
-0.764418775534710
-0.576410894149773
-0.951860350511323
0.616901034143757
1.643004112057091
1.677351828082896
1.451808251719335
2.335662412530152
1.040627098417469
0.936921066321649
1.117800641813385
-1.275147287665766
-1.219894826885579
-0.852163211150087
-2.384798607810771
-1.578462127153100
-1.391183039638327
-0.599001386315526
2.403076730243301
1.057451445449073
0.877463219850986
-0.384066387324107
0.989741975438595
2.093352048571617
0.346887500123074
0.686115480251653
0.946884695838320
0.602556032794752
-0.407167465333906
-0.215312419690460
-0.910476387150783
-1.756836148004454
-0.823893161001778
-1.919511295552487
-0.786308174041668
-0.736324091443493
0.785573566595415
1.982553077953766
1.110491656675757
1.087161141151824
0.093464381920249
0.843326805897406
2.077353336226842
-0.006309429197303
-0.060753312739606
-0.515019361077713
-1.136672242868390
-1.336737519194261
-1.852699087833916
-0.930347104158303
0.272815014447106
1.455621271859159
-1.443978331225777
-0.660476217909855
-0.670782643505978
0.467919956939829
0.213473472998974
1.700692030111524
-1.443134806743912
0.216074249955583
-0.829491786040316
-1.418796734841501
-0.295261118154946
0.511145105087474
-0.191525759040094
-0.319142586272764
-1.108844143970276
-0.737315493973189
0.682506226563048
-0.550066625570414
0.149878421631513
2.074402375115913
-0.548727271058797
0.425476174557085
-0.645189518382553
-0.100239422813146
0.006996509940625
0.291503549070894
0.137918687259314
0.552179845076855
2.378299290422724
0.482859400706924
0.024184057730902
-0.646028494569978
0.915690146541285
-0.460248283911680
-0.062750890380260
-0.887743651862567
-0.363240241631184
0.627855386153792
-2.085178708848731
-1.258263987102475
-2.452392402309776
0.760004284699548
-2.343057614478254
-0.888312550673045
-0.411639340118682
-1.516838184822523
1.536162036769187
1.801515107486014
1.436092773757933
0.948314547442134
1.110226029402658
1.108719371176806
0.394262861670301
0.924058827381908
0.422408344875481
-1.960712492698234
-1.309449039296223
-0.622385722040668
-0.142873811361500
-0.423509719514813
0.626635997816681
1.385570916835275
1.950320653886662
1.206530725345170
1.181266553390911
1.780100328916528
-0.085923672845110
0.243625282577316
0.026001485340176
-0.713718842100513
-0.432771003455230
-1.581941005794691
0.153176235290757
-1.699544645670007
-2.295840194666006
-2.195756988582912
-0.653787581505501
-1.444370910070161
0.259365069345174
-0.210597323281850
-0.242105773291757
1.117097333833212
1.067113278428790
1.277879999534882
-0.413291051357191
-0.004876398948019
-1.020109625887469
-2.885275009409488
-1.888807767746556
0.337091781505188
-1.442714946058785
-0.249632111914050
0.065265111244338
1.762104521305308
0.612701075865104
-0.587393904465243
-1.757023027951331
-0.520278808243516
-0.907131970637049
-0.370372021182145
-2.560794122457568
0.324420404457611
0.715025171677426
-3.103404513528528
-0.655524942914868
0.614585470167991
0.492205114709927
0.352673394996898
-1.219129353719599
-0.367071105401418
-0.949718428664103
-0.889347151254561
0.480232979300048
0.306919142149077
0.594076326747453
-0.689257719641499
0.023891910976234
-1.575829696472361
0.206556103832176
-0.514568995061138
1.322464455115614
0.927037828840202
1.856066061627362
1.945292695810676
0.788645759435274
0.765757667577108
1.023518189346463
1.008949345586871
0.211980631187582
-1.131999657834281
-0.717186697720452
-1.327400828103158
-0.711189845776563
-1.570119858304376
-1.914742654226870
-2.054458106460976
0.522087831572687
2.377212230259890
1.421356396472770
3.569107743436632
3.552656031096748
2.233175685904103
0.722116019293006
-2.118729190176998
-1.157181374945268
-2.442369379474646
-3.050404971377329
-3.456306442144832
-4.243600039481223
-3.114333949010883
-2.277403461481619
-0.159617613543819
1.159467826965489
2.207374845232863
3.433081490153270
3.829025163670003
3.768300714486239
3.826520284714275
3.081043307539148
2.166088895726002
-0.437578435733328
-3.020804825791419
-2.055663308371839
-4.520956122494998
-4.255211284094944
-3.395502449579041
-2.570002022928502
-1.432343693807139
1.644030798608056
2.688488787338966
1.422937975878325
4.513127639886310
3.915911642113804
2.014817755560413
2.321096498458989
0.421246650782505
-0.524395302835308
-2.126983243961307
-2.712663032053920
-3.598581510868641
-2.540986414068627
-1.678486406164342
0.678612077023259
1.850338559592534
0.641276644523326
2.475465105267274
3.634618941204870
2.848302701009580
1.856595993316127
3.667103752702784
1.569031181558073
1.644117840156060
-0.751649471664328
0.557606613825692
-0.651171586120152
0.224146356530451
-1.665813970179071
0.369421770263473
0.791144680687339
1.055838621509944
1.881684263643842
2.644351767050102
0.683836984994876
1.911770687702980
1.946093485423728
-1.288986999199178
-2.342691696225847
-1.421503423396473
-4.002592847782203
-2.155640220709602
-2.379531504135867
-1.075791541873826
-0.416210547104376
1.774650132710097
0.712766930014211
0.245616237015333
2.985711838359356
2.782606429213072
3.411649569576877
0.946770210905126
-0.008415242261714
-0.952500414637731
-2.194074147450548
-4.777639641160270
-1.812352912634980
-5.139749552233003
-2.669113185623771
-1.483938173087019
-1.530005059454017
-0.351688421816008
1.316248701935724
3.872285782399021
4.283924508493726
5.182836984868355
3.205783348123167
1.676879898024237
1.463728763870316
-2.051999766997815
-2.799509511386535
-3.591681145596495
-4.338626216930382
-5.258897167998210
-2.136158930569694
-2.911274870670804
-2.130860606072446
-1.738436364075762
0.175029238812765
1.554889391300034
1.990142926466014
2.306827366540052
1.969608805990448
2.569918517714121
1.242953604020381
1.127519287564747
-0.273522940954308
-1.550343699846022
-2.167760280801940
-2.899202522520550
-2.415049590075690
-4.373240466588386
-1.460984230029482
-1.376148670775796
0.705513437274579
0.722253682932298
0.847660672415950
2.022956211609979
1.149859020312477
1.402740584710779
2.728671160013036
1.223633825671631
1.493045877271500
0.579313828132256
0.644220895562155
0.300793285949694
-2.401484299346528
-0.742699888339443
0.864842104238690
-1.053492798474558
0.297197507985775
0.057061527383181
-0.306340180845252
0.419969264777292
-1.241081740540011
-0.906709481902020
0.972837313340472
0.326455809266731
-0.097884999947996
2.054953460764347
1.631695785170397
2.823834351546596
4.233494243606980
1.172775403482202
1.304979398950645
1.037470447868671
-0.535256266992652
-1.800528021554956
0.686451104112039
-1.686152803917986
-2.084232621494957
-1.319668746542542
-1.796825870454599
-1.952353672899618
0.251651952170004
1.336698239731476
1.618147237561843
1.563554907616584
1.309035116669096
2.083391354649129
1.728131294462802
2.331785084678125
2.089971852955695
-0.778982507898818
-1.840783929306277
-0.176199637944882
-2.461408287498131
-2.645645984332343
-2.096306138906819
-2.000724370656621
-1.321809132352971
-1.274591602879882
-1.592237179996810
0.462427420401437
0.826989933383413
2.341772895831429
2.473507044824641
3.392611736129084
1.057549697544678
2.541125955585376
1.710850419017631
-1.950351328205034
-4.371335838527266
-3.681456715886725
-1.526347648979287
-2.250008340492922
-1.654321295798655
-2.008189906917474
-2.152010491489309
0.554337764607554
0.783911696305841
0.910907948075699
1.570913282929784
2.819918474946342
1.370497371517533
1.058649372628155
0.910608826691701
-1.189540061500014
1.204693796241991
-2.180011065899373
-1.130828620799518
-1.157371325173034
-0.835993831392469
-2.885632374038609
-0.327504315310423
-1.194564551260248
-0.250663288470125
-0.716662932613539
-0.181170380203660
0.531167973951708
3.709517143797227
1.572244197731371
-0.247962365928998
1.959179853941767
-0.873022815640585
0.255364990872283
0.322706748643718
-0.409961246159474
0.617749106551039
-0.858251219221775
-1.020438355446771
-1.724735009793500
-0.774772221710420
-1.958495350682776
0.952878138435150
0.218477991716012
-1.404822199612683
0.034024602196664
-1.009470175933803
-0.952576170898234
-2.567631537544917
0.057712492292570
-0.620927715963854
-0.069366039873821
-0.766417238937843
-0.785180004588499
0.978540676565161
-0.172525636130743
-0.224127311556215
2.067991702233292
0.237821344456367
0.350934063817277
-1.898200116516320
0.305814620521533
-0.264875716709940
0.244115623358895
0.973434902003597
0.198992189356070
3.147835728539577
1.562981084680218
1.481349677731563
2.814473024831411
2.750400084720993
1.402725157365224
0.371749425868929
-0.393747092423054
0.756666565598588
-1.352730860356065
-0.421907594134721
-0.206813109411239
-0.500321194568641
-0.538145821107808
1.401223993638031
-0.500474832883279
0.295184598886691
-0.775367640454381
1.089070833127961
-0.629422030663609
0.212902929288989
1.851574911787791
2.385338668390721
-1.164140719572020
-0.261577714064901
1.459372015375196
-0.967143184630116
-0.040813747526646
1.267571613650746
-0.115038514238640
-0.242697617616614
-0.770477444152842
-1.610302789666467
0.832568568221877
0.465009810715721
0.389119792653951
-1.040782215029927
-1.527498359455305
-0.147486785056312
-1.711860194418266
-0.995669259505626
0.033397970587134
0.115580782510446
0.150145367760548
1.585932344240164
0.749145344422259
0.907181940873175
2.453591743438715
0.844296222665294
0.456769616112240
0.343827339685441
-0.428069660703133
-1.485311824499846
-1.359592596675024
-2.346787803350897
-1.665343742694288
-2.712986558938129
-2.224287771193118
-0.589326008145291
-0.940944452086891
0.229142376936338
-0.358129738456753
2.067178437338858
2.904410070855826
2.084859681760673
1.708775058905468
1.944402962370854
1.096463890749596
-1.397483248711118
-0.994434360265248
-3.054408117851826
-3.169440012599682
-4.272431903022641
-4.138972491095787
-4.330283724431596
-0.872817416812758
0.260116183396901
1.460322341203167
3.396898674754427
5.055813995518831
4.844545954285667
4.506774948161761
3.707626802413679
0.457566070635135
0.592754645847225
-1.020174202640207
-1.919660018308871
-4.276450615762178
-5.018484077349887
-4.005299065911607
-4.392920991926093
-2.599001609399163
-0.501136417345346
0.920835853682802
3.106240362502148
3.593048508587259
4.979412998667456
6.686539802158937
6.931690004134726
4.463077008170365
4.218969764907225
1.477405622786057
-0.372501263116083
-4.156382724093427
-3.128608973719204
-5.215581781803614
-4.995465856062999
-5.889364896905128
-3.741825869696215
-2.612919513267157
0.136408484115550
2.402578395716219
2.636715362325055
4.266508783227091
3.834135716129385
4.447443005317598
2.893763906294538
1.641401634633341
-0.571365514149007
-1.148886428663651
-2.506841294030294
-3.344610472873273
-5.046270800157332
-4.011947544340743
-3.812391636069753
-1.888123111546234
-1.714219285447244
-0.673212107621252
-0.085903259921160
1.845276386781316
1.993854362829965
4.420451050839880
3.114655185985358
2.485530679426546
1.280174098769259
0.364508048390955
-1.553131312177396
-1.492893793421293
-3.338261451758103
-2.968688667349395
-4.837238147772282
-3.500757980664233
-2.188435579055043
0.308440231498861
-0.166251061783367
2.343791882041096
0.733676999894834
1.864880287938182
3.343363107082690
2.050682585966487
0.832282371163722
0.663852517592944
1.087787863589144
-0.497723207265757
-0.853976385161027
-2.428318926611718
-0.582577822354954
-2.176079243143849
-0.496823195650035
-1.505200367998104
-0.311683425813682
1.570268135407365
-0.120975900873826
1.325088098794118
1.405956388154781
0.253876683725268
-1.750941135846304
0.126403560145395
-1.297929164322356
-1.333282831850901
-0.581546699717997
-0.728124061173625
0.027974831743172
-1.458237276960470
-0.565648397257676
-0.074738403537725
-0.484151005955994
0.671926492040703
1.352793624110949
1.166363344661828
1.795572057130110
1.476939570911455
0.916300717546576
1.378620377926085
-1.132351800630352
-2.685454012088679
-0.014855041447694
-3.299690326414412
0.389823369054171
-1.225995322083639
0.578039792272485
1.186835568839280
3.583718566344110
0.955852492605915
2.975507547241797
2.043778047426398
3.606800723160695
2.842724708840867
1.517760917093444
1.933146070831444
-2.001566257189525
-1.769724273988269
-0.628208171022831
-0.165103513783487
0.202241918913819
-1.151799818298851
-1.455115238913578
1.518371863285756
0.877021584663632
1.635894396133347
0.953871590660539
1.715953587209802
0.284698138481333
1.251941408194461
1.624535046083039
-0.536844494109739
-1.490488353524313
-2.052846251420016
-1.256666930007179
-1.727476655686541
-2.842637707200965
-0.877673970540108
-0.203170450961659
0.441272792918200
-0.729490112144532
-0.393907124655138
0.643924289607757
1.733442758993109
1.406993964959083
1.162188593094206
2.227701556791946
1.135109223303768
-0.058054908430914
1.156595558255044
-1.081624844325654
0.274412322862421
-1.246927462697419
-1.331354074970345
-0.102657749220025
-1.230567972206793
-1.239701507319638
0.038604848261622
-1.824984243688487
0.877758325610217
0.241589252734108
1.988251912838691
-0.540460835505254
1.408648102636172
-0.760342528079412
-0.133467406082850
1.177310120141345
0.538438598383319
-1.288139686058988
-1.178194697068801
0.938142211955622
0.357943182403694
-0.782286388345544
0.121729146344409
-0.642076811785571
-1.800238751073268
-1.669216309226049
-1.874832120220530
-1.489503866800354
-1.389891333973931
-0.253456416080640
0.736225608278732
2.180408548015223
1.513695453220931
2.182420539976943
1.553799250911749
1.862506069489937
-0.019202615924722
-0.808225600394992
-0.608430321491566
-0.076068615277448
-1.594888279173196
-0.964129652905264
-1.756712037349327
-2.011109348597914
-0.839584633894872
-1.071795638644768
0.951477056307404
2.361258524183660
1.280352596509511
1.659367846091034
0.898943146004052
2.569214777872478
0.885436913541355
0.344932487508800
-0.164089745314122
-0.347754345538776
-1.964529985458598
0.942946888602590
-2.309276967152365
-1.370471403402277
-1.112475107558603
0.146621939022932
-0.658536457263802
2.481068522340478
2.155641466942301
2.555255220340959
1.154397502997944
2.080617752379776
2.286055196766251
1.052460968325243
0.935518241717082
-0.129225977262500
0.303409525627296
-0.506691130097229
-0.815295426117708
-0.538375723874247
-1.418098781253522
-1.404395338365830
-0.403154156559048
0.789672994053543
0.349575352929612
0.094567481182427
-1.272710869322101
0.889798827279377
1.708684483047931
0.517575700960910
-0.784192998961591
0.541237835082640
0.035852153879694
-1.778197194037231
-0.976902425832488
0.221369458004866
0.483176303333950
-0.431503074394878
1.797957144246202
0.293162871886887
-0.567920418248204
1.620470145054887
0.063893200643236
0.625622592242593
-0.241432601871573
1.382689553983073
-0.403466733629425
-1.287011858735532
0.307348635374785
0.171745188412592
1.227609871846868
0.165467186851506
-0.718311724552150
-0.021936166801469
1.002097511071241
1.298138013192524
0.144123621340099
1.596277965930623
2.199967687591221
2.258654820822105
0.354539523100688
-0.336398831668623
1.793436389413048
-1.968017642726976
1.134061238457665
-0.628814971340890
0.669742402710676
-1.161210550358151
1.114631054841040
0.635442712501033
-1.417104713982550
-0.503738133426670
-0.656790849450844
-0.933930834605098
-0.062220351857257
-0.195136531846313
-2.841453853723000
-0.338060113877261
-0.706167431501640
-0.970403078230330
-0.919454640480885
-1.963527197775166
0.074585892899104
-0.306629420618486
0.860560513233800
-0.992691058934269
-0.015127901301277
0.610544410864682
0.831310538319261
0.598369267845756
-0.483671809006658
-1.492788946812305
-0.068119725935773
-2.433591288203056
-0.747239865079332
-0.192472106891831
-1.569170647650403
-0.491357322606894
-1.004327800957848
-1.003469097928466
-0.464243254732827
0.472953100907358
-0.995730030253850
-1.126366070387321
-0.000884585695439
0.014202685933878
-0.159124523962671
-0.403725345654040
-0.297963756896697
-0.419757891865451
-1.007971578961151
0.125405646673288
-0.097853371873592
0.380673146810767
0.046743180655018
-0.235810483592066
-0.556123343878745
1.154180032848955
0.521113747034643
-0.248527262450871
0.168128091877499
-0.557327167564701
0.002433858659537
1.721386425917584
2.209937258574249
1.733351830862659
0.049869923094983
-0.191671171284120
-0.164157352476727
-0.191164928003130
-1.085843216393075
-0.485947009875388
-0.917233377924564
0.213314250843749
-0.433641015746792
-0.626363884559015
1.045954526772752
2.204295262872849
3.401229690086772
1.792561246628604
2.836102262315454
1.466916306042145
0.968380748798721
3.004574175914641
0.940454974267815
-0.176992363139827
-0.342159515111609
-2.716052855577645
0.273595524541554
-1.462834418378691
-2.145359614152796
-0.792084164885685
1.455829680716970
0.939252010933624
2.983136764009260
3.352760239508149
2.472013436089482
2.878645046782021
1.921226315936596
0.650263170359221
-0.835376296712459
-3.203824465180790
-3.772898599921680
-5.192875636139959
-2.815840696161770
-3.839755902149329
-1.902061318650304
-1.242599876773804
0.623467918507580
2.169384138959512
2.035198481143230
3.601172273876875
4.803548031939703
4.261816730706815
4.208953171208496
3.151166173647106
-0.024388437842477
-2.119323919642554
-1.838814234163574
-2.591564422144438
-1.984596261203303
-3.298789272323579
-2.213404830192738
-0.490869151982053
0.242180139435462
2.035703046297089
3.391492809225777
2.676083363318766
2.822152146744328
3.413901518511769
2.841794757112540
3.304650680047272
-0.287846245689983
-0.318044178418496
-2.027306278110642
-3.149354775078349
-3.321717914187893
-3.508636953450931
-1.345371760349223
-1.688283882479919
-0.057215577780783
0.034887005436228
2.790540779067181
1.927758642366219
2.479362710700934
4.840504107506622
1.969832639745588
2.169488431271838
1.603460919305165
-0.172719498646532
0.659302838973595
-0.913525504661535
-3.222271589771159
-1.253921229010223
-1.401276018672879
-0.411552663486010
-1.346846865173238
-1.517534387794842
-1.750990392180550
1.187367744747221
0.309080851209562
0.092771565870877
2.424955450796114
-0.622902787267946
0.347901198277475
0.083026251402791
0.422030871720389
-0.120808070043248
-0.741537825552057
-2.710209700465053
-1.258957673785407
-3.594174810149545
-0.861397818586606
-2.497850787603245
-1.227602116282908
-0.413642769268621
0.324649104011680
1.462081560909616
1.851927410739184
1.551811100231238
1.915636569581199
0.906453686369470
1.727751856998435
0.394979505616278
1.251298746990997
0.365815636374585
-0.738088230778752
0.257755569387442
-1.041237789764496
-1.776307529393522
-0.714901822308530
-1.637657595356461
-0.711621249822773
-1.284167403617583
0.022404147800447
-1.189273942517431
0.858898214619789
0.929336426849617
1.947422777106501
0.554930244708457
1.350177223130875
1.880672619053903
-1.467562948053557
1.483485711739265
-0.142049676292219
0.120227115590443
0.132173801177855
0.702723841829674
2.411406514235753
0.860828222943020
-0.375271119468295
1.924717396456297
0.500792328191825
1.069115726118144
0.731708275765676
1.321245747048009
0.646844486955232
0.604334360748546
-0.631874018816592
-0.913211962031257
-0.754368383022915
-0.053180487375721
-1.373341377855587
-0.139538905855847
1.229443966382251
-0.581408697803293
1.658697928359044
1.868016029743834
0.755822501716481
0.607899767706927
1.732454259332177
0.382072463740899
0.191303990254277
-1.222816878515335
-0.683631197244982
-1.327353552888417
0.267013002888197
-0.259763766610611
0.351829833264004
1.144449888830957
-2.181180021475653
0.731965648578774
0.790777236918523
1.502225875590816
-0.133364723999090
-0.244271529090926
-1.099615913078007
0.604752341408070
0.245295034514617
-0.324281042387637
-1.355083996209678
-0.495572890271037
-1.977664161171325
-0.064340947109326
0.635047765717173
0.177584648214780
-1.805454023718912
0.251213991918499
-1.735918920845992
0.523817773565213
-0.128784328032365
-0.350137199885596
-1.354219267901934
-0.886536368575808
-2.167206261834514
-0.984887301097083
-0.275368006185010
-1.378635215077725
0.879350413580522
-0.738147348028431
-0.608801746111700
-0.324065369857371
-0.457724763959927
1.304819599464318
-0.544686552378197
0.417697898683404
0.010156019883946
-0.778441489819737
-0.245617828622150
-1.127658192028052
-0.617091746060554
-0.670686839149202
-2.291417091568984
-0.251320625233196
1.360073300443614
2.138548034284118
0.929235834158954
2.298374591716287
0.143666079223111
1.822705780068500
-2.900991570587371
-1.036924281206157
0.293365134712198
-2.277313561981778
0.344239228042073
-0.934621121638235
-0.329004154990690
1.298477730000411
-0.424527654069141
0.553705231647769
0.699216439956324
0.669577544805066
-0.381270591434274
1.416763793959147
1.059419346227880
-0.346883294370341
-0.164887757070465
-0.652400579290771
-0.185837594101178
-0.465581707608158
-1.361906192946640
-1.797702190835680
-0.128379982735992
0.365644500310867
0.834851005886188
0.064046168248129
0.996587754924218
-0.805905698033680
1.583973147279918
0.242209008076123
-0.061347959985723
-0.031036327946990
-1.860182467428071
0.043990269965248
-2.152660862174729
0.075645545046151
-1.795601626035745
-2.306537145331766
-0.991306741725708
-1.410960285321751
-0.988187134848520
0.499570730177739
0.436017570317163
1.981373751374965
0.894881271052648
1.381089910943491
1.418797429564430
0.909945816102615
-1.313867945904066
0.168974906559053
-0.379922178046796
-0.991242545786887
-0.738860092819122
-0.954236549651896
-1.488712949771940
0.277305449700897
-0.038304491198332
-1.243893961791803
-0.819243238164388
1.876807734828334
0.124333529221410
1.482899485375405
1.096123770349164
-1.871324168969282
-0.726496889863340
-0.165361187778549
0.485832163903061
0.359927559038953
0.670379279618546
-1.030106778771752
1.067227462298567
1.053375725785678
0.567993716896379
1.714155627501634
0.059422710112948
0.238998498434152
-1.394654547987569
-1.564359195901076
-1.596485405326772
-1.221188733682265
-0.981429926420710
-2.307910658341911
-1.362962390955496
-1.912104437204766
-0.200877979508283
0.623814401882365
1.756730122923883
-0.713768719810195
1.156692505246128
1.420374018501577
0.653429594720100
-0.034478153345250
1.271689344139017
-0.112015944949337
-0.025364390441051
-0.831433572284100
-0.248731466173394
-0.668075221130541
-0.308083286355069
-0.442859346503770
1.278134768943885
1.548878272779128
0.615552957536831
0.126592649903038
0.184247980541131
-0.203970997776639
0.853808226322269
-0.651205795552873
1.608090936950949
0.720909888159459
-0.420083711570407
0.302246783075847
0.934951035155390
1.276691519332229
0.654416110400113
0.577055005615714
0.192856111304241
0.062844122390828
0.446822056932294
-0.767812488208291
2.233885891809594
0.327319958685491
0.845517648823659
1.815956973820556
1.608602513170018
1.841543616934003
0.732831856725833
0.547561484151931
2.110656562208522
0.195596943366755
0.464451319732405
-2.108147717226864
1.469880410753465
-1.589012654612187
-1.320061965140055
0.085960265614238
0.804353088525473
-0.842622447267085
2.279589067289903
0.072388807802576
0.781158574252921
-0.185528837345153
-0.422028128787747
-0.244560964759376
1.018542096236273
1.006423946527691
0.283525827172778
0.255870603135766
1.147945230949215
-1.035713201010466
-0.623949703799779
0.432755519859481
1.102587311773670
-0.974518313116540
1.092851365315662
0.147950165780680
-0.785235759029995
0.873324507395026
0.728169202475567
1.912216657081290
0.766646879975195
1.798157703682045
0.119020468219457
1.366202444064804
0.979503806595959
0.250510830287503
1.797008811739963
0.438644495753064
0.112050750354300
-0.296066059031473
0.353044604469177
-0.990214096810772
-1.134722146744978
-0.028433125619314
0.289312730211328
-1.149063123376614
-0.024443481618402
-0.077528124370463
-1.307275359274565
-0.465990300517720
2.433189637476356
0.342485904338787
0.443024425294535
-0.849646500286203
-1.066446973240877
-1.301270941847431
-0.220403018586643
0.391033472657660
-0.167693659810018
0.356127734770814
-0.347942440371947
1.446106649543359
0.282664848507094
-1.013519518898315
1.244204753585629
-0.656200221423752
-1.081195575511448
-0.365929940460955
-0.645883597107587
0.472098965902223
1.297061414562370
1.321037942769573
1.134657566054405
-0.733125331028937
-1.899840342791412
-0.601049513662154
-0.893816193745188
-0.311044972265909
-0.767789572523624
0.466173928917263
-1.055350559141533
-1.060616851906467
-0.215262069171036
0.318921607215303
1.609341455608360
-0.349471689246185
0.296659302614169
0.604787550382975
-0.394647535433397
-0.470305736663884
-0.179879555286306
1.165384797902173
0.506206951374179
-0.093919792966381
-0.834373281411526
-1.474270339785889
2.694055736348689
1.344660187603801
-1.404573642827494
1.974447042454037
0.649377075803149
-1.120096027013591
-0.041528705626710
-0.911314753063813
-1.911585415895426
0.848824966269917
-0.568504960540380
-0.921729256795533
0.100337663534121
-0.123201960517956
-0.651647102861849
1.612722831414123
1.659092841734155
1.044504239413068
1.071902676707644
0.755692532437172
1.808736749355667
1.187146030888956
1.284125544324748
0.243029639081896
0.128270164009362
-1.254282825122742
-1.002555654780340
-0.329626718912571
-1.556639561355703
-0.445998783172832
-1.318529444988873
0.312152568310090
0.559695311984616
2.139108855133275
1.720063070389144
1.796880396944794
0.668938026448971
0.825230553991895
-0.623308210611826
0.428587538326062
-0.815689956827837
-1.445493134727266
-0.189812405517849
-2.259222240414768
-1.390625049041341
-0.403711904694242
-0.396468174736002
-0.988728217198867
1.094187210673573
0.883020082806333
1.300577698521257
1.315114572384721
0.668420568707861
-0.799188577224516
-0.926871154740376
-1.142152538065177
-1.281405516900414
-0.454046855851536
-0.106251064982102
-1.786527003165504
-2.072816524414573
-1.169350438666878
-1.067730021295207
0.442897765180337
0.384175513721279
1.268379926047442
0.323882449207932
0.632123598311830
0.736804906043164
-0.357336262897290
0.875968791267584
-0.717052183118952
-0.332107254819107
-1.808884459537516
-0.892458165426686
-1.804667989559777
-0.874629258609416
-2.344266143090475
0.577404239000804
-0.416908832969945
-2.492412841807421
-2.371063524832582
0.050221090842371
-0.828341251930912
0.263358773905936
0.216379911113733
-0.774240935097738
0.079987822455464
-1.133330797863819
-1.353702110124530
-0.408200904776521
0.461411490657004
-0.041956893176252
-1.437481764923906
-1.089234420974122
-1.117696852666727
0.192865961777109
0.068234862662196
0.017779390710052
-0.492706734728366
0.961289252871911
1.827443966348827
1.407085140581603
-0.604917352850831
1.886002476746679
0.140654915657995
-0.160131109156259
0.742024737359795
-0.560247718553623
-0.560454390078937
-0.648298941639702
-0.866230693778281
1.214796333912729
-0.364367239614438
1.351141373292708
0.417167081970732
0.652252290727415
0.731197032133159
0.348265587879378
-0.754017342878606
-0.298867677020919
0.081818968543768
-0.383204438259590
0.152458762274171
1.782099465570086
-1.062581120933882
1.216774396126397
0.791224182627580
-0.272197894635958
1.881282113328858
0.635301397184777
0.635447465036907
0.497259151712276
-0.473607809326904
-0.392096260850424
0.346119361219598
0.567227947116240
-0.785377745130943
0.000463718818657
0.023071608356696
-0.439455072851329
-0.532119250209077
-3.469725298565560
-0.083504035799213
-0.972432048965255
-0.325144817894006
-0.323147808636172
-1.609655040982339
0.861590798515969
0.181335063073311
-2.955082366750295
-0.911351309315142
-0.480890281314733
-0.339756880112278
-0.440690415392126
-1.295414150468046
0.334587335180388
-0.849582598308631
-0.512542866313553
1.387097754348121
-0.266510564842726
-0.038228187188205
0.862926610635400
0.528685872682066
0.417974041557714
2.101416724213824
0.121519616302659
1.139808052057308
-1.117846070168267
0.977948028110875
0.733498084860371
1.333830578584759
-0.219791651870726
0.090464124786042
0.152326696570386
0.594400670501498
0.125653559757839
-0.380762545525345
-2.819912325198160
-0.435161624430084
-0.548145543887544
0.255778479295024
0.060674564089274
-0.305715584334898
-0.007609713802474
0.616714626123232
1.472823190242515
2.854452063902155
1.256730422859060
0.740743411805396
0.168253739288205
1.536643181614699
0.986273997528427
-0.184181900254866
0.481593890499857
-0.108173863608486
0.781473736504236
1.012453888159832
0.230227343967420
2.304543839316402
0.011519320290722
-0.803529073295517
0.385673625746222
1.127795479555485
0.893051547038066
0.958963409070075
0.311086707432090
0.103196768098094
1.076837325348572
1.112086942481250
0.897767304794166
-0.294876021523862
-0.085603785821092
0.301558785435593
-0.631922942540332
0.134088945280746
-1.873130399278949
0.189247559275391
0.158894408857764
0.110621208177485
0.083822309352855
-0.804896391847041
1.922919616260237
-0.269334394228252
-1.014965752710584
-0.015282904771205
0.700159251544847
0.117371504125321
-0.992562176043732
1.025425735852030
-0.485700247444259
-1.563215947277252
-2.120156561217373
0.583547258448727
1.121544541728822
2.049719166284097
-0.391391837051643
-0.685287580124830
0.081217763844369
-0.708211973116496
-2.019481590881648
0.265398052287526
-0.914406274585590
0.418641692355895
0.986807203042619
-0.456668159915428
0.349344020685953
0.554294532204174
0.908606170276421
-1.032248721102356
-1.516188507578473
-1.599391037236209
-0.453924167036087
0.463664294789271
-0.362168776611409
0.575047433020491
1.475613530357333
1.590904456598901
0.402614235707604
0.400485756952941
0.332868247815125
0.206456660037497
0.678872140390726
-0.655725071022593
0.279023648312997
-0.632612508694809
0.918304924079860
0.581622249215620
2.349414021369898
-0.136319314718550
1.775830335140877
0.909921838986849
1.815383519471084
-0.506320875117914
0.654152844567218
0.523507454927212
-0.336230007674581
0.230877613979109
-0.194460347894527
-0.733182411233894
0.492807407136741
-1.078233136079791
-0.354478978941353
-1.740045957561279
-2.372172946440915
-1.817522747146020
0.160480536371667
-2.270382747125628
0.003629353742731
-0.390521015158625
1.033489598885089
0.847909122515375
0.294330535387680
0.195526639723480
0.808831109834744
-0.249205816230708
0.295097313554214
-1.894631206545533
-0.321535392114440
-0.073146739158619
-1.353291901452924
0.434174307529674
0.820590287358123
0.069318673464316
0.676387066812911
0.325457545866942
1.149387292132418
0.351880168410530
0.917981774362348
0.919174064579372
1.231374838564057
0.112599996492912
-0.143088720032550
-0.646033870676458
-0.644982244459021
-0.975922313196605
-1.979649733114499
-0.944743989563769
-1.730166821434670
-3.727583128619939
-0.468073677652005
-1.909829263089391
0.030737401849353
-0.693160516421381
1.162825139984350
2.203280543918942
2.593571493931359
1.284635408081744
0.129345448127639
1.220665670165281
0.259765431003123
-1.183290360657948
-0.580980987799633
-1.175488087737002
-0.848033774571325
-0.076693338538524
-1.935928439595274
-0.182739481029123
-0.462938235261989
-1.441926238739957
1.151276135160371
0.003952218857817
1.154111727713250
-0.679223899163082
-0.015940812647710
-0.182144260668349
-1.520951143752155
0.142199298645112
-1.790841874274478
-2.559150077795708
-1.306654012225273
-1.697463527868391
-1.202412422643022
-0.916073505984913
-1.357947893165698
0.281776665931464
0.470324923475644
1.829735779298909
0.673669012569088
1.156295654384789
0.879210055470597
0.841392236760063
0.130471307197457
-0.923163551861183
0.026097554236269
0.325766284917117
-0.413581492625783
0.596753064326707
-0.143474124617724
0.019681223931444
0.529962681525330
-0.395992482415281
0.941738324746578
0.631080460307121
0.405325909224627
0.324237162046175
0.229767096249679
-0.143147077152329
1.008332375526239
-1.808062989182131
-1.051308811233522
-1.738070668344622
-1.327962286553358
-2.413709713508446
-1.717972287701862
-1.536049427596667
-0.958800584260379
-0.332114808086643
0.903423006608805
0.283089196518061
1.034921446420224
0.240132937150749
0.012726917774993
0.467942070970106
1.513247075532730
-1.765124859036274
1.357394127952827
-1.832458947930219
2.088771951902616
0.955403617141775
0.670870026547368
1.824157148313121
0.301297021047115
1.173049120372228
1.234970912572068
1.685854800187087
1.048100232901652
-0.455262673108943
-0.790442822126556
-2.710354989229538
-0.399549942124707
-1.051520848816749
-1.546693102713595
-0.517274906656852
-1.578437084413929
-0.293386823515645
0.557212979005974
0.550449627682970
0.960653922155624
0.181252448580693
-0.418003726630356
0.268579668332160
-1.019738938391588
-2.209672788091162
-1.312561925491135
-2.809101892339095
0.337855956732737
0.721005358616344
-0.469847083997992
1.093705219230043
-0.000927969039167
-1.236601380169625
2.516596482042670
0.469678172682418
-0.254691686317543
0.410831421174297
-0.928653398307106
1.459834751726365
-0.762644527389557
0.004821124010935
-0.527081703220074
-1.025630987225803
0.551248918126795
-0.578264261316963
0.000001816863806
0.485342983769757
-0.732769799234797
-1.834445696421159
0.182801886173449
0.677496717023352
-1.813109260358961
-0.180039346476377
-1.660014033104630
-0.565515716001511
0.578425506977264
-0.517681129555783
0.598267949656838
1.112199639550583
3.313427992763716
0.694938476849931
-0.403480559898251
0.703867490966721
1.862939637539136
0.109101380200672
0.811914608638208
-0.222662884467117
1.668098039592219
-0.981981542051702
0.543738047681785
1.119580266988926
-0.942787312341343
0.228800202590937
0.675073125016718
-1.389875056021225
0.105584640859141
0.855747842728096
1.064325770247905
-1.078405591514386
-0.915947393477860
-0.794782695090396
-1.643525285598173
-1.305394592389432
-0.469524165357234
-0.173924051331707
-0.152917008370250
-0.436058800916354
-0.003647450961807
-0.826589895278263
0.486683124757602
0.156092847930650
0.775436124372039
1.108569702315117
-1.987640102433251
-0.784300015930709
-0.310317195123215
0.119748987338677
1.950186283570869
1.667059419484626
-0.752973066710221
1.360166529060832
1.842296556156635
0.815743839181131
1.704248664678671
0.051223181942154
0.931699436496539
0.001442007678000
0.114676044581603
-0.044464739721298
-0.209411874007012
-0.879081481167507
-1.296669704000730
-2.575022333788461
-1.521553975704181
-1.216782956375330
0.515584181061810
0.640873909510872
-0.184557864293926
-0.236547241177742
1.710936519499453
1.765524412729918
1.490243431429215
1.436694148171772
-1.039142513439319
0.394544687278032
-0.486946841888401
-0.940456850879139
-1.184964968035015
-0.927353983664556
-2.057300569689541
-0.673959115624344
1.136694471102270
-2.301143067109935
0.083751386041842
1.555582314235835
2.240392745083859
2.906534830438434
2.043424759400944
-0.864347862079428
1.187353792073655
0.396797759122755
-0.321465200938406
-0.392566499885264
-2.182003381068276
-1.366307459265695
-0.489383869987666
-0.837404397980708
-0.851540966937859
-0.284255066769016
0.657587120716360
0.944730436305679
2.407641651936368
0.944900727928622
0.204763155584725
0.922476284115183
1.101806088248369
-0.327187166089745
-1.287084871773883
-1.830408902250368
-0.671929213881133
-0.856067665618260
-3.058136838501618
-0.357680420729500
-0.619705116978547
-0.110028657234082
0.125331993211303
2.858752891077224
1.310912917079879
1.679716492739705
1.750291169407001
1.326501251635684
1.015373872711882
0.059804310794104
0.128865811895235
-1.568578297858282
-1.270105167199912
-1.764482687884902
-0.504999104426605
-0.379781258241000
-1.026778658535416
-1.969626572630526
-0.075486035536950
-1.179562334608787
0.210239881746108
-1.557983299618364
0.308196350585272
-0.893189471217165
-2.136190526165587
-0.761502891790104
-1.344246765713495
-0.738184053298567
-1.656947331449926
-0.068992693774544
-1.232002698486808
-2.770991334417018
-0.831924626817802
0.095230535144886
-1.589489787203298
-2.270367801275195
-0.445457933697374
-2.020029160931852
0.619126692962882
1.125868543294211
-0.320715067867304
-0.460854709649233
0.433702479031659
1.694299902078952
1.433167373146536
-0.493637740405421
-0.707547420466164
0.403582642101505
0.108190354569867
0.598791396634636
-0.698591613195911
-0.637607704336107
-1.320733040821697
1.668281353035830
0.252204272179855
1.190319419630538
0.836511112385070
1.974250953183820
-0.026849966465981
-0.023827097722351
0.973552211503908
-0.419089915793004
-0.427894065454330
1.810473985832020
-0.216080003080299
0.469220123551379
1.504594559467588
0.919403542374459
0.698197081860312
-0.219117930482459
-0.480677105087447
1.394090117346819
-0.297939692161796
0.357324939398757
-0.186497526644070
-0.315650743024994
-1.337724996768933
0.208070068783000
-0.044652264291306
-0.629310677074264
-0.243418454672261
0.749439846397000
-0.967191899584485
-1.327616862515947
0.443626800276459
0.955916563402865
1.717623785235413
0.327433996077974
1.767783592538446
-0.338933591378026
0.948470176188064
0.014260522532936
1.003854682999695
0.754147785269799
0.159227108177714
-0.429855001932819
-1.829275137575211
-1.310068181003553
-1.188406458128799
1.779769350821919
0.814449299830838
0.747649652052875
0.512318635503852
1.811335346456620
0.929340140327172
-0.677943773987089
1.649285099640957
-1.845133511803464
0.196486216470627
-1.914211956882922
0.113352414812446
-0.505797245015113
-0.985710626474248
-0.924781518203729
-0.858389221154067
-0.281567681697075
0.239565072727402
-1.967067463599413
-0.139395085645960
0.277378017207911
-0.258447359338738
0.777474687648204
0.437692528167746
0.283338689443056
-0.804760312292089
-1.100233757151049
-0.742323775736496
-4.824517329187104
-1.383048934264612
-1.553791256571726
-1.000950641764576
-1.133454593743460
-0.419217527947803
0.629162631854404
1.749279155164547
0.384241458021455
0.805614551877435
-2.126774283181967
1.372497396696796
-0.775246820856387
-0.477755129921287
-0.891663264425887
1.153810504648717
0.149776263510943
-0.787687363189950
1.278618763669194
0.335728382357418
-0.835079721995977
1.772143117198100
0.936132176367276
-1.362155739607778
-0.570251551731773
-1.375086974624797
-0.400804885512812
-1.430508954193088
-0.638821463823192
0.046710480698327
-1.217674059551992
-1.284894961672268
0.384390957907781
0.597431828582609
-0.297753263427008
0.716946085192205
-0.286830460347356
0.330913708968786
0.558184283520745
-0.118106760218135
-0.877315115986855
1.294638407609839
0.130067480466118
0.150333009513225
-0.408118146603086
-0.008756186830762
0.101826137535372
0.644167696034397
-0.189885567118248
0.465255135315729
-0.759004686981518
0.764127364260342
0.814339843080736
-1.133636890150556
0.654123727536698
-1.063374724224502
-0.874971584304869
-1.881102276054520
-1.478655404175952
-1.151481310907269
-1.435644031227722
-1.449093528508642
-0.634157011528155
1.604921763518299
2.254876382238196
1.179077451523382
0.587857536687097
1.550962189498355
1.579746119040652
0.447081766033931
-0.253814927924752
-1.570560850288413
-0.467286237043032
0.053739644634694
-0.539095164663022
-0.608436312215567
-0.727079795957121
0.070953106240614
0.155770522515749
-0.459460028532244
0.920022970283622
0.362706185046523
0.837125285319007
0.951345234688335
-0.248528726317793
-0.569809253642367
-1.283129405936194
0.861837569571422
-0.423581545115723
-0.650065391708421
-2.089255835552795
-2.523739946069194
-0.782936411609849
-0.441413326292489
-0.980275605076529
1.082903081459266
-1.169861408278415
-0.500162220307850
1.076246181687540
0.276846716478620
0.990346238135418
-0.605781339297319
-0.251388326303621
-1.711417207473282
-1.650008560917340
-1.535574635116628
-0.879741023663239
0.742771456259831
-0.949323949789755
-0.513628018438218
1.153948741875095
0.995184604250193
0.847092113677790
-0.876405980073745
2.688823916833544
0.897500251564571
0.101259732413227
0.035112151015659
-0.341358793130012
-1.478669696845600
-1.019729318435382
-0.325357841120318
-1.540540483254302
-0.704736357876845
-0.668498405131334
-0.133567173415044
-1.221541269656327
0.290230610376633
-0.634318568696123
0.656129413086639
0.312764649491755
0.656690967610590
0.661312682630262
1.038296177449036
-0.662035492899236
-0.906848976528741
-0.408333234565900
-0.744411650640341
-0.146883773809830
-0.696501927433361
1.020001946265398
0.627429272924736
-0.305167426540461
0.409625916121064
1.858069559200268
0.453684074087904
1.019238601018615
-0.597170540715130
0.269218689750360
0.124828579157628
-0.919637771204204
-1.442320023862959
-0.107075045710949
-0.140221594333660
-0.113494166540057
1.210424331438212
0.867629035293279
1.188716487245593
1.125840700802354
-0.013207535145827
-0.323301878951889
-0.110359307116300
0.396428644887977
-0.060277502637887
0.139549261753178
-2.254531629124631
-2.187456382514140
-1.260037698035235
0.952908552948443
-1.645187487935545
-1.068903868691335
-0.095818124496101
0.866801936613953
-0.567614991481937
-1.104148337934262
1.215800623824444
0.676157673732647
1.159718922203798
-0.391219612297062
1.790869529499346
0.381789066781311
-1.450948053574219
-0.467262182283244
-0.489961590834225
-2.250027415675533
0.644543205287722
-0.644065808811235
-1.152943787979280
0.378103541985460
0.610952530380666
0.379034041296306
0.847171585801172
0.363509049251549
-0.281038668906963
0.371905073798672
-0.502993882209929
-2.148057724905165
-2.358223121019220
-2.766256438098310
0.043850023032202
-1.848221834245945
-1.172059054090390
-0.418240354401131
-1.705254037894487
0.587621668416889
1.118309342550664
0.261840184453198
0.718512074569497
0.229353484514117
0.953125239398789
0.166533338902945
1.294945721408129
0.960582055585783
1.042059493996071
0.572189157731017
-1.405750274571179
0.403890676492002
0.285887804071117
-0.243596338637909
-2.153766596997885
0.782744986793511
0.617927882325781
-0.810327192168388
0.639572149587128
0.179083629487639
2.475552609712433
1.232023100438490
-0.839982931292653
-0.330152147758174
1.028242915046713
0.589952722692831
0.146158718581777
-1.969046369577443
-0.902328058235769
-2.799614248755876
-1.226613978236560
0.250513273412286
-1.375655446480058
-0.968122018723523
1.963142498605899
1.275875082558630
2.151540372762868
1.080216159336450
1.260791733974894
1.810331165849691
1.003595401752956
-0.149441239082770
0.321243391417897
-0.763598294905487
1.347742620464834
-1.455396908320745
-0.384975071708645
0.161366347749739
1.736356924556691
1.061278710513635
1.455278035663446
0.006891782033382
1.494968493749800
-0.382535862483812
0.246656366103974
0.397562933464728
-0.404441019361350
-2.625897492367224
-2.777498670336465
-2.800634987970260
-1.862711108660282
-1.694078002535670
-1.558614584284124
-0.940997971962857
1.321084467669663
3.262213971275530
2.211933719367005
2.520874874087262
0.723239181981700
-0.302975878570594
1.954457862847595
-0.430927969556945
-2.392738518132411
-3.451384986774890
-5.327130234887960
-3.726963767084442
-2.297101554346667
-2.570868589994597
-1.701213043514404
-0.799751111465364
0.670364588262891
2.644636545349746
1.784633399038678
2.339114190613524
1.975969058646422
0.469700739162016
-0.463228010314397
-1.679984951911665
-1.952799382463853
-3.541436571118091
-3.015026872837133
-4.460009284614224
-4.968629516441386
-2.603875751930443
-1.726123254771621
-0.377302138348851
0.079774236449786
1.821657632299288
1.990212284589312
2.284807517359105
0.594460358304526
0.767296196511637
-1.151952331409458
-0.541672221909012
0.414905400384460
-1.414457479328998
-3.133555868520026
-3.811230677702031
-2.737330947117179
-1.953871049589175
-3.277909232926339
-0.033937054859115
0.808751100800136
1.635349216957527
3.048187359260225
1.877683769696489
2.925455347608184
1.933334376955103
1.345682821322128
0.200198458318064
-0.312826632932461
-4.165857857937254
-3.436968759485571
-0.932926697299051
-2.702300508483119
-2.376981431604714
-0.551861893127636
0.180748996359035
1.651612271419534
1.501441805815685
2.429964320272230
0.891427345929415
1.553987540122461
2.625272922442219
-0.526181460157352
-0.676704040548613
-0.692974417681749
-4.292246409826847
-1.405171427706232
-0.801962816112576
-0.515852798307482
-0.499551382977953
-1.599910357120143
1.171711547606448
0.583544446692448
0.554204396070920
1.279788271104915
0.111332591358927
1.417749780407281
-0.348342368252284
1.249154496403303
0.544064948164578
-1.102410696985138
-1.050170724711839
-2.251923838527246
-1.928000982044837
-0.102941415344461
-0.495822432447969
-0.509117624141368
0.910667432610837
0.337790956970507
0.726058622670386
0.667809265948603
1.632357534241319
1.912232388633037
0.134636899103140
-0.376359462224528
-0.864150901129671
-0.822287335607229
0.889730068031500
-0.966058083445333
-1.329032790561620
1.834027974635650
0.863384209001284
-1.146222959947743
0.984982588584902
-1.036977955851605
-0.739907732898680
-0.770739520955075
-0.491702662319797
-0.574863237525250
-0.840143482283049
-0.569988561124975
0.959425499497220
0.190769685332379
-0.646768147130828
0.314950178040830
1.532842686638351
1.053181337175232
1.455726691178326
3.058014744259516
1.063627544363754
2.297572752508414
-1.966341234114059
0.154908682162492
1.778568162468426
-0.957714145268352
0.351630769659246
-0.081607660930765
-3.784054133254328
-0.369160690013678
-1.296944595427914
-1.647816106178433
0.198593249897464
-0.226244940164921
1.355886067297986
2.484493188248791
0.430892752249990
1.762620176865617
2.443631332084433
0.859956613400862
0.858922076040013
-0.470734754958461
-0.945987825286213
-0.794526837960318
0.034049599531495
0.287764733381106
1.301511621323015
0.719490378893045
-0.419414271918576
0.437157324581179
-0.125479257645298
1.090906009417910
1.060377910522435
0.012068680490350
1.002147383963165
-0.121689784585333
-1.577815511451201
-2.079338248550581
-1.314018322146931
-0.137682237493872
-1.281109347481321
-2.281922908541337
-0.278101333803289
-2.288274900806604
-1.204863589818240
-1.135799658407089
0.112627926470761
-0.360413395409586
-0.741916836268693
-1.733556012172464
-0.541113273077472
-0.413200126567111
-0.525426031431442
1.357177335858724
-0.682868994863438
2.171949346041611
1.291846551109339
0.241754533570624
-0.295573133603311
2.190588766287011
3.018985683710770
0.890877549770771
0.264961844615867
0.091760862809597
-1.316921049745292
-0.508742209504369
-1.056720127117687
-0.315782015640969
-2.146613028823166
1.055962116569586
-1.372973259052696
-0.812710755944885
0.668658337214590
1.512409100252509
2.181770544435614
0.896737593928483
1.392906965130359
0.699564441483388
2.414384762001929
2.071411247112863
0.611688701449645
-0.385218675015073
1.804679862057098
-0.097054404254862
0.246975119616699
1.716416475261783
-0.774841074835845
-0.942054640649369
0.751279634280685
2.194097489651642
3.565826086644585
1.143297205969206
1.272800365443342
1.554387098304282
1.181043110002423
1.037425309860260
0.058358504758847
-0.930028602201719
-1.374264867589821
-1.942015643755427
-1.698620891737573
-3.412999355271706
-1.084088887172653
-1.733829044708169
-1.190179402253829
0.322606799218305
-1.351555244245244
-0.001397232202286
1.030753750850612
0.739294791032165
1.954755671268947
0.440977026748980
0.830453922529735
1.030364831053636
-0.634097724403638
-0.358519797830878
-0.198802559368960
-2.455855117844007
-1.117837372773344
-0.987806286767937
-0.167072039702383
2.040522685420487
0.365495212622147
-0.318546706871914
0.954827099609552
1.333884154801445
1.839076677476287
0.436989451348324
-1.198227880185827
-0.191359952391272
0.566420890900425
-0.039850699071863
0.401330583478846
-0.111356077556124
0.792932546562290
-1.754584270313050
-0.035919510999971
-0.567304839144700
-3.212878375225420
-0.652634612544892
-1.112836326790589
0.165403212867950
1.022883857606439
0.884695648293568
1.957895950148383
-0.056740579897176
2.140674129297706
1.073592512416806
0.098108054065552
-0.422121637247782
1.258753268889278
-0.634715318549094
-1.709111607764933
-2.828375436214120
-0.758163147238175
-1.666783099121365
-3.163537903316581
-3.448730362391104
-0.023319112643620
0.196789304633195
-0.172162199363749
2.881955811292747
0.433143324168711
4.646696565808620
2.782966296789120
1.997017915560142
2.485780087031870
1.177995917213547
-1.074059465034193
-2.055592485294396
-3.232768118306254
-4.359089799974469
-4.296688694763794
-3.907414509313069
-3.034898563177187
-2.261076942881288
0.822885429215011
0.628157528731254
2.698213308752325
4.353085644971344
3.666328054168460
4.778111094445207
2.185112419577506
0.828972805106998
-0.091876387787514
-1.283864792206013
-3.804291489865637
-4.595152363994782
-5.758238831043243
-4.356227318126868
-5.671092457037665
-4.326094596668096
-2.284328480955066
0.248303064065596
1.860145088565968
0.807937933050073
5.142656406922686
5.901804503012019
4.704752497191870
3.221045215111662
2.829858785667995
1.097741097722946
-1.434166258090576
-2.616458603710854
-3.966340697127471
-5.660537003441279
-6.366398579401872
-5.033660647393330
-3.876813280003165
-1.624083814209581
1.532819939736203
1.851636405207932
3.024502180060479
4.143469411495294
4.383542099656393
4.319083991841254
3.237145202506086
2.696400991080544
-0.338369631795248
-0.612102414373807
-3.884355854854186
-4.762048074913577
-4.721991926059966
-4.859919338117157
-4.627987152226689
-2.609151327767069
-0.744098092710428
-0.410570963593226
2.850993188685867
2.176333463399052
4.481326848040258
4.996654724609185
4.640384380351830
3.387262898379469
1.233375300122232
-0.817072649468116
-1.108894074964649
-3.612949591844829
-2.658990573979723
-4.440980040265210
-2.796289902855540
-4.152968277402857
-3.230619371385317
-0.051771751161138
0.320581653619418
4.025452960176301
4.200403809046052
3.885195590645176
5.107448235508675
3.224811661902454
3.011650985849725
-0.599184079036122
-0.710471646624831
-2.430653549404327
-3.759765446846811
-4.278407347226063
-5.051281712456659
-3.661719692238436
-0.955600006522913
-2.580669436180476
0.229256728959694
0.641004162753226
2.326250221003920
3.930980016792035
1.332438181103160
3.051691415160469
3.155012023771139
0.935369637758040
-2.954119065146491
-2.118625775907450
-3.628298062773352
-2.097111624830844
-2.960264673557665
-2.931468839714103
-1.001869724646953
-0.949450396780504
1.289380096796676
0.199242795722784
1.509470061700871
3.424149879951532
1.305869883417332
2.078707971145834
2.587994620282284
1.944106832512037
1.319085848042252
-1.568812626900232
0.517242519757000
-2.905196147456776
-1.641488780739034
-0.541083207836656
-1.736430138005890
-1.450549988008912
0.378751735153911
1.078737057000156
0.901526987493161
1.134592743455330
2.667590965978059
0.718076567185772
1.736309140075364
0.726316450349073
0.444291351030040
-0.452871722953663
-0.369014842397209
-0.221395794448771
-0.920767060176797
-0.973598979711236
-0.762024911288429
-0.210879370155537
0.677705284091714
0.922029706922865
0.854322497531939
1.352226589993348
1.797208895099146
0.681890426301161
0.338689568358017
-1.518340942368860
-0.706075073804871
-0.216956949426141
0.116478692849788
1.928729246413244
-0.543435467056321
-0.254597432973339
0.973441462352326
2.884638559752823
1.843247701290067
1.922406921707597
1.219048596197620
-0.625481307950365
0.119324902880581
0.240180519871405
-2.107462337599547
-1.444772125714392
-0.303887150999749
-0.875450851160066
0.240705645658509
1.861729085909663
2.212554208369805
1.278602508077208
1.456798362195464
2.096586116093504
2.063074552750726
0.766722938729844
1.403797083973017
-0.447117933914725
-2.237763656639529
-2.693039474712288
-2.108844059593255
-2.692357344680592
-2.006439964751179
-2.606119051772430
-0.959437904012910
0.498505682948929
1.962446100366822
2.144494772379783
3.033788662426087
4.059028212029306
0.854629678909706
0.273878991710182
-0.331509303778388
-1.117469040699489
0.229476406627047
-3.501535015996023
-2.303324137786441
-1.934122001288332
-0.897644753723454
-0.777182482083588
0.035376482673693
0.118016289315696
0.964854792105285
1.665607742756932
0.985732479963545
1.627661676000261
1.303059903431794
0.419681383985239
-1.229233121328978
-0.812209866331572
-0.971696263930993
-1.638287380408909
-0.682473399823590
-2.663541256833289
-1.679044630040640
0.043794406896241
1.083722620459160
0.588524929471429
1.185311903198472
1.969319688795677
1.826492586655982
-0.586376825964288
0.540534432496050
0.439658333097243
-0.040108890742607
0.149891243378903
-2.837257175589269
-0.183031638043481
-0.210838016721453
-0.299908532663882
0.303573933707289
0.157408669001665
1.146011434904471
1.305493812845316
1.867803405664962
2.349787008401814
-0.801846693896989
-0.744432877322661
-1.961186457006568
-0.731244020144300
-0.892031748246958
-1.027839414123018
-2.538791202746563
-2.437356667493838
-0.851177779279583
0.112843897945867
2.084694648799135
0.954578495713755
-0.354875828432870
0.736899914305333
1.142694868364293
2.765562167166125
1.073439240896074
-0.373131527070534
-1.186953523994503
-1.157699495378741
-1.740825136513038
-1.785950166349294
-1.426196680400881
-2.680915759226416
-1.324534018999918
-0.169713186378953
-0.905832106360144
0.697172975244891
0.783348308214026
1.730616610460926
2.099982870668532
0.890002446061079
-0.024138985378190
-0.107059041084893
-0.204478441572010
-2.006447693222988
-2.013133535399001
-2.131708417486627
-0.948038550504992
-1.295987633278142
-0.489409611102481
0.481487583546804
0.398367546439865
1.366699047983690
1.075485137400815
1.685948390923477
1.843327137327822
0.542526254141721
-0.432237865674667
1.643117132616734
0.423086446669954
0.341684038444877
-0.351532409561419
0.997212469505865
0.788966826023107
0.708189459004484
0.600651200410039
0.244711574173615
0.383228954087154
-0.353990381465370
-0.392266872862962
0.114230674922968
0.074490857149615
-0.638964126212208
0.897486646846996
