0.430790504851825
-0.931166341391628
0.840262140574588
-0.437177208297738
-1.484091631670173
-0.334665094735360
-1.751502885664571
-0.445037600080195
0.846011709656414
0.158434698420999
0.445575927294403
0.407453457190026
0.682016708983194
2.513294752946512
1.068468668613155
0.157496748096029
0.371732819688950
1.647580972882122
-0.321365159757933
-0.208082663889986
-2.085618186831474
-3.209404141792944
-2.174383860282534
-1.505169277747753
-0.677589458601127
-0.867658857122683
1.157012128092695
2.230704004651610
2.400683057112837
1.143257902539069
0.592079396079086
-0.022809948512579
1.398780918237728
1.362295791156142
0.371383633812312
0.061435353997927
-0.521135428164484
0.574178039783846
1.741785805716910
-0.207318068654570
-2.690392045468750
-2.210476687931191
-0.553504081334182
1.040147985232584
0.439606601664858
2.638530723080325
-0.231404347251510
2.926770547454721
2.859527661729720
3.072876528572753
3.760678101288299
0.282738952370918
0.652263939313638
-0.725477642904519
-1.331785123964607
-0.033066145687651
-3.313438125506746
-2.868707412700851
-2.721155313601586
-0.322651367611665
-1.096167676731326
-0.917666522370051
0.332106163745039
-1.172015726698060
1.556639451782612
2.174829325391401
1.912005542342963
1.781936493842208
0.708225780467302
1.413508015049065
0.713196486375353
0.147441275581876
-0.344153834560199
-1.540589305470956
-1.651975898375894
-2.450022708376626
-0.553320230197821
-1.416006386554159
-0.047848275858465
-0.124971862384684
1.221671309633266
1.225446311646347
2.667615471749630
1.553948711740586
0.290924138636904
1.392453320221175
0.499895718434635
-0.924658762486534
0.486239935082360
-0.314585325970457
-1.999603961303049
-1.760150067098982
-3.506677985217379
-0.675874003016415
0.339353987366931
-1.283470214983996
0.112053219806231
-0.559970692428638
1.556596791506390
1.960819795104215
-0.898519042476895
1.891456891157767
0.551933261618643
-0.695730069374416
-1.888022777164109
-0.271335365505452
2.179430808576908
1.551868691997806
1.041686141372537
-0.894767118458165
0.703450168352280
1.510934837993954
-0.655631590780363
-1.770891288475803
-1.204146901226966
0.155026442607708
-0.932348498025928
-0.130176583098218
2.654628301260249
2.285454122227474
2.513754406737405
0.162287432184896
1.437201331757422
1.736654232747601
2.062763734556364
0.157482288567610
1.157307850953334
1.490391808462717
1.036957129060023
-1.287532119216963
-0.805613382634886
-1.492783835202733
-1.596252996985495
-1.849786930706782
-1.891064653887198
0.863518940102654
-0.276538572430388
-0.173542953368491
0.087356490588498
3.064005899147742
1.040808909367575
1.951813949988367
2.292757770036277
2.696504819126694
2.028689040563926
-0.286247360789719
-1.662192151118920
-1.070672301598601
-0.274080082604480
-2.329821307472739
-1.881190013594028
-2.802536635248694
-1.286185512212055
-0.034420834519486
0.100204546953499
0.530145487424961
1.126138982178198
0.752729370353892
1.650591503739386
1.819351068456155
1.400448701672120
0.233777312439465
1.444232576965731
0.549386295265073
-1.616992560926869
0.540700197291399
-2.695627737794084
-2.467565659429432
-1.557403949967812
-2.059469182374039
-1.117678178703401
-1.044167825095366
-0.158545253096848
0.056195815277400
0.687347605849558
3.312439661293395
2.431481995722026
2.886707861817728
1.702013318870495
-0.090578298068173
-0.492324520792115
1.068914812665789
-1.655920649201397
-0.264891265639998
-1.498532978045944
-2.881224676033676
-2.426278348304192
-2.251863257328680
-3.486755198961438
-0.397403285923296
0.644053940446498
-0.508752538192229
2.409185664914394
0.109694848911456
2.804802535594275
1.074100551769233
1.646583584129856
1.631724215619483
-0.176174348609648
-1.540275535783436
0.058752667672866
-2.179931908334552
-0.172584450991018
-2.235063825730193
0.743532742644782
-1.677233488924022
0.141636460181946
-0.937368798818696
2.045904713416033
0.247701489123178
1.386903821303435
2.256481201415437
3.413585394002801
2.532896017584970
2.090937074991550
1.765113389282501
0.547568983154081
1.791158547890257
1.017539377739442
-1.080384397917780
-0.526918779256089
-2.607232224954209
-1.959358411290780
-1.376299388771608
-0.078040960397239
-0.123871532182706
0.829777151271555
0.674689894854119
0.061023642887312
0.579638316921746
0.651444240363072
0.549354122991374
0.961108356137096
2.084896245102147
-1.509889422550277
-0.370230786058005
-1.230170715277950
-2.244600980593726
-0.073972789411278
-1.408117016499058
-1.862000653907683
0.597772458142594
-1.072944192261147
2.223765578612855
-0.195980385428945
-0.083602190236900
1.265953332208426
-0.229917553069646
-0.035624023655324
0.592230411447044
-0.067022760912338
-0.106356037729108
-0.010651512923329
-0.753297047546604
-1.660631532680437
-0.892988391966261
-1.399224580361130
-1.256894114760569
-0.057596050025967
-0.377525300819991
0.899525201401245
-1.043529947743201
-1.204197972250400
0.318397592771980
1.672813589257882
1.986269054983776
0.397413084658416
1.235998343686394
-0.511266478320432
-1.659598563445123
-1.752331009605427
-0.503685465136349
0.983250680512950
0.624472636419091
0.147087962413305
-0.059610299093073
0.359686860423490
0.358230515628271
1.130550360521412
1.070675089563828
0.292234501582108
0.327581074186496
0.275505331524059
-0.329915210907074
0.096161800685088
-2.358959878090157
-2.515406491033655
-1.014360920266225
0.169549074887242
-0.482878275608980
-0.357416813491246
0.660437139897036
0.608590507134198
0.146823705196170
0.398430161416188
2.013337360469118
0.209717329137865
0.285510482202483
0.922383239896073
-1.298709670357458
-0.974473334633227
-0.807019240118066
-0.365079002399142
0.905776976743609
0.047258820713781
0.754879132154931
-2.264562177279303
0.447237695001878
0.999005625733065
0.433696341848535
-0.386163883475350
0.939949813286703
-1.225806004726963
-0.374195378945592
0.476114418182736
-1.208437620212190
-0.838845378260729
-0.224654146314204
1.109049451424479
0.523231747557952
-0.809828493951852
-0.299995164568472
0.355112402820173
0.939127069243406
0.079313513681005
-0.232383591903318
-0.790812837653118
-2.390074365283184
-0.252472171306996
-0.213746918340613
0.017510736498061
0.457789156632869
1.120671319520806
0.321926348714891
-0.541568820528804
-0.734854303044314
-1.141439255965599
0.443537759286367
0.727337750454229
1.524846836624007
2.692732685452472
2.211358557601482
2.500980740577430
1.355198298884986
0.694198100378016
0.093968931074162
0.621172608992547
-0.631048228964503
-0.850605276597560
-1.607217908852544
-0.983441189982055
0.668032906260031
-1.208169188560357
-0.149775300875899
0.259620708319317
-0.779922121557372
-0.522762649017741
-1.139039877859072
0.150159746272592
-0.928556581142565
-0.974860217841884
0.856024115637331
0.776490688526085
0.462617996219426
-0.423357551970922
0.581980538452714
-2.112314461884618
-0.313756280908150
-1.923046681991733
-3.068178289476944
-1.775145269365769
-1.468747478776062
0.553285350624968
-1.742026768381061
-0.587694765052434
1.335615761828893
2.253148296061244
2.911181898610245
2.015255632108062
1.020476106577926
0.663188307712414
0.347937097844833
1.094358687839737
-2.138010568384736
-0.177450655268484
-1.212217972617752
-0.121670576828192
0.843218706386731
-0.570157932817555
-0.002959278560979
1.010507926435066
-0.506623376824202
-0.327490503747149
1.175536009800937
1.867203966372372
0.138552197969211
2.016147198593591
2.549509290911714
-1.245493748050812
1.436107504624937
0.235093064189778
0.643848430468783
0.840777309942821
-0.066188582092273
-0.366666773271436
-0.205254205080153
0.045043948503908
-0.157288653232625
1.757057902188182
1.701364450906374
1.242806348485491
0.641093503724919
0.801154771784047
1.910774506771294
-0.198716789039605
-0.009650603175576
-0.097233833502865
0.099523824805497
-0.443891729077427
1.816353358735824
0.262255799028221
-0.958052116475698
-0.680908375705309
0.009411175907622
-1.991353104973006
0.711531067385251
-0.054582671690142
-0.584312601641065
-0.997176011439992
-0.408809629490057
-0.117509610987654
-0.521675125195938
0.826643563943428
0.028864863287627
0.571315355000704
-0.606004214393414
0.499647334582468
0.075586932296851
0.916653011597719
-1.487959745412904
-1.071015855463778
0.550446896703274
-1.892661724103763
1.182100618029966
-0.201969041258982
0.569561093395339
0.379556947891733
1.565125325198143
-0.217338993779012
-0.730619729350937
0.947673492770921
0.426939095489621
1.761347190041517
-0.214018839022039
0.337422410453188
-0.923589324917886
1.151328879589370
-0.328280527182907
0.233874843819597
-0.006699910392863
-0.401601682834858
-1.403442875450506
-0.124584705058892
1.094926782452502
-0.219413395404852
-1.043345521796051
-0.493380643839817
-1.243793660127737
0.469127907490070
-0.480338714961540
0.764979367634276
0.023916681876649
-0.274877131283268
3.086158979703668
1.996470162166823
0.616223419972173
1.032639450174950
1.923851662181198
0.475745072145163
0.888423436179169
0.584547546883857
-0.181723568749885
1.632597500807965
-0.520116246784886
-0.451370717785580
0.234622110987230
0.282871388187865
-1.434527805270678
-0.320989434128904
1.091222225506727
-0.360267606370899
-0.296315988391302
2.100195368009811
-1.314087066493352
1.170558658269397
1.256333461833282
-0.240808999101153
-0.124753785547817
-0.353419351577108
-1.399216718575195
2.204243823880959
0.329869025676192
0.450242434654325
-1.103160767040229
-2.065775698110132
-2.290169728370452
0.449250104172420
-0.965162355488704
-0.068269432282260
0.697385608309288
0.375280431726435
1.460334826597530
-0.075560758571906
-0.592547353900004
1.066037228577585
-0.348899602361140
-1.187557232511941
-0.439157928641915
-1.134340762314843
-0.961788468872868
-1.206139052854158
0.630341144651326
-2.252440424744195
-1.073555593826828
0.781809219756963
1.292618412587810
-0.098059886381630
0.836703003835845
-0.350447804579284
0.290615417892524
-1.269809214094434
-0.614051486132533
-1.072621041023496
0.630690048859244
-0.475049058478772
-2.254624578531592
-1.135315326433926
-1.074623649596127
-0.956013938530164
1.071783690861769
-0.472395318659308
-0.174100498941133
0.435521688738445
0.442106478685719
-0.299909211027722
0.318424852006092
1.023996662896128
1.148621306952194
-0.127847231998604
0.405930260419979
-0.396002209932369
-1.450966970931881
-1.350488126227540
-2.953635729333133
-0.608827299664499
-0.169947568331343
0.858545968499028
-1.628619464211061
0.685477611991853
-0.270694915746360
1.697924988977357
1.342678250521907
1.898919418484827
-0.334673029052100
-0.054584386125139
-1.647580410903333
0.563241892564899
-2.249152034480228
1.628949041448395
-0.982643238004877
-1.067625336492888
-0.735219025620698
-0.739566488201407
0.458788537472430
-2.382120229915092
0.670683851258671
0.126842467555227
0.294445997146484
-0.344678452793898
0.524332249829294
-0.229308935112363
0.140496683754195
1.161807252899520
-1.054869236783553
0.521321319187225
0.005240261159789
1.685910737234769
-1.378902559172505
-1.327017351943762
-1.590622205188421
0.466665446033700
-1.194863213118609
-0.233459859597806
0.868542844676912
0.451487013797797
-0.310001144766878
-0.639850722858147
1.270009117546813
1.704303006470833
0.531824886276088
0.523235320095752
1.326171116575155
0.808651970136476
0.466170237371017
1.663682183348327
-0.233733579358721
-0.041847825404553
-1.316630868041620
-0.176505707744739
-0.404101362014387
-0.449880594635053
-0.229461357408989
-1.511446470939684
1.636617674579528
1.674431787646153
1.439444173781033
1.392510342032775
0.451547803603439
0.656444904850480
1.442203555591474
1.621383044309999
1.492113825424682
0.111468637858313
-2.708472513953121
-2.344489198336485
-2.330345179482030
-2.391334023306771
-1.581942634064671
-0.911975441403568
-1.312263156682647
-1.270682743660407
0.255056920378720
-0.128666849969977
-0.652022792924525
-0.422120134809841
0.326208950977232
0.832065554967398
1.590764430004593
1.223738434959395
2.122388925742258
0.251640101837786
0.716806354796163
0.874227072932437
-0.958453261636333
-0.977514262056100
-1.637727591670733
-0.128562964351904
-1.529619787426321
-1.168977656648241
-0.898808698895154
0.641812530775480
-0.064855678925701
-0.167552370010963
-0.514996426220521
0.683533461836663
1.702903520887984
0.185125030872634
-0.863259098921922
-0.890216361515591
-0.576385395267971
-0.904370023060082
-2.087181331490709
-3.188785619744592
-3.720216637784607
-0.029950692312521
1.276566732881453
-0.301153281939249
0.491233814005483
-0.570903522461335
-0.016500055262711
0.310560758746124
-0.702211290023540
1.440020430668677
1.072537648976734
2.306673336139718
1.808578544370839
0.808821519590399
0.302140801622636
-1.759463983072999
1.325921857282056
0.697149159649067
1.823727311353832
1.856358898828632
1.190394629420007
-0.670128795939171
0.481724175232741
0.429300338989375
-0.240903031520560
0.790601673168831
0.331615738755149
0.975234056171653
-0.066393022922778
1.730180729165699
-0.135055155063291
-0.648331370751686
0.371155902605584
-0.190131333804465
1.234541623796060
1.031731507315412
1.190671636339639
0.755717512445926
0.859808745913377
0.099627671922961
0.733653548122091
-0.099607410528114
0.919377649255113
-0.025655343816787
-1.535889905463685
-0.663162070829329
-0.366696469501377
0.031173163091006
-0.736207700550928
0.418166553114349
0.001989059756416
0.337136885296256
-0.630944664812791
0.462375824954880
0.800512275687693
1.319841643079253
0.467331756348657
-0.830461792469710
-0.450037462964371
-1.960796732245390
0.363700442203818
0.378597569768578
-0.939764780915034
-0.487542578603513
0.362219297452268
-0.183929284188005
-1.437534486607466
-0.281960164352849
0.117643919861981
-0.079656292337361
-1.568609682783961
0.529515308835019
0.460404968241711
0.640415197374154
2.768043693308689
-0.612872795756976
1.731850136691720
-1.095583585440929
-0.471592385315815
-1.135465666375377
0.773534460334970
1.460206944985115
0.439079326345230
0.868440582232061
-0.320554347451827
-0.995893844020234
0.616650763543535
-0.265252738115814
-0.572942683637851
0.471247078426180
1.253413941179192
0.306156820644973
1.009972493551142
-1.023946383853924
1.466952472605182
-0.766985858759288
-1.985951276791743
-0.419860872534271
-2.047481024750484
-3.026666274923833
-0.712137532212675
0.469602394549412
-2.742843576669778
0.112055789529699
0.413058123460951
0.131833812963173
1.539992344251509
2.372798299348503
1.738015306981028
0.233622011543483
1.334741615879172
1.012260057437812
0.876192168613840
-0.723756821895705
0.426669871292322
-0.428332878211457
-1.993702441236789
-1.037322081857964
-0.929977266873479
-0.326767245252934
-1.160024488373704
0.081962466069224
0.404896927607340
2.065872500378728
0.522412324078366
2.381991998564561
2.434583427571051
-0.354510431797239
1.524254551052565
0.228910820381494
1.242281342198561
-1.845138940523580
-0.357598684135712
0.349021940246819
-1.912690428805492
-2.116668897693040
-1.324094718155997
-1.271946960157513
0.036174914676731
-0.427712446873378
-0.579524675188177
-0.352698547564983
0.394843232469760
0.401996349801406
1.806723637254993
0.953597570597660
0.778488061262965
0.928505657068671
-0.877635308970540
0.172891220277133
0.283483051741634
0.169088421194169
-1.191681343984267
-2.702550816626269
-1.604048036015423
-0.884875120060725
-0.051277842993036
-0.896698967929177
0.677465949509418
0.617063733614254
0.469164601302276
0.523035814576151
2.164861414308912
2.081687483473085
3.270477688952041
1.950054233046752
-0.147797939999920
-1.620208829675152
-1.661415467992567
-0.808546197744266
-1.266539249847917
-0.745271473957785
-1.312178725416624
-0.860659353904617
-1.133516375937627
-0.341150612327269
0.468404190076737
1.278207123942592
2.150547831316531
2.783621466962554
2.183807113301493
2.550437189333014
1.933161614227302
1.413772402347820
-1.768483310937414
-0.943635323677861
-1.499129828479378
-1.819197489856583
-2.221797872417536
-1.747264883997554
-1.846475251369848
-2.013985046827074
-0.943424812060543
-0.075985720145394
-0.497106383325563
0.757555014240735
1.550098414300862
0.378824614351737
-0.309143684696713
-0.044359468645510
1.777591617598533
0.401604668676357
-1.821153026679744
-1.936423283953007
-1.634175400981261
-0.176355868141916
0.553593209160957
-1.866750364467490
-1.644804857101635
-2.096057775785950
-0.831884549582752
-1.588596171333884
0.082397746832836
1.279555617443590
1.753460069778568
0.732244081233253
0.285324671328312
1.771475501002219
1.505720235221762
1.687660139909267
0.039534062896275
0.819076163987675
-0.093524484355154
-0.699919015831314
-2.006779006092107
-2.181857888035427
-2.460232854547781
-2.384255925582773
-2.639399246219566
0.331442663249298
-1.304606840445604
-0.015248421191376
1.760730242041564
1.499226597062005
1.710851045267270
1.641139343169867
1.172428670693721
0.883164467353921
1.278669120913647
0.566767191146197
1.202734380527877
-2.002973810767749
-2.453034589537130
-1.592821983199925
-1.266819314182802
-1.143721535622835
-0.496195148343381
-0.871951679250101
0.113405573228063
0.802963326689428
0.797815835363684
1.784088812742124
2.052691107211434
3.299838510475452
3.726354479974026
0.861378950542940
0.703818867070245
-0.078214648790674
-1.185995976856209
-0.345890747225717
-2.292406103570313
-1.714254662050880
-2.538845682794738
-1.769878312635991
-1.654788583620936
-0.523784134830676
0.744105851199487
1.636422980325991
0.205333982142832
1.037534355150771
1.727112564501261
0.115099844625874
1.842750538719385
1.611974459266725
1.031699588317664
0.163754630629201
0.505067906183259
-0.325619143284967
0.741011149061410
0.325275203458839
0.041019519847257
-0.499267891421301
0.443755573735878
-0.382341794703266
0.064016379306564
0.303679630079154
0.618139546239274
0.675119414931978
-0.037467719794581
-0.715019696251173
-0.614625486191156
-0.775345837437239
-0.071068668827026
-1.328387010930383
-1.783888464403860
0.665139325498698
0.410238014684420
-1.787119220198218
-1.887639927763312
-0.250349859636912
-0.956781631789079
-1.103337879650739
1.000540328485824
-1.560892291498991
-1.981993576703414
0.281824565156807
0.244155645849484
0.118218276421097
-0.901464315517554
0.640068163525591
1.001374053068882
-0.064683836998658
-0.544553603907451
1.771930717112054
-0.535798511808477
1.441181059122457
0.858697922890512
1.132023510906940
-1.380643576853715
0.497665937655693
0.264032449384829
-0.682352358561132
-1.787728363042534
-0.504052933336367
-2.681481687868863
-1.826091994715487
-1.208189589019533
0.184993155380012
0.706882372334674
-0.330867511724016
0.276851273397136
1.184493099920253
2.132640475540290
1.617872244228362
-0.939298761137855
1.414605824811656
-0.496640886840310
-1.687996764858843
-1.137356207438946
-0.234706430198489
-1.805055917486278
-0.464564133901345
-1.786114690790636
-1.343737084339699
-1.061224493882703
-0.671823192372561
0.325256659759408
-0.393049283178224
0.863354028711735
1.545111968406038
3.452721349582445
0.750563640476524
0.527702275420719
0.962099110229339
0.600378222258324
-0.483407859412585
-0.861460012117272
-0.439029551830602
-1.935775706374099
-1.823584890061835
-0.612713677107930
-1.435517829616217
-1.263642163567429
-0.057408208768952
-0.473748509794669
1.200332025744750
1.566237792339745
2.286465425903502
1.901225151432149
2.515930366831700
2.718157119027445
1.290243873069288
1.625907859418822
-1.053250812108839
-0.289324904594080
-4.009104872393594
-3.394203484965874
-3.102544432268420
-1.874012487799963
-3.890691451672674
-2.330464663953824
-0.093091643524633
0.668467518159548
2.222238254962071
3.081814813604963
2.419213230370296
1.561051113830725
1.921535179372544
2.000175905641975
1.181163511029721
-1.088540811442260
-2.825014373833678
-4.730236733667436
-1.437620155677308
-4.979951056796494
-1.737492787816437
-1.810610436897859
-2.166722626618817
-0.494517995987277
0.273730821791627
0.423974413202570
2.274991937169552
3.170182616617324
3.428464234979218
3.666269518905309
2.514195582669621
1.035766796240418
-0.431047575659848
0.561943866980507
-1.457071283533339
-3.323404148168286
-1.767659292165410
-3.289526761680216
-3.235219277554941
-0.965861504769146
-0.439853557428539
-0.281454873795832
1.108981685327414
1.181014332464663
2.469876136303777
1.167408126383835
3.229493565734003
2.564971350285714
2.149699000791649
0.251309841293570
0.917342548164905
-2.143809450609459
-1.504207892083621
-0.609474769806194
-2.742992251082604
-2.584091328482851
-2.295923321103184
-1.248131270021349
-0.590681082462935
0.638447911000452
-0.024556431064019
1.153449207098618
1.989426894437709
2.608272221689611
3.697319401980034
4.352349854189414
0.749029390501706
-0.070072626855036
0.694768176303402
-0.326282882432055
0.136556714016480
1.080605796947609
-3.602257382521068
-1.720561129503855
-1.237887154960404
-1.280683031553408
0.537804501580128
0.025377469655892
1.163868263589884
0.796360873313228
4.459081786140056
1.706349272801699
0.528035023038943
1.947922954160162
0.299551187311265
0.682429087150833
-1.915682188261666
-0.749474906322579
1.167298612560714
-1.454521456438712
-0.925674004327626
-0.210649028214856
-0.656176293827816
0.223917690475509
0.640746618148917
-1.254696183874553
0.571813066930841
0.662261551725659
-0.728214165417918
-1.020215010665993
-0.795562112338842
0.336232828942448
-1.227167930160468
0.418643210292134
-0.580493816728098
2.557153936694499
-0.264382025573357
2.082886035585146
2.213763347366561
0.241392815774312
-0.134935305129372
-0.398750593840405
-0.672574580354804
-2.131907167848124
-1.443040265380254
-2.521256780652966
-2.633788628431182
-1.286373184963174
-0.505501201005660
-0.551094359574495
0.986385757366165
2.541222045349615
1.332589976658059
1.816631276439284
2.906991674716358
0.604235869714790
2.778485890325472
-0.383192072647060
-1.396848751812850
-1.143041849339253
-1.392329968230953
-2.059984928866872
-2.258684841899677
-1.548149199316404
-0.034942926637125
-0.577855736760601
0.833621468239959
0.831009599698985
1.165227205328745
1.831933161733345
2.691766115134222
2.060518599342736
2.937075546127835
0.989079871226232
-0.571820785794698
0.866865659529393
0.282808044084454
-1.110377634293728
-0.632256386372258
-2.745013724776936
-0.554924315862924
-0.077444970347108
-1.163278625096518
0.386048425921493
0.386182671887654
0.981977572674964
0.819166485094139
1.288828176101668
2.460003430914268
1.687531045740330
1.152534166526094
2.128929622390894
0.347899691027341
0.102525462213957
0.837782000444558
-1.614269964448402
-0.556631842646843
-0.045405919190863
-0.974695066616377
-2.041123592821531
-1.710181409177127
-0.769640654462236
-0.673357454607736
0.721725294252986
1.817551793528039
1.911896317219810
2.114020326015964
2.139260430694041
1.591161375782532
1.713232723810671
-0.549548957958875
-0.598163586378853
-0.560495698653205
-1.202498796758694
-1.890156131489083
-1.229354758218681
-1.892629971364481
-3.147772844050363
-3.802858572157282
-0.247567252361952
-2.036593660604709
-0.577396942624459
0.424428222831801
-0.262659148178302
0.064618937960084
2.335906535698651
1.150683379052242
0.557466376518505
-0.589194766497382
2.173410276042504
-0.125106267423424
1.684605916775034
-0.608108580145732
-1.475734260789138
-1.417062875601261
-2.952432378486008
-0.831510909105362
0.380081429321110
0.552447658975390
0.862607477050099
0.677875823315875
0.195864077205839
-0.080247898606135
1.842585281754622
2.082700734788805
0.381356568521843
0.101824054896627
-0.950657855405310
-0.092157194968889
-2.750133860867740
-1.929021769800740
-1.625548039887375
-2.062494269761984
0.069278660777792
0.047443521515660
0.753914243219246
-0.135543628226927
0.641958830197550
0.752100211659759
2.710823220881910
0.063134657220155
1.826973028376256
0.050240380626454
1.132717910373685
-0.481699462496148
0.126556390495135
0.069755174593852
-1.557363504122304
0.155348199406922
-1.982151134732108
0.508968085087289
-0.282831684792297
0.361780223719311
-0.844170237216607
0.087272496302973
-0.655261993893234
0.269725738953681
1.141463584217749
-1.868583982162589
-0.881644851598947
-0.890966981756712
0.076446912649911
-0.689375705086405
0.319741002021791
0.721542793187992
0.346656815296909
0.333068926035444
-0.487039421070294
0.043505783044983
0.498970924592471
-0.503369463071017
-0.952439989646905
-0.829028607737965
0.514573638373808
-2.824520320756771
-0.818270983414360
-1.048494438754339
-1.874542687318524
-1.850971778089758
0.327255346233325
0.414213194522044
0.720263332454472
-0.547926894926244
0.181486046319981
1.908838366059021
-0.096326411732880
0.680587252970556
2.990698720468483
0.236787254405616
1.566874761866067
-0.532039845869864
0.207542241702911
0.514792415783019
-1.786326764801240
-0.225227287705777
-0.603211459476924
-0.657311785757768
-0.741158520408063
-1.678380231202010
0.725946818902839
0.067196379421441
2.658879096734781
1.931790720791034
2.680334331967755
1.658422858169959
0.272321795158195
0.273100653344142
-0.151851323419861
0.920426883418274
-0.004544002390022
-1.160101192554848
-0.790375237281880
-2.011971280255427
0.037342487516187
-0.931786761291684
-0.174912357030687
1.290055714466803
-1.015439090050096
1.196709584650563
1.101296468455277
1.685044528843354
2.133605530665870
1.541833231663879
1.887497928461488
0.725653619816522
0.502747863989774
-0.003355375380096
-1.032573052171186
-2.578478278078287
-2.409979567089221
-1.802146965375404
-0.476552001249965
-2.374027970971404
-1.507738715518160
0.063770130674865
-0.129835819829538
0.125276993624579
1.659950092808480
0.443714672299692
2.673168450650407
1.200824451448733
1.504418589218546
1.236998481399750
-0.429790456609177
0.065002697772631
-0.341110025641091
0.952037284835848
-1.558013178119978
0.911202056891033
-0.584465153441751
1.070803072576030
-0.371269370254084
-0.771861990883802
0.600050204195581
0.426597743747178
-1.321059388284243
0.585805409693384
0.957351870585583
2.085345212469966
3.391376215336804
2.286652907532985
-0.396770978557616
-0.310066204329346
0.786130743388857
0.267649555920446
-1.592994113147575
-1.086521398398418
0.287900009394667
0.247011926391889
-2.045458401285942
-1.442847211028647
-1.581071699832933
-0.898181355896519
-1.178503589355851
0.363088468620536
-0.609985808969523
1.302458226672851
0.621896771565497
0.081256414737510
1.784981872179371
0.672383321349057
2.186351339653552
-1.536803342045565
-0.301066176676394
-0.211216770570380
-0.118573974021495
-0.735315994679661
-0.274304114418010
-1.170130129633562
0.157520736533313
-0.058118428335550
-1.115890495976247
0.485511005867051
-0.666114292473694
-0.919597094317685
0.074275335168815
0.291546830142262
1.059404872462617
0.830256345997492
1.669153083101773
2.479021845999517
1.276836233514022
-1.940673306836362
-0.178606087501295
-1.906861232488442
-1.179912631653695
-0.862699888854767
-2.101482131648260
-4.623284199336989
-2.141746825296122
-2.046146908161902
0.679168963728467
2.746200571988314
1.636513005867527
1.295359772754068
2.934872528207689
3.149792757043294
0.551816197966909
0.262854870028957
-0.419703484627749
0.577744519224693
-1.810887454608115
-2.366150470371167
-1.448244762716140
-0.208577710205006
-1.703255042164308
-0.663341437910051
-1.306601612369632
-1.146059964195702
2.076432119665861
1.996655228888780
2.711687079388057
1.427682879030462
1.011620451746100
0.089404461895157
-0.968962081137547
-0.886960546927827
0.178321495052721
-1.578805222444396
-1.750992385507639
-0.458496378293105
-0.828725216858655
-1.668679035595645
-1.663724703171321
-1.138927422051124
-0.485913596397121
0.782076830049566
1.578326475778395
1.614966412976337
3.324280797888406
1.562905684574452
0.254120922158878
3.661259508358570
0.894265021428445
-0.050984590159935
-0.486813684893964
-0.934324831425572
-2.031365189521099
-1.839001886045422
-2.092658386538108
-1.892479817344715
-0.597114377490322
-2.160953126702001
-0.314860680449185
0.662776047915978
0.784716226555069
0.767133388869788
2.792345836821755
1.934612033763673
0.660801470436978
1.765952293749020
1.266357918301531
1.452553546892278
-0.879604063956817
-0.286241564866557
-0.909118799645105
-2.505914680291252
-0.931580950097494
-1.815874182993762
-2.797609257433693
-0.105018702087090
0.528561205837686
0.893581582141673
-0.133646210210076
2.333604064512438
1.084444246700889
2.825287400562706
2.288832082856224
3.684450605783177
0.712379756998539
-0.569327780906092
-1.560564170450961
-0.739109799412160
-2.711181547412836
-4.162048043747439
-0.946152051157424
-2.033867905268946
-1.052617907350560
-0.181952967319083
1.652845223709083
1.054740279533107
0.793401636505107
0.152986348000195
0.725620820891458
1.847560938689132
1.510959436420654
1.821190937550547
0.068252156276677
1.563519478381340
-0.886200600771427
-1.267192423000316
-0.685889520790585
-2.353533273300449
-3.209049620626674
-1.921617678696401
-1.299630109558769
-0.910590534449854
0.505283620577612
-0.611226764722657
3.134257014183503
1.909508722467343
2.470262664343178
2.299431141920510
-0.375689613084593
1.071905960417155
0.547866728132888
-0.858704781316271
-2.745156429297694
-1.823501647153319
-1.652823245568574
-2.664167619864966
-4.025920761644853
-2.500454829817753
-2.417226196004837
-0.840540365799982
0.292213650672184
1.032808620363858
0.708229142610133
0.138496929253188
3.119878239103875
1.864826179291686
0.115183532745314
1.580665952340544
0.189581538450962
-1.692530116686699
-0.833760225924569
-0.268468737710043
1.048211560889769
-0.916146365628770
-2.655797674568809
-1.812661082353861
-1.768861262560974
-0.732164585794223
-0.032559795647879
2.376698582971970
0.316408693311231
-1.077492798308265
0.019796429490732
1.225203515176470
1.268006843208027
1.447868993997409
0.894351939060780
-0.586476635740636
1.016780030034581
-1.414428637473538
-1.065909298519001
-1.218578899924809
-1.465208719503111
-1.115150391748689
0.019046681792831
-1.526637272426822
-1.579046741728122
-0.110825831235183
-0.686268631910358
2.203195676361362
1.862004845056609
0.593165409207095
1.072165646709796
2.442837657626953
-0.722262794515582
2.437412722578518
0.930287450960590
2.460977205488865
-0.731254213184133
-1.308918931407762
-0.991072937856245
-0.533798102772703
-0.851109046673875
-2.403135059283620
-1.225657900545931
-0.162305281157567
0.425941532788925
0.454175978349380
2.281840147706607
0.373942003627183
-0.067571816879766
1.655024605914965
1.543444902248232
2.151741368194633
0.787712777439126
1.178259968725528
-0.528202050082665
-1.704295467442073
-1.264936399670694
-0.217435602153905
-1.087191774443578
-1.724671647416291
-0.542426450925405
-2.398090503585248
0.079018405546450
-2.428810808574385
0.355322258812851
0.216421867074632
0.134174084190114
-0.451095714156828
-1.887411659789325
2.855441555395511
1.068527822881185
0.846402249071500
0.620709743436928
1.885525629767352
0.569821099417436
-0.267546845436717
-0.717197014987808
-0.091418872820322
-0.781192413411468
-1.988740712392433
-1.323636270463226
0.460054037734584
-0.438453521226665
-0.363656993159480
-0.280524489560742
0.493134944326016
1.221996906678536
1.668062243192237
1.925482593409280
1.314527524862009
2.886635767091648
0.739404795232478
0.640365527178982
0.393642814843672
-0.359170110932842
-0.274167261262818
-1.628782509035726
-0.233459301046116
-1.591812991878235
-1.008679789717084
-0.348513289535275
-1.508082461328723
-0.081529700470123
1.061259499390840
2.080502700905493
1.727962817239462
2.106458661009765
0.721907335814629
0.775643146214457
2.600358876570107
0.051622353843836
-1.271501599131202
-0.257065581489414
-2.247756897424677
-2.416492605989061
-1.787888948002741
-2.110315143899188
-2.880313209091652
-1.334997000223346
-2.037349235042365
-1.674293575514765
-1.188810138542457
0.168489267482457
0.435507036435518
1.169201308383258
1.696354553213526
0.360789812795608
-0.299525429899160
0.741155281008645
-1.447124609891954
-0.556499336959626
-1.675138674281772
-1.395301724427839
-1.778120099403943
-2.834951158651106
-1.089675095455110
-0.878033666327228
-2.423823317748094
0.255602818071082
-0.273793987833397
0.311212637832091
1.346510843882911
0.892671975796032
3.615749329684300
0.883293736713111
3.036064805443269
1.316162569007845
1.273634038755772
0.982152484164436
0.268863031347537
-0.818558693224532
-1.449990532985190
-0.867498363285587
-1.264658122244032
-1.141892666443926
0.540402661295691
-0.299111456801036
0.599968050989227
1.963035097807900
0.921321329668472
3.555155957288683
3.630298064468906
0.504044039996801
1.335573348626857
2.035411118108113
0.828529774399108
-0.917002883147930
1.051602263811122
-0.543434360774321
-1.125577163551999
-0.791984965437127
-2.171204469614840
0.494929236603789
-0.166680242833213
-0.593846133213321
0.524871420271818
1.583042910802838
0.868579214568224
-0.263820461066417
1.629536158932407
1.829473858842696
1.553097075445990
-0.858525599664701
-1.411490193126983
1.000546168872708
-1.443256825784165
-0.844045905544728
-1.628612833148214
-1.451036055371661
-1.015835048442618
-0.445365935557721
-1.076754975265496
-0.845520752588269
0.130972617932468
-0.210433406272512
-0.151439255912867
-0.677197858263134
1.404913794696201
0.221171649141979
0.553545824684291
0.456063461746851
-0.166703809062564
-0.336098406855514
-0.562836848460862
-0.036642898522230
-1.867560128919360
0.291039358533868
-1.400947591017968
-0.615245971911617
0.198272229883381
-0.652359370404194
-0.217877987152861
0.094108868507262
0.261600618459937
0.640534779179562
0.807814286285103
0.576570526013915
-0.611340772045423
-1.918601258897760
0.613418080058532
-0.020081767488452
-0.881736480482241
-0.211004270908747
-0.701072968142739
0.915195062668265
-0.035685885233912
-0.747330549903724
1.229020951179480
0.678149270359926
-0.456307737287931
0.039951342939785
1.323301587722143
1.833210883628707
2.201129255733647
-1.035829935414173
0.041549258161703
-0.186541571946391
0.050837585094977
1.847294662329598
-0.589232276488117
-0.625244631625025
0.624988099639782
0.022101755556606
0.202471606586843
1.770510669931540
1.568779714994188
0.152442566383604
2.610390875331687
2.970603734408626
0.922753704886248
0.568840284582830
1.697534845212201
-0.920246731731626
-0.122201652094325
-0.203155665153936
1.286274465724687
-1.213267162212747
1.269058981268760
-1.532091032087687
-2.495034719581326
0.361221774502146
-2.909397766928103
-2.214820109968347
-0.028049871370895
-0.514840547035503
-0.036568846938003
-0.568763429839961
-1.040597846706080
-0.242913285636513
-1.772439801375094
-0.446236812927716
-1.778737731622324
-2.279306004165564
-0.698006124752588
-1.363999715596829
0.144985469867029
-1.215945841936590
-1.172422183835895
-0.476787686275553
0.072294325735864
-0.465000275266067
-0.155286500199087
0.712936259529648
-0.112025275282553
0.815768508879164
0.426234953665798
-0.489707438818152
0.210378163312363
-1.131997906657338
0.811912141143887
0.318665168231824
-1.150900696769789
-0.833792703903285
0.016594125044572
0.022202279217768
0.553093349563143
0.420840115482995
0.924388722952857
0.309524752277610
-0.392430115781078
0.645458938681330
-0.444206355973453
1.613295046897016
-0.636094111264445
-0.241517793282225
-1.059834784029783
-0.637074678816637
-1.150398535013401
0.698782790138650
1.571982841547303
0.524792348115229
-0.059407053090047
-0.119683205594532
1.990365512012763
1.858263616498628
0.291832230621942
-0.216753265959587
1.607680125776205
-1.256947249547409
-0.278221175633831
0.139298357379254
-2.223891412922718
0.841103592318574
-2.139547656408449
-0.790206251001381
-1.327919378841674
0.097134894157961
0.779680720536475
0.728609276606619
1.782276884091519
1.550359576852915
2.208448942197080
1.900663403042234
0.166450526117957
1.042573550899540
1.951777501913757
0.185386795890137
0.227498502997940
-2.190001946432553
-1.718759420424610
-2.014541805426801
-2.895355112219315
-0.639619447042119
-1.338142428695035
0.656312573854397
-0.099549443542597
1.072315896102235
-0.336401370034010
2.047387071463549
1.517823434117828
0.916783048292072
1.476203931192949
2.355242414238302
1.429817708496186
-1.439234490720954
-1.630427371004433
-1.151405628599542
-2.365044623249453
-2.756347329000931
-2.903074598128197
-2.202906529456873
-2.262772009539686
-0.587715798088110
-0.187333270889007
0.682948089947024
1.500916265885642
1.494585388389737
-0.022462679266756
1.891078304335121
2.137265568143187
3.243817305873323
2.469474288597604
0.946055440461246
-0.364076758263250
-2.506144535818735
-2.939023411213909
-3.927975878344149
-2.282361204332376
-1.438088998360747
-1.006637797977518
-0.927734210585271
0.013381250453257
1.039497506341817
0.652620471092214
1.281339095460278
4.879067103373337
2.444003451111569
0.207102960634849
2.285703461247486
1.628382028009123
-1.024018039045799
-1.519383145856243
-0.927063362524362
-1.701435127473455
-2.396489393714336
-2.532715769381639
-1.690830243454887
-2.068430206847008
-0.805877771703420
-0.854023498047806
1.138645923907059
1.801932002515104
2.975098668093364
2.418557166409255
0.598353248677800
0.968023117586881
0.991252567850788
-0.454794635454061
-1.064058727141347
-0.948511021980039
-1.044334633099940
-0.136605050552944
-2.653371424309934
-1.471442707442342
-0.340131884100931
-0.817659456619331
-0.976544049901876
0.229223653584620
1.107079625239954
2.291879554623252
1.531803948669261
2.891883343068671
0.121277076133600
0.801508232052230
2.485780502976800
-1.124051607199966
-0.545349662970731
-1.533620826515304
-2.447394725032836
-1.749089361717122
-2.242435975036365
-1.557921704268403
-0.952747523310903
-0.408893894869614
2.156472029276886
0.998899638531278
1.595851168910178
2.148159559941989
2.814693896105996
1.667767418464314
1.358133278457113
1.501076466123657
-0.466245572906110
-1.659355006069761
-0.408406367202682
-1.151210351273133
1.359340170136067
-2.956510881056421
-0.920513960661516
-0.728536740330512
-0.346669556294140
-0.849079149076531
-0.004607567050189
1.515882673572942
1.346223999315810
1.393952424650285
1.709095984069939
1.674755445342151
1.745929509748999
0.910020204841447
0.999835120660674
-0.757626098242268
-1.355536682832521
-1.806861576767901
-0.419689355887051
-1.445000607092042
-0.811055219259838
-0.248887766296693
0.341246777708150
1.005472134668180
-0.860879991006331
0.273355997548390
-0.839160342509620
0.641524704916533
0.823128654451741
1.912201252457082
-0.655571661635103
0.048982689932611
1.141576848547691
0.035923979321444
-2.147803127094567
-0.339818238092117
-0.305106008685097
-1.073180694916182
-2.438151421212571
-0.942978570028222
-0.910049034419327
-1.150277853458999
-1.010968745174953
0.075605935976692
1.527190271732973
0.190583994092622
-0.072497205978085
0.010915203099662
1.243632658922534
0.654474331676823
-0.722972703557623
-2.045317789767455
-0.409854452637647
-2.346845471610488
-1.877960153312531
0.704742254727967
0.463308133962732
0.722482413330047
0.630150513735620
1.629298210974640
1.663216758219128
0.178698208847147
1.115238150822011
1.799927554599541
-1.868935769088865
-0.162791431889611
-1.450273610321458
-0.966327338029894
-1.863137898252777
-2.163571033160964
-1.390921343343886
-1.782843484843833
0.442654315438739
-1.270963639660026
-0.763128830718289
-0.900062217664629
0.276043062260275
1.175532415769216
2.527676727671503
1.972564994710265
2.394378170605118
0.337612878957192
0.250418169172205
-1.788585532014288
-1.050750043908419
-3.611546134856875
-1.238053431908347
-1.359795161635798
0.062997818958570
-0.268482757093189
-0.601644140490509
-1.347736418339092
2.023545440818257
1.408149824143378
1.987430415330642
1.394074023324346
3.030163466202808
1.254156098052129
0.271602817489247
0.836748316802096
-0.657838470741264
-2.224741583343547
-2.464288405596335
-1.774679121093730
-1.953050654360012
-1.686721643478520
-1.560441133453772
-1.545767482690801
0.148110875769600
2.185873705235581
1.137041254301931
0.510197985870237
1.949489995212348
2.409341338636526
1.366153782295341
0.611341650989647
-1.432708115911573
-0.725248773804025
-2.338217408336276
-2.797761164396294
-3.200315357849052
-2.949751237732743
-0.351800906968778
-0.972490397798043
-0.810835558677059
1.944756253290412
-0.798170331739705
2.300844106493970
3.056492834414581
1.562165163856265
2.161567775107085
2.542719092126543
-2.299226354553678
-1.584339614665871
-1.563938490184806
-3.437349527199649
-0.264319507398916
-1.730000359802121
-0.998895304390323
-1.561995341657973
-0.776028233012183
0.676727384832435
0.687206217831113
1.772264650591927
1.183953601206973
1.880446346391197
2.892076195558965
0.830384706926819
1.810046041327342
0.464702644122997
1.043219408168313
-0.338670539406649
-0.733808084256094
-1.156871188744037
-2.265264900577708
-0.308260453253102
-0.587400599459842
1.299791216698266
-1.299158477982240
-0.030142138398258
1.091849239759761
-0.194376117802862
0.355471465450915
0.855588291291843
0.278013819872026
0.983470243155187
0.367510252781029
0.222344559018530
0.092159634576418
-0.764763943761266
-0.520292532605016
-1.190860200244174
-0.846671468145691
0.187823745472059
-1.038782890024257
-0.069510073599834
-0.715294281788972
0.723077687719633
-1.873385513381739
1.311548974060675
-0.101490980717001
-0.343937360876672
0.195094851874817
3.047142558737804
0.476404323358859
0.434165624993668
0.635238229277701
0.783819343762745
-1.171329729023259
-0.700371978996103
-0.390939113919664
-0.281642616147265
-1.684528960018688
-1.149240223350631
-0.641350827683105
0.943206098114485
0.692870018178509
-0.045940768600871
2.352669784386068
1.069076618259971
-0.658499537787558
1.118367375073949
-0.779043533696536
2.801889790159268
0.684491603830575
1.103466363818262
0.984244880925405
-0.015117506728675
1.342927981559027
-1.929951626486120
0.506673706481140
-1.028239766645191
-0.607696550106543
-0.045657520097596
-1.035500547996958
1.778439246707213
-0.557747075523560
1.417932913977447
0.151908353632058
-0.285961772598233
-1.498448574871629
0.611164643927106
0.186530200181595
0.723014873321787
-2.405971878233228
-0.240166642469793
-0.226078256000061
0.735343298724980
1.728626650861533
-1.110226741877631
0.575922372005241
-1.574823332397511
-0.582374340674592
1.333965702069811
-1.910387913102758
-2.150903793351534
1.317664089644432
-2.163005625421838
-1.627613046706027
-0.119389162754410
-0.906333756959638
0.022829003976167
0.301273376219813
-0.644187430843869
0.608619266252336
-1.515397513653020
2.782455217488969
-0.159290909617368
0.366515731060349
-0.108517418906363
-0.251736543821873
-1.824935384771417
-0.514946031654951
-0.758865206093894
-1.629127053730473
-0.553870533620291
-0.636252748404448
-1.134881743848929
-0.340570402731169
0.329234439439117
-0.199854963132477
-1.531380014271046
0.452315492432095
0.819088586108997
1.289722773462318
-0.696514913540018
0.260777090225186
-0.229996543517081
-0.286472182138611
-0.043588870993278
2.128885711496872
0.421356491469531
0.856689530897985
-0.768842456331414
-0.561954548019725
2.266045344673268
0.344200929986622
1.963932554032842
0.220027519202222
0.012691434359235
-1.189785294024393
-1.063608614028105
0.030896139435510
-0.485682954281668
-0.167937057691976
-0.363681118389093
0.733980881246966
0.548264800271381
0.440280285755094
0.536659337396630
1.109895659558774
0.605473186219422
1.149290518705901
0.750935322577662
0.515027070423361
-0.158202658641519
-0.554509165044971
-0.689601667885014
-0.210479565454560
-1.504612875149125
0.495975989271232
1.392318172827903
1.505970452940481
0.299523951053880
-0.026264236114179
2.391835289417281
-1.027150207030198
-0.210484568873128
0.487294766433462
-0.339526907528694
-1.989054096309200
-0.873183529812373
-0.764569667428973
0.325163156662373
-0.045969801380631
0.269738189651180
0.661247068130940
-0.092208161352769
-0.498024158528821
0.551293178337162
0.762618591829163
-0.970161258618874
-0.830490775799555
0.562495337259322
-0.945964982817086
-0.039485431754406
-0.249182220029022
-0.208463639853829
-1.166127254457112
-0.688904597227288
0.257073009402868
0.933552849339683
-1.184862006521891
-0.247360538286053
1.732721983867580
1.122608059811524
0.719384129947939
0.423857218954054
-0.590445372685382
-0.917980647678748
-1.127646438449950
-1.747786845666266
-0.382689730867813
-1.597542125521509
1.422213393634627
-1.048294464863707
-0.067438341144804
-1.342821427685709
0.282560957051140
-0.728872962311656
0.387962635224855
0.973096290485990
-0.740194003403012
1.125461853537168
1.737780719019536
0.317245697777649
1.157936856020156
1.516933942970051
-0.358918160589785
0.268359684145449
-0.654917236157341
-0.161287866591890
0.876658011932190
-1.748301626342160
-2.328359113580427
-1.777841942372345
0.617009796693178
-0.259818093614704
0.585921571841452
0.326384829231166
0.744725231133647
1.135863842546863
0.647688638682714
-1.465234863511874
0.534104606175388
0.624892370810014
1.491526259195913
-0.794507392699917
-0.699909337296879
-0.846917874203016
-0.611347206503097
-1.656681320561050
-0.118259747730238
-0.828114505237692
-0.213014081620132
0.098634661006551
0.913641067284824
0.227657237305584
0.742961151158163
1.659616378261015
0.173005365867700
1.565270140059546
0.776300594817977
-0.551368176977052
0.565798531857037
0.962414172300842
-1.117217087349420
1.592719376578379
-0.990783491181158
-1.088465360632485
-0.855409886290612
-0.780366686481030
-0.093570218017763
-0.050278640759581
0.278214564183865
-0.044699448947857
1.290624968475998
1.407511806667686
1.175481053156755
0.892607401876208
0.576641976213412
-0.854901419655388
-0.128352028835729
0.254308912263988
-0.098687489891015
-0.175100265154263
-1.208798712720385
-1.665661504245819
-1.200754165228207
-0.733837978707029
0.180864172698574
-0.878192852053057
-0.458069277544811
2.176895218491425
1.043840806483401
1.454536949837443
2.319254187558990
0.915600581499725
2.261293749095161
0.734781743880303
0.921054624506422
-0.845014493476506
-0.035607390229730
-1.065725090314814
-0.093834642921702
-0.529758548051435
-0.262354142840286
0.969579073870684
-0.392293243891168
0.104526072103982
-0.184056983180581
0.961554027499429
1.075914491643173
0.810823627586927
-0.441472568036993
0.746102926985701
-1.121760606236529
-1.330942857537402
-0.971081709379378
-0.768002682646386
-1.022293700181099
-0.777390336022318
-0.251112303812630
-0.892047027181524
-0.135063959734120
-1.381801580210960
-0.843285423906209
0.898023261182028
-0.522807070108644
2.012330999938980
-0.504723839545614
1.989008167029893
-0.697883143025752
1.937011269026956
2.001781526185437
-0.595566221735812
1.354550444050366
-0.730559739435595
-1.078632052463950
-0.850041879203251
-0.900002752718242
1.636229817439922
-1.902395122943239
0.300218889698059
1.190069486064786
-0.172048311945332
3.063780818951429
1.674815792155528
0.782130004974503
1.165349292741592
1.941451181249955
0.720825807735224
-0.098823354404340
-1.741326194609289
0.265293076530068
0.181272387868709
0.810256228869712
-0.071728939645810
1.399114210003890
0.244005180832643
1.008991224753056
0.114446534874437
1.627362374707752
2.121606386712863
1.115243771361556
2.252988457332369
1.802137219433566
1.106724426641444
0.028966610356495
1.708336243859437
-0.470029393502320
-0.638254569201074
-1.128153866486513
-0.643382882135891
-0.190207920126164
-1.052268467630800
-1.126562677958475
0.193705636907442
-0.295828362064486
0.440026494574370
3.533666883430898
0.144608113357750
-0.547198020516933
0.718556780977422
-0.136721665929457
0.348588685102408
0.183445162229921
-1.582645374874405
-1.416744535542778
-1.379365103706469
-1.360486851888830
-1.630022052984429
-1.079000393956536
-0.618941132873963
1.150000436648684
1.926079592809328
1.695892089169819
0.308221891284698
1.800030101716534
0.821803863115681
-0.496905256757498
0.651037278674975
1.668784780927741
-0.068004464373130
-0.539084600671436
-0.760323272924461
-0.628542706946558
-0.601668603638882
-0.645116728067542
0.668396830671816
1.614235914357697
-1.256547658922445
-2.162520094294368
1.513782746250184
-0.074912717689074
0.492832242292750
-0.645694495326779
0.205818813122483
-1.802011630065791
-0.823504749207985
-0.301962264352536
-0.371327875844756
1.246163355832418
-0.666024141554844
-1.383546610702618
-0.260826745015509
-0.656400354137164
0.318206304418573
-0.131667384593969
-0.094927338888560
0.442209983740086
-0.325404282889381
-0.447094358866245
1.572637528708591
-1.007898585770364
-0.422495990667582
0.310246533727348
-1.099150071517080
1.304872996201402
-1.050245255854321
-0.089654601970667
-2.121712745223100
1.423349958780148
-0.299379067435317
0.638672509606513
-0.077499044596504
-1.755599160003124
0.966695054688401
-0.084897167234760
-0.553425760740707
-0.904957106435009
-0.031886859396970
-1.629339938264394
-0.584731679368665
-1.267104989616192
0.393489094626701
-0.434676356792779
0.185222964807390
-0.076731635612169
0.851738385752397
-0.053832035197472
1.222924437443215
2.285931256863110
0.508519806139827
-1.656741528204311
-0.668389043764856
0.960266722496430
-0.338787605586550
-0.904275297222221
-2.148054976883803
-0.679348866615982
1.082685740532393
0.863752468600858
1.481440572228411
1.652739058778580
0.530534421694893
1.104791274081395
0.293826080015258
1.398353064464043
1.835124219303855
1.885429431463345
0.220535158031368
-0.382518634833881
-2.329082502392709
-2.231603305059763
-1.727292920369464
-1.213019407417985
-1.212822928873849
-2.336393548224308
-1.818357509083813
0.700439926151304
1.743211718115048
-0.660739700500096
0.871955828512796
1.599291046513507
0.736248823605429
1.289744158762510
-0.347205521885419
0.258236387328978
-1.051021263716014
-0.457065860570501
-2.011125668493813
0.192251541532928
-1.331045694259698
-1.334083693217560
-2.248073892131433
-0.262113732872903
0.326511187191196
0.286983973573753
3.200803472553513
1.513500005161239
1.510820461513127
2.334911537036447
0.812908355891017
-0.011374448879719
-0.598721662430109
-0.362714214837282
-1.373349623787929
0.612113298286580
0.129784834730981
-1.961179149860046
0.165190891178537
-1.431222743432839
1.255266286891567
0.092169867429371
2.180818006474751
1.154961568774551
-0.340402281114691
0.948719238508620
1.154415801900667
1.611744657599593
1.305441182484885
2.763833787541201
0.445386691480066
0.290083601918062
-0.110792924119714
0.405765059754595
-0.818513861469894
0.214164751196819
-0.727002731836849
-0.841408810031153
-0.524135196631097
-0.884033133411407
-1.460986174109489
1.279753922609073
3.114297460005379
1.604812691227328
0.060218220347234
-0.028665545522462
-0.154540308043223
0.140945253900249
0.970416954800133
0.578928660026390
0.222681347172255
-0.440681626977660
1.236634695105352
1.031934059832219
-1.043001020686316
-1.303842672871745
0.855285376580698
-0.303603351587219
-0.198649245626904
2.322197059157075
1.216712494963200
0.393303436586450
-0.264072807232042
1.054478758129257
-0.490575431890337
-0.521887981590964
0.212548427896674
-0.271772415198570
0.414234626471320
-1.493084380151743
1.121235678052823
0.806510167154706
0.329142584981949
-0.055032206952022
-0.766840703625174
1.999620647418110
1.592685557584515
1.032717867273278
-0.485617963540327
1.295016860725855
-2.410913738425949
-0.939555596473943
-1.386109458764120
-1.196631572900601
0.113444158968794
-1.393535252861549
-1.967332491333953
-0.359831186603714
1.722588280908749
0.181281265942752
2.130158764449613
-0.478274777265263
1.298144580266328
0.689396660668307
0.223015108120676
2.269923761429248
0.915228703929442
-1.020502343760304
-0.454857503490025
-0.410408575877763
0.027355270142769
-1.639803986753681
-0.302759430250580
0.829299083440719
-1.209490104221234
1.205385248626654
1.627101438180445
2.117022456645896
1.582778196384033
-0.586527968650581
-0.223456240076391
1.131183921391812
0.825252407608315
1.585514324455346
-1.122231680886023
-0.278243273039132
-2.886759157258157
-1.541994676099124
-1.774835187043339
-2.866398955936975
-0.975830247023998
0.810926450376553
2.318873452220592
1.035171249156920
-0.807942403853413
0.521010996949140
0.290811215778516
2.807507491298888
2.521689178807052
1.610728119086781
1.724529550406505
0.042903516375538
-0.753350826182847
0.291920415361241
-2.645713518445908
-1.228542757212712
-1.338758429374177
-0.698333708124090
-1.719786805708524
0.214617507732266
-0.855579395901396
0.523641269419745
0.102890614680236
1.425332400500568
1.992374242225790
0.636985058310628
2.130529007374714
1.491906866752176
0.587714018640054
-1.807596628912699
-0.857333213139267
0.380798852581259
-1.265161009602300
-2.262474258765327
0.021145229467446
-1.039139365146894
-0.475956574800738
-0.396488252415110
0.197334571941666
0.770125782339317
0.697560583895659
1.294035812587310
-0.895265168180329
-0.562785908356368
-0.110133232719982
-1.304041852569313
0.492551926060182
0.834341216361573
0.330619604457311
-0.830133074906091
-1.214479467049292
-0.401549050097180
-1.324951161838596
0.347534215446447
-0.224814878665879
-0.796857965796092
-0.465527284531832
1.407531223367999
1.428084153593274
0.947267562631854
-0.137484296523792
-0.392582267542884
-0.332745653492560
-0.462419042973099
-0.594864027861356
-1.209627358569599
-0.903108334907740
-0.038041806256613
0.826455790483837
-0.709592042857725
0.603525312537406
0.201214945389492
0.731688114368073
1.003156226079244
1.774015653391654
1.216295108931847
-0.189676980929981
1.674330807796212
0.055278011219981
1.368023429828910
2.065589202636385
1.690214880269824
1.104531294592353
0.810300911000905
0.351469518382224
-0.790590582694068
-1.513367038475999
-0.096896092370933
-2.845011472169800
0.056165373482720
-1.613195637625225
-1.119138334148978
0.836767071527694
0.342667434740806
2.760748549203733
-0.263867504756353
0.370334106768722
0.666485228979703
-1.055576148109587
0.749212818282649
-0.031304116766779
-1.149618481023553
-3.138114969204872
-0.218955309245804
-0.264790233884504
0.284294704694054
0.401392538514559
-0.290818699775632
0.053003927534041
0.032437048434605
0.312319408994889
-0.254628172735005
0.114165898504590
-0.740072794956899
-0.407979799361082
-0.558405285729375
-2.385476616593883
-1.810876806717914
-1.069677205084304
-0.431832731746914
-1.851675031860674
-0.281325333714743
-0.678756380564096
0.070185276971039
0.226202969524417
-0.943587362143685
-0.796585027321052
-0.322948493301027
-0.703540181669534
-2.113696797976745
-1.241084388613609
-0.113273791685667
-1.995246828730926
0.185134273775297
1.341829619043539
-0.171921014370186
0.976545120391489
1.201814831016987
-1.049453695536834
-0.537488364334208
0.214163719444214
0.026512876540179
-1.158325754226893
-0.211372211383317
-1.243047500007992
0.235748705764986
1.434788159910795
1.734391150264391
1.289860558014248
2.837944290175780
2.229809232052548
2.015252904279766
1.168912585745955
0.410086000160176
1.009136289288178
-1.580885774103382
-0.027641769900788
-1.306401436177968
-0.255356161166690
0.278606508902830
-0.673809175785843
-0.937291428699031
-0.775930968357450
0.242670892971968
0.883851711117699
1.077883324104757
0.221409996035443
0.938298233858045
1.088271528993556
1.101829187934304
0.340973906153765
-0.089800123496719
0.341845566407088
-1.287171306927731
-1.255645534655943
-1.551904204456488
-0.761810634300603
-1.171556655448430
-1.267434493839993
-1.728323575993696
-0.338090315615566
1.349374966582727
0.265733655524684
1.464924268729393
1.755770179207641
0.649871146074653
1.733129071433136
1.004172712382472
0.918485871062215
-1.340701568348368
-1.390321318231295
-0.754115776958349
-0.817287156701081
-0.827450142344198
-1.565887199103201
-1.533350090716949
1.259812251140735
0.096508238996209
-0.598990360280602
0.998538542177466
0.457188970382670
0.045069524107143
0.662905298328676
1.108484019077956
-0.422264846702513
-0.363898991550900
-0.823700222904527
-0.707127199426397
-0.008347721544154
-0.310903303240489
-0.882677780040180
-0.789503287223076
-0.052520884021890
0.374910780913491
-2.107380704009559
-1.502468284084094
-1.169725397284519
-0.503115444037153
0.607042713979909
2.316687284321782
-0.625597645133787
0.710924804627028
-0.137671608194404
1.341357762529865
1.558538662452540
-0.028603527522759
0.092714378372729
0.264872862218192
1.119816513986118
-0.351678719822121
0.775518955433575
-0.672126102859734
0.057563066814523
-1.909261884334581
-0.554738366195903
-1.367589479502239
-0.605874290317278
-0.363463132502283
1.688145639714178
0.184580618041889
1.805902003184914
1.410070408824607
0.365405632638728
0.635402811413872
-0.251950193393391
-0.019580855954458
0.980378497834810
0.664972863490613
0.249420111306763
-0.093331773757198
0.602646904532609
-1.455218626530629
0.394673518902450
-1.477570659151734
-0.644379959891815
0.566782350572243
-1.048400012377874
-0.597947461486809
-0.777153476310534
-1.532956988680577
-0.566309808629556
1.097135655542779
0.185324896715830
0.735841307732117
-0.250959141051304
0.809416323573605
0.862939157747701
0.433429661664230
-1.157510928597221
-0.809795612562073
-0.259177551238975
-0.699159184804962
-2.091004085956439
-1.221939664253166
-0.587412700671630
-1.752610466358250
-0.337703230664653
0.217406289438930
0.895752369117184
0.368284740519155
-0.264010846436188
1.161165320253660
2.868814785185111
2.474681735172900
1.420945633341520
0.256483620542919
1.907145682168661
-0.984572966324477
-1.323345343932126
-1.892082450424438
-0.416736875665786
-0.114719290112398
-0.276546967744957
0.250029814817019
-0.920635609278708
0.561869052515678
-2.019763669472239
0.797239383120041
1.589170937704037
2.284298816612183
2.202771319777731
2.618067360865719
0.270475676333763
0.805214318896571
-0.869775820017131
-0.158823033978914
-0.978442802188655
-0.196108823156729
-2.641101716952297
-2.010932973818271
-2.850320453176452
0.104198540196115
-1.017438837737968
0.446280323776592
-0.540138613023198
1.312019663760367
1.641257851816763
2.451850336013552
2.374476344513133
0.514990757657259
0.704167240580213
0.121000416029109
-0.485867375268703
-1.601233692862554
-1.833854192957600
-0.276485649320381
0.273082054361436
-0.541462166287467
-1.934601363582936
-1.031873830904759
0.076589783472442
0.133189246828715
-1.016887500559104
0.084758113934807
0.063568751646323
0.417590935558352
-0.316466100263505
-0.798215009733363
0.051009419511887
0.659326590505881
0.292852710308173
-0.171693709052696
0.431214135561203
-0.045416150949990
-0.380938660375080
0.328657079298756
-1.213353093363317
0.106090557957185
-0.411102242448497
0.442441679085842
-0.103065927001495
0.224517300813945
0.150382349329871
-1.202795569926527
-0.595530356108003
-1.056512890961860
-1.887511367098236
-0.632589857334309
0.302645102267153
-0.072661137241552
0.623421184992484
0.787702121763922
0.540728128823628
0.143426760056578
1.429955549361509
0.401806642094120
-0.654324210703201
0.340344321375278
0.292467482166694
-0.278829141095834
-0.631361931777240
-0.116631779851664
1.319818159068946
0.726892483210033
1.794306711378635
1.631961753698125
1.986899133550649
1.122038808075952
3.062114017920959
1.768871784768856
0.359478638763152
0.766287830308485
-0.100482573665146
1.192190185846361
0.559310741724586
-0.466182628168082
0.256972355457618
-2.118784089470211
-1.990347763667497
-1.764499017819518
-0.331943791776154
-1.966830422038604
-0.314196630807941
0.353586059601059
-1.144974879739087
1.096383050877560
0.390321264375232
-0.720905997409473
0.867885853385612
-0.235777621454797
-0.099558311977603
-2.101495492079688
-0.974610786224624
-1.326454935951313
-1.419446284802985
-2.548067997349831
0.087564701644847
-1.092577339673765
-0.363367956196651
0.251581408680394
1.395217671784621
1.366225784495432
-0.329778057136002
1.839866866024259
0.963011651936871
0.929139463829271
1.165473934372081
0.310732410638773
1.006828857212978
0.735341032332303
0.855219340127535
-0.919144939280155
0.705667888452641
-1.873510308650587
-1.913912769196527
0.606351819581230
-0.620752159118841
-0.042047438833686
-0.493378252711453
1.032341329363759
2.140304256255929
3.187591308510100
0.608431200882327
1.243501982003011
0.165112919703851
2.053376656407798
0.395644529264170
0.208183864518162
-0.606301469158729
-1.218145362915446
-2.205671620447057
0.740674508147483
0.751822564596468
-0.320335591908402
-1.566980918538179
-1.731289542326829
-0.716090431676333
0.942404834748284
1.768932713159247
1.129107389195964
1.443117699899732
1.701113297262952
0.221965185930439
0.514870930588723
1.721173927530480
-0.922179768980512
-1.431018611528837
-2.135122224960237
-0.600149118896449
-2.771502275306570
-1.861351246956320
-2.055793279320395
0.219785745076481
-1.364912583481342
-0.963003360028638
-0.213430416373975
0.879451201186836
1.397138737514518
0.732978234411244
1.511401647504763
-0.874542755311004
2.025380848411827
-0.873179372375546
0.432076328284017
-1.301047650277554
-1.286076250357628
-0.572441123874888
-1.729887845484231
-1.693029434564290
-1.996492107878530
0.150272868758483
-0.131800012175569
0.579773870632221
2.512653389882733
-0.375636326234095
1.710859333860887
1.479033216553349
2.307089291124308
-0.706854521940135
1.778077984402144
-0.591245519916293
-1.632902835243155
-1.325562164552852
-1.002584718936106
-1.234848256385778
0.619600771107458
-1.324091688937322
-1.872710108106884
-2.395680918979307
-0.658615656124622
0.230535307646644
0.978336371663995
0.120964344761716
1.852688023257732
0.320264293052406
0.834703107153361
1.134153515768723
0.614749432838315
-0.243997072094855
-0.562885178403157
-0.799895827097898
0.964641376265876
-1.529845630496468
-1.966143517109430
-2.579851562745787
-1.334218686536810
-1.883633343324723
0.394831600381197
-0.920199349018999
-1.212923831649708
0.579361872278368
1.344493542934472
1.462747974866969
-0.198985900684511
-0.268979726089661
0.585714002903707
0.173191468771625
0.805758141127079
0.353009346398649
-0.076937572309658
-0.334031380627972
-2.847038470003964
-1.186020906858400
-1.355398863460652
0.370412482346756
-0.691484141039716
-0.838092301619971
-0.700041432280136
-1.282351856525735
0.960669287028932
1.387291421805110
1.710220286869767
0.757038079803043
1.532515899145491
0.454726272647402
0.965775771101391
1.864419234956083
0.042918364252348
0.141873185812299
-0.307549214135591
0.034436087126373
0.555500346248742
-1.068232255054243
-1.888956239877390
-2.389559489411615
0.548432695825146
0.601004258293870
1.596855435483401
-0.737031262021397
0.435230750032035
1.400148758936266
0.899730390490454
-0.229468570431996
0.102234127934523
1.637607685104362
1.579426520634351
1.138634847260444
0.142349723964401
0.254431227370001
0.625509706299430
-1.002297128627410
-0.624305686943056
-0.814462929917529
1.050359472959752
1.071944568762163
1.240168536988441
2.398542638370347
0.183694932014265
1.642439091794250
-1.452522388694403
-0.186897724858901
0.562299810288073
0.407952750359931
-1.378949724819909
-0.192061513201289
-0.383418473574398
-1.068729650096485
0.627716104847921
-1.777586096453228
-1.304025277321921
1.085359317881678
-1.879449298453783
-1.624798197016860
-2.055531685804919
-1.048320388958293
-0.934720930573968
0.048821497923854
0.814190418471069
-0.049953302819232
1.757571907113228
1.171945877381944
1.779624026568015
-0.865787161841752
0.927373836576216
0.720271164703202
-3.853156239318353
-0.980249977665456
-1.988366555403336
-0.071682019815136
-1.125069332142962
-0.396025210337280
0.375903056035647
0.173138646201195
0.273892817864939
-0.081051016939476
0.318628773244975
0.838195894360605
0.181134547108263
0.131701345579373
-0.685943861784349
0.905815228121629
0.696849756755562
-1.409587708774229
-0.743946590979787
-0.519994837405853
-0.404474282650164
-0.730510825248323
-0.352734589640412
-0.823685308435176
-0.050935368534303
0.684602700136407
0.602333692484479
0.771664305776925
0.962520229703309
1.718472306895063
1.469757677649463
2.397663182409429
0.711688270165499
0.792682597965121
0.808927680388926
0.262020903211631
-0.175086834512440
-0.105291975314635
-0.589778966474190
-2.364306540032717
1.541241282596876
0.145944279832195
1.076537859059855
2.238530155350918
0.775853606858870
-0.222926802178951
-1.212822108817320
1.091159993022006
-0.661737857486415
-0.724084565659972
-1.141245829270412
-2.537766860918022
-0.724656204387917
0.431164431318552
-0.326562852849906
-0.137023291050899
-1.129013649589666
-0.826980386065852
0.273964819185008
0.455699794896913
-0.528798467580889
-0.213498999189599
0.572586351077746
0.853679485488541
0.468868218060685
-0.464278799583317
0.650772012993690
0.810836381876368
-1.643320262801128
-1.057423598882451
-1.246830270557415
0.265268393494347
0.936289674903528
0.865158896586739
0.028590403042545
-0.785830192999620
-1.221109626979062
0.992217353015150
0.205752757130871
1.455818871508215
0.539880099660742
-0.708981988489487
1.039949846317004
-0.542839834763758
-0.265156263843203
-0.054606309925343
-1.391539930437111
-1.256577404188144
-0.420680137945315
-0.412479264421219
-0.394874580656588
-0.314141062822016
1.097273647392766
-0.517327833025804
0.485790921295816
2.188649852883308
0.878952284737336
2.145174427196238
1.249899554647620
1.178967185312745
-0.484097949277456
-0.272203055727836
-0.591608216225149
0.397980904896045
0.076204280608973
0.988192625738163
0.918366718633295
0.330386431828040
0.217617135013699
-0.565379963087161
-1.179628866897111
1.396401392809354
0.462456058243148
0.272080776974979
2.830221557205175
0.298371511484791
0.464546513259830
1.487276450682502
1.386890236234063
-0.718914942471092
-1.217240267751166
-0.691780182337653
-1.762747861583324
-1.700185454698917
0.121652074808001
-0.495678310057369
0.299603610367139
1.406404861393105
2.091235202050806
0.360989894963457
0.135921040506002
0.689782935881425
0.741857445566806
1.673989195240767
-0.079118584915282
-0.651747643095719
0.573890787238822
-1.479314308161704
-1.565030972482301
-1.806478798778416
-1.597467579463411
-0.446729127549851
-1.441647957274331
-0.519836942802659
0.781582839495915
-1.422010592917685
-0.245545797360970
-1.735177259067356
-1.322185704788509
-0.220672103994032
-1.327573496432639
0.357648423960828
-1.261491828828733
-1.020804652197671
-1.132706773964214
-0.157022311772891
-2.205032900272885
-0.777341785199954
-0.334476575446256
-1.586039437232489
1.049599770571270
0.480825633590222
1.011005247046772
-0.284305880352984
-0.098398811129831
-1.145762964393266
1.071361856701714
1.013632447712618
-0.752683251021267
-0.119694312483739
-1.652252058257741
0.617274719340111
-0.024259400420221
1.766131728144183
1.272325583335459
0.741140201994708
-0.973895021873293
0.616006586027412
0.390815709255428
0.871708009307490
-0.752317975158184
2.145230270591266
0.695708668098171
0.347556193299609
0.491079972769922
1.073527860151491
1.607879082066167
0.289837434628538
0.802313857766167
-1.279160662738858
-0.610401775885320
-1.176169618387323
-1.677023605172776
-2.254102656701030
-1.177361557577134
0.080841104092303
-1.376616926591606
-1.232734176248845
-0.877470929118846
0.395754897138439
-0.817594864574455
-0.038494182503955
0.411071242490574
0.683733605673369
0.353817395620361
1.489394495389148
0.327442610953644
0.048638911728419
-1.037803822939456
0.812996748351055
-0.126167350163731
0.693897643151118
-0.991981100425440
-2.291549499698990
0.535586170150818
-0.428383722482839
0.654352032456855
-0.889834854876933
0.241085027832269
0.019801730206537
0.353482801447345
-0.220630736528194
0.252596863776088
0.774225836534786
-0.116709095424205
-0.936845052223606
2.288800993889507
-0.149744917436932
1.558475815892185
-0.655652151690565
-1.311868388133395
-0.617604177735428
-0.667457680352298
0.553172190195750
0.630420717227504
0.260813932368937
0.501352505858163
-0.385633727258374
1.005193366539560
-0.697549514315414
-1.902891994124711
-0.252739139033767
0.719623617175153
-0.174034182733376
0.472832646266885
0.340461128909025
-3.816039216263415
-1.994323160321638
-2.439213145517474
-0.077986894080329
-2.020671443317986
0.879998767431622
0.544214145907533
0.373739362844320
0.421650142472873
-0.088022892943476
0.807825468499390
1.008490206890178
-1.158890194709593
-1.675405690740192
0.381442968705227
0.111133910785946
-0.331557239204494
0.962394465506654
-0.381057021795186
0.708884904312925
1.893480954298450
-0.070143361794801
-0.379983692019659
0.022676330088992
-0.019571811096947
-0.690587406509642
0.552560728316523
-1.194579963196321
-0.333488132348286
-1.038012652221274
0.681684710952928
-2.173963570331043
-1.241150376705437
-0.410789150616781
0.678749669164134
-0.767806323992906
0.972756165436972
2.309758814977770
2.350754925981470
0.634528898229516
2.603118771137997
0.298007992703660
-0.312232968580674
0.730262364405308
0.550527528175508
0.057980692018963
-0.087352932195513
-2.540580104602792
0.008249308169679
0.456700238677233
-1.251822398509630
-0.919454414397305
1.680834946468924
1.706520499851248
1.357292687613300
1.656371734530659
0.357665940037611
1.260804922138734
0.302702988448232
-0.008871695305835
-0.028495413038832
1.000121529693929
0.188121122491059
0.458379936423038
0.494004439392577
0.682690173596056
-0.560463273582795
-1.748651318794787
0.181801703681799
-0.878919667901573
-0.583388548608620
0.140711486731094
-0.520775013367324
-0.905758090429516
-1.136835190648667
-1.125030978712570
-0.467151080098894
-1.253404915092477
-0.652671864348764
0.307552983610097
-0.392282671299151
0.701925528631250
0.309242162865897
0.984610329416645
1.046817382307152
-0.700566124510479
0.170174498117725
0.061620424993790
-0.392217211762647
-2.351527576656803
-0.597692530227750
-1.352031166025550
0.358354191050526
1.044930671941355
-0.924527010091917
0.111757107918612
0.726980528600234
0.276440377796731
0.860663596448441
0.071324779982083
1.919983344147989
-0.482248117779397
-1.363679943309923
-0.171103019501880
0.496984752502778
-1.555151974932963
1.143111030624405
-0.375465882245740
-0.524737981691775
-1.583531132267552
-1.425495222380678
-0.001410080805276
0.044714296970630
1.065244122336703
-0.301636000194712
1.528789529194015
0.990760549881364
1.224851191494869
0.445893424748546
-0.219834103869488
-0.165295442969207
1.733929843449508
2.298939867568323
0.326340766537374
1.300363399470895
-0.515222754989672
0.358179530661238
-0.747054925374657
1.549841053470753
-0.880541330945522
-0.807219517987613
0.106657271087714
1.558744084279350
1.179292220254402
1.182802478641338
1.619311345774084
1.607778694495712
-0.094741525751442
0.835844689840866
-1.576967469173543
-0.696752138712953
-2.976064067078533
-2.191461209159935
-0.087904752389126
-1.076467103034792
-0.712091706328128
0.116533260900542
-0.297694830100725
-0.869847197378213
1.898573755691247
-0.186829409817710
1.973581871387171
0.727863544585326
1.572627521789625
1.199562482547877
-1.200937285636456
0.531499978525500
-0.197118979086939
-2.362217018514749
-1.759906145896070
-2.163754688820094
-0.619068246612508
-0.927454934541499
0.133439884081416
1.927072064303819
1.305779458647845
-0.932144762263922
-0.493833114085622
0.956229601859140
-0.216957172575756
-0.456145181969627
-0.625125172388286
0.151229486086325
-2.549255628039135
-2.075425059167520
-1.095851753464097
-1.444236267535051
-1.369887921383416
-1.777520042599929
-0.935438089954368
-0.956870164750818
-0.624153995738675
1.372174743037821
-0.032733394286509
0.615774665754952
0.882627687962848
1.481269668643874
-0.119521263721897
0.010234599846044
-0.954942331063052
0.923563451953546
-0.182217272296216
-0.127540596341943
1.189187239803444
-0.239864403750126
1.210530526343583
0.171184278520393
-0.774576653467685
0.096766626069204
0.310073747174051
0.715601389251544
-0.614965540312786
-1.274276796319699
-0.218626137885552
-0.237908202048552
-0.713868287094540
-0.538396559939424
-1.548842988185449
-1.500529046121169
1.145798379664941
-0.906469021239657
0.452885837835280
0.870832948909699
0.019020072518010
0.648319086663076
-0.713694840506169
-0.476013962635289
0.001538512495316
-0.184801246123903
1.105808186576676
0.093385543474449
-0.952211612779255
-1.291156087557667
-2.661204085644359
-0.279930288830748
0.547342081709406
0.701054731384963
-2.282884297769755
-1.799992763304584
0.112962406948397
-0.941177676106415
-0.403866697798926
-0.289075597807834
0.652670531220317
0.907435320223154
0.561594844931044
0.162368754520703
-1.636766904330428
-0.765612990022839
-0.115919336685771
-1.320580081115892
-2.487734294936764
-2.328761996206861
-0.419564350469205
-0.714342576475950
-2.606286485514632
-0.444541169987747
-0.116011890078100
-1.147021223324034
0.630180026852245
1.526188571488275
1.424363281980887
0.817547191498398
1.226588799727896
-0.855174859672572
-0.121409025975971
1.096459185562669
0.103452706442842
0.609347737817987
0.237437032872959
-0.377265259861093
-0.350057106461342
0.607513926845880
0.466668927259575
-1.156037439730247
-0.040026968552180
0.036965460135455
-0.532690373592471
0.672051799222785
1.211065831468797
0.093037721839641
1.221532982907076
1.755939891209281
0.575891246075729
2.781644227906629
1.593944011954679
0.985752753637342
0.616060984134075
-0.931713477235420
-0.040584803052154
-0.388704236493178
0.537293530507175
-0.854489279240001
0.616406518001515
-0.006693439569418
0.070623979248359
-1.038277709109179
0.338653844837447
0.929257020475972
0.994518093621105
0.947341910547514
0.486589050863731
0.671915009824905
0.731645522135144
1.489417025520466
-0.869457684505287
-0.060216017587180
-1.476926065761402
-0.546704417493494
1.435729648617626
-1.499186686009889
-0.073582984180412
0.162446882873349
0.318144267006256
0.656905867410512
0.857899337531313
-0.951562569712754
0.146014102298083
-0.061678711328650
-0.954080831800470
1.419216346275018
0.551840726819319
-0.669118448844690
-1.178136347733567
-0.321130508690379
-0.767250911811274
0.299682176241232
0.598122508560556
-1.749568748403098
1.551504397737467
1.408586984456166
-0.161625128269918
0.627659904839702
1.464795705586229
0.666807019352624
0.969515891204332
0.983495014977596
0.590231422921243
0.730806372572765
0.068353066673170
-0.228486116594192
0.423458236006322
-0.209498575181468
1.544590139993827
-0.381376673113662
2.266063653067628
1.192696029494652
0.451443986845456
-0.083220497398213
1.049131555151173
0.236168971235996
0.099795448240920
-1.411030476431014
-0.950997535516002
-1.119877946432759
-2.496027603815431
-1.384969878424143
-0.457702703097523
1.168783795573808
-1.330820870897325
0.700806679412911
1.345074495743829
0.108859811628431
0.678628616579559
-0.736675731983529
1.843061676630760
-1.402114689254897
-1.737883202185891
0.652954141103307
-1.036858233306619
0.231721306756100
0.365728742784697
-2.424751581438798
1.158979273520132
0.822984770159048
-0.804044699803105
-0.164335581993434
-0.187262303342716
0.004898868963006
0.440194516320511
-0.302666520828870
0.084754572028407
-0.397876914145129
-1.395475889410280
-0.853465467806452
0.829016341889632
-0.300082951739981
0.058072069108560
-1.424691369803818
-0.531259654871363
0.369972354442920
1.134036505670143
0.105773297809341
0.516083099792821
-0.176732151245338
0.595418181899585
-0.392739060147011
1.754590258813469
-0.586709519337255
0.253514583702616
0.304327541748292
0.152107247576593
0.435548955244409
-0.875434591852787
1.841248327132984
0.035909380360178
-2.032894570279478
0.123651940471012
0.348653352287466
0.685908063819669
0.064865683073284
-0.163815359805986
1.203259684645274
-0.630875902544609
-0.126199858104454
1.012861071761366
-0.227868732352564
-0.328375949656112
0.933366365733251
-0.798386460602747
-0.722278704225199
-0.369084437332440
1.003093718162894
-0.942404716136876
0.257435149008216
-1.181199649859539
-2.495205335971435
-0.047610019807582
-2.894280175991589
1.644346687409738
0.363246029895139
0.093472025858556
-0.015566218069548
0.458154978711467
0.694650141251492
-0.125269763512549
-0.870913591234552
0.206143149489769
-0.672229772525405
-0.903548188898057
1.282078936181853
-0.520781578226148
-0.111941656771856
-0.124009134472886
-0.207336026081811
1.975840440712424
0.653949165470534
1.630643895513896
-0.542829775474379
-1.018772677611480
-1.257858293462088
-1.002367942370330
-0.599629345542836
-2.643466884017224
-1.158986676970037
0.625799203493621
1.490447240630650
1.074126903531027
-1.351201957465093
0.759024723883946
0.821284745230425
0.698571858365766
-0.846178400557386
1.357792230476601
-0.007647692671049
-0.601179372524466
1.182457857722854
-0.255043669470649
-0.377278939973034
-0.006661736730803
-0.146327727209237
0.634908233083665
-2.244465595307945
-0.512581557363670
-0.446726170412520
0.315059193229254
1.353000249696759
2.054879567250988
0.213363681120376
0.377974027960281
1.147781570571820
