0.857899337531313
-0.951562569712754
0.146014102298083
-0.061678711328650
-0.954080831800470
1.419216346275018
0.551840726819319
-0.669118448844690
-1.178136347733567
-0.321130508690379
-0.767250911811274
0.299682176241232
0.598122508560556
-1.749568748403098
1.551504397737467
1.408586984456166
-0.161625128269918
0.627659904839702
1.464795705586229
0.666807019352624
0.969515891204332
0.983495014977596
0.590231422921243
0.730806372572765
0.068353066673170
-0.228486116594192
0.423458236006322
-0.209498575181468
1.544590139993827
-0.381376673113662
2.266063653067628
1.192696029494652
0.451443986845456
-0.083220497398213
1.049131555151173
0.236168971235996
0.099795448240920
-1.411030476431014
-0.950997535516002
-1.119877946432759
-2.496027603815431
-1.384969878424143
-0.457702703097523
1.168783795573808
-1.330820870897325
0.700806679412911
1.345074495743829
0.108859811628431
0.678628616579559
-0.736675731983529
1.843061676630760
-1.402114689254897
-1.737883202185891
0.652954141103307
-1.036858233306619
0.231721306756100
0.365728742784697
-2.424751581438798
1.158979273520132
0.822984770159048
-0.804044699803105
-0.164335581993434
-0.187262303342716
0.004898868963006
0.440194516320511
-0.302666520828870
0.084754572028407
-0.397876914145129
-1.395475889410280
-0.853465467806452
0.829016341889632
-0.300082951739981
0.058072069108560
-1.424691369803818
-0.531259654871363
0.369972354442920
1.134036505670143
0.105773297809341
0.516083099792821
-0.176732151245338
0.595418181899585
-0.392739060147011
1.754590258813469
-0.586709519337255
0.253514583702616
0.304327541748292
0.152107247576593
0.435548955244409
-0.875434591852787
1.841248327132984
0.035909380360178
-2.032894570279478
0.123651940471012
0.348653352287466
0.685908063819669
0.064865683073284
-0.163815359805986
1.203259684645274
-0.630875902544609
-0.126199858104454
1.012861071761366
-0.227868732352564
-0.328375949656112
0.933366365733251
-0.798386460602747
-0.722278704225199
-0.369084437332440
1.003093718162894
-0.942404716136876
0.257435149008216
-1.181199649859539
-2.495205335971435
-0.047610019807582
-2.894280175991589
1.644346687409738
0.363246029895139
0.093472025858556
-0.015566218069548
0.458154978711467
0.694650141251492
-0.125269763512549
-0.870913591234552
0.206143149489769
-0.672229772525405
-0.903548188898057
1.282078936181853
-0.520781578226148
-0.111941656771856
-0.124009134472886
-0.207336026081811
1.975840440712424
0.653949165470534
1.630643895513896
-0.542829775474379
-1.018772677611480
-1.257858293462088
-1.002367942370330
-0.599629345542836
-2.643466884017224
-1.158986676970037
0.625799203493621
1.490447240630650
1.074126903531027
-1.351201957465093
0.759024723883946
0.821284745230425
0.698571858365766
-0.846178400557386
1.357792230476601
-0.007647692671049
-0.601179372524466
1.182457857722854
-0.255043669470649
-0.377278939973034
-0.006661736730803
-0.146327727209237
0.634908233083665
-2.244465595307945
-0.512581557363670
-0.446726170412520
0.315059193229254
1.353000249696759
2.054879567250988
0.213363681120376
0.377974027960281
1.147781570571820
-0.198085135581300
1.112664792393991
-0.961154315796376
-1.409837186475312
-1.026398395437653
-2.527655902751270
-1.258320799970744
-1.027863004830188
-1.647028726863322
0.263181263666358
-0.346561208235453
0.740300924242562
1.074540360598839
-0.304397502832767
0.353252507324054
1.839360613128869
2.259798008970177
1.149014513927197
0.185931480821109
0.608742605543131
0.292783378469076
-1.059642031123600
-3.367727421282990
-1.852308176815268
-0.638958653299045
0.079148118280203
-0.510103513553314
-0.055872154244118
0.593855351413642
1.168707807272419
1.414284772512851
-0.091291417536200
0.420859923153333
1.051804902117760
-0.831746214147253
0.396013181746129
-1.286373455961620
-2.527762294739485
-1.994299077091330
-1.625025688793089
-1.062137219783987
-1.639162546478003
-0.174882541165587
1.510455666510988
-0.655540132325904
1.951771300138511
1.463892491299370
3.067648632683110
1.493226396317746
0.528826948491599
0.287178411323394
-0.323945382066428
-0.790854080521319
-1.966346760658823
-1.859405383894500
-1.718961183355566
-1.596384589373386
0.848554389255094
0.479860681533603
-0.564270577857556
1.261072628319940
1.439855389359260
1.817817944794301
0.229696625117212
-0.515690401930493
-0.179816804180071
-0.435638812890324
0.876449304842752
-1.767469627257832
-1.233156744565717
0.079184626563318
-0.697356045967254
-0.355165622095925
-1.986242206708335
0.371069058997609
-0.767737904060397
0.769896078054073
-0.240707956868709
1.564610125113779
0.800980163645790
0.862296218940124
0.545589374196750
1.150842568233686
1.250510653305479
0.071406088375505
-2.181737097930944
-0.320258438538545
-2.009617075644277
-3.012256526379275
-0.817140644175128
-0.425692709603825
0.318886899334076
1.186473813720424
-0.642711042941236
1.412352285497892
1.543978768682313
1.423755267416935
0.358889747709916
0.310547957053022
1.889774790589337
-0.218542256648185
0.966247457901075
0.506014852660370
-1.449318421741300
-2.360796480406300
-1.563044736096656
-3.416774477566339
-2.378946694643299
-2.556283174038285
-1.077318196303792
-0.398433366924130
0.567020404324821
1.991252292401343
1.638756215015942
2.098535112207066
2.494113498467024
2.025034027974352
0.777603119336333
0.561854236193921
-0.972983645414526
-0.649145641529054
-3.408917453439143
-1.831511031201762
-2.401645762185932
-1.584468195769442
-3.411062808169586
-1.026533723675702
-0.664455487339089
1.742543289905087
0.895736586474129
1.066102983624328
1.006514036350647
2.782386343842604
3.589636291816214
1.344732703149210
1.208895912494379
-0.391480111051129
-0.602486486333761
0.795066660017372
-1.890905744955191
-1.647848072948354
-1.549383792735487
-1.301355664093422
-1.059280792348976
0.705796806594422
0.413612018188878
2.254237097249304
1.118028292920997
1.680648270469497
-0.308363184584646
1.673616837772241
-0.617228853448000
0.184401760091701
-0.298666849162250
0.254955457272868
-1.381363342997439
-0.695196107487562
-1.167453282678876
-1.682086038057497
-1.993132999417615
0.771805647551598
1.073461737957331
-0.121920109130472
-1.027841640087201
-0.034761367529815
0.960131055714265
0.865390909955789
1.316864856117580
0.188376109121459
2.650256727046516
-0.132323598458230
-0.233932322719714
-0.210050152042136
-1.905554806453030
-1.147656562157607
-2.050635143477175
-1.562692079922489
-1.994661260043798
-1.480348145245639
0.244258507672091
0.319107889857755
-1.774341218842032
2.100787948244663
0.867694161634109
1.684946404554311
1.552266800755210
2.204201871074181
2.379251365240942
1.822341890541988
0.951733056081263
0.566945109697382
-1.632916675572001
-1.285082082117198
-1.476676439224932
-1.836992901720391
-0.518686952986577
0.858997624757776
-0.574960537449426
-0.011026438454913
0.302288576104688
-0.391324435753192
1.533655900181455
2.442785274224704
-0.263768579404174
1.012566492100875
-2.196436636466895
0.218098491619697
-1.891676810544844
0.402359447144981
-0.452610763660012
-0.867748502645054
-0.242454334707406
-0.731208707563358
1.742384891369686
1.292099530384188
-0.886644435884032
1.172443532022124
0.510763536138636
0.008976211644037
0.910200025334698
0.246106412722642
-0.045489829767618
0.538008693210867
-0.814430180500772
-1.575179227578076
0.967964863409096
-1.104060089831105
-0.482263767456615
0.106558304415019
0.576283747389438
-0.071832146756085
1.188930793769775
-0.448936563858305
1.753719483959772
-0.322767869358531
0.346041761820820
0.955894927435333
-0.796137431481610
-0.854308833342473
-1.525259130800250
-1.964330639471985
-1.574232527690898
-1.083589361707666
-0.091474315857321
-1.171460830574460
-0.231280929985502
0.380413914346825
1.690654423366075
0.427791892553797
-0.141652171268574
-1.286002063655656
-0.561875298008674
-0.529629966649753
2.007685431795001
-0.973020867176568
-0.605460576788280
1.054371316673596
-1.564567908253947
-1.298630396690310
0.117537761674633
0.098829783798193
-1.604913128411617
0.457710578685048
1.825498665624180
1.776140561094106
0.960902139671576
2.505874846616169
1.584161233721366
0.564542553187981
-0.612175287693091
-0.609799898052096
-0.786419632705908
-1.243979388692021
-2.456943981971093
-1.306915807413888
-1.137846041554395
-0.456110812607530
-0.671027721816840
0.493917360145907
1.404651097193767
0.923827591900323
2.951253871548770
2.561346240883751
1.546772990853224
2.626944524496063
0.981652423815233
0.383708054501364
-0.072629691015855
0.137547760505737
-1.678724191601565
-2.971930395467173
-1.286621501032721
-1.663225475882319
-0.787173460219269
-0.687556089780438
0.445118892413678
2.774098850213550
1.673089933089390
0.931614782503328
3.070847991928820
1.923955577992827
0.848925858984834
-1.111643840728811
-1.407771441298783
-1.546378568252549
-1.879411864665326
-2.112476888542331
-1.177031431585122
-1.436798500065593
-0.883695784093915
0.382313248216840
1.545507799923444
-0.161018035262704
0.791767027233187
2.420323836122553
1.000683197785078
0.377279323800567
1.095031984849894
-0.549121222374068
-2.234275203753241
0.223861818369452
-2.195646266912121
-0.539509118655553
-0.997806147033744
-0.284006130846870
-0.079666061148639
2.744972190444806
1.071452379800752
0.845299641640466
1.685822760058371
-0.307520319001422
0.073751922353936
-2.152737437592148
-0.699666287205295
-1.146123557042077
0.111876976985707
-1.919143725531339
-1.320767441817251
-0.972798901987973
-0.616935543531845
-1.063528585906206
0.684135252496945
0.198801979583016
1.724655956579880
-0.259832456773507
-0.471739800787866
-1.210405426561657
0.234925906141777
0.833438512032136
-0.957489916951936
0.202394427751977
-1.031217734787803
-1.079611004722225
1.340783775163828
-1.043010811214451
-0.168380999334634
-1.243743586979568
0.316234448428865
3.345405094366836
-0.060421609207114
1.897533423632338
2.564380800575606
1.084010880182643
0.150486274793729
0.384094984366876
-1.525866736180786
-1.458328060681395
-1.981115960016103
-1.620704879164653
-0.405075574239388
-1.929798326197933
-0.031334865490080
0.291924987475925
-0.872064335499753
-0.398031135945560
-0.700022823552143
-0.523944641951688
-0.477942104654228
0.408403250805930
0.258519894158221
1.173696125350333
1.017855920612468
0.377746776203555
0.734029418694600
0.295217906707160
1.435575934245875
1.095175635715458
0.659775641467067
-0.365613845771542
-0.928134254734352
-1.260530773029213
-0.667612993478332
0.593421644574121
-0.131926190349860
0.697600471968378
2.268923950814878
-0.279669424385691
0.308310689426890
0.039470133644365
0.774620198298945
-0.376681666541457
-0.096941155199092
-0.865977717681507
-2.563559168766782
-1.318133584378625
-0.266418177786872
-1.518357199990799
-0.760143653610944
-0.404297854902210
-0.666115590625114
-0.978763580047496
0.596350626190417
-0.943130921314532
2.627473093168339
2.351975397443045
0.711961539932974
1.540755182163939
-0.382720728484696
-1.449361643578583
0.361731724656537
-1.104933773933597
-1.968041926407963
-0.750334988975702
-0.995674329837835
-1.309995030019763
1.424080249888528
-0.177886145261665
-0.280465273318540
0.761672920675200
0.188935089840694
1.611728010248261
1.029491399604324
1.443220531173002
0.629243537244594
-0.522953680284323
-0.620310711939329
0.309608813799840
-0.866359264278217
-1.086694728558383
-0.603582686875528
-0.646523494378319
-0.518701501961037
-1.039365682559616
1.067711456311280
0.773684500638465
1.144784726960240
1.756318777538964
0.738729308909660
0.094420797670030
3.517208857832895
0.467859814087464
-0.209320521019472
-1.303477760937369
-1.370625489387018
-1.597707115934408
-0.409586938528512
0.553149636390885
-0.821586151546945
-0.318427100750901
-0.197137582619796
0.411492484305467
0.257390172294053
0.749277381128046
2.194925543657078
0.986310027435770
0.836134014515961
-0.648597858673035
0.652270351444499
-0.484846842818054
-2.078637109934239
-1.683667308180375
-1.927178407166053
-0.119577187235768
0.279858497283368
1.463973257387345
-0.206755974311614
1.242284781827778
-0.190425299659501
-0.154476105993879
1.866838312901552
-0.867705731254495
0.612887458613364
0.595201315082851
-1.254083145209404
0.457431829710509
-0.931445115528309
0.070750834485240
-0.265548521553817
-1.799216048810039
0.582436087947827
2.608439378282869
0.209995017657038
0.615695128186158
0.390092692499954
0.192288031721133
-0.217478006497272
0.750243745266067
-0.870786046596032
0.178784471636235
-1.033771114531765
-2.169014788647138
-2.182668758471988
-0.936254989442014
-2.341545725249834
-1.403128292691031
-0.744480196170314
-0.543752653087053
-0.691417729760737
1.311000947843048
0.506194091983393
1.010102284974721
1.355276899525887
1.495489016731438
0.628205955104329
0.102286401845492
-1.446728969930350
-0.444303819610332
-0.025773108460160
-0.223772483969820
-2.560732851095413
-3.256003055924373
-0.343281729765710
-1.715841298320017
-1.033591722822185
-0.588096410654332
2.040222051003969
2.540066150258806
1.436426741220891
2.131536121067336
2.687955338158881
2.528531978609387
0.748765102733259
0.394339203936889
1.242440059478943
-0.498526001203373
0.358103652556287
-1.961380367955049
-1.547517303911288
-2.442620140210911
-1.145601788936237
-0.332279607846686
1.024640900699172
-0.047893570485589
0.876635131568947
0.861628174805078
0.542060749698388
0.921448061504237
0.409544336629551
0.791663005899565
0.843334379016564
-0.314952744691754
-0.197826713179120
-2.077685908290444
-1.199884004020270
-0.795759367270550
-0.835839398269559
-2.000327671551042
0.308367357969495
-0.993022742409285
0.183344291266169
0.693499424249444
2.016344073345660
0.995079633658413
2.154894860298910
0.917601726222618
2.286957048075968
1.476330148660159
2.172079516099039
-1.776630050036414
-0.651510779331372
-2.099974699114432
-2.401333373226913
-1.441412033501982
-0.429353598811087
-1.255474374049152
-1.499804386940178
0.824173751152175
0.425152405133267
1.331874107348351
2.909557673866542
2.640975503106602
1.041459604848871
-0.267008041903748
0.268633116609116
0.830569332638441
-0.729949059883878
-1.728348632108587
-0.675574995057718
-1.047009367532159
-1.705475176194605
-1.582540341002291
-1.727845858510692
1.529461194926551
0.874100023598906
1.615549850908403
1.610111428941006
0.543617663340450
0.804344078011447
0.881696335638937
-0.075722947493911
-2.161456720780455
-2.103860041443306
-1.750300475596748
-0.502589374674358
-0.403262097826564
-3.107844144183103
0.446819744879958
-1.532424109571431
-1.137954741137312
0.694386313356827
0.661631548105658
-0.302037134061743
1.604746216649761
2.023426059995887
0.586031798565370
0.429067292274668
-0.806729096923072
0.720257217781437
0.618356596453757
-2.277061756945002
-0.216514077151098
-1.942098835452361
-2.604994803648968
-1.679976994089098
0.630551547166932
-0.621571552599283
-1.481254372171264
2.084058665188344
1.345399275360381
0.390549750134457
0.446639300100104
1.659987281742869
0.904326598215574
0.064414862688774
-0.737090437804199
-0.101784080849488
0.458557108384326
-0.449130425006152
-0.496809167347789
0.559787144311547
-0.564887803815927
-1.285187852265092
-2.023792659550251
0.226752845093653
0.472675520567495
-0.146541301170417
0.034272307177022
0.412485309294379
2.070770351739672
0.980730271090403
2.268768445987009
0.867712603506240
-0.312410026380793
-0.250702751884752
-0.411462339195245
-0.769260506340111
-1.533196318454756
-1.816248226097272
-0.347128090279891
0.555258004650459
1.713608854043724
1.556901415594958
2.190111070716044
1.807309479296382
0.452500866533725
1.293089551966210
0.517611988786432
-0.444756621299993
-0.747889489356005
-0.596484083686981
-1.803090749752714
-1.679370307685416
-2.405039405330822
-1.834519773039550
-1.143240763633641
-1.055839108895843
-0.327480769552414
-0.630076721171627
-0.806597311701473
0.721420199512948
-0.905405303256446
1.361470751196681
-0.820321912162299
-2.338466882599941
-0.305342691957287
0.207703097801255
-0.170111648281598
-2.121644546401154
-2.855137896505145
-1.024747624584371
-1.596121024000490
-0.062390806080053
-0.958201990168517
0.668203312483834
1.634974125303255
1.024037315740179
2.811743352632371
1.246277623598864
2.204363392328592
-0.749142689780733
-1.218134880957003
-1.186127787033330
-1.366363778108790
-1.364758073060455
-0.312280492279710
-1.066070715439362
-0.831587481271338
-1.439051174757887
0.823310511822740
0.302435343634235
2.075361919447372
1.874070144984425
2.318072423418187
2.034374264069617
1.456296598567972
1.625690798612511
-0.274706142897258
-0.362023010644453
-2.534093678267415
-1.141408026137675
-2.169886820985596
-2.761989494515597
-1.948271819052771
-2.458268093476703
-1.185694266736509
-1.167951409152969
0.869571223944274
1.927115486911457
0.764533397250323
2.985085694631198
1.683779094799233
2.965488322308784
0.678246709882706
0.287735902559673
0.080238294116023
-1.258663679569243
-3.511972479664257
-2.591149054406213
-3.269348035943015
-1.584568452429706
-1.560036104738914
-1.261571563986007
-1.668968917265719
-0.173391207289979
0.966386625821660
-0.481014426050375
2.295494296589824
1.220520925879774
0.621970263384711
1.424440158959076
0.179020734501661
1.438290392046713
-1.322296423292680
-1.392198651550801
-2.030953364662659
-0.627567910499829
-2.227456024238481
-1.133459985012328
0.294587669765049
0.050693335774114
0.502402399449482
-0.059335222839066
-0.628877405725036
2.177296452808729
2.398110468125991
1.935467608396465
2.259959620671281
2.291148232797357
0.329166868853434
-0.852749242330666
-0.294107328050763
-1.674904582399799
-1.470624116703283
-3.577172771701245
-3.295073606050992
-3.190195190506472
-2.345140277346827
-0.547854844701497
-0.269228225537524
0.173758634112055
0.344755308295569
1.048526855075419
1.805391214597136
2.277203345098532
0.354532713489363
2.302612531587406
2.007134222998860
-1.544080162596275
-2.200266905123722
-0.948303235683711
-1.174208472790017
-1.978355400778826
0.546740691819853
-1.664854681561912
-1.501591826489877
-0.363526429427874
1.370610304763328
-1.004923995974870
0.724115901487371
2.231544258246559
1.399166843592898
0.949808183816528
-0.032376376729814
-0.980793086336275
-0.142862948187553
-1.160580082432180
-0.319554046808331
-0.430654678329915
-1.282702652044638
-0.350764094565907
-0.150170848441914
-2.101304485926887
2.562809281092827
0.485020117220729
-0.115791204128677
-0.607796191423646
0.284796540605003
0.971441414104522
1.042030133369991
0.000751262431173
2.008743932258797
-0.062800406470948
-0.968665170205634
-0.732072802126077
0.411236683819572
-0.109553826318533
-0.172648384966674
-0.714704485549258
-0.109366933881317
1.565456785907294
1.153778433479711
0.458155339901676
1.364998139449267
2.646819959076608
1.018646492404515
1.177980328865742
0.718032177432347
1.351571179716001
-1.023540903927284
1.282096303914948
-0.284554955016499
-0.683468334615753
-1.491460755464259
-2.793626724979648
0.803648085475041
-0.106197334110263
0.570377810075348
1.140404464038953
0.767368535456113
1.783003319307010
2.794639877296651
1.836044431495108
2.073452029352421
-0.108709415753166
0.201065237525560
0.701862739715599
-1.804944063409690
-0.484095011378667
-0.760518687177992
-0.689971090639799
-0.841451481580538
-2.034056771250091
0.249266485556261
0.076025291998474
-1.086095755544838
0.273638514633534
0.628062164792456
0.942712293479179
0.235863577300556
0.429946938029360
0.747948135070229
-0.419507165900932
-0.560051190873662
-1.166870869130359
-1.212585485064538
-1.459992919522362
-2.346008770686264
-1.577636672363268
-1.801298531816177
-0.586253639699596
-0.812515550252882
2.754482748126876
1.670404533972270
0.272753193850726
1.063113708274452
3.105002674750612
0.623283933846858
1.778322017432937
-0.854825048336171
-0.691120086376360
1.003103314665756
-0.940583866127723
-1.264369685827620
-1.196380903195374
-0.818059341940226
-2.009765377467392
0.633014249180358
-0.933648098469309
-0.265775601776290
0.631248930885235
2.472950359314940
-0.567057429744218
0.134032083631772
2.831300338586599
1.129387264097837
0.338067047213955
0.294126443587127
-1.870928720261074
-0.097836293068852
-0.145880578991394
-2.453028624987586
0.650478518880089
-1.392175592069659
0.107285719423929
-0.088017317818489
-1.998883620883517
0.801292477077168
0.145640084463128
2.266220560349895
1.352574878576127
2.456829665902593
1.680334622027871
1.111868101328756
0.693434080085162
-0.230003424152654
-1.063891641577585
-0.222927564710607
-0.510978866345426
0.240412866853298
-0.452753779797187
-0.542174084837217
0.420785193927816
0.726340068657554
0.765894720562924
1.311726575358211
0.857903600977084
0.905168676304617
0.246398911480441
-0.565461818362952
0.354618363449076
0.078590189800054
-1.255379743222242
-0.658582470661900
-2.816819151606107
-2.804026529647435
-1.965982648888829
-2.301534920389415
-3.789272145651564
-1.307526772275673
-1.127204479874348
-0.073335929607110
1.299872431984010
1.332361839170103
1.246064847592704
0.476735572712288
0.825630298248022
2.059792414834055
0.057184517185877
0.522696118160884
-1.586459970548510
-0.229209397184613
-2.174525681762535
-1.658157849726203
-2.012354689107166
-1.650593814333015
-0.982896724858672
-0.328015875070073
0.152910614161723
0.519922288661370
1.032326053401037
2.218171008313786
1.675040509560027
1.163040690173202
2.778150229861612
1.376175345719580
1.107859848700627
-0.856446352906591
-0.819031483663325
-0.660916503224985
-2.327883385199885
-1.549493910082161
-1.285835526100036
-1.186261601760022
-0.224807530270702
0.530070753546866
1.835113941284241
1.643254144540772
3.470328029674437
2.697184354765776
2.005202021095714
2.741033084541383
1.225551426197955
0.486505022558802
-0.378834678936354
0.492040199766189
-0.832684479309105
-2.618756032721527
-2.655589100614387
-0.555732779091149
-1.705732241215500
-0.260489214891652
0.309740765185430
-0.093428533058644
0.570204247169038
2.132339507795522
2.056398448929627
4.067786598501807
1.563460474361666
0.154524940366090
1.770535528378349
-0.348990277320288
-0.624235238975546
-2.137069440410592
-1.268457102980084
-2.133153523210735
-2.406272689311514
-0.556995582763085
-0.710156395767980
-0.521277363018624
0.244582343950431
0.173768672299642
1.152686855538951
2.164066992225669
1.693727273149439
2.120799782766079
-0.390275084601791
-0.201230150389032
1.261854924694990
-1.856905233953943
-0.927099202680086
-1.589518707624586
-0.966069457661064
-0.884240373140672
-0.401783263889414
-0.934829406190990
-1.664033139204951
-0.372873518338936
-0.143601968633928
-0.875436782743542
1.659174768727488
0.104778995407525
0.528087612411003
0.519829824790004
-0.308792971580990
0.259379612906439
0.906403373721661
0.440289850559200
-0.196166331891510
0.204457400773173
-0.625807929313628
-1.005093088805055
-1.013944482437455
-0.174271920146078
0.483800560070718
-0.418525143537820
0.509806127485192
-2.383573302588392
2.145677798227693
1.107651202280360
1.706643451327607
0.649849091463159
0.589056897996584
0.804513084952000
1.420029755786532
0.813962701025900
-0.547236980093185
-0.917018342612468
-1.140785836923871
-1.634406761430961
0.024565985339522
-1.500489907534937
-2.160697131447612
-1.807895697510814
-2.320147036287598
-1.110404319142273
-0.375751764328437
-0.549212706286398
0.223695119506992
1.146182097978539
2.958003375010126
-0.869821048787441
0.461615390076032
0.272482755179082
-0.391004596221046
-0.391919316121712
-0.985163357929092
-0.232068577201887
1.004135604361474
-2.309356493441389
-0.804337192879118
-0.865986236616038
0.536936872047081
0.878166237104983
-0.088389159832618
1.336863582261556
-1.592764013722217
1.324253746873273
-0.442042856053744
0.598798670064294
0.515528942587288
-1.602493840385150
1.762774674428339
0.629158049028636
1.009201609811752
0.262056180348436
-1.261745685271227
0.974376733409598
-0.315878225824962
-0.847025597224553
0.234325792309692
-0.704053521117265
-2.011379488766951
-0.281229719887402
-0.425005225591213
1.386943477371009
-0.307068011091876
-0.478846225278229
0.272907137134955
-0.867737065987126
0.523965075731331
0.402732598571653
-0.397705837568616
2.239863645375348
1.135517745857909
0.496835855562953
0.873128878067570
0.920897211723735
0.098211298716953
0.491292832900794
-0.314269828776656
-1.694060609369717
-2.471353473859863
-1.163532031933942
-1.496022194673920
1.125656869398258
0.829461052606425
1.026453735381984
1.709570070338655
0.754557910183532
0.867351722287290
1.115826794923927
1.513952682598592
1.990091364713763
-0.810853697462875
1.408011947024200
1.852791166806472
0.332488704054887
-3.296009281603381
-2.351766486847485
-1.439649752181098
-2.849472021570378
-1.801064368628539
-0.820447501332553
-0.306108573096711
1.362179423813927
1.602314397465072
1.302413776209932
0.222759390740381
0.766526086863569
0.427443743481528
2.790410396896958
1.834458177066702
1.908793611820911
0.090150035981701
-1.214256396322801
-0.940426367774920
-0.548961821419861
-3.110944189316696
-1.319009750529815
-1.159300470783078
-1.263518355739183
-1.608039120102654
-0.061928748310600
1.113056356224880
1.845216543620615
0.945789412558429
0.949817972193787
1.464353348347176
1.774995380666790
1.211391042870384
0.099798996450800
-0.161033241079326
-0.385399485882123
-0.503631113205095
-0.820886306716533
-3.690333553099794
-0.405143196336759
-0.140564233549189
-1.296803009239316
-0.650513919420134
0.125142786746080
1.446485677904286
1.487412605683821
1.223396412336959
2.252760933161572
1.256481982335560
0.157069047402117
1.702680537661504
-0.353469702394053
-2.269477254975562
-0.827991116279289
-1.742445297150470
-0.429229633272366
-2.096367619579491
-0.222858393042954
-0.869903930418018
0.649257532929862
0.982043339313047
1.329093700078068
-1.414855862939044
1.085976491651911
0.874556302124637
1.493057638146922
-0.265261656553381
0.924125422973697
-0.283189684243187
-0.277691933456390
-0.698785821538444
-0.202752174357957
-2.546773628218097
-0.209847780935874
-1.008617921566164
-0.670748398056723
-0.755371150116638
-0.574625155393513
0.615142120208004
1.185858885290673
1.599690904049026
-0.979270277340009
1.587438366057260
0.685631833103327
1.429701612201328
0.648861311656717
-0.495130766434788
-1.534665101780201
-0.698550039700341
-1.661443234746772
-1.464329045141592
-1.296914938441083
-0.328246625102189
-1.636327741825739
0.654502759870238
-2.139236864721390
-0.702877019250196
-1.361935505928261
-2.113894496413316
0.131040458397064
-0.209446274371800
-1.569967196911935
0.877652518944109
0.389263564917297
2.232609711943514
0.856360273359054
-0.135947644849788
-0.423001862143022
0.734500720617501
1.437805467835371
-0.281897549990431
-0.360808208441016
0.717547853246233
-0.991091679668334
-1.986878151290105
-1.200698064054860
0.553990861660478
0.824064978263596
0.878221757829094
1.436986127821513
4.165120794368288
1.911453480549899
0.714208838536647
1.377960394347771
0.807672284424827
0.499882348316142
0.511452301271472
-0.237647414568345
-0.764451238730447
0.218814262188173
-0.517669033741244
-0.906604998980343
-0.025954993840138
1.168669315049537
1.502661077382205
0.149643965987444
-1.027047513811354
1.128992972079282
1.029202929450418
2.231551982436859
1.957222685075396
0.347771415595254
1.266718283189437
-0.493732483493308
-0.824054726877966
0.737283582211706
-0.718605576361049
-0.965793782917526
-0.507998719820062
-1.109861602502018
-1.888458765312140
0.163121940806276
-2.253117588025323
-0.796784265154561
-0.078734554539145
-1.820262392464179
-0.437780249870165
0.023773285757728
0.925308989231926
0.153619776547364
0.282192138493984
-1.116224498187811
0.833245545733713
0.408931920877501
-0.934161526684313
-0.879052134715551
-1.889988198651668
-1.317830259207321
-1.412446586725135
-1.684767557387337
0.127404832486563
0.532071573580089
0.620783464683120
0.074634872652496
-0.705237958828105
0.985911815703314
0.065808531594190
1.761893545839025
1.671418795436247
1.122241734627051
0.068577385059092
0.810026852496999
1.710260850403538
0.878548641105694
1.382819432517381
-0.537468220840356
-0.996657239106732
-0.841479215251531
-0.657583400137674
-1.385553817000380
-0.915922056495824
1.780691965708825
-1.017849515441826
0.496942256005975
3.215671870422283
3.568702516614166
2.932809481498352
2.243781015988126
3.343694730558848
0.008423747188305
1.110435136771053
-0.159187575158589
-0.660703025352079
-1.204645018654842
-2.055588477742258
-1.737415813252958
-1.301277227239161
0.174964889436093
-0.249669714319636
-0.146435304178541
0.363813063872676
1.465595622694203
1.376065991704258
1.104687520899994
2.064339993033981
2.447169365245493
0.593999214238336
-1.628279313300549
-0.543842425775044
1.376152293408251
-1.658379096880158
-0.775348770238489
-0.603861940868152
-2.033225036330006
0.363465442945006
-2.237172007215891
-0.246104730088727
-0.390997790543694
-0.029837867695289
0.788845929096288
0.477772519942448
0.275535781247060
0.160110698785846
-0.057267652102850
0.677126313451097
0.414451550066321
-1.172901719237046
-0.066711851497096
0.764162228983295
-0.106509638848528
-1.262795923132294
-0.938695238292397
0.210552786517169
-1.004040173919929
1.305504344796407
-0.335944945739066
0.800316709781348
0.763868262867516
1.850197529599907
0.196473766312782
2.281138409671019
1.132263631084029
0.411409440626072
1.368081508015402
0.142209327052871
1.143789248776606
-0.048368589858309
1.185987721769636
-1.322148941863572
-0.744722440612419
-0.548951364157983
-0.055568329736622
-0.401989403123250
-2.352339674910902
-0.648579565923266
-1.265705465775666
0.507414811317796
0.448466252712691
2.006589678099271
0.470724957624866
1.602341052893834
1.122220675589636
1.080711205670097
1.187513984430056
-1.175386834091551
-0.395721189583085
-2.773968579131856
0.543332787413837
-2.427521411807048
-1.279165421773683
-2.561270314894855
-0.054332324979991
-0.822015183888284
-1.888569622935703
0.355795124202267
0.018117941760135
3.032680449015745
1.209460474466320
1.615668287780499
2.123717502669443
1.616594144467440
-1.544214581242955
-1.678403347648220
0.639907717860706
-0.482702968798055
0.591563543540525
-0.074511415664490
-1.234991714770893
-1.355531444917157
-1.292317441624210
-0.109787432938220
-0.518824472140660
0.269027373170643
0.000432003360364
0.744821861635665
0.562381054390104
1.028434786270258
0.158078547093653
0.522397607032903
0.775550606422830
0.323706864109669
1.440746634807592
1.116147545434689
1.282478959471628
-1.092101335904176
-0.823453588903795
-0.129349784783610
-1.915144993588113
-2.689034527307052
-2.141436524100434
-2.984605390509580
-0.747240134241468
0.799920730273359
0.447049237402959
-1.458043448491796
-0.244599388953593
1.968125916139430
1.049869669686543
0.064401161958648
0.835323265744732
0.398997372659337
-0.529956463512710
-0.506284776098883
-0.161779209686862
0.646351627436923
0.128702981486444
-1.191628553877773
-0.914232459308430
-1.055731035670874
-0.749995308571234
1.804656937643862
-0.123095691033137
0.395695115906343
2.736863571754890
1.473071838881898
-0.002519845570731
1.499868734009903
2.265351511790976
1.264502959923597
0.177006947742406
-0.390489317239984
-1.205122423240925
-1.051703231058237
-1.903618602030349
-0.370335642601952
-0.306351760664137
-2.590806545865396
-0.483708779965840
1.154415456156162
0.188178483068295
1.077652902135179
0.018331079675208
1.816069016854021
1.029694586917524
0.798649876278815
0.328058478944116
-0.512353471444928
-0.321052224256166
-1.461936030199982
-0.232541588280788
-0.464609433227112
-1.895798185567753
-0.855067881331860
-0.188312365131869
-0.791981998618240
-0.298961443040046
0.653875336467752
0.846759774834453
-0.582732502623924
1.302273060506915
2.244571494615025
1.735818452491813
1.339894441260631
0.845212950596857
0.383836109368947
-1.560978866031776
0.341705109489583
-1.898379298713509
-0.354542547620614
-0.891955435761086
0.033887633980109
-0.781881885654843
-0.827957371361601
0.001225326045643
0.563097551709527
0.902854724935262
0.116699355607804
1.846011469967162
2.640483652908859
0.465464776892146
-0.074388953674209
-0.280871467769026
-1.043741782486319
-0.328271601213584
0.218678101387484
1.204780847002560
-1.570561815584948
-1.099364354973328
-2.021272204747376
-0.888603471184079
-0.544644367636625
-0.779418385427573
1.224560506312076
1.969878073992516
1.064654707224881
1.681076677072440
1.635430481908368
2.428867581899873
1.296070106256182
0.031660349112467
-0.588562937101062
0.327817609974057
-0.854072728814344
-2.769961316345991
-3.014778276113025
-1.297573474821448
-1.215245909091103
0.208900109865317
-0.134872229662623
0.094288158317749
1.729617405058242
0.252244024910784
1.087969815439474
-0.596710759729165
-1.002317331198591
-1.399375746086429
-0.536841186438103
2.185307015061588
-1.035203749477466
-0.293953206284102
-1.744488752487372
-0.742539891586208
0.518411598711634
0.754218722010297
0.335801003326648
0.036626791191436
0.196924504922959
-0.265792463049470
-0.570405630811617
1.764530150060960
0.162373246756774
1.982899205494820
-0.376015050205440
0.686498191782760
-0.806963017296685
-1.113478630450854
-1.237427848436519
-1.046618356272394
0.176579419851988
-2.103002935421295
-0.867367478128649
-0.066948073923761
-0.550886009368174
0.210946521852337
1.084151601424450
-1.416457077606770
1.370733872387941
1.502439097249158
0.355771360715194
0.231872698033780
0.230735535157819
1.188074217697342
2.012224193055795
0.226524514016947
-0.556510060565386
0.772596276802254
1.582530919120247
0.804122781782002
0.525334471725193
1.351800104835855
0.297090012377791
0.576984037664062
-1.032240411921577
-2.045671507495044
-0.958704456894514
-0.696761918038131
0.359030225104706
-1.488351435613164
0.752093684366993
-1.067999208788749
1.229695811891487
-1.093718150691646
-0.330985983259974
0.001536984796203
-0.942912462197607
0.959889873545788
0.866848748974318
-0.203529082797398
1.581038025018665
0.197998924456442
0.199261425987517
-1.452210999980359
-0.457831312081196
-0.846842462639312
-0.242648713492802
-0.134083332192485
0.167403697051195
0.790843099674193
1.343692265608560
0.797266402012448
1.967987835654649
0.536916737694710
0.000952985884153
1.249350168636301
0.981844189985475
-1.159501061324041
0.158550867726430
0.684739111977871
-2.110504639691379
-0.397619523735847
-0.894741254513457
-0.840382046553036
1.313327831513729
-0.632937108933711
-0.378652730460031
1.480172932636346
-1.706857227913089
0.299584802254048
2.043208342416860
0.729381603663569
0.426575255167550
-0.433266722975897
-0.079299023197267
0.194613998994151
-0.127655129794814
0.328257244551614
-1.145150231358058
-0.934148789179704
-2.031506707321836
-0.990983476348959
-1.567995875245518
-1.002382632825547
-0.934991588631287
0.294479913376467
-1.587503102560935
0.701071175929202
1.181928776806252
2.606641609037727
0.564441280553869
0.694416104361068
1.681759697354564
0.251176948596079
-0.835946548235965
-1.124791781226529
-1.322213139922914
-3.063803649191157
-1.226707331885306
-1.907044196091171
-0.247625663602166
-2.076242113945364
-0.597957343719798
-0.486038182320691
1.022135711979771
1.817439536737356
0.695829271104051
1.295983874249062
3.669832465995107
3.193689257646068
0.670633290962104
-0.374633670592972
1.429313842538457
-0.603937172969176
-1.005002703099967
-1.156779423722763
-1.431652084123827
-0.165069049062751
-0.334215786738979
1.114611783026107
-0.554589437637419
1.593590043838804
1.463926240463444
1.171075634021360
1.960508286037348
2.560006113144961
1.854336526524137
1.145920742636744
-2.019700054352420
-0.504922618274291
0.295490951419636
-2.054508877715192
-1.082119041476139
-0.893382320482097
-1.319946723006523
-1.889115989016819
-0.938668596171100
1.330624858295403
0.344161794691272
-0.343793721085523
2.328671877418375
-0.682739686505566
-0.324003726592092
0.513611093449912
1.261723208827310
-0.289716681607918
-0.133367130673293
-0.374889593228499
-0.535379109854925
0.800082313072741
-0.249946015005759
-0.593449730689454
-1.749066889606921
-1.954192524461892
0.256158868285259
-0.998750898960779
0.181225316996679
-0.280620153549632
-0.633019680713882
0.668034423155983
-0.158765245385695
-2.724768954429894
0.665131263407290
-0.533053580995391
-1.278522159700638
-2.348395813646277
-0.556710316678012
-2.233177600402471
-1.348128849416169
0.139090375522051
0.765300831890277
0.714743415723571
0.133816352774938
-0.284911937435876
-1.115384498941352
1.141323015480346
0.792863302217533
-0.004464307464435
-0.513493857544540
-1.032877469607122
-0.433391533455516
-1.229775120770641
0.405735547258715
-0.525166672465099
0.401138426845371
0.987400604093485
-0.697594906638707
-0.033471518255106
2.541160238315926
1.497665129437348
0.012707838633835
-0.628583285555054
0.352998221968751
-0.595867421600666
0.045448388028580
-0.738968067724296
-1.959439197613403
-2.509070050102466
-1.212174374060407
-0.320824197720170
-0.547561920217808
0.170728623947855
0.716736055907184
1.483803822305199
-0.322804628486216
1.853781028737106
0.423800999358528
0.572196613889981
0.936929354898977
0.891197072282668
-2.582537398958921
-0.326577902012811
-0.511454167299022
-1.976152958705747
0.081062278327447
-1.605084188550592
0.288665518560325
-0.096213320016687
0.560259558872392
0.048459464799497
2.157524736182112
-0.586993864847619
1.662475445638308
0.795638725770529
0.644004658490029
-0.360653113844990
-1.277291062225223
0.321002304372772
-0.157875015559226
-1.200299415429825
-0.254333877911912
-0.954967683676863
0.696330102787463
-0.506767204523468
-0.434611233811892
0.865864287048062
-0.554217876628554
-0.330207657991375
-0.218003196038317
-1.551789357672004
-1.304636540936316
-0.038050959377736
0.888195137003105
-1.505327781716519
-0.104036560007878
-0.622689343255764
0.050939320354948
-0.722523364023765
-3.440725006727770
-0.502956422038473
-0.667177263580670
-0.901206434848543
0.653630798064007
0.293615531719879
-0.124323399649032
1.180909247060095
0.872765732939479
1.899640750726944
1.594761315408194
2.532262722767809
0.193065981514830
2.351428030614903
-0.535798488834029
-1.586692502619708
-1.685939099244524
0.435973305918959
0.268716229052744
0.335475144853165
-0.071105879004454
-0.379128624019840
0.782371656049319
0.914408605058970
-0.132964341564858
1.472965747551007
-0.229712124941647
0.331447876743468
1.675370834251160
0.672902912259858
1.413946120515758
0.744468042799370
-0.757119469702222
-0.645459593758193
-0.646824181969654
0.850233990678928
-1.362388537960318
-0.008988052852507
1.285327182301018
-0.948110215140443
1.079744833401993
1.365800706592209
2.173805967416999
1.515514280189933
-0.110019661310708
1.615158319614546
1.013027496324921
-0.327638217584355
-1.296940572607600
-1.624680460266136
-0.339727468242536
-0.880887146661508
-1.243857032051130
-2.621673156407024
0.037543496112188
-0.073781095316874
-0.137724322992577
-0.445991261803748
1.988174169319045
0.217259865971742
0.622201639155274
1.078671506393648
0.502484816408492
1.356962379862599
0.368570762165974
-1.129424495970238
0.457960200467563
-1.696608592952696
-0.580773488266411
-2.228300064230264
-1.121478227785765
-0.979836395763502
-0.948401800802603
1.244293054879414
1.877966297696917
0.236520266112340
-1.472709600094926
2.311243504370461
1.748042920934608
1.187866781323299
2.118154685559753
-1.412637218130701
-0.762846105978852
-2.403232109217773
-0.388396063647046
-0.940511540148582
-0.518628143372974
-1.281966195962978
-2.613235699742513
-0.473269165565638
-1.707752228626719
1.123340300359606
-1.233399326729411
1.231229560526006
-0.340340429808841
1.330742929342496
-1.946951047945811
-0.856543789404375
-0.519987674203187
1.522970600112195
1.137981713309509
-0.281154433804843
-0.322090939895353
0.582221914106802
1.795834940809847
-0.265241636553970
0.595260192919819
-0.052914558317169
-0.383787429479553
2.194034986821185
0.792935610822735
0.733280665606238
1.068681178243032
1.424796558971963
-0.182208113567654
1.099234179321817
-0.609978989656451
0.265737310266991
1.754937533512926
-0.131215959108576
-0.237774018255679
-0.096618662520561
-1.170539668235214
-1.664991344039457
-0.873565640674585
-1.232789270121624
-1.360264439958400
-0.828804864230649
-1.044923893654765
-0.230833339219431
0.006729993417479
-0.804901777624460
0.450818549052314
1.016630993361527
0.970048900618846
1.367960772525528
0.005631450085919
-0.520076384256422
0.005254124611015
-0.412835678723601
-1.006492155315418
-0.156911377285078
-0.906704210136435
-1.428845621432502
-0.913943552049866
-0.697588520907175
-0.967471172052355
-1.065927991858791
0.867640513802278
-0.028176744332879
-1.102104071652506
-0.671250283096576
-0.404581833676569
-0.650408514318023
-1.251803950545128
-0.383921055001957
-0.806060635628095
-0.404219996379797
-0.275958680763321
-0.540311406555593
1.006932432246405
1.019766797780738
0.328245702901837
0.083764105261642
-0.303246606625451
1.051205322696781
1.844423399812856
-0.068261489536609
0.186113737290311
-1.008778269030418
-0.322129002268002
-0.628559654626821
-1.432292549233095
-0.395263701803701
-1.369704924773085
-1.084942317085003
-0.798532137281366
0.116091295455002
1.084819773150143
0.337138065333380
-0.696239837211957
-0.365719764215878
-0.227097885765966
0.977152221102788
1.962412903622662
2.253523899395852
0.694892483485378
0.627441671338388
0.034122310768097
-1.077184177287096
-0.020531104832770
-0.622503705538018
-0.856757287638312
-0.348536219642720
0.952051217879745
1.022847326220108
-1.652937047464254
0.727433329668904
0.772216857196710
-0.961873101459249
1.280046266792066
-1.547822478917139
-0.250981550572888
-0.557932065188520
-1.168648761254654
-0.315183277089132
0.839931106374264
-0.937304417288792
0.667218337492122
0.254121983244942
-0.108025744299761
0.246696472073858
0.889899384948239
-1.255187744667450
-0.136229291643068
-0.877867561926514
-0.316455708277031
0.159556529869434
1.179694914462466
1.052879507601277
-0.688221735930949
2.155593168973660
1.333280490147361
-0.471836790761939
-0.227056945336797
-1.143603923608500
-1.229767117927503
-1.126822869224809
-1.200823385982096
-2.633387346237171
-0.975620770346741
-0.858665259485124
0.098251074723401
-0.139327399368483
2.443934632172531
1.425842302025380
1.736729186011505
2.309706582808111
1.083910987814245
-0.426696468885838
0.354811159138160
-0.480147282645583
-1.121431557940638
-0.406503392312409
-1.386216010467678
-1.363055326166356
-1.895022378662153
-2.570642815300107
-1.574593494025095
2.173854422096111
1.541456799206414
1.970544898293641
2.123294967760412
0.362794180255816
1.501606259669179
0.258863352231495
-0.534075250084182
-1.355475593251445
-0.166558047761301
-1.213871131784846
-1.845070089526985
0.131187124982629
-1.392204429984654
2.083069038031844
-1.433129707006414
-0.398134633797485
0.651146682668762
2.828874037913218
0.717244987517317
1.169477625503435
0.577077261013750
2.801596246037412
1.257537376015869
1.613449757437798
-0.295330344484823
0.259773305221283
-1.546231301579736
-0.972898414576751
0.070945810758374
-0.174881427430824
0.096891031207947
0.310837757363233
-0.000640008332720
-0.316742896216657
1.393572817936791
1.393545070037439
0.876950983747687
1.486657198697034
0.350679945458542
-0.353887742891997
-0.713421157557112
-0.421969415467026
-1.275965993836399
-1.909873118905988
-1.720701157116837
-3.384217589232758
-2.240168775627899
-1.417290537980937
-2.294679771721451
-0.974475239613115
-1.881930434536478
-1.376949932759009
-1.123455804290933
0.072270842260677
0.152148106123826
0.635243433466050
2.228714537574813
0.789628925159364
2.836811495816521
0.572626663289204
0.016088494925529
1.613876263653600
-0.707660177144797
0.806567347330670
-0.179050342174612
-1.041148025384167
-0.109881312053770
-0.346720303816352
-0.072833106278326
1.109693284479149
-0.077962303998026
0.132937529475601
0.038130343943384
0.783560905834077
2.515270974263532
-0.424667657970033
1.283199986319325
0.323743410984260
0.330446392727894
0.171165311234512
-1.219219494859343
-0.819806836198860
-1.709138432914907
-0.543428153934765
-1.158148550659743
-1.512404319687435
0.306514138283830
1.474748778651517
-0.022637003306729
0.850714881080256
2.028757021797519
1.578307692549705
1.995661543353299
1.978401815933384
1.487171554946579
1.424030873679921
0.263900462767746
-1.447230414664860
0.032850911816809
-0.136777321427865
-1.167127350403317
-1.071924109153298
-1.320823802971076
-0.007592127155783
0.815965921974049
-1.569366667898230
-1.035338949321056
1.656463136405780
0.263448528285669
0.853871677907015
1.550957455867724
1.171513078764194
1.255282246039698
-0.138826382712414
-0.151501982372249
-1.360370850044869
0.622185472231875
-0.820563661721267
0.628357979447878
-0.617690630135341
-2.389242773400943
-1.329865700136183
0.381302946903176
-1.493914144276640
-0.977777518376123
-0.922737213184446
0.858060982201601
0.291979294618731
0.956876393405777
0.309450287421458
0.323063505092399
0.877361580286816
-0.869004108114709
-0.220044842790805
0.221089055984512
0.829122971091279
0.504634780681193
0.765939628468125
-1.405218692429206
-0.568222491569052
0.358123030688275
-0.045835039121775
-0.882604705490806
1.073060249463273
1.375229067680104
0.873730360070838
0.912090812436125
0.043690730992710
0.481060406992967
1.998468773608547
0.843549699844235
-0.030202318750605
0.294766863105943
0.253533989336292
1.907928997702703
1.253622620012483
0.827801947482315
-1.684012535850354
1.110310345895622
-0.855949031321035
2.176646656382355
0.477951906030128
-0.796161386268531
0.321007673423153
0.068248491192801
0.126617301385747
-0.348054497492977
0.079569748274871
1.403253961055346
0.579224037382495
0.641283684366928
0.906332171422459
0.454822298363989
2.017879600498371
0.306592576055872
0.082049732445550
-0.232900286454774
-1.015932196737238
-2.654719474163824
-2.370911610754259
-2.136845567594058
-1.378902921780059
-1.015955128242082
-1.085412373016155
-0.165902235235285
-0.442039546447361
1.158122619829949
1.386910846779910
1.959272470884833
2.478360556429646
0.533904195658955
1.321096591755319
0.672138272474956
0.362751102791472
0.285151926121804
-1.761897692478670
-1.789806756296360
0.012601360160527
-2.175732363220424
-3.108779291244276
-2.567977380339411
-2.478839997923474
1.437417326644654
1.412648418790936
2.656604644232700
1.431867227725690
3.950059870482425
3.703640253886912
2.338002518967522
2.019994948099214
1.785887936897347
1.359147204898063
0.502592218595305
-0.315830266045765
-1.652812548279311
1.470694109471627
-1.490587341192491
-2.463883263685998
-1.834017390331759
-1.000906178199503
-0.856541807805069
0.270901290941610
1.641479802624023
2.448328751537050
1.671929870925397
2.619368444097346
1.125661928713392
1.246269863742762
1.908130356893840
-0.374843048953888
-0.719587076030931
-0.878721532534300
0.769140411715006
-0.694158792659584
-1.732811581754724
-1.878465279310144
-2.441952301768485
-2.113121921363925
-0.650057162052068
-1.643256320245748
-0.410295208763251
1.114199876393842
1.264440138592099
-0.433849311038832
2.927107325495045
0.535623435735699
1.181065682736869
2.079123221997672
2.025602215968044
2.116061861315863
0.534553092208505
-1.901817827292992
0.262465320481879
-1.534591224774746
-0.713405111940213
-2.847543386441090
-1.434989115973735
0.129809675319267
1.870543347345505
1.088851606797510
-0.170197598989255
1.116243633331564
1.867337952085150
1.725504523913116
1.461726416147487
1.127590844945086
-1.117425226286697
-0.034815275523487
-2.184059846962787
0.277295766657895
-1.677561333795893
-1.608511798538299
-0.611460281703010
-0.297480454282672
-1.406168030900182
-1.384201459289748
-1.201964421322300
0.874658297825157
1.040499246001177
3.062404017549762
1.346915208812517
1.084747626789360
1.556968790824747
2.384801600952976
0.583909826554231
0.249321435601710
-1.864383593567214
-2.233815291397963
-2.963745087300209
-0.119279910780030
-1.230406654504869
-2.157862861653892
-1.877208637411508
-0.932825908196412
2.239529094896643
0.572248866924216
0.737988631954737
2.786184344492012
1.032239464188999
-0.456270248635543
0.974019131304594
2.663157492429546
-0.687106301891236
-2.261849206254987
-1.342603188385491
-1.170237656045986
-2.276650686565935
-3.210910000994222
-1.865065321618113
-1.651671774368979
-0.653010262549310
-1.396694784935042
-0.770616005429316
-0.144378005353766
-0.442201767985547
1.670398846756803
1.887251909100944
0.279600142100728
-0.828946147373340
2.225750357391305
-0.649248289684447
-0.808543997003257
-1.207740921583738
-0.951575481323754
-2.564657167024909
-3.128655399915843
-3.273425609390524
-2.305414177015440
-0.515134035230572
-0.105074683537147
2.816774746145183
3.002771334306540
3.374300122096701
2.865498687705178
1.181668181114056
1.634468974095490
1.704017285083658
0.455140390597033
-1.783509679810104
-1.111527018374476
-0.258510017802925
-1.086561324194403
-2.850568396026394
-0.877297888092682
-1.104732321817030
0.090801195646920
1.525328368538738
1.396083197553382
0.462243706235407
2.821924668506468
3.249714453253666
3.009408801533510
3.505117636035057
1.647181361291955
2.904695802141224
1.026031105411851
-0.128898611033886
-1.956089567224614
-1.696026567741796
-1.606318839324726
-2.577505703414821
-3.531219565234604
-1.177227329244143
-1.398394584845311
0.861632847626263
1.716427891313882
1.982964401800035
3.675968740342515
3.527964548068679
3.302996880178542
2.222676360505991
1.570436042771005
0.675447257008963
-0.239798746997358
-0.813876007412814
0.068957726117029
-1.413527624964018
-0.971938541967995
-1.152630515696626
-3.196905651735038
-0.815749176029627
0.120449291026928
0.548297091505210
0.298505083186629
0.910362286698078
1.184725986850944
1.232708243196697
0.588083178164187
1.432631538925354
0.540644057485103
1.610341586578037
-0.636619363452829
-0.004631441726057
-0.573637959232427
-1.260584782826038
-1.028160640374977
-1.439789436778358
-0.932972511420730
-0.971587568656917
-2.278338788734325
-0.285695044652200
0.642748720057019
-0.911474976761554
0.176321906434333
-0.205498645888270
-0.150330398244683
2.346600674452187
0.366603472230361
1.887650758871667
2.073662896028897
-0.021677631561295
0.974545767968620
0.940665180105255
-0.222036964007146
-2.506183461836923
-0.059272941192479
0.037274542195741
-0.586239746692626
-0.137197972800563
-0.164246663987897
-1.364951907872103
0.692402788234245
1.131309841677195
1.172734545564229
2.280994789105409
2.722733859288243
2.395071085385403
0.766030308993868
0.329622314768565
2.380601108433070
-0.484817127003878
0.374927888102451
-0.475995963529601
0.051154088139279
-0.183911250750755
-2.006173536185868
-0.896074520419352
-0.944621939994223
-0.452491296598099
0.581430716993361
0.773156567945023
0.102737070466430
0.966512310492371
1.484167519700913
0.182266325939802
2.092573513873047
0.825768292428960
-0.040456727532175
1.502190879079981
-0.177974393904618
0.479029729702177
-0.918276113847096
-1.674792617742615
-1.434369724022798
-2.286864270768081
-2.981918889442063
-0.319406936485131
-1.272018448634392
-0.846956332177632
0.234207270736211
0.097260385079888
1.584900402666082
1.697093379910621
1.690738612717833
2.038729904580034
2.359904050091073
2.336544889352254
0.221811262826706
-0.790994172958792
-0.177567228034967
-1.615314186116571
1.071819558429442
-1.392541324764658
-2.602703326308558
-1.904469746659872
-1.648743988513006
-0.915822038464038
0.912394198904570
-1.019391671434451
1.963837333233141
0.933910814935926
1.261696006616657
1.643427960881210
1.947746131171305
1.523218147675820
0.836777941210933
1.145680705006412
1.082256237223477
-0.510914086313703
-0.080112220913448
-2.215731264661240
0.352787480357526
-1.342217051564251
-1.624378445330847
-0.588727033980285
1.257041719372239
1.743356770036810
0.062086797310729
1.412026707460829
2.867541774704199
1.516327202445471
1.084921206417542
1.131427922135172
-0.085417830571304
0.227273291087195
-0.021729152225306
0.045685955183748
-1.783885252216027
-0.063720026732976
0.545925090671752
-1.266834734418216
-0.617414727337488
-0.503454753929096
-0.081348917891715
0.659923934835070
1.480973791140372
1.708947756528164
2.095149486324980
1.540940931836809
1.465331794299527
-0.159865332048376
1.072580740852353
-1.986553319905789
0.358353430680062
-0.056676659978302
-0.418061602596734
-2.554804517850462
-0.445521502493905
-2.142865894359710
-0.869437696816185
-0.958607005886063
-1.018163544896907
-0.134040916068368
-0.575675746633363
-0.923278455111954
-1.891151683970017
-0.141891507756333
-0.990151109883589
0.286517949202112
-0.763276655179596
1.575660378627868
0.197211900417936
0.233103211882616
0.405943960570200
0.037989802414205
-2.084516500041802
0.384538034177980
-0.615533233517565
-0.855791608349380
-1.041280923374701
0.259215129930862
-1.342041950233792
-1.750216929596325
-0.758388962345901
0.550502635421907
-1.163375760611882
0.117531425017672
2.001635006219218
0.905846620692733
0.424903445165261
2.137682294829396
1.479179508228069
-0.417974849461779
0.028200832826692
0.038207531352225
-0.947424965113495
-1.800069710768140
-0.826721147011544
-1.178332159573821
0.231724453272246
-0.766919331670866
-0.457606894195315
0.571086337689670
1.287784096649103
0.460766266992897
1.408881294330724
0.458028298620271
0.798725559705191
1.145717483282386
-0.529704671224960
0.056667484600541
0.768233918021992
-1.202359458238860
-0.599237009932716
-1.425408861988677
-1.500308610764618
-1.962395506292736
0.217300332197384
1.069626151832461
0.361356813952230
-0.416889362202345
0.639681952854514
1.427025978970665
0.251938511654163
1.673362229226547
0.543551161550602
1.321280632470895
1.896698350098680
-0.361693726518365
-0.407094949648568
0.598188057295421
-0.323046582154885
0.036694450649613
0.006574005441065
-1.326744774263058
-0.667991062287286
-0.441141007334274
-1.221339747635619
-0.058489725829185
0.408495632772801
-0.657992986926246
0.456147905339034
-0.125880492415400
2.719420687928633
1.011447291476145
-0.107294911595493
-1.991473420788484
0.950728934977844
-0.397882077813245
0.005597135334119
1.969968588614462
-0.235211578596843
1.135012823383078
-1.214293315516367
0.419747440951425
-0.065004456903174
-0.586456878761712
0.299399062228173
-0.115934367724720
2.269995570317221
1.092288393113156
0.359793821201862
0.538630758645159
-0.692482062144952
-0.537117762397880
1.009500180752904
1.144357299285713
0.361695691942586
-1.450061537956713
-2.743065457961016
-0.530458284171903
-0.961627518367590
-0.387677576788739
-0.741076609021668
0.806777924631139
0.395309809795209
0.138390502865592
0.599095703675209
0.796946660117130
-0.047625438445296
0.572347255631140
-1.058766988800476
-0.046858816310126
-0.659995180065705
-0.174028902088462
-0.267689753487699
-2.687333148672432
-2.404052402132339
-0.612418452383122
-1.148640828485337
0.108502307817622
0.443971980493530
-0.269472268072060
2.083464348527730
0.364608650268368
0.533776599081403
0.024940779949990
0.320591365187206
-0.745579476078124
-0.932048193647049
-0.042640310591997
-1.966574723335700
0.082576011617605
-0.293613471008237
-0.242741244842335
-0.222879718385043
0.353896436128858
0.566557005730447
-0.706318258661197
0.973692691607025
0.409951815308161
0.922365949339032
1.490021355431594
0.877565512549814
-0.391321237171270
-0.994112893605974
0.057869562543638
-0.521161067335534
0.791506476061481
0.001159571318143
-0.192147659957016
1.255616341168764
0.136087215444099
1.241937497070532
0.283354342653171
-0.403692756833564
-0.267928012094485
-0.178987464250048
0.890112047808749
0.110757358519716
0.629177680765654
0.581108659826623
1.011773508413586
1.039948796131204
0.294305639923016
-0.263816873813272
-0.078528988075918
0.057802475881546
-1.721432645008564
-1.494294318925237
-0.944437114312870
-1.899750923587980
0.406019403179643
-0.158550171200147
-0.776841949968389
-1.502566138217116
-0.821724366074220
-0.444089383598835
0.487076867170936
0.196155322851924
-0.749207126224378
1.274721525244467
0.045141687537084
-0.124959253259143
1.645967373269847
-0.190172728321758
1.842945947112132
0.331103702661606
-1.656966528512251
0.968995569754413
0.314128507809659
0.757302978327524
1.320946335802797
-0.497422088760596
0.504329556603784
0.244043421988533
-0.279582508323559
0.977999742118238
0.698235913957850
0.246022898359535
1.637753725683492
1.635919347785926
0.936542156195420
-0.654268140618163
0.385809293536683
0.303640290950281
0.171541805074858
0.078376293145134
0.091324394406247
-0.890689990386554
-0.802922438990898
0.745541087361746
0.337889469125447
-0.622938178882424
-0.102995660195719
0.328705065422723
-0.618691816822968
0.543542132343198
0.956215238038713
0.571136497795188
1.296542211006390
-1.498408939086878
0.616984238385745
-0.471327167277723
0.101043439708710
-0.162308663235716
-2.041260379269237
0.065062980454533
0.298769929493778
-0.511451996747742
1.574186318219868
0.162557132974212
0.966567319269267
-0.648529673569821
0.248310384879656
1.510376538904810
1.415223080253054
1.291165458045747
0.957494236165941
-0.017840569290745
1.743699984052389
1.162282025866411
0.278218301530888
0.495801519237067
-0.167571533785916
-0.984820758327273
0.611822118999660
-0.383147815374417
-2.017257267781996
0.474043822000316
-0.199296519620127
0.743760793072414
0.403868589034187
-0.568379245274233
0.013586468944359
1.527403777264438
-0.039640227044850
-1.452717330320660
0.622105269446492
-0.394147542756980
-1.355817836100928
0.727956441009954
-0.957095310021796
-0.577747172685119
-0.579651477607175
-0.799966690084420
0.685068991371528
-0.033076144880302
0.377148617996112
0.380723537730936
1.681890050032858
1.040510917700812
-0.108053727100871
-0.661041068197670
0.391366152500517
-0.222038467260486
-0.973505415566246
-0.012986159963037
0.202041540956397
-0.838320876649974
-1.693084286294441
1.543364818665396
0.567774546539221
2.458137302878524
0.469236910215525
-0.091157274805973
1.447286841158444
1.157946513635860
0.952280126201929
-0.148790968024242
-1.558089131760120
-0.352273809016556
-1.232024331438951
0.300761356133047
-0.409295584181306
-0.184448739268280
0.242166656786157
1.157699392537037
1.723260520477827
1.636474021668158
2.230157234871157
0.718344542371588
-0.138671988957343
-1.285013645717479
-0.868348252545815
0.453475182377936
1.228935293912167
-1.607138421826261
-2.180287955792697
-3.373854308113554
-1.008762166999517
-1.217376663820345
0.882999214079082
0.783208774640112
0.367698796211675
0.705380674798408
0.100669580191840
2.071906218908603
1.515893255826939
1.469706686449653
1.090110530438112
1.594207378744251
-1.610146809245599
0.528487908881465
-1.751221428061925
-2.098674233022765
-2.753839948753171
0.428085364199900
-2.137945843019121
-0.396700434641958
-0.526166944207731
-0.609066957202260
-0.106048068459165
-0.619110558930016
1.132523851732770
0.240154227173748
0.285772122818029
1.208118646090782
1.078257792637763
0.456147918747183
0.566473115361630
0.192848012996710
-1.399123051445759
0.600275561706763
0.138264672933611
-0.663770383105276
-0.217000766088384
-1.555068095619573
1.009363670749983
-0.635989645611794
0.736193816999798
2.548437869998256
2.234688176082958
2.309486240404278
1.432073321790202
-1.249981498385348
0.940993556614848
0.613098311071005
0.066309146869943
-1.189677589657840
-0.720753185701296
-2.072517108026314
-1.805554391275297
1.266038334778593
-0.888891620650526
-0.072604628318984
0.224962262562579
1.275364180049579
1.214717410677819
1.277417232261213
0.678816065188345
1.950007181933659
1.009196343111599
1.017720449486802
-0.030940667477996
-1.121135419742663
0.223056333137449
-1.949189556113026
-1.970550379160725
-2.703394999178197
-0.845147139715529
-1.435999314454085
0.103145454772363
0.594378920439772
-0.111924807390988
1.555689966649457
1.060341714055068
-0.553212357546247
2.654505281105480
1.256971602479954
1.303547481680238
-0.355717349615605
-0.569377851559548
-0.830227371490031
-1.336366370224421
-1.209738290761411
-1.031927546990686
-0.829550914371626
-0.306719847537183
-0.641108440447248
-1.075969969067724
0.192675204514203
0.522674777447424
-0.989617126906957
-0.515533643001482
1.732053042699227
-0.725456687787238
-0.419526832583558
-0.786547180730193
-1.142728128077061
-0.914906434590129
-1.726369339011059
-0.471359702711833
-1.078440627135989
-0.092375240596674
-0.715632682921223
0.859434917954045
1.279567157273787
1.061140227685000
1.872795779150548
0.062647769633959
0.152579972494870
-1.263444942333122
0.245683002186480
-1.418939861986764
-0.166721803204291
-0.352687971821956
-2.906586377103053
0.720369492656665
-2.686372982570941
-0.464260517639252
-0.226181968534511
-1.754636159407961
0.179292474761861
0.431111233649824
0.401073738555380
2.232361094030713
1.205275729772967
0.224340974623469
-0.851671254721624
1.438316942232229
0.888588186934417
-0.608227055279514
0.232924559164826
-0.332866569325022
0.623000165824199
-2.623503361453678
-1.144332482212600
0.452619084488092
0.695705865017054
1.093097067767951
2.451286688235875
1.691386942012592
2.558830076614367
-0.170622448164254
2.724573817408645
0.433279425402196
-0.843680098449666
0.459573282230120
1.192557479991680
-0.930875674876982
-0.289964656391051
-1.071843339014348
-0.254901265734229
-0.513527729592563
0.849492171662748
-0.088916701613591
0.467682761839954
0.968452631341518
1.872140601426415
1.582215390994455
1.332516956448991
-0.353482869430462
1.338265240497484
0.357049458316812
2.089594405775303
0.606180655533055
1.512609061088299
-1.376295968657633
0.105245423499797
-0.366571527471989
-2.500396965043512
-1.714391728969184
-0.023204294218158
0.660262234943908
0.942050279114660
1.155685813675476
2.543554788347439
1.924215624570269
1.225346854368512
0.141403934618972
0.032649296650368
-0.149638535366636
-0.843537086786599
0.304934354477380
1.862190798251686
-0.868087946363019
0.322262819990813
-0.676816289624328
-1.201253496319834
-0.530495863681125
0.520017858642790
1.627046065103048
0.640537896387103
1.050168454503221
0.282839898710801
0.418114542297501
2.509248488204057
0.989617076480309
0.605899628216587
1.616703773239152
-0.112629630307271
0.497098734832974
0.339541204842723
-0.944499332917681
-0.594804568738208
-1.241356434807800
-1.339206046654961
-1.970502987797469
-1.146888949441811
0.453156725369892
0.589408083596865
-1.184941648232520
2.139410735483904
1.040146346921206
1.767247291966321
2.464496272280350
0.983602976103322
-0.603169188799042
-1.307060117347937
0.217748116209646
-0.841007001948185
-1.948984339627432
-2.233346819093961
-1.047563173863978
0.414634851005404
1.272933812783186
-1.060968476254199
0.659555409247242
0.053307784514325
1.724669421144429
0.324750307268684
0.454708135222261
1.453354605533599
2.778057639914071
1.085608228624708
-0.287884355349060
-2.591714802936934
-1.622005755073086
-1.802893864806807
-0.515315914233091
-1.961020258616024
-1.005339404581792
-1.653573471564918
0.079243947787199
1.321374268710096
0.313396279970162
0.745609112842446
-0.071489931539939
0.934977373161543
1.001039425304376
1.926802794530598
-0.411115362385560
0.307170298649436
0.209699964462791
-1.203549887639529
0.594742805354953
-0.536812665840494
-1.613900723546205
0.320625990270181
-1.664607370556367
-0.213622366799338
-1.265988399336940
0.402253077644178
0.802866331124486
0.792771700235809
-0.228441968760961
0.865876590139819
1.638942747037714
1.413069527342177
1.708004818637797
0.159272698559763
0.247407673030109
0.880791859180767
-1.720592884156588
1.822124694136080
-0.551672811042049
-0.763720669094371
-0.036098683420133
-0.949383957695408
-0.341807081187944
0.349714562810629
0.038314779713488
0.022949747699089
0.393267901125348
-0.299462878027375
1.640544527776484
0.144549702405483
0.261629112298515
-0.011804835285756
-0.904787074321267
0.899756191285091
-0.264029379507635
0.695105451705718
-0.686210935161278
0.017027677028620
-0.576638033931987
-2.682390106518361
-1.081481937645421
0.084694778431641
-0.419013106329709
0.332808968801796
1.657056873528975
1.741361247932512
1.129890143146924
1.352147932902844
1.326055006566293
0.328153305709711
-0.455291106864557
-0.412987168992099
0.383769611636564
-0.517742514288221
-0.730681774952272
-0.014514098211343
-0.883498921490701
-0.137939174342084
-1.139012520488822
-1.660095959295943
0.713251780531154
1.898498295192826
-0.002960629459866
-0.608964267510284
1.092708279944285
0.078481282456403
-1.975148030842496
-1.123954180327181
-1.003240898106313
-0.505067030404318
-1.121932453118303
-1.752759222294693
0.009106648113036
-1.534032176133103
0.613121354627525
-1.659530829900802
2.172824869572927
1.024981902082547
2.078822342176178
1.431625237600502
0.659298601500971
1.092058640257367
1.456862057686470
-0.152040724583947
-0.121050013984868
-1.237661462832724
-1.890417002149792
-1.368806859355526
-1.700510054161467
-1.674891955682182
-1.325759902477596
1.428291828946978
1.745637022314376
0.540869431997081
-0.007364474160545
0.511184411885765
1.307725142183445
2.149542105170569
0.057212229563515
-2.403391789717331
-1.635391561283609
-2.617454279520358
-2.465338625858151
-1.364631070682161
-2.082797111699902
-1.472959630977936
-2.500352546635823
-1.672387078448956
0.781079198973716
1.006456864367587
1.276123100849347
2.470791130189353
3.097660190870147
1.364518157680678
2.519803269959977
0.476197254353235
-1.665193224276530
-0.347218661611613
-0.916772527084704
-2.645155145824554
-2.350017344613170
-0.125169595693123
-1.995240380888964
0.068374280232423
-0.824735577056801
0.996206997486683
1.087227501780926
1.153769434173388
1.992069246182240
1.427203590913877
1.021878969618428
2.898637824829157
1.288086458965540
-0.230364410395865
-0.666371130972520
-1.459575419949202
-1.568882006263171
-2.309746289249384
-2.545587735560874
-0.642846023577295
-0.854510964461820
1.013277052711046
0.699103156225624
2.612497651671021
1.707811013576427
2.187403679815749
3.007607987541173
3.031010731610935
2.009198410179433
1.660227053949273
0.267721523206708
-1.141852186505770
-3.386682484496317
-1.317072712174877
-4.783306184139661
-3.228043178033673
-3.142805594982472
-3.335729606692653
-0.741102312977357
0.104145520395891
-1.401078963402841
1.644245183823664
1.706474120962900
1.645942795310457
3.332621384268271
1.171844711505345
2.119514971501074
1.495129198044584
1.303491166741738
-0.971519409698376
-1.836437020259865
-1.068263457074777
-2.425236188486294
-1.390934929300041
-1.376232438102806
-2.285161303374722
-2.538321142173193
0.827708803655596
2.360648955473606
2.759176413573982
1.614961449066269
1.317445995931205
1.064388123272429
2.426663696145313
1.105197566637462
0.843872925206618
0.008286665885001
-0.741775807789539
-1.780761177919735
-1.698178680977840
-2.075764753372296
-2.431914561960337
-0.655312091610133
-0.687347808966000
0.236385814854885
-1.297535226487270
1.432798707022455
2.174194370830992
1.709167198590103
1.679824300254046
1.478560755348876
0.660859728668568
-1.598046146007646
-0.728521865672327
-0.994732679999916
-1.486274599771597
-1.477875293033994
-2.187225899148369
-1.660703507232675
-1.247222185997898
-0.164798018334168
-0.226042051922339
1.165010122014401
0.406896285074466
0.136401099018936
1.702311426605522
2.198437775801777
1.416613824673096
1.452634872904556
2.646369862672609
-0.953464261538023
-0.620692174360505
-0.573041154577723
-0.724322145622038
-0.809602393583631
-0.038349960253428
0.777891101220224
-1.144949792629403
-0.112085949205043
-0.215890657649169
2.378704224053218
0.573662474805914
1.006322193180505
0.139709781641966
-0.350362419418058
1.835457140249301
0.571193481544546
-0.696519957023365
-1.207114796660273
-1.401467553024108
-0.574214055021389
-1.567429877498891
-1.283387584109469
-0.257066044178432
0.338844941087102
-0.075338825657554
-0.272957853355175
0.919107017440016
0.424720986326936
-0.302323010833406
1.061707711617790
0.211041362835516
0.004421286686843
-2.562544626877184
0.505819323874225
-1.348824311989763
-0.163631837728249
-1.382212683050428
-0.751145873927294
-1.428629359831985
-0.326884905874270
-0.107480710086248
1.224963328972118
1.428036476104157
1.284514773402463
1.338143438874634
1.665762417210932
0.543768708549492
2.081389879611587
1.424881448964835
-0.896253131195507
0.281729380004335
0.633896712840149
-0.186725873135486
-1.690192608592125
0.580900074577591
1.239782015926652
0.444088169106170
0.975556243278059
0.783449131203164
0.998106181359795
0.876814621726498
2.414105608404563
2.412434528551480
-0.627758125711241
0.055301479035364
0.085485682802858
-0.302546394687405
-1.176734903911185
-2.229165076381614
-0.581022721987483
0.262657738922552
-0.081764048206648
-0.621933509557599
0.615017806974777
-0.745746307195954
-0.885151228823946
-0.346275895718575
-1.834955553320595
1.447664275455584
0.576774510758352
0.357855929785789
0.623569471980762
-0.106354829213104
0.131723236481589
-0.695637871020843
-0.133502770467628
-0.663925032858709
-1.026812657012226
-1.701225332378756
-0.152168655885291
0.083849512936158
-0.442970759714074
-0.711771939031266
-0.301573298058674
-0.177428901573633
0.766561486202709
0.625729685156264
-0.444176639301735
-1.408998229026887
0.634754949370442
-0.093533482518780
0.724217814150358
0.674017408263190
-1.951577284880390
-0.551813384277170
-1.274153070955503
-0.316043352732274
0.666632153319921
-0.423825192860567
-2.080659240997075
-0.412877283385984
0.583080833159117
1.641764902815982
0.687221899760438
0.506893611963328
-1.794298374919649
-0.454804229105917
-0.734660394136196
-0.783470582772085
-1.971373884761880
-2.269185267620210
-1.131397527293693
0.041756858871449
-0.867135763557471
-0.250841848425525
2.244714000250687
0.136881672849497
0.027511017410709
1.237186619239814
1.303047321785566
0.322739113895264
0.211638507260630
-0.596930836574650
-1.795875099756439
1.250322754000625
0.146537947596395
-0.104412989387360
1.114835533989806
0.848428496644285
2.575724127066133
0.529255997231993
1.661130363664483
2.039812418834277
0.410671172655921
0.826972423812091
0.997833125514648
0.073980325885110
-1.486783423189784
-1.465124447305850
-0.523474786326989
-1.653504541774174
-0.810013542400613
-0.929592369561570
-0.021450009969626
2.326197227221100
-0.107462944681455
2.820787665362110
1.108572483754242
0.971365727422592
-0.776690903493080
-0.484466011882602
0.785144063302880
-0.025990090782339
-0.817842793260748
-1.658523552735564
-1.405826099739957
-1.986405109915116
-0.632477666665802
-0.134239377230459
-0.100639384844897
0.828470127667036
0.510501982175774
1.360868703415437
0.832499235090058
1.604054339054350
-0.838682394942140
-2.139100073242831
0.060080529152457
-2.114875574599288
-1.755685125024115
-2.572483238731839
-1.919639274625255
-2.605702076000752
-0.067891515738835
-0.925002775535320
1.776288026960160
0.328714455527714
0.881974095577863
0.849316664201093
0.377616357289259
0.473866425017073
0.839628153891688
-0.412033013038725
0.458887470521605
0.208547264501087
0.800621045806899
-0.737753813336982
-0.348059144557244
0.664650466891763
-0.486997701246567
-1.501055076002546
-0.425408069347786
-1.319498037479821
-1.748021655137295
1.162546830403287
2.057488473929028
-0.049226302704315
-0.230293269805577
1.440252152822494
1.057730583020478
2.482654655047357
1.422686342660418
0.470799251013156
-1.782530537034334
-1.881402642188141
-0.544389623551901
-1.332293215868988
-0.725637511823343
-0.995731838748531
0.612367057234122
-0.504280947173404
0.298448098507030
1.479933158798802
0.242428464373503
1.575871727830935
0.814381700580167
-0.397277505359692
1.212884789631411
0.126242899320485
0.546815393036580
-0.386181159474602
-0.661907140907303
0.117458493707851
-1.740361219542472
-0.350182208854318
-2.406174681880432
-0.717554577731865
0.138448023379440
-1.837309585314791
-2.103012244094494
1.380722481037895
-1.907587194038810
0.084863628905944
-0.435841979588144
-0.203499807210359
-0.147684934687815
0.982065469024594
-1.977387812556634
0.079589715375350
-1.541662565248326
-0.282334472455906
-1.759974978234428
-2.147454290779824
0.044016697068704
0.059145075670744
-0.069995818199124
-0.492925962016937
-0.328993386603314
-0.039513566623869
0.755998410580695
0.838692221317022
1.124704193585621
0.744283550989727
1.335083510867996
-0.855715797785660
0.002072559933719
0.725873093743854
0.098182439529525
0.312382178325955
0.002823266142107
-0.030634135211385
-0.625421118943263
-0.187289091014431
0.368156559694454
-0.699327114814520
-1.793561474751455
-2.483581458113998
0.690489153563980
-0.894803672886441
-0.590300162865026
-0.870973050512343
-0.749476924184503
0.309809183963244
0.131301566616515
1.417547845585508
1.117088782073573
0.272770187302440
0.554556747413787
1.712895670690674
-0.322362531684182
0.117311474946428
-0.206118867927051
-0.177371639814058
-0.966932417318154
-1.289287375525791
-0.785079854736533
-0.696330361163960
0.943873326330766
0.117509916304078
0.161377671987737
1.170043007285558
0.910849362259606
1.778406070757340
-0.072436233364657
2.308006182872068
1.062802447976173
2.522241550975050
0.984317144751733
0.842046849048763
0.190026245899357
-0.773919828392799
0.469807820047879
-0.575108065922694
-0.260970890128886
-1.974358370808331
-2.360104396592464
0.543019655898857
-0.222088031860445
0.656308690284323
0.093005367143294
0.568515973490865
2.501888005957660
-1.053870906920867
2.269823465028907
0.266196029358588
-0.622735185282195
0.295653772429403
0.316646721353711
0.639695597558667
-0.168025818359886
-1.478082004279726
-3.499394220819646
-2.277434512763245
-1.605955777935101
-0.554337237829045
-1.514663062779001
-0.837216423423671
0.830778874410119
2.206225744032436
0.323843632881051
1.216210425811923
1.933733633750995
1.693541644500382
1.516765172155244
0.047380357415780
0.882774690869791
-0.275168945127448
-1.497432009436405
-1.083301436028601
-2.083623671926295
-0.671777298835844
-0.785301296447106
-1.066525723565370
1.240119603978993
0.646642330111694
1.014526601097711
2.096340530021521
3.663986352796235
2.195383440273326
2.737848488583650
1.099346739749598
2.418742666423051
-0.502627547641906
-1.330484496716159
-1.510933243915577
-1.998022888633075
-2.272562586211158
-1.629930870822963
-0.949757236272471
-1.625226706224612
1.123258653927963
2.208563252374128
1.461272966632593
0.259097509334616
3.056104578492126
1.110956119343525
0.737585050183460
-0.370371040961364
2.913247091364059
-0.511275817263063
-0.872827412041201
-0.821726373063094
-1.140096240305545
-0.502716540359515
-0.886463898667206
0.645258305337635
-0.176644326971133
0.023976702224621
1.303917195638702
0.563033795296485
0.320529830471507
1.540703886459712
-0.603660431754379
0.628933800150979
0.563145346496056
0.562081401661939
-0.650659792000917
-2.350925857990587
0.743157465649489
0.715817710260480
-0.314442934073282
-1.720951771658755
0.165034278339196
0.431304491695697
0.831612016589930
0.279644520816100
-0.262495169577534
1.163635530734460
2.123307513075598
1.161617018887924
-1.506836670738394
0.791917435968267
1.292527415469294
-1.841510339306862
-1.468900273107411
-1.786720203749823
-1.792347984099864
-1.112904575375788
-0.980233129987061
2.494171411307837
0.019741332361322
-0.137117502390087
0.738350544916584
1.159690807173325
-0.509075489403324
-0.070993897807714
0.782311666282639
1.182235975315523
-0.409597508974884
0.531842212893949
-0.569713715544417
-1.035473929101423
0.969339675112798
-0.896967084469526
-0.459777322683694
-0.122486036329833
-0.710582883526055
-0.825442419973695
0.539636746062036
0.491563722809252
0.409286993270620
0.649177796801275
2.412921529341765
2.064926160065888
-0.687552582031312
-1.533904689731878
-2.006935682239642
-0.682411080506801
-1.070129853814560
-2.683813373751478
-1.461043800818790
-1.054174333299087
0.864276017945692
-0.199193216420315
-0.578697946635220
0.122606448024284
1.021336497683639
-0.126896115896804
0.696743509384598
1.249128079041471
1.097767074120218
0.212799609401762
-1.079783400687331
-0.181494753592861
-1.837687524055417
0.544046746464539
0.455402175440238
-2.450224609166161
-0.925699130823917
-0.369302817370004
0.099178243600818
0.899023965311781
3.251158947333614
-0.056610122699590
0.388077717303530
0.661590642266512
0.517875937623123
0.473776721531155
-0.904674328686537
-1.971343941221140
0.051896379482118
-2.307745352381456
-0.066234514579830
-0.915813284325049
-1.047563590793144
-0.346507384999345
0.294756260626981
0.403385004958225
2.429603746381849
3.735887412377558
3.272683700658904
1.993696162115921
1.855599058905288
-0.067184053258352
0.181462385717233
0.157256657427918
-1.654720914271642
-1.891925693915616
