-1.253698530810026
-1.479813677118381
-2.561506098164211
-2.449805579372913
-2.523960183014208
0.615244701704851
-0.205243835557392
0.739995626335071
3.065818922605386
1.940071799553812
0.883074770684114
2.258976220598955
1.165204853737526
1.581571424986442
-0.618717307882322
-1.078244468780464
-1.620669116061522
-2.169358310876310
-3.032895412197687
-3.188715521500781
-0.517810638366543
-0.036545973773823
1.530953618577716
0.567818464796548
1.725240417514222
0.761625551739765
3.770922988570990
2.597688364744791
2.373249856245715
1.195123058862060
1.078625221975124
-0.133758042611533
-0.964998606165900
-2.431468647504300
-0.287445441417749
-2.375833840510515
-1.292763013464912
-0.924161933347354
0.986561772185717
1.488928979306271
2.441077822662773
2.748049844787508
2.885337726060958
4.395698962109595
2.371844324337753
3.386832088959563
2.599938218116214
-0.354563135536321
-1.630328883863025
-2.132473135155884
-2.615930276949460
-3.276770515142483
-1.466823806196967
-2.284437955793773
-0.823418567776372
-0.882876282788698
1.896397500210923
2.073009269591090
0.430136424599602
2.688887484546784
1.858934607423855
3.106321898587074
0.896290599296443
1.256344682730996
-1.338338045571482
-1.411271963351870
-2.199495952623275
-0.927149980317543
-2.640677734389034
-1.847962871438418
-1.918041188277458
-0.040759246846367
-0.045632829540533
0.853182020313838
-0.101031317103457
0.507086114170231
2.424580457077383
1.489180376977189
3.238166938350249
0.677528156131174
0.487824869580423
-0.882406716584910
-0.163586098856238
-1.565999217898071
-1.362402006015367
-2.070669531004510
-2.649592730549436
-1.884622214807607
-0.950029496051786
0.495378174186500
1.280891665627547
0.989455501995794
1.686716949812171
1.567653841325619
1.165716505931848
2.784849336138924
1.696756626818224
0.435706140708791
1.206420289962165
-0.583655658471050
-0.535272532235795
-1.477719161746661
-1.963640104833235
-2.782900897482981
-2.143801350180648
-0.597609940351172
1.824629440156219
-1.155666649604487
0.587246276202506
2.409920813228354
2.273141311412278
0.916198513338780
2.524181510791873
1.509748167326161
-0.079085374702153
-0.563337728768160
-0.218526447186658
-0.689029004583515
-1.476013994907828
-2.998654529372502
-0.988297121046378
-2.848013003803332
0.185918079663734
0.029982439665191
-0.605151101745228
0.504244240043048
0.401780174235221
2.331797139475137
2.931702317969919
2.612155354296024
1.130362428713216
1.541102093463159
0.286547555280663
-0.358894563320268
-2.375000691385469
-2.413636511324268
-1.818416486411338
-1.642686661404082
-2.158806250276514
-2.912003274853422
2.159621951183965
-0.691534954286874
0.431105975357400
1.729101791811468
3.453290323475767
1.975891468297634
-0.975968273010863
1.457816547561131
-0.165978333101199
-1.229672762173471
-1.321250544866160
0.837268576715382
-2.005267385826972
-1.021072183290095
-2.429778897063221
-0.438348841582729
-0.333622026655331
-0.242583294606957
-0.744288973853022
-0.405998923739867
-0.708965866737496
0.027192071592288
1.363162106110948
0.843755825568580
1.253948442257260
-0.614922396016493
0.347791891702760
-0.544154194058244
1.145265063380233
-1.571981683040402
-1.425211617754740
-0.443002956130920
-0.640365714682589
-0.923722589728993
0.664884957850653
0.338540623919112
0.133897573068662
1.356020229585715
1.946312714201069
0.123412780708692
0.152071512652660
0.241075265441018
1.468462717564680
0.299453872779788
0.401699001923338
0.324967522621832
-0.441013997743974
-0.848050445157761
-1.387648970151502
-1.298333016463610
-0.129191408997615
0.718865493265633
1.329580521680396
0.298678129639971
0.198106405795763
1.217681166558967
0.036630109113056
-0.515890689056322
0.286292300399805
-0.768877021325798
-0.627730526909216
-1.060198131533416
-0.376303512291934
-0.883235101886131
-0.535113009903098
-0.173820211444066
-1.099540302965130
-0.424997088546736
0.731690219096603
1.818311251505966
0.658139219872888
2.410656959359659
0.635119595495066
2.107364594181688
1.585804481025511
-0.122817892685780
-0.002820581808601
-0.420930600718121
-0.364936038301879
0.217216175623121
-0.178790334752795
-0.836490993105807
-1.420392290951021
-1.417465288811955
-0.378226380928717
-1.112381527149198
0.451780127733071
-0.326460346138512
2.628277339588705
0.715220824247841
0.382043640941304
-0.074442816782407
0.942815153719218
0.475105031423017
1.124753768939020
1.297486877136746
0.190375721502595
-0.842551823385902
-0.866082457305409
-0.018242174207923
-2.738204132395763
-0.332515532195710
0.532302862948804
0.118083232317286
0.068034676461288
0.922582703742700
1.399201008279541
0.448590165770191
1.780291295316674
0.737729698032221
0.876976974684234
-0.559909012620848
-0.864401067921859
-1.068828988144386
-1.370495793539307
-0.962735597119774
0.537659208253196
0.102278988997537
-1.201150142159638
-1.907934716044296
-1.335904390395709
-1.261053533848820
-1.920450355139800
-0.513168891350116
1.388941084089915
0.719121180636167
1.871852658404133
2.756854675793677
2.255765160792681
0.761914541621866
1.946444796577305
0.354536186933780
-0.580401530099333
0.119377540176105
-1.231787263949964
-1.122882546899965
-0.667477178577693
-2.107302522328680
-1.301670940749072
-0.702855227732905
-1.043176255342287
0.801323742334824
-0.175703468374170
1.313612274678004
-0.500180979308339
0.515992645315440
1.772871227805082
0.451288752149274
1.309265320678017
1.875536927332124
0.115541125508418
-0.673176046316930
-0.535888741521000
-0.655605623880139
-0.435087178334363
-1.834368764404732
-2.074520940106444
0.826597250204846
-0.698284251383270
2.007160502643051
0.607144987890585
0.389827874993668
-0.460691857612269
1.830040301758910
1.385379342748516
1.351828420267580
2.890084104459378
0.511630889150723
1.970633105758471
1.418426842476503
-0.663292076371104
-0.688970391549019
-1.380234765164150
0.993691785845771
-1.268827907230551
-0.952692822719833
0.086792818037275
-0.711289037804335
0.073424334019303
-0.149389535782066
0.411062653721797
-0.520958791392232
1.212873149365028
-0.371104125665541
2.715652273331294
1.546299909960163
-0.561306853162956
0.680816708289554
-0.092921792898716
-0.154050068717423
0.125132626496220
-0.220345511317326
-0.665894533349697
-2.024896466783461
0.259961098340727
-1.245235149762747
-0.745226746442915
-1.458760062928169
0.481280865984885
-0.219429669565592
-0.635492521210398
1.586600102955813
0.523630585680314
1.043462371224296
1.106965389450472
0.821811199655759
0.541117912739535
-0.412508806379191
1.618407233767082
-0.679697970811670
-0.194950619182608
-0.983080741564167
-3.195286125622233
-0.953983712091372
-0.405132381141410
-0.878296512892389
1.169750354080993
-1.252495507233747
1.394407557403511
1.700106965834066
2.596823394889649
3.003217785582587
0.262104786672682
0.111837445227860
-0.342916321844664
-1.623435989605288
0.284020274514185
-0.484165322355154
0.306321418768100
0.842612111515199
-0.064065099659629
1.401439568280576
1.014257148869185
-0.385610451223360
1.160447829568038
1.607064697195870
0.718983365512352
1.900036830865032
0.944680018428382
0.437898434813375
0.846399430892442
0.560297849885292
-0.126905767795675
2.035563605012983
0.060459776158740
-0.389216036948367
1.178744746075465
1.600844309934070
-0.857943784683242
-0.251944573684104
-0.023864377819864
0.980072546354342
0.991595249096287
1.051021469949773
0.494232590625119
0.228055272633197
1.157358683915603
-1.120622454706647
0.562105598278023
-0.127342719191413
-1.988502483006544
-1.481616406128725
-1.239634309759954
0.702840819583589
-0.772169626275922
-1.073393737604504
1.942797024089259
-0.791163419625465
1.331741757588244
0.852006348846199
-0.371256700770193
-0.381820943478809
0.486872905245135
-1.434256235339831
1.363579679872076
-1.195693130552057
-1.889335422401492
-1.600030391330097
-1.452750042133844
0.033308074793684
-1.273650659633820
1.628336317794543
-1.160381136188580
-0.931885827272518
1.121556611079325
-0.059762709946127
-0.576169784100767
-0.238565841229955
1.150723702895096
1.176251390282463
0.580934620852720
-0.131554695030614
-0.389004246117244
-0.481846961808862
-2.358609772747774
-0.534808076066768
1.239133530792146
0.682007319130231
-0.531477998282634
0.457003306931516
0.070025300971370
0.616215702246403
0.814964566830415
0.617441216341377
0.730447729665379
0.628708108823897
-0.706727653602348
0.661576417484128
0.224703029202793
0.081495390344157
1.334472248220223
-0.613265477121690
-2.468649617596239
-0.574336342740862
0.593537450141169
-0.034586429928842
-0.617236460838778
-0.806911309978605
1.374161532757789
0.417038816139347
-0.201214808680830
-0.400224917090255
0.018722281507130
1.304353548918220
-2.390532736216210
-0.784329039537708
-0.169232219643837
2.614999663111635
-0.209992663836224
-0.534807863567108
0.322567905151567
0.905650446858291
-0.015137534526309
-0.665349862037650
0.596884547934730
0.804912297852902
0.446190326629727
1.121841460874549
-0.283386641638513
-0.860510853048979
0.102197898894094
-0.359546718095254
0.729695295099233
0.648753116975741
1.480821778124855
0.793971070558102
0.966409160997427
0.568354693663474
-0.912083534561340
-0.304341158405423
0.763826931301564
1.671934123962350
1.180479065970608
-2.351749480434996
0.242498149705902
-0.880712273807050
-2.466754053727150
-1.566916909755491
-1.468022506318021
-1.234061014989796
-1.100248516654293
1.134530580064976
0.131512275698758
0.608741910469849
0.927921397865104
0.745780277942530
-1.248549287041401
-0.595906386679753
-0.154146635259077
-0.025604514809948
-0.720860159814371
0.215280959196080
-1.024486663444317
0.460240288141088
-0.916983832935134
-0.973991138602802
0.010880342316847
-1.650959911386893
-0.355029695417292
0.648376887040978
0.083464822121872
-0.197518261236395
1.167670975597619
2.490673403067538
1.423360149720219
1.508461603088220
1.786079031121140
-0.071360008371915
0.385363224237866
0.564145688459238
0.471982363134726
0.086076577701476
0.109666201050910
-1.165030635248475
0.863097792012726
-1.398168422816093
-0.327836136137901
0.472483899517555
0.438473930641634
-0.341646724523674
1.382207634920904
-0.720451685353958
0.342218690631184
0.360556840808566
1.435725826693176
1.376309741760962
1.059699872074959
0.855358797825694
-0.289590363405772
-0.164165610428342
-0.146586313496995
-1.203317090871636
-1.219901999446934
-0.759689464666394
-1.538474524848873
-2.717567334599820
-0.523115723589077
-1.838570655370580
-0.275661253205195
0.993680493704590
0.626646380897439
-0.100527606964026
1.075620985801269
1.239794888107450
2.138245114407017
1.646208839483569
2.536564175994357
0.239616458808401
0.311772000172029
-1.111970592953756
-1.570930269040756
-1.578672977051054
-0.830633517442389
-1.409815691870166
-0.866169839081168
-1.224497811872275
0.272624781509249
0.555931413937027
0.342628775627609
1.449484153511618
2.163806538400593
0.211363688343135
1.200440757008111
0.167547307429050
1.405848286283000
-0.557954411153834
-1.707308132845114
-0.482239238651293
-1.514071737575667
-2.122242874801898
0.232320320318899
-0.620660673987039
-1.390300774585802
2.421645097781619
0.688283767215515
3.253671260423411
1.955599278908069
-0.372696218285520
0.919306335291160
0.659367402050563
-0.295465052646674
-1.139352005586522
1.842828082106133
-1.316669167243053
-0.115633643835305
-0.540284950087203
-1.371034739869425
-0.368630271266478
0.527217512824191
0.440009664124604
1.214700012101990
0.114933892484948
1.227871203290997
1.029482691564361
-0.946449758158297
2.276780693292320
2.268178114525694
-0.366068252212033
0.951228534566898
0.420903705406499
1.052392774597765
0.563676978112878
0.989771349273298
0.997294862888249
0.195766411053136
-1.314862596542153
0.062305270318735
-0.166597830766428
-0.697133651956970
0.491547874551952
1.008294069955402
-0.325245039879786
-0.557887358642872
1.365897482811868
-0.875674698106669
-0.467222435510124
1.368317028995029
0.129027439094972
0.785721383816412
0.213316354545971
-0.104802237882842
-1.431714009421618
0.018377214494182
0.616003007301146
0.394047720465714
0.805075521722622
1.017589121977502
0.783291489361122
2.231303436971096
1.056475567716823
1.102195235114963
1.811528320227357
1.974859344646354
0.775389919534074
0.636028424349631
-0.152038093531166
-1.532122509266996
-1.480794886168917
0.041860380867274
-0.394934868903926
-0.848999976461894
0.756120051218981
2.773900142408424
0.383112227850405
2.126128190645274
2.856978135767361
2.326563386540933
0.798318780514033
1.083331208085500
0.256170898579191
0.444662488456656
-1.789844102781591
0.092607667189399
-1.702666858748596
-1.988980557839504
-1.390087414443421
-1.246896742591378
0.324554190189205
2.033865926455018
1.039523188220224
1.350966243304722
2.606990631276570
2.119916174829521
3.769980755248909
1.564916154639966
0.179447843597993
1.086400076015664
-1.746099543353962
-1.933963182774387
-2.185587759830256
-2.569294252199090
-3.273691812988215
-3.055653600371840
-1.480668246383758
-2.716855678910993
0.107208949737075
0.538622734881546
2.101904393836895
2.112817760087336
2.119341511256584
1.044504663605895
3.455840251460235
2.655301969132231
1.697813817471620
-0.587732179983684
-2.216129056741804
-3.735070173148536
-0.690278403060787
-1.375116440156295
-2.442507685727660
-0.764508181421989
0.271330951165751
-0.328434164634362
1.016746615582734
0.346799801784720
1.097911721326368
3.260905915540397
3.115322334783841
1.542699250161844
2.800510295102097
1.447891150196107
1.390007897999850
-0.942933526287010
-1.331880667388299
-1.520563753807370
-2.603052047840777
-3.114975915908509
-1.331413660766597
-2.069595334855113
-1.841741803574929
-0.963169992833100
1.251921168253411
2.065757290460354
3.391632580099088
1.491395848513094
2.755487560285891
0.902287621741780
1.837838852884454
0.988404616678155
-0.504095784389145
-0.311513390797983
-1.616811221322087
-2.026935834716200
0.215711668897797
-1.521888929565556
-1.328999362421443
-0.310348774006436
1.114953802276312
1.152988059382564
-0.346534221547224
1.265225755686989
1.366069015040928
3.081991320324636
0.398463876401987
1.658429041657724
-0.767990952174491
0.481608113778201
0.648959891694011
-1.429025832529063
-1.559920553487542
-1.017079193199175
-0.202136515083425
-0.190230484785893
-0.834214339219482
0.317500479316028
0.675756880708453
1.702437169507921
1.773721166681046
-0.342780621845930
0.420451363180597
-0.359713096748925
1.283198208583706
-0.541238563677242
0.265363647712288
0.026498044294358
-0.087560168888620
-0.639830251059232
0.228316781523325
1.178881692484643
-0.328767427898791
1.968210248622059
2.270025446359052
0.805836493925705
0.833805720511733
-0.602638252612687
1.435129403534490
0.926695398758798
1.613516183874907
0.968851719161771
-0.657869830029290
-0.457531822521851
-1.818394566610062
-0.238043179451901
-0.826127958868424
0.171689627186897
0.141596943616587
-1.376502321136594
-1.695257916996241
-0.359279468310362
-0.726203831151817
-0.252705563271526
-2.786188865039240
0.233615678508057
-0.370587857059694
-1.172542396552314
-0.509169714532682
-0.607972131485637
-0.696044872426050
-1.678022901654586
0.565822242337958
1.328315455504061
0.904743021502854
-1.121134864160862
1.570429903002821
0.246258259598309
-1.020892688063674
-0.678803930719275
0.218038194147961
1.377282128991837
-2.931774333918633
-0.150355511845822
-1.520435982658156
1.503192324028660
-0.116231139865392
-0.360620609695619
1.166105719463664
-0.618856630478553
-0.880548766549286
-0.457593868738630
1.389349373952372
-0.931285690786456
1.064017950946010
1.165227002998891
0.430694401918649
1.407796687901083
0.195574396518024
0.663938505986848
1.269730696069693
-0.892025020336929
-1.485790973595274
0.164843402745895
-1.982923080927678
0.325754657891562
0.386690250224516
0.967799363998012
-0.984842000635236
0.420188006518405
1.690010562691975
-1.435550324819306
1.915635102165377
0.907465900805081
1.688395431370129
0.624556203633209
-0.238426666040769
-0.942457771467524
-1.090525905729585
-0.790143710300079
-0.474634363977496
-2.083217629979995
-0.636256473413794
-0.883463612011306
-0.618962959961622
-1.296227673154869
-0.885568385626993
-0.221646591693802
0.463052142845708
0.368650535194547
1.343775528108503
0.805739067239764
2.135002812654228
1.126942934582928
1.039015551114922
2.504473061556899
0.602711557989022
1.225515740483782
-0.540853305622461
0.474575803138458
-1.345927025028222
0.352002445891563
-0.627866095775848
-0.088551263401626
2.939073263198972
0.292902040989398
1.966338491863287
2.061046054823575
1.928126516415801
1.563288028530053
0.650457893287595
1.195134390133405
2.206807416275581
1.395653593924249
-2.076059628638162
-2.047557304273302
-2.815574682549026
-1.784935048457055
-1.907295470798509
-2.302370547686837
-2.360225350367205
-0.497178723445760
0.367006156857339
1.182044917111061
0.401354171769702
1.544909220074402
1.310223096845926
1.753816210557694
-1.119930112534006
0.035644378648369
-0.409867361827704
0.687918006694997
-1.499321452383048
-2.805297572746194
-1.147916616450620
-1.951319402420659
-2.734725026634909
-1.023125720286074
0.054357648601942
0.774747606109648
-0.050618635448319
1.503225800394773
2.667732559507573
2.398271234244615
1.913192028607675
1.757188017110290
1.590503739066850
-1.225082040136419
-1.035566541056290
-0.112964584566712
-2.050235493402779
-0.889525619759529
0.457020378724396
-0.567100012548987
-0.617466182264299
-2.038364271304385
0.898850016874940
1.345508849751274
0.271188683013917
-2.010518383891148
2.827862032867427
3.913418627809340
1.241894897697478
1.553037699730561
0.735980713405483
3.022906332014736
1.562388449333654
0.389648882151268
0.033689608136848
0.450141941818521
-0.775642499715688
-1.079073294444434
-2.936779450098496
-1.664287312967647
-1.973860001710328
0.451367235169238
-0.459901549176472
-0.915659626120065
-0.211324684816103
0.658404298716982
0.758190183045871
1.625477805526141
3.273152809923121
2.298277765444846
1.560266008151327
1.608342470488920
1.008680941821437
-1.033950413317144
-2.684744850924258
-1.396667564924909
-0.459091118595738
-2.257693274837711
-2.359028727259230
-2.923514157856440
-2.155329859957786
-0.267018867884507
1.240779323832640
0.304749438287061
2.252897507077064
1.883679724924105
2.175333998559074
3.215110343393737
2.044188049950893
2.550105205857573
1.955102929914673
1.100264995987574
-2.397577334135302
-1.126329766912607
-2.443370642331333
-2.219791136339289
-4.336504946288341
-2.858018393882075
-3.247243591956320
-0.885116343305257
-0.853892472080836
-1.799102766105298
-0.885869572303465
2.327727688504291
1.367205326148799
3.311280642341827
1.387421039723329
1.341814450518756
1.772497491723570
-0.441667739923646
-1.016258721407490
-1.610606732899817
-0.590513408217193
-2.540093734837416
-1.127200866488822
-1.421203542998992
-2.826848116339387
-0.433947960561572
-0.570200510515950
-1.045220896878832
0.613452104050246
3.254871824999474
1.351973059802483
2.090954835369799
2.219235648344358
2.596040672801628
1.202074651731316
2.328491524198531
-1.822839941460685
0.004776911494969
-1.433134047220155
-0.944275668739466
-1.537037917789964
-2.951466025842595
-1.634519855749798
-1.297865119905626
0.862899080160987
0.146210115756227
0.921307541746719
-0.032717992570391
-0.132931226865689
0.870425337412945
0.754682120061531
2.747149732003953
2.205956773054277
1.986437048395490
0.983882021085891
0.731700536034141
-1.614782870331160
-2.419395350388107
0.001018787128144
-0.658650820549410
-1.293108961944965
-1.165777730351706
-2.178902383539572
-0.368081816652945
0.867843803015192
0.843417535998536
1.487921763099321
0.900086415501151
0.968646890119331
-0.328088340628113
-0.283314919543019
-0.219034589134554
0.071428589127394
0.734325306713982
-0.515262478412263
-1.540300976965651
-0.425576356009469
-1.210970070637343
-0.800215323989737
-0.871284865227527
-0.901696805212795
-1.595331410250707
-1.508950043154239
-0.612931775959497
0.584187674702598
1.475606965690675
-0.144917175548075
1.478292066301648
1.099292024609029
-0.076127886968676
0.098142310698190
0.855734695368814
-0.621481577300359
0.400318011094557
-1.424082004768725
1.987860411260009
1.532518772321435
0.893806951633821
2.081719473413846
0.328697138794806
0.616428556411695
-1.244445496962456
0.319492517991746
0.966249996353280
0.302295489083207
-0.505118900168746
-0.409191551898791
0.130522459975053
0.661642041904905
1.735889769324080
1.372126301799958
0.601503014032592
-0.384238631720517
-0.618283088019578
-0.461178909387261
1.226915558288596
0.029228223140552
0.054780181295770
-0.208150513987765
-1.438799955747827
-1.904044367873577
0.341588669112348
-1.109659171137204
0.317284460946495
0.655907095965926
1.357222877727103
1.395755297924971
1.860372740794829
2.848710921356663
2.132451847289025
2.540806152111242
2.347002113201489
-0.011930312906709
0.476098747372461
0.398466628229298
-1.545196941541851
-2.339584481599728
-2.562931102749547
-3.206682665533428
-1.669330378709523
-0.043604546126756
0.081410176158803
-0.423554273893973
-1.420972257115507
2.277731568186357
3.014999363720031
2.048522683845621
2.219739742863833
1.909456648996345
0.939224405664544
-0.787908058659379
0.319518201604582
-0.661260107053587
-3.344618549510616
-1.383765806973403
-1.483065904475832
-2.280450639091321
-1.800260776813015
-0.721384967687124
-0.841959191004852
-0.506812417942875
0.791712279119470
1.691005326155226
2.126889301384111
2.508414548214840
2.469053940631968
1.437757901274444
2.451912282078908
0.965651110105518
-0.743884446074231
-1.993079141188670
-3.609987331899418
-2.965734322603855
-2.877299906638294
-2.697917959217539
-3.465545662738686
-1.472102945961664
-0.491296375757458
2.106861662691136
1.592985910704571
1.499333999119693
2.779024639699067
2.810029043036430
0.550109777344493
1.471404547250848
-0.789988929120718
-0.304646789777143
-2.051080388583275
-0.595143458300502
-0.726606346787429
-1.084058572863671
-4.104076943456595
-2.471835177493866
-0.667449804032209
-0.173559186694664
-0.718577764864768
0.148042612183773
2.584095280434828
2.508423992807416
2.303186539823451
2.570108419144144
1.975573998348303
1.235592146548385
2.136097286155176
0.702436279762513
-0.343682073051231
-1.514873762472679
-1.168851877256171
-0.683846410437560
-1.228593222515078
-2.170461637279220
1.229245146520233
-0.291656477171241
0.510972443649191
0.069526520637122
0.627570948964367
0.977084821442891
1.463104314146592
-0.208097611149671
-0.126225030308982
0.140984780185830
0.074628008073478
0.600781083624660
0.832371213929513
-0.243180471268241
-1.333151106233580
-1.013559130663035
-1.168189397698874
-1.381429371661005
0.246219726445036
-0.707752160315105
-0.551558364810987
2.032459990783007
1.144377509349638
0.399385872529001
0.767675149422020
0.755859123863891
0.530304875873115
1.390824138980649
0.668615927563170
0.060630422586193
0.400961716413706
-0.223956630018408
-0.834423665674950
-0.907299249795350
-1.939754932875317
-0.065835371847126
-1.134920864259090
-2.890539560871921
0.480788482972180
0.360016755416143
0.860742278016113
2.033725881045795
1.245314447953916
2.176997631096358
2.246840636139176
0.212569623676352
2.079934055068198
-0.747683512452778
1.103738148868698
0.571197991326716
-1.012083286594164
-1.771552785649024
0.526036952980806
-3.354954138753237
-1.451132497194415
-1.303501359200410
-1.962810539355076
-0.001882551641343
0.843343408653618
1.906379820967580
1.774900912660903
2.036616671991164
1.984837804081369
0.227807887368267
2.019188476518897
-1.344878638667993
-1.689282182945437
-1.480347982388335
1.748297485494028
-0.012787115505148
-1.680810869109319
1.687906115689958
-0.694691866216088
-2.644464360211924
0.789565350536369
1.093467009376286
0.155217411827413
2.269093489576701
2.292917673692989
0.916519787781893
0.797401183797192
1.025058277218601
2.966991312292953
0.749049209333099
2.557533591822329
-0.125446416232044
-1.547092824303248
0.307219221184657
-0.476507540122624
0.445132242046119
-0.461544254565248
-1.523963463336500
-1.128859369863158
0.753947886474743
1.398042257281748
-0.550410632342283
1.314056876208046
0.194959377672912
0.500002908760068
0.521383339124155
-0.476885920834682
-1.507189933576838
0.440483378587730
0.325262090817860
-0.423530399846181
-1.318880141960972
-0.179488716730884
-2.429528066106077
-2.723784516020492
-0.585962716084009
1.170275311378619
-0.443163926875154
-0.946919299495383
-0.203294425502106
0.647389549928105
1.223023055657656
0.439255898787695
0.265353943664614
1.504042665504918
0.154032843758970
1.646150006012517
-0.151226203642079
1.390910333044696
-0.248984802767406
-1.496038317357911
-1.845002542266592
-2.173789746436853
-1.579461276810709
-1.037830756002230
-0.281813998268459
0.916243052068123
-0.043727225310550
0.795424212306968
1.720103538790146
0.640673167529778
0.578467815664133
1.128283940554077
0.880643611980470
0.156640107317962
0.065541465727966
-0.266660397567333
-0.417649746888926
-0.911287194203662
-1.153530583834564
-0.324069544199103
-0.600527327020955
-0.867902070432102
-2.102889306607068
0.619869215682552
-1.121814531270741
1.747081215366025
1.128253269007199
-0.737517742924877
1.013056203278879
0.341093719076497
0.824837459332659
-0.002931492029422
0.748156037363931
-0.542525125982820
-0.534094913788758
0.228743407788176
-1.545062735711470
-0.503824676181111
0.321423251160368
-0.476926352848688
0.191070040167019
-0.369969046459399
0.200812158823884
-1.378545395377716
1.595548828278403
-0.713658441764811
1.940639989178856
0.107496691373646
2.155148044568914
0.685018875146180
0.632456644523384
-0.049175967953780
-0.154550659323694
-0.082187482347203
2.256491269501539
-0.722144918267460
-0.964470764660843
-0.421366577033664
-1.257962605819883
-0.011119329684782
0.468010682391825
-0.199174982807583
-0.007670452238902
-0.302963738115726
0.141892403073270
0.761699093069975
0.801445360266848
-0.946399752970761
0.587331553072017
1.125283471301703
-0.535172500481358
0.014300324516596
-1.747730467661466
-0.200205464754179
-2.320842159914078
1.456239775403725
-0.296490950392663
-1.052143770071779
-0.771718502780698
0.992147174564123
-0.116003766399109
1.314344730601845
-0.171895670319911
-0.730673272553329
0.486391826880924
1.147874819922117
1.737724492156756
0.925169707825910
0.252253243910028
1.695748872106990
1.083819676491564
-0.650121888265389
-0.274787175800800
0.969019651203281
-1.188954121787408
-0.473422020466306
-0.933804573517922
2.667586626017378
-1.560967847116922
-0.017054045525376
2.182497312256040
1.179488427262382
-0.497938293761410
0.347366443397670
1.452546355095028
0.962163840553662
-0.147548339865796
0.721965039388161
1.498157795244601
0.931426160962325
-1.151668201052102
0.715553841714297
-0.124992446726198
0.381423389434262
-2.142444533490100
-2.161919199001880
-1.750171336139170
-0.429356711925533
-0.212240540154306
0.532262296310060
-0.095504651299782
0.293197607181254
0.625251245348660
0.748399926802502
1.388674018925369
0.634487175572540
0.018111495359042
0.800553401009309
0.553624700928584
-0.569867261094437
-0.393662426191622
0.600528906987810
0.414092589465491
1.043385925230926
-1.051886383721839
-0.781320754002373
-0.516400142329359
-1.030956407789487
-0.532289773855713
-0.354713400237943
1.301008036210296
1.523968728097326
-0.213417703412601
1.020406409580385
-0.687049658789527
0.345510927917345
-0.049104815787572
-0.319565885124877
0.678840924129187
0.128546747648405
0.166915243551925
-0.603601350783499
0.952431076997115
-1.081175313033757
-1.060133089176612
-0.408940287921764
-0.094730478788116
0.797196878117823
1.712960133501443
0.434931662955238
0.379335532523615
-0.183375831510175
1.531521761540240
-0.227669280850538
1.511411349552198
-0.875694388625526
-0.816411815500452
0.546134171274800
-1.311896158016395
0.666378766378918
-0.430413393782665
1.474224653317992
0.351189998115002
-0.522991578646533
1.925773885980110
0.061986397144171
-0.117923066116805
1.760082046795067
-2.661729220116231
-0.149951359650830
-0.348645106231901
-0.942739384513209
-2.121420083694409
-1.191303316354565
0.889108170005404
1.286548261021105
-0.491650090368657
1.901914724355265
-0.309512818022365
-0.111767365425435
0.952593518786155
1.000277029757515
0.429903168133044
-0.503809516938253
-1.733646485684687
-1.906000311920124
-1.506294429826640
-1.973831567350402
-1.407018489308097
-1.640839760344753
0.739464303225265
-0.399618313107687
-0.242716677795407
2.638931848431288
1.251733295428563
1.429665647061052
-0.698951516079973
0.792911797882604
-1.448979863254271
-1.310251267490849
-2.420811799918266
-3.249108275985901
-3.185646440730217
-1.162546400625043
-1.117775194203101
-2.125563120169326
0.112656275190207
0.982339935450363
-0.043544352628618
1.489720918168174
3.142238910410056
3.322160408592403
0.441006240687829
3.511521957705995
1.132628086793134
0.015082032821327
0.161951392218510
-1.492983156379688
-1.903761446422980
-3.354243357460033
-1.498600403816060
-1.382917856977794
0.097820684481424
-0.866480433463831
1.921447012336401
1.600768919783719
2.778176125405915
2.226382437163703
2.725310052891047
1.080141056840737
1.111182471249115
1.739682217615259
0.691956284190595
-0.825793958132283
0.670340308387799
-0.506439876834622
-0.757968201717876
0.864233029169771
-0.246173702844465
-0.379913354296917
1.853644692673590
0.602751469359536
1.444240310117740
0.601996073511354
0.117950103478513
1.366569178247669
0.816528088249106
0.391454208982882
0.718455964611033
0.183809484461116
0.965004800574767
-0.517357721508716
0.073887439045620
1.120916122840803
-0.748943420940651
-1.814335061815386
-1.735449216358345
-1.112444545458093
0.898805073255438
1.983626089839319
1.292482159282244
-0.207433318938414
0.585633917283699
0.184052529456589
1.256565013737221
-0.494208308978637
-0.748863162268417
1.029348137605493
-0.112506605098808
-0.664507265495431
-1.329421024700429
0.196561517583715
-1.274469058504018
-0.836180282690304
1.260731680723030
-0.908910390402162
2.121395907137484
1.027749827391139
1.747701032216335
1.544287478157690
-0.004250244928117
0.224086657867890
0.146332076540729
-2.168856269107104
-0.427822576986494
-0.611089980310704
-3.114140104123987
-1.496432618819578
-0.341983591174938
-0.348287260553498
0.865293271425633
-1.300784476147758
-0.583149643682439
0.502291419039123
2.578218551443878
0.881106177293286
0.754485799503003
0.763092269726038
0.765103622687232
0.241432136509083
-1.629966228984735
-1.339832500531910
-0.440676346437070
-1.992611602316458
-2.076750227397326
-2.373934413181693
-0.307412613586445
-0.528437716112278
1.452610077718706
2.617632900207710
2.324245620118055
1.764963274386657
0.940555882335886
2.469392328413363
1.069495745841586
1.432578043653989
-0.034753375257457
-0.828526879412133
-1.312787490995684
-1.297407695230804
-2.494676463621096
-1.274554812329657
-0.641355167648313
0.275714855122333
0.764434343569497
-0.630677533394575
0.985961145620714
0.487992792396568
1.369636055148107
0.492787620891481
0.317507197923395
-0.404384246492600
-0.147513659395992
0.726100278459186
-1.412861688994962
-0.022927152643872
-1.962805226169109
-0.614905499634181
-0.278801317765424
0.007920774675704
0.922605051577961
2.019122735554712
0.608645527685772
1.318359079312202
2.622566818162539
1.851674465623212
2.342023736489796
-1.573064049292265
-0.537822080317855
-0.998008462675001
-0.951795676207365
-1.589459010168043
-0.546086347692005
-0.762117272650695
-0.161014074238381
-2.582900295342289
-1.336295789961499
-1.702875196168587
0.925179027176037
1.762372359150296
1.735083644611763
1.425502468560319
2.940850001981263
0.180578623424229
0.478222106432022
0.546201599062549
-1.585868649412958
-1.880824738252506
-1.579221936169160
-3.214409057492923
-1.945077941025859
-1.004127252156543
0.423342253479273
0.484991093405110
0.741176039705417
0.072433104338789
1.821313535256563
2.512402612317043
0.384693754633517
0.283408545964551
0.175027300590346
1.154678021200727
0.709814345127968
-0.113845684366405
-0.878987056862577
-1.822261550136369
-1.588858773409651
-2.903436048929604
-0.684851256029208
0.567291978803498
-0.460723687016057
0.600914445657868
1.510627627766548
1.592497266999428
1.305108983529217
2.282767924630524
0.912395342829552
1.087799825363115
2.362694448830697
1.305481829642358
-0.303404552256917
-0.826531238953572
-0.528035803775925
-2.018160957512044
-1.679452671455272
-0.845116084986875
-0.771003309214725
0.129139927212916
0.715291622604888
1.417130265845951
1.677919853942157
1.799059539957042
1.638574642841043
1.409847542305604
1.814185787289585
0.678843836463325
0.208443881283078
-0.942944810866901
-0.528732922466666
-1.520705474613667
-2.717600698603755
0.206713704765382
-0.220087058346288
-1.379389158510774
-0.128719138273299
-0.473139129799265
-0.327449314545715
-0.024598670023951
-0.343824844320342
3.518401069361629
2.102004474620376
2.533973450113221
2.594125411975371
0.300180894771952
-1.520930505202887
-0.931970636378387
-1.229250824429858
-1.315311088380513
0.467629627823539
0.116875040120785
1.480888314439604
0.164553080640047
1.304861720434579
0.879298242221439
2.409379967467472
1.145200435630148
3.230382753854354
2.518266873711760
-0.527788460436871
0.796740318688876
1.560496785596871
1.806210674488894
0.703267541929108
0.200027192847756
0.077347008121935
-0.336336147577868
-0.493549980590145
-2.326409082214892
-0.011498904959846
1.204867451965801
-0.525596712129974
0.808718271272055
1.162467837425799
1.196164839295974
1.414386829481460
0.053274759816683
-0.062599478772974
-1.300332146483856
-0.697827655793651
-0.078108176803037
-0.687604409956709
-1.737488869251527
-0.663948061060972
-1.748702195815871
-0.091936714905211
-0.555641091293227
-0.303731889882420
0.266165231415956
0.105847285194805
0.280573666295269
0.667425780182982
0.508276123133405
2.658463826056805
0.191134038889072
0.041084357798540
-1.233386283073639
0.888972380999447
0.290300600522106
-2.054573410007526
-1.589224838545529
-2.125600927090477
-1.383029839224627
0.246462243784299
-0.492576129705135
0.798126620221844
0.055870554906600
-0.287891923860617
0.657251853287455
-0.685943764096550
1.170512176296835
1.432145146470528
-0.134385027932562
-1.055115046652624
0.081459831692108
0.484731752405793
-0.269667614010875
-0.144877948626805
0.406275002484078
-0.608618226764078
0.733198895155630
-1.330868273298502
0.217551799057178
1.705618296070306
1.928866438782147
0.577988811264313
0.824915872943888
0.249926906012772
0.110108318677083
-1.009647465006421
0.147571222161976
0.650544660798951
-1.213013900259012
-2.412428228144323
-0.057639934508920
0.575736195055472
0.474575754338316
1.282986250625751
2.407709037239710
1.646488226483963
1.493421569764182
2.424295661007196
-0.315946636628050
-1.660723725847002
0.351394564929246
0.052157284287868
0.799613989684696
-0.718954418232937
-0.339735042323745
1.033018112653114
0.835184332748872
-0.738369220506692
-0.462649375656229
0.971317720237214
0.304809691552702
2.390728772914812
1.529104815344205
2.305712783951110
-0.658093851196685
0.814016647293212
0.651397867277321
0.397739953764323
1.810990446702456
-1.000189830546386
0.018687658348456
-0.868118075482625
-0.760711129320624
0.107293162803604
0.205883662309041
-1.954271598758999
-1.413878021120596
0.363951469174709
0.487094438714150
0.146624270420685
2.464391383101973
-1.205483974399205
0.806973602840177
0.668019740929165
0.032333584613741
-0.373723544060244
-0.831253282111331
-0.563502723930430
-1.229307827616651
0.367053360459730
0.326982767846603
-0.743291648172571
-0.142005744283448
0.523613673022777
-0.410464564604285
0.175034022833616
2.232200320673397
1.565204067681687
1.748494699334373
1.498662921900364
2.138250383504725
1.373530422279884
0.279170920000774
0.353394985740066
-0.906554648911491
-0.420653527209961
-2.381894275536039
-0.308521198063942
-0.676436334312795
-1.257639336997262
0.746800673531620
-1.435067500575964
-0.246628434932908
1.795348256165564
2.063327029885306
1.865921708524569
2.048540627100323
1.424939208258877
-0.300899715751496
1.292790307041231
-0.993383630349111
-1.361970200652979
-0.978961922453103
-2.613358668220899
-3.453255920391530
-1.105417879339275
-0.522356093728915
-0.059352362470999
0.212927651911704
-0.087728133052749
1.068331206870255
1.335757725379079
0.437428166789616
0.574691666340725
3.160027691671967
-0.910655987896362
0.306592215632309
0.511937697525840
-1.476104480623265
-0.399131085994030
-0.105540376959559
-1.987584428082904
-1.927044091255772
-2.217291473739837
0.024334604531844
1.228576163602658
0.724912251337310
1.243420942800858
0.885886609476110
1.632624139552465
2.051524156636182
1.494340285486091
-0.681604464018092
-0.462736249500891
0.405859566094763
-1.445711339330975
-0.745512080084535
0.373696386274739
0.060274095756291
-0.149995656632314
-0.324270691411627
0.289271524826601
-0.648202631973187
0.801541971930573
1.101228524295081
-0.638449877788013
1.672471007733802
2.421789228306418
1.292715398902904
-0.757549236325518
1.160695427688755
1.071093927355180
1.033699627964559
1.121034128310012
1.864621373858339
0.262019983227761
1.492362685675553
0.101709440169765
2.171919626615823
-0.269926450490620
-0.384779977615198
0.281703615168902
1.324301466251060
1.582161386789260
0.955991539369850
0.541798128647180
2.776696088246857
0.250534017369059
0.902779547755840
-1.266859527132444
0.466559650385021
1.789909496597001
0.091841699128788
1.689788508754290
-0.657975256217619
0.689894449107121
-0.002726059801783
0.875622904224411
-0.379014149443070
-1.466556202836865
-1.289148269275469
-0.998950868835641
-2.863071361208944
-1.361151687537140
-0.888240466902237
-0.763500912115869
-0.399070824270477
1.490305663708551
-0.613328912267912
0.485875160523552
-0.920265771694849
0.806130354177112
2.007935500153712
0.377952517331068
0.496318424881395
-0.066824848044396
-1.151919834871704
-2.713749215137169
-2.029383723510054
-1.178630581940481
-1.340829736097141
-2.271010540214418
0.520946812478532
-2.543527025532629
-2.659734077195290
-1.131524888311537
0.267458395230670
0.353160984935093
1.495824302007500
2.056869632635832
2.740744743129226
3.082717060727365
1.530738036264375
0.652962343765027
1.159176628250067
-0.460549313337682
-1.557254285359139
-2.326330006122498
-1.970218960324014
-2.515074386284387
-1.528090835768469
-1.561623610876640
-0.422667841075306
-1.259269699901467
-0.108520420379023
1.655219679671020
3.065768804609179
1.420118339777779
2.595871721335256
0.717233684246126
2.620019174250973
2.201945134480187
0.341203810995953
0.111613754995602
-1.045664063003931
-2.169232224440402
-1.434293918704070
-2.519873870668597
-0.509097630783652
-1.117252698172292
1.236802852247799
-0.140938105320720
0.824837717391981
1.999888657535091
4.351276913349766
3.531731610523534
3.608342811876074
2.996293617948872
0.545127465993038
-0.473090766086818
0.541981797207784
-1.415784930876470
-1.222204365495604
-1.234330626916610
-2.920013114515833
-0.948696931254237
-1.379416956742446
-0.019863588607190
-0.057234301246956
0.734505559373567
0.761623014114573
3.022476465876125
2.294736405287565
3.214123521509671
1.184388422472461
0.710246593143336
0.174466505501061
-0.308994973500524
1.287031766364737
-1.241626878142045
-3.883174557719097
-2.849433749671463
-2.540032175564937
-2.678532748991854
-2.005750565880218
0.052528796037988
-0.944145643684401
0.050215436448811
1.565349390026417
1.175784468609633
3.103430240921592
1.345967437508463
1.969798332679650
1.370298495628531
1.203864999874784
0.766902213153512
-0.450642234445144
0.563161673104462
-0.428367147901235
-0.292805069010589
-1.059683018413633
-2.171962449843451
-1.118880087688938
-0.937087994464510
0.879739204660778
1.161290035115876
1.198203058802538
2.184564654015695
1.034091529929348
1.420487341364246
1.976174286821534
-0.113854357526923
-0.223965849662868
1.385243090759544
-0.999051389017675
-0.566240809448738
-0.094130433815763
-1.717648515112958
-1.857304328957290
-0.283298689156431
-0.514804632022470
-0.498907489278040
0.079420811983266
3.207086572184124
3.930816133141372
2.105817687903181
3.420183231870022
0.525274278526268
2.643298567742174
-0.630660078888120
-0.412541706696561
-1.583290287517265
-1.197012157049788
-1.913375259100055
-1.319439745020698
-1.971913053540537
-1.029047287363700
-1.550358166794316
2.788204551323600
2.560448302351644
0.722833812836601
1.732790812735531
1.877356440907056
2.650378863306698
2.017261215302963
0.528416793529219
0.598796524750503
0.233222310772447
0.216897485497140
-0.833084018702314
-0.415267839325267
-2.071088061704184
-0.331878325724039
0.220276046588436
-0.160754457480161
0.035333729637091
0.345236134521043
2.069909645775009
0.676548874828231
0.714220041026948
3.038627421534514
0.402306401995291
-0.036464068041414
-0.038836777293373
0.260843401076279
-1.061568731061291
-2.283094951835647
-1.764665057507906
-0.388088799216967
-2.325011950566218
-1.580741837185358
0.858134244625835
1.107287398581551
0.675109983373226
-0.992977314817410
-0.899515258118865
1.976730946483093
-0.139566562264068
1.150236052384691
-0.435179382460290
0.184758143743184
0.167633787034165
-0.583761703775292
-0.270777899180500
-0.139963898512977
2.924036400187068
0.476216816770851
2.409930662777771
2.310953746513591
1.682886379184559
1.534630296502693
0.189411353084333
1.830844087525052
-0.658123445775074
-0.033863625581847
0.216684078167374
0.852309074661226
0.975157763558949
-0.205531029167039
-0.464568663760680
-0.239316514228920
-0.656032265779466
0.768722704629583
0.312030577483664
1.557242905767041
1.470795115150342
0.275931382534543
1.239438538129097
0.024111219091291
-1.174854777689970
-0.804905457554580
-2.144907457736831
-1.087858956273516
-2.220293049182300
-0.870758898578491
-0.850640611837826
-0.170776586112611
-0.937611640344831
-1.421965882911392
1.595807980109015
1.908252061458560
1.481981686026224
0.187052731368686
1.714868171007216
0.147454771760022
1.240457789023826
-1.343798148708855
0.555186417142694
-0.790401477229436
-1.687460256967780
-0.846146003910007
-1.165708626400209
-0.334380046262540
-2.410697563628082
-0.529747334850183
0.454343816019075
2.676269910898815
1.308746835830444
0.483247559093329
1.817326101407664
3.311507137312509
1.671202527623062
2.200399456073112
-0.894849364735873
-0.309170430002626
-2.130943263482304
-1.731733484069729
-2.630455365556663
-1.444485377060338
-3.699504677515431
-2.063764674688069
-1.152195189417866
-1.156967895834941
1.563653414106018
2.671480416374949
0.520281563364137
3.307080708214547
3.264497848556194
2.170683923334279
1.766198610615027
-0.011161177402914
-0.565910986176979
0.097176272964986
-0.651602105645318
-1.796875644467480
-2.365881696894206
-3.288642756125307
-0.787529763576810
-2.847481127574987
-0.819877096205035
-0.524185122204679
1.648202548073717
1.212584689765205
2.558896139535911
3.041035643391183
1.878735428082813
2.426235892174823
0.093856900512635
-1.197062751318666
-0.637167361375715
-3.009758587421535
-0.003770778662680
-3.220630121003672
-1.696977574485862
-1.808215801140028
-0.374226937123319
-2.024675036010236
0.253742939665140
1.488817267246881
-0.764217442400803
1.596957989925945
0.776218730890838
0.921660811537052
0.434067941864954
0.068618605632182
0.477590176682909
-1.558213035998481
0.081660844259592
-1.175068743228646
-0.571315819757759
-2.769342917664161
-1.597740801013896
-1.687674854857618
0.176694214235551
-0.438166071462106
-0.391714414007659
0.458347737476579
0.249907846158643
0.512410513737733
0.964304761945709
0.732839861252745
-0.082124946227233
-1.249001711414543
-0.192337827229830
-0.901357003616629
-1.410003905568693
0.246936568149985
-0.558488264067298
-0.544360712934436
-0.621935421656759
-0.401848783703740
2.456588841617645
-0.807643635805435
0.729618738869878
0.688896462025162
-0.474791008615094
1.542238745120138
2.075607174240896
0.247797229086120
-0.922026600986551
0.360107470181456
0.458842294120486
-0.181123283193327
0.946296530327186
-1.329185869799788
-1.109362615576918
0.482797045890565
0.784550105401395
1.761960111679911
0.127454251247644
1.215709304622905
-0.274153781681376
-0.553573990755537
-0.166241765223757
-0.025981717056595
-0.942066926611968
-0.595001566002947
0.054724782498988
-1.001120689701785
-0.257186213868067
0.764569247890578
1.039998189255741
1.002613853365399
0.119336485261189
0.434317045100127
-0.628172630605205
0.209119896865629
0.984013848158266
-0.423301413989070
0.308474306329780
0.268539722967648
0.084692020791325
0.769882422511258
0.556436040695432
-1.008837141662519
-0.097938694074569
0.557811242015941
-1.637475261571053
-0.444289530406390
-0.556630679102742
-0.731046868235425
-0.991537578715958
-0.293132196364342
0.713609770065392
-1.264977302223353
0.642913533162438
0.764427788787455
-0.277957238239608
0.414351744933917
2.072158992523937
-0.205825420943502
-0.995162769842870
-0.838256424275485
-0.219447729288249
0.820520557986888
-1.282142553994802
0.274000767542632
1.139566678561674
1.870254840500173
2.519037136069201
2.667117003636141
0.158447535298178
-0.519721678915566
1.294808962077434
0.580629371596233
-0.554261994615561
-0.004657815945514
1.823894410258379
-2.532399926154066
-1.327307702115228
-0.459816292180099
-0.628976592934043
0.184997457133745
-0.275173374261969
-0.753671588149935
1.234785452207297
-0.038482342721110
0.904328410219495
0.863972174165529
1.738985009870586
-0.195085664128743
1.132024536438377
-0.345819325705368
-1.615694734959987
-0.643307554103130
-0.420290506214658
-1.371931585338151
-1.029956819855158
0.033262656418601
0.648352486147502
1.111321570804886
1.821571402823836
0.825950431620647
1.185263573705270
-0.146784143459571
-0.177174459080773
0.559839138129365
0.186966356586624
0.255806871001277
1.443495049505525
0.476925988511941
-1.243628926874634
-0.399970741763645
-0.257852653086345
0.460315722072890
-1.140503183567968
0.208728449781802
-1.101849429797741
0.420032892629438
0.255628796501432
0.307944676352594
1.494716124856032
0.614388072360903
0.261799080967070
-0.293566739078269
0.683391928319840
0.088357416242787
0.764022760563714
1.003773278737172
0.548495845458120
-0.850748905453995
-0.667839002528102
0.708826653220945
0.104349759459425
-0.270053617440785
2.830004370864531
1.585327601354558
0.251780763759468
0.233818089155837
2.547026422008007
0.946686772927615
0.010234828084811
-0.393602396551014
1.647664433250060
-1.049329877530066
-0.680830993856892
-0.792184107335922
-1.243847351046873
-1.881015176021533
-1.297657871268427
-0.754228068221994
-0.626509622595571
-0.667256272044354
-0.235942236267584
1.495388220647349
1.132865690587296
0.295603507839358
0.089382495266867
1.760128365052969
0.710601145778979
0.783003828544826
-0.691616235043169
-1.686271806772140
-0.010329811602631
-0.533763399134702
-1.285296920930227
-0.767203033600855
-1.783136863896201
0.332232582492031
1.348096638389963
0.383244902926675
1.513898393167979
-0.047382681383219
1.416565137109780
-0.652946293740051
0.321887095133938
0.677590937486410
-1.027954023545925
0.819441570763278
-1.073492665632283
-1.303037331952007
-1.145354899498295
-1.551161735893853
0.856024468968361
-0.656482875937833
-1.381946134958674
0.407659527540378
1.242230596141346
0.435550670695327
1.326100922529420
0.662266740643970
1.427863172118239
0.727526054754813
0.377575363830813
-0.526522688546888
0.048917593693772
0.739152531880070
0.416779294514984
-1.842279452697535
0.010516189920468
-0.832533806099100
1.621752820055777
0.434655511032778
0.078624454450629
1.995366963746549
-0.482829381441561
0.864389311352458
1.383374464340525
-0.262236318971308
1.147572317279505
0.557997040821673
1.111975971288303
0.463971148837910
-0.002581962403440
0.155891256105445
-1.845081996718921
0.176314081107131
-2.404686874413622
-0.794217658986947
-0.771963737908431
0.047281847542015
0.262244674308475
-0.745634529591259
1.573208648277394
0.660062853457689
3.547947529105640
1.485672101476570
3.014822337875463
1.152628410457974
0.354405411050678
1.002571754554494
0.106598226658545
-1.522340248519697
-0.971473569346950
-0.927148610377835
-1.081082119983935
0.188311451754108
-0.287466275012040
1.125913991064591
1.890686772080639
-0.682095665028601
0.546107014738482
-0.192968685750576
0.366906260529910
0.587049687627970
0.800666798660011
1.540737218639114
-0.994844921792192
-1.432329779759072
-0.575846281699751
0.295174754886049
-0.394060068782369
-1.374789521873693
1.059019898064706
-0.802382532577380
-0.076585968354325
0.691489171803976
0.315485785649070
0.371408686589843
0.344248644359676
-1.139222339549484
-0.541421632342860
-0.329514858183417
-1.890548006368383
-1.530684840499340
0.239297990628958
-1.375463509073440
0.402623127935601
0.830627652236665
1.140145135483599
-0.322508058350581
-0.786563710479931
0.254811950208737
1.046346578380838
-0.205016644834267
-0.084302058609435
-0.373165230876817
-1.423005620333087
-0.702775525999307
-0.555934397634208
0.195242654635771
-2.456514873167419
-1.654065036327936
0.228053174694717
-1.006589990380856
-1.173773234361145
-0.569226692931197
-0.996613935972358
-1.624676527677361
0.661301686244017
0.571522849101070
1.445176211634366
1.124218942563609
-0.107441073839220
-0.170149063547222
0.105247291369111
-0.937839419943292
-1.849990647721432
-2.785655497893381
-1.027835485050566
-0.299361942040878
-0.121031621571120
0.474658877108599
1.082882585355573
-0.224147304869549
0.371060275570132
-0.817007282352719
0.525867107890096
0.851005475911282
0.452525763732756
1.270481367154695
0.571214176104064
-0.389113502332954
0.398196513953340
-0.851536614094632
0.450739006694297
-1.812616845535238
-0.617752135256154
-0.645866749857176
-0.129791857267324
0.082803544986047
-0.682583566889857
-1.501818835241378
-1.984941088982289
1.101261828019273
0.528226068288792
2.238636736677448
1.244890957833082
2.679587533931587
0.990758103224154
0.872939942388105
-0.429457256871436
-1.153737351027814
0.086427470836848
-0.355262091739085
-1.001359252826371
0.927908781480018
-0.150569091124994
-0.959814616306576
-1.318714695295649
1.209590678237960
-0.736875297007899
1.560753410488076
1.271231361146477
3.287204655468042
1.801579334622474
0.172113538821737
0.656289788170779
-0.033167670801862
0.027280940868196
0.826555095569288
-1.884973513759330
-1.716361853902916
-1.868285565361087
-0.700533262876340
-1.950959452204444
-1.365223234463453
-1.247247286685655
-0.392281605096705
-0.335851500638292
0.244358569926656
2.130723186661956
3.743238140546315
2.165307906983314
2.187871024761286
2.845516484900779
2.173878345407611
0.771672954751168
0.063471606622126
0.039456851860362
-1.010668117441557
-1.593599613589359
-2.278747290312717
-2.391509574487209
-1.376976965100069
-1.578169488322379
0.729086583721552
1.738583485281116
2.093260826360852
0.273820659268039
3.412867224723025
3.818315185066179
2.327075902286394
3.034013057442591
2.067401007407622
0.900846954806412
-1.389691738896716
0.397710587120216
-2.358847549057448
-4.247260846233823
-1.816179287738025
-2.918497040868111
-1.988765277901235
-1.357725016747405
-0.693214372129861
1.140177714474142
2.111377387866276
3.296433283066502
4.118489946175664
3.301823035853370
2.612944797990462
3.189905155958585
2.621237476882569
0.424705629120457
-0.870537654093532
-1.600126467170485
-1.863506452901022
-2.930911047676885
-1.968089645086418
-2.102494195868735
-1.148926361752016
-1.242111075100918
-0.477169305880864
2.129415768676466
1.683938815989539
3.408649430563449
4.048605168616686
3.445252485333987
0.339848494521044
4.059408845584862
0.431656796181788
0.538442422967117
-0.307211021237207
-3.135010592026795
-3.090939860692126
-1.737320332714560
-2.654791518473366
-2.157372379851917
-2.986890105478146
-1.366926856321245
0.631707427589711
0.940376731690748
1.155435978693369
2.629037550234368
1.336706295342566
2.474123066163521
2.580248085166290
1.694849750947798
-1.227273616204191
-0.007421010786370
-2.230130333304237
-2.458444257044900
-1.841156723607922
-1.250331127159077
-1.015442824392425
-2.803551800498111
0.268465126656722
0.132700384407210
-0.582592732226879
0.270985552154561
0.634362421333497
1.703520655300680
2.683531366792477
0.838648361928808
0.773757007111937
-0.048265627092891
0.828371757855627
-0.782788986333842
-1.205911691871758
-1.952091110149555
-2.624095453041110
-3.015942262065183
-1.303357138609796
-1.490042404765810
-0.880079328447574
0.017996618714301
1.279019725690006
1.750370004683926
1.680605739924301
3.128035779995075
1.028094392960001
0.827985538271973
1.035494495061295
1.292692262873242
-0.929925315966910
-1.447764346843532
1.175485849247196
-0.116677109358804
-1.458255996256831
-0.834439320884462
0.067158905404540
0.136783572832020
0.981654758166400
1.129798691075800
1.309612441984025
-0.830897911675608
-0.304601935807060
0.255461258255688
-0.604266219326904
-1.867792484661708
-1.657550781667185
0.033896585622192
-0.433796333729946
-1.140004150737201
-0.571564949770336
-0.480077372062865
0.040945654489413
-0.981985252798198
-1.188986953557809
0.170073767594160
1.816098592009780
-0.919171125148389
-0.189813389492540
0.506282710861254
-0.408073446444173
0.666449348103734
0.204217638618333
0.567745514387418
-1.290151988252816
-0.279712465518680
-1.246280170043403
0.712870766778646
0.794146304113068
-1.157207362112085
-0.195821078549103
-1.605964176243777
-0.261826336224258
-0.318185781222628
-0.131525285693058
0.823940218322375
1.646433375468318
0.993711825321795
-1.094054290064486
0.238472786685334
0.284029662257371
0.172243938071754
-1.918148752907061
-1.148020446248960
0.495684162115762
-0.984795891188529
-0.785530298261271
0.052254275730213
-0.904919911431476
0.432300542975199
2.583646487354017
2.304069916324644
1.214527414467251
1.865499440949737
1.810453992930503
-1.073846078215934
1.544992455671172
1.116507912684061
-1.019100778954138
-0.029461180393161
-1.143771979850357
0.966782229802562
0.023297725120961
-0.770501832053185
-0.924647983288434
2.156619494521616
0.657618964859769
0.827929759022203
3.141223138763226
2.110418026663385
1.003795161395326
0.445679125462595
0.804020805171301
-0.115420229748945
-0.613418689681174
-0.496350928065258
-1.129264822554106
-1.967298378421419
-3.319833317457754
-2.764582966408244
-1.798026893370633
-1.170442184880367
0.938053766145040
1.107392574681203
1.487668525078857
1.937787749309289
2.609786569630321
2.370922519927931
1.480679368041046
1.767330965482142
1.014010491247020
0.602160257112871
0.791477339745941
0.259950505890855
-0.607154339515207
-2.259325228484045
-2.015474660904204
-1.121462726624608
-1.290927636289724
-0.337552827998467
-1.951141707985989
0.762630486393730
2.649138539480778
1.171266472653781
3.324660136862096
0.713478453188360
0.152597500950502
2.025058394188435
-0.137530837218294
-0.555831449904143
-1.733679147750228
0.023697734759809
-3.007016805914284
-2.460490379621541
-1.542274254797430
-2.324844643469809
0.409755485916979
-1.597554714417608
1.461315447635511
2.379474726792972
2.943112846888166
2.791175321004886
2.000349393215545
2.209085491365470
1.650442090904341
1.368178365884186
0.597161911183891
-0.387050684085559
-0.706911750928369
-1.668078516742809
-1.392002083344993
-1.210860960665310
-2.261231642759095
-1.117086053334360
0.806343818071081
-0.233765088986534
0.053192488297003
0.408789227995684
1.022805733468376
1.897182436934562
1.711831734594999
1.547632518154121
0.498461234134662
1.207354501353816
-0.172259216151118
-0.455164471674119
-0.551214023039021
-0.786354735472032
1.003188437005638
0.087532771508466
1.578332711254710
-0.838032310891619
-1.313907426352066
-0.195393708014616
-0.428479055232965
-0.116593958871240
0.613730468414901
-0.093645474234209
2.037504423684779
1.369795721089517
0.923782914813105
2.216499148717645
1.829472362802675
0.562758500029144
1.597132554871087
-0.112678933351090
-2.590765513980668
-1.324851482679429
-1.916452210025501
-0.612599044880573
-2.073672097986075
-1.707596459095645
-0.226666664464493
-0.250607602922168
1.422334329006305
1.996580680228879
2.846988941282839
3.145185768065736
1.784412338944841
0.446765120620606
1.090823797015422
0.295150111158450
-0.389643432427877
-2.083178529263061
-0.310055718558631
-1.974743234610458
-0.899747914207923
-1.504543659887590
-0.306447759670160
1.214111633725267
1.826096160764782
1.626693977276822
3.529797564131209
2.491864565645650
3.861363418428153
2.481388111389494
2.207444322376934
-0.040442881476920
-0.406542832532817
-0.836048322740446
-2.366187122139992
-2.618642109112949
-0.325767302619193
0.158398144076736
-1.431659330056578
-0.027497197553964
-0.635849976321439
0.375578995529417
0.327865124935829
2.506380628107473
1.876807950693511
0.870806401981163
0.928113065535277
0.863912027868603
-0.009104119056777
1.152176684035606
0.174883331335955
0.343513188678295
-0.397609604093270
-1.603987506994464
-0.985641588827461
-0.235667633544709
-0.731088828888106
-0.909600646349268
-1.373549914773649
0.563703217922816
0.534790190266257
0.695985474733113
0.634439432391926
-0.294616957327493
0.358556019796763
0.893706383343504
-1.427228814418590
-0.073608998819473
-0.402131808594110
-0.896285193218768
-0.558065593375214
0.112082327268497
1.764153640052605
0.760049201984866
-1.027300722877943
-1.389644374020686
-0.288972906960945
-0.703345816827639
-1.849658326814708
-1.833985624782587
0.233835265719723
-0.862201367905783
0.156107965826274
0.745898641849177
0.226898187113638
1.321083920379885
0.809124928296553
0.852874763241546
-0.030451090635983
2.024556722281878
1.987663070492247
0.485590354709573
-0.827520621583079
-0.148724279592429
-0.598180714039003
-0.857356516983829
-1.206100691934231
0.345491042776193
0.311888660502851
-0.772435312134256
0.852498287777943
0.003012157134254
1.105936611834846
2.366882354705401
1.234603895935623
1.178677817566316
0.166780285460804
1.020116898481301
1.691646105515094
0.950433481854277
1.683086868087055
0.149878330990287
0.740746245579501
0.140296141397926
0.069274211869378
-0.700260552410824
-1.673128021360076
-0.367464201092220
-0.698752880061712
-1.005307387305645
-1.800148445028782
-1.554801849214360
-1.272228576261006
-0.416942816282210
0.828441885112083
1.988099331540448
0.262275618064403
3.414682509112891
2.785386195165434
1.117105391181522
-0.181527814261149
-0.816449160049191
-1.900637417653644
-1.601756081955915
-2.696953993394484
-2.239142410414821
-2.011099754245312
-2.251323577077752
-1.618520891741265
0.020793999840087
0.681030258131680
1.609185009142846
0.749624640769899
2.901266061581838
0.448248200510065
1.564398530286059
0.200896693500582
1.377633710415394
-0.293125548771578
-1.591172419242421
-1.771273753506843
-2.032341626377398
-0.784164971437401
-0.996199044571863
-2.431545986891277
-1.311081574891420
-0.039564990270571
1.051938673579340
1.729063324442639
2.002705741926683
1.276464841367427
1.567006157749818
1.024193455534482
1.180282067366354
2.074319708502830
1.227564850627857
0.264923079222465
-1.781765693822917
0.178122620406335
-2.984332746342304
-0.795838850616337
-1.639447577595310
-2.181682070755249
-0.617854153425698
-0.543672906933811
2.000012365499892
1.741937364406700
0.617298433226837
3.604659418895671
2.576014041021996
1.437058804954930
1.821069801309001
1.935291162471746
0.246795934805124
0.543002991880393
-1.623999851718197
-1.777709470088073
-1.192274959833058
-1.938759066993691
-1.361152354152543
-0.780250148552523
0.996087660414765
0.117572209033686
-0.379413918168555
0.753300923901902
2.216714990671123
2.256024277577578
2.136165063133080
2.287492297505026
1.041496784053490
-0.696189043773704
0.189210889576290
-0.720810941750514
-2.132375162628365
-1.634058441438512
-0.587328850876851
-0.809152143502516
-0.539929416707441
-0.915346534686863
-0.115334767852477
-0.576160640032649
1.799997485311067
2.406929766820033
1.645675738148821
1.643110819725283
1.905330805058806
2.177715887572255
0.765833647729535
-2.169226042957419
0.248980739939950
-0.916293227523002
-0.362177834027970
0.111038016775735
-0.719047939267124
-1.804585077145112
1.016293609941672
-0.540054609065646
-1.369480461741525
1.717355616536225
1.450502635188963
1.245014128832802
1.305113811361650
-0.418960955695633
-1.259179188504637
-0.565705729425155
-0.803857452711918
-0.193827348789035
-0.112791925249091
-1.345799393499196
-0.346409928608931
-1.924055729860773
-0.986386295294941
1.193082177532320
0.570662078261536
-0.317598884371653
0.479784005260700
-0.897371998351432
-0.514119715991929
-1.313817866296492
0.942072030527290
0.909540185371143
-0.131630221860682
-0.542174887662716
0.950745994406017
-0.008502288420324
0.304207863653977
-0.393490892823958
-0.390908578685081
-0.288985251984556
0.699288895994205
-0.295009411544548
1.196040258306971
-0.111392592275554
-0.192223280460514
0.855733658466027
1.719591839686332
1.516613787689541
-1.054651279808062
-1.161549211254716
0.624736714815825
-1.208470059985612
-2.576337731508353
-1.994817979462270
-0.922461617024873
-2.605543066418389
-0.561023654895536
-0.061338902855487
0.410068291340717
1.523800686328878
2.243640168638195
2.100677744839781
2.738545028482802
1.248351308547495
0.666677751252815
-0.525152880287083
-0.524887228388799
-1.360572773868818
-1.170172368943253
-2.061063895078778
-2.126208644044398
-1.164654046350836
0.682455331500153
3.011524773007263
2.005552189526485
2.980453836891336
4.356089537541742
2.794102072193730
3.754487515838065
0.729089394674899
1.361526454886108
0.806505867227794
-1.110745078399381
-2.173944076783563
-3.249189851586911
-2.999123781252816
-1.089045913327754
0.293028999398767
-1.264212661359190
-0.603545215944838
1.741736025443044
2.927437122815492
2.126827945871792
-0.209208218885906
1.155251428621807
0.788190297642268
1.059516126600989
-0.739190189574033
0.758925354098957
-1.722594463189785
-1.543658673561999
-2.126797223331080
-2.098366055662310
-3.305434635110844
-0.508807112883030
-0.780680343662945
-0.582631632073084
0.146707413839284
2.759720772467466
1.600469596512071
2.410456559442862
1.075645192216619
0.965794887330168
1.083511134430217
-0.172222142114762
0.104544326660971
-0.169825776009924
-1.001672797298521
-1.791699998261522
0.089272931853295
-1.329665935104071
-1.220664901821911
-1.046265894430459
-1.680909190024594
1.161214062987427
-0.389273404576118
2.547853003772649
2.742454428875806
2.721861296330344
2.363052876222218
2.300677217066575
0.878340835059374
0.103422350074409
0.190899834986287
-1.608675864100629
-1.978990946215596
-2.716340883918867
-2.156590619320977
-1.978296853149761
-1.990485568675122
1.096318958601636
0.555386490033666
1.131832855604039
1.737448887093720
4.043210353809200
2.920669306845000
2.439586482191122
0.147155566316699
2.024180862968786
0.708896290451347
-0.600536058811539
-0.476172476587320
-2.938386519054048
-1.476443518940523
-3.587031355048510
-3.090606598798981
-0.719018701450179
-1.004192412618262
-1.181996300307795
0.800814788560597
1.185350864320864
2.169086796531589
4.012103553628291
3.386673360443243
2.592380629603004
1.588981466726150
1.233066412197954
1.646128540712689
0.119800620839964
-0.615083438802768
-2.070341600283317
-2.294161033022517
-3.379359413262826
-2.996774812057508
-0.344024583158699
-1.312346754113187
-1.944281498141461
0.690580941962824
1.021538272801815
1.446873124266120
2.899442180570118
1.960167592524557
2.250441436676453
1.153518140925642
1.342940458116250
0.532021436698620
-0.110622107428316
0.100692125759023
-2.274801274696872
-2.837237791298552
-0.340725760569118
-1.573388736752437
-2.348272633317777
-2.087464447655009
-0.338010538706231
-0.231395115120420
2.368308549413929
1.331527836708873
1.118768515390043
1.024620974420574
3.393166465738603
2.414606423479481
0.890760351519856
-0.323507322006505
-0.793182918092849
-1.039624607794341
-0.846349665723515
-1.474874040744451
-2.093197191276739
-0.832503484922142
-1.266375477374698
-1.064620628489762
0.991375133565195
0.691006714623679
1.770434612329225
2.011328991081734
-0.820973427576183
1.044840118947207
-0.735081711980179
1.598773171098942
0.722357513991218
0.138161852158607
-0.235248793093847
-0.501386135379279
-1.284651035244423
-0.615333471145431
-0.220277035869460
-0.179314608662818
-0.465011157239892
-0.758143284278133
-1.319155935506539
0.244470578263538
2.014483904601527
-1.421420490289715
-0.844965133223389
1.723079509841613
1.602300844040004
-0.474672549013801
-0.206875091525498
0.713252065178811
-0.706062948489853
0.208918557173731
0.352102418413614
0.541309501562809
1.768387617203176
0.201775658822384
0.855726843108935
-0.324639699652119
-0.243621847610399
-0.920630114826879
-1.270741324085050
-2.340848393690517
-1.813447539546851
-1.423704107067069
-1.108054079602964
2.179634643764423
-0.233776080404166
-0.602216708960903
1.359772609006846
0.262974239562013
2.553549185438506
1.650803363460037
0.192593900870100
1.919339410653886
-0.131536767047166
-0.884177867174665
0.174043060114935
-0.378311420985632
-0.485534870004650
-2.098587992684865
-1.295274256981579
-0.766680084321028
1.178381359399247
-0.435048830907595
-0.622069917353054
2.667716334995813
0.614802092332352
0.065532559096420
0.395863998441838
2.264123284682256
1.040844714853989
0.142858982975473
0.227420718517574
0.383459399696536
-1.045714973017040
-1.320096718223031
-1.668121591555581
-1.200590714339831
-1.819009498942120
-0.302459537826452
-0.048217545997263
0.652161589353336
-0.043983601899863
-0.249105732162344
1.100244614616144
0.623467924304573
0.875691049312328
1.200281946226947
3.267957745478228
1.136045599702303
1.699959919206513
0.032335376586205
-1.605630783247115
-0.259666329896548
-0.966016489744907
-0.321644457074959
-1.378741835756359
-2.614459676382348
-1.598498274682113
-0.289657283337583
0.386066993784998
1.489499171354754
1.653779843896410
0.228380823961805
1.965921212422058
1.296542380462539
1.497238052389728
1.573788160315648
-0.096959594906378
-2.249620400560177
-2.591021620723641
-1.426446356849460
-1.423002412565826
-2.203326900899153
0.570654735719605
-1.555559904038397
-2.109336085104026
0.164812765662444
-1.420485416415529
0.669667254011001
0.833329634465069
2.360946852457712
0.415863259256630
1.618026289222635
0.296520102107175
1.605864437852057
-0.018901423346851
0.386329314563058
-0.960292848241524
1.463708319016723
0.121827259306843
-1.381060188565886
-1.390314184105673
-1.330636379157035
-0.974331891016978
0.813208750960196
-0.750731658211532
-0.264776944939341
-0.400875868564407
1.025534406379198
2.966540380425254
0.082828270375754
0.406831002606916
1.981347747084598
1.210565306455937
0.108338909677750
-0.116457750907723
-2.017714561043152
-0.204058603485590
-0.588270160077132
-0.195126558669402
-0.308704432998358
-0.672246079613440
0.000879809134426
-0.356749712572796
0.502387626462778
1.417282045033974
2.119207181435019
2.395694858883316
0.565680308548622
1.559831283357325
0.715267714878457
0.646097766702620
1.902235048385948
1.656396153458991
-0.809448532642924
-0.474922194278096
-0.457973838673144
-1.117552021983123
0.226633885232463
0.208395578588398
-0.174248419956620
0.441705098431893
2.419879673698434
1.154590760944649
1.877635068389551
1.642584950062780
1.677724584504475
-0.070570185546740
0.927643879897555
0.649269929848258
1.401856653369362
0.006161436033883
0.589335589459453
-2.043242283608989
0.363647445444246
0.367765813162483
1.027452867452263
-0.514683868790900
-0.556502927391041
-0.204345973437240
-0.224200339519320
1.658007448345765
-1.190746748417150
2.418438281893846
2.816124088515136
2.253860257103429
0.330599980248334
0.132521521298472
-2.088577665282422
0.495051082175171
0.035889949076355
-0.461486724925221
-1.331544637004341
-0.997993333015434
-1.897834709249386
-0.959720400080929
0.820962825065347
1.218666139535010
0.476124158617995
0.329771758589917
-0.425023831580199
0.940456170792235
2.056833913739778
-0.599857170234172
0.135060047734558
0.405842184230652
-0.045704309130672
-2.138411195415082
-1.501107170471072
-0.244523095881012
-0.025366984851021
1.283837837147344
3.184435919852997
1.320476139577318
0.951295723436130
1.888648612192863
0.480252240935235
1.783991673347971
0.141487531189976
2.010209713561879
1.125541420114627
1.248462761559940
-0.686862348616850
-0.829855577775761
-1.432973639141531
-0.304553054464570
0.056163658212894
0.008571849101525
1.194252532098875
-0.823587918603357
1.313113956424187
0.219458792050046
0.488920477094563
1.449644217334592
-0.172758782993772
1.016882373735148
-0.673943310732444
2.247788245755813
0.027416801069479
-0.661217030293912
0.066669676687121
0.441774317127975
-0.420795961684403
1.095565923830220
0.875554343189250
1.265427866756606
-1.715135379699602
-0.353640793152987
0.734623070481250
-0.258198295985825
1.141976124060999
-0.080839679087207
-0.444224995941174
0.033575498680210
0.651228329868183
1.462653343541467
-0.329915283199922
2.040692089003871
-0.823744217883062
0.944426270857619
-3.383491405712697
-0.534175591767754
-1.386950130568165
-1.562490902802776
-0.321029603650599
0.281083958969934
0.155744869784693
-0.267418664590510
0.287726141392288
1.019919848820300
1.515684463763535
-0.181835007837904
-0.530179125055671
-0.140934025557326
0.904650293266427
-0.588302091130363
0.973648050827084
-1.647837196757667
-2.000905329563699
-2.391204619236130
-0.779311492008241
0.397237653476987
-1.244669817610016
1.329668851734880
0.772715118559398
0.740901951385369
-0.295709506285129
-0.603785605308784
-0.077472654354533
0.140969457443716
-1.175181077442663
0.719298358067953
0.318735011285541
0.675698998331377
0.079157680014693
1.332234226605181
0.610765602900303
0.891171814389625
-1.458802445528767
0.941490753714850
0.347427679975244
0.990152777241842
1.467041200556025
-0.243127463170355
1.615915240035370
0.071786921160054
0.259970325903434
1.365509233259459
-0.807119029832399
1.804827822300839
0.667769159668981
2.690012497128791
0.812632783294228
2.143217776646038
1.663945150542450
0.735295119383973
0.230143653063020
0.105843021808679
1.344070089575920
2.025660138098549
-0.743185187423590
0.003578658935735
-1.942156293890693
-0.739910979258558
0.728268539462232
1.161801325568527
-0.238756792124086
-1.269229205223811
-0.892756980903735
1.496235366129359
-0.426645453199358
-1.503297182054762
-0.443226817803247
-1.135786237619273
0.423419112536245
-0.819375743080651
-0.388735186716859
1.352082016495751
1.692772261638984
-0.430436915546637
-0.801786670080956
0.859344260648185
-0.343931154973634
-0.875827197169460
-0.125266920045800
0.069234712393192
0.602266932878431
-0.491914990201873
0.662926724133756
-0.401348038779750
-0.291087593442698
-0.158558527686636
-1.135704841015816
-0.058729533070147
1.037957206956839
-0.075626672327482
0.135632860409124
0.726237158363054
2.605418175879037
-1.231969124172198
-0.715893368130869
-0.865107466388077
-2.044276062685955
-0.437663334324524
-1.006415459555304
-0.884855043291166
-1.357464462967144
-0.931344475376796
-0.340106530704840
-1.898999420871314
0.264369907070967
0.853510673472137
1.679430524801173
0.263506148487131
0.455161689909936
-0.462352759426012
1.686956107911220
1.968602401206862
-0.284200953081904
-0.092136488199357
-0.928049607090073
0.431150811722072
-0.058765105154366
-0.140703989885714
0.027050675679916
-0.760254609714840
-0.308735363234230
0.617798466191412
0.355232983507228
-0.099909619515361
1.049306788812488
1.555747051965703
1.388270327693985
2.248101396642800
-0.556882454033561
1.269890273538784
0.653646658731931
-0.211522479784138
-1.987072620391888
0.252796334234311
-0.240205895112684
-1.240347814620009
-0.742149165170594
-1.923103301062136
0.352322983263534
0.794928562792576
-0.656913257204618
0.438424984821384
0.924922746319353
0.178006420296982
2.341939549479187
-0.037438949835445
1.864938929868238
-0.805628397438582
-0.355540698021186
-0.219515388360186
-1.251859361852147
-1.476487052910785
-0.120275676484693
-0.330275252278021
-0.029348193081938
-0.280335248089456
0.424895436427758
2.743746644477851
2.317701184101006
2.011580565769450
-0.061848616557358
1.901685035555926
1.179781321267693
-0.992618519000651
1.183683294906230
-0.777983838399153
1.301075709870398
-1.633778839001641
-2.610403310648977
-1.101465075877986
-0.012558288275725
-2.008315349737956
-0.492958918928276
0.796197404594820
0.826164286165717
1.513822072560861
0.805722802880538
1.739569151842249
1.811636635073391
1.230513307791897
1.143700352752699
0.887000279071533
-2.518534291063370
-1.807885274682189
-1.387017645759832
0.629737144639335
-0.253876638724022
-1.275488758206529
-0.885230593283617
0.979272770988698
-0.327239074681072
-0.027466742739925
-0.565265230880739
1.285319639192488
1.512027526465668
0.881316953694017
0.464157266116410
-0.510208671694870
-0.774215291900413
1.421523283090520
-0.990417789308978
-1.277289572162491
-0.917384808806794
-1.165245151714830
-1.428102931596993
-1.287466791337844
-0.562850754419992
0.106636138398265
1.648763184730257
-0.330008641956344
2.215590459042315
1.454027850542239
2.102923155725260
0.882105782588115
0.579368708486668
0.071839217652530
0.234867548242700
0.249938692027975
1.441569713080807
-1.147548015295820
1.320682565873191
-1.581379576420443
-0.631241304394008
-0.096464043536711
0.656500996439540
0.480181118682952
0.902299949782095
0.830775301594297
-1.061614186464665
0.296161779473245
0.828702111371556
0.291616585712259
0.538366135296855
-0.788050396421106
-0.695594940273020
0.723878227288543
0.006696092306827
-1.271710384059150
0.184113668448987
0.731954422732608
0.855981923142998
1.386018531373411
0.860807193527479
1.620623478225275
-0.290751198059738
1.491943582538631
1.729941852016776
3.049868380175934
0.058774598842597
0.726574721963540
0.653338694676868
1.536165481486022
-0.677288908570937
-1.801489558839195
-0.734067958500255
-0.500742686376486
-0.676888514817175
-0.324036608147804
0.184332636070446
-0.687433369015711
-0.829367868514553
0.105790436202484
1.989261222995081
0.521462677167884
0.477418995263790
0.789453108647571
0.748386443344550
-0.931566738810688
-0.232304780002787
-2.425121529164121
-0.801558019380457
-1.419743896487130
-0.485395065551619
-2.104568890387286
-2.117764385748306
-0.257909184694247
-0.646031265810132
1.114230014032933
0.279350157904969
1.855987539790905
0.286536440397682
1.428801425905148
2.585048099857937
0.433372207046326
0.135044874847526
0.593290890255712
0.002579941614560
-1.690274140609761
-2.657313761866505
-2.154630371329722
-0.858942033909661
-0.437183723608348
-0.107371268069114
1.128423752129160
2.110613641159262
0.144115697347301
1.382441275709175
1.575099363984911
0.634529222630240
0.551989022981702
0.438064545887569
0.172933016363998
-0.902735267424934
0.264569554338417
-0.669116028046968
-0.412908938910802
-1.332579477939371
0.055637272779969
2.573229448428585
1.027533810568543
2.100721607320254
1.343271827592113
0.714504130039989
0.847282731084973
0.054361812296395
-1.690596775286373
-0.510532620418180
-0.181418109574149
-0.295523006939205
0.147550965076742
1.455378291657922
1.369646063701017
3.759170296914356
-0.719338284855509
2.079296381669566
1.597933890218368
0.504965684907451
1.134667459855462
0.543109375031159
0.472611090263843
-1.625068063622387
-1.316982153805656
0.673870491757817
-1.603526919072795
-1.543365450775756
-0.568658834665437
-0.020717126185598
-0.459958187949100
-0.870993276172676
-0.906452991431971
1.279079668769751
1.032156852449457
0.637255748274567
0.636035714916409
1.157840074274728
1.183375198935926
-0.135301076074430
-0.419749008638273
0.725169332915230
-0.109305360851981
-1.733667766454539
-0.019825142349435
-1.000889929796414
-0.833633498958240
0.532112720341678
1.399418268220996
-0.664151666991270
0.609603787256991
1.075694477015393
0.906709223762908
0.280569107715996
-0.336370077587632
1.522646115365489
0.654298493634205
0.645908109292166
0.458436589292633
0.742427459504912
0.662618874493075
-1.730174313584351
-1.624482626720345
-1.552748048378053
-2.373890282391892
-1.132536255322960
0.356938648269815
-1.704489286739310
-1.600445779290186
0.171749995286226
1.990499891365761
2.246686679276556
2.750158355441893
2.997998203530391
1.338527677640307
0.975810403187785
-0.614122270571552
0.438187959978910
1.136337062793956
-0.584711492341415
-0.221100179984232
-1.760477180567118
-0.603439647803597
-1.597367248994550
0.594749889015006
-0.531009546608267
1.054401685889217
-0.344223775461329
0.862952979347836
1.079410521057866
1.363578116170317
