2.048595419461009
2.862689417750631
2.343982045164436
0.903001520638258
0.459285631215578
0.765690090809944
-0.149426715335454
-2.369648210499616
-2.437318072508158
-0.777677143496714
-0.309986485887189
-2.030651581998902
0.880198071189578
0.517863521394451
-0.377226821928579
0.687346529400307
0.938170245068758
-1.022641950880178
-0.651387726425582
0.363511847292426
-1.317245238486222
0.712362005103881
-0.331666878587447
1.097776881222851
-0.984046762766919
1.173990667596988
0.803665520431791
1.080336703988758
0.314530568711244
0.334823244634581
0.304441085850623
0.198642577611287
-0.456741768044977
-2.289388205189289
-0.966670671358286
0.038400240964545
-0.212701057962213
-0.259629112005838
0.145720662611201
1.415749234072120
0.558545340951509
2.197579216127415
1.345009026904911
-0.759269766833274
-0.142868423450533
-0.577726758855401
-1.544875395131164
-1.260337484302631
-2.024764708307276
0.209482983750902
-0.860608454314380
-0.399703459110691
-1.044464071550502
1.462286098788183
1.563644443843025
2.011308464780014
1.429616210254897
1.825534488305275
0.748293353959453
0.453429866055868
0.123589477563795
-1.020934671649689
-0.955153456730374
-0.352172847194969
0.358254368811704
-0.263107921816083
-1.813336061780182
0.740917268069861
-0.013648573180930
2.095657295864128
1.161007630220437
1.765641177318496
-0.481277174537034
-0.809543155805116
-0.445136312628655
-0.362243633757921
-1.414371406586898
-3.160221953536960
-1.733511756981107
-3.724795941046185
-2.178243899732866
-0.879786058833993
-0.102147436316678
-1.294915898621486
1.383371141205212
1.793661900107203
1.054051045189984
0.554927430989057
0.945842406190705
-0.381371982402518
-1.464892225962000
-4.570214970686133
-2.575990195973086
-1.909684441336419
-1.113611401607353
-2.306271800892191
0.684011213393317
0.732095139542209
0.929495868792143
2.945401487601657
1.889492083866066
0.598771032424401
1.148822752821524
0.885553324465235
-0.219737572176443
-0.693447385718498
-2.506578098826342
-3.527103945358886
-3.601138124738842
-2.467163612490086
-2.399534225284740
-0.064832521503788
-0.070020129694682
1.903569090285307
1.260056513586475
1.368409146388946
0.495466504125570
0.859905547293021
1.099084696849284
-0.035799886765202
-2.125513896991564
-2.594497147789905
-1.179442434911813
-2.859901260821532
-2.248887147845292
-1.254388704954310
-1.229601408249232
-0.011676629020128
2.387698253153603
1.506183551448592
3.173583105410857
0.782233539671690
-0.569142985762789
-0.124903478915008
0.885690327809902
-2.325240573108575
-1.673233874722798
-1.522431877603075
-1.180838734080937
-1.819315345814978
0.175154638245459
0.796609042177537
0.638982448674949
1.124543033104330
1.142545895443402
3.210150219745613
2.978784180478413
1.133193075879355
-0.044535247999125
-1.801383588558198
-1.072789345001657
0.002293029416451
-1.305581152239823
-0.980656256167875
-1.359399219137020
-1.432189706536440
-0.843622844552426
0.458419665195759
1.388399899860925
0.918571540943867
2.380011262261823
2.486037744830655
1.144073086459098
1.051887910994139
-1.525876038252775
2.011366320016773
-1.048425656965952
-1.638430595158007
-0.953568934019842
-0.147458931847400
-1.343792988573834
-1.946723378800156
0.387990065517387
0.470500018984222
1.248298496596495
1.457639317464309
1.244871516642445
0.913946635401906
0.254713044075356
-0.587932567376173
-0.968269789257295
-0.531269422046395
-2.519239026543024
-0.588245806280906
-0.925015273437138
-0.963820992090951
-0.608787291233359
-0.491997141218943
0.770730718712918
0.757305226708018
0.964235981622350
0.393997247357631
-0.547568896860340
-0.440091627057297
-0.814713114381527
-0.431265864099812
-0.358644681976222
1.692049210682508
-1.053798339615888
1.522518810858449
0.704672471562365
1.097396982986493
0.487227934438735
0.886456481771542
0.261707289797669
1.549116464131813
1.070451860038922
-1.708449676860527
0.197085187827477
-0.591535443612434
-0.909339876649328
0.589169104315426
0.803187509361800
0.009348215652445
0.395423744665069
1.971689540421569
0.566357463563357
2.388464322794931
-0.901622957890388
-1.167688009196719
1.078594581743955
-0.685778302776346
-0.406649725130937
0.793894351587876
-1.096295031492647
-0.297201273260984
0.177166763786227
-0.589972801013931
0.344338846450377
-0.229146422012923
0.547361762537424
2.261492996195848
2.409760736452463
0.504686828638817
0.440210619293598
-0.329334390087633
-0.127568989662647
-0.268995000807736
-1.500217177059147
-1.661957079225935
-1.356807230374954
-0.970455997639237
-0.129022724087686
0.703921680064372
1.576305006865448
0.886756387146384
2.336167797218224
2.793863046661150
2.037993168943461
1.457979033863901
0.909674364204588
-1.563641310698642
-1.577800805900677
-0.812026730909166
-1.339498662831385
-2.956822854300180
-1.732261032788677
-0.922704003863735
-0.247211912007178
1.559636352307664
2.950701060453954
1.599089134341599
2.471689689384267
5.218900234446793
1.619099267475474
1.621259808394648
2.064317675440917
0.706678929298888
1.976576350634517
0.713340423743922
-0.359848451096113
-0.787344656153711
-0.532530243009171
-0.049256349124133
-0.591980994066946
0.709552363787331
-1.433739069876511
1.941294481880366
1.325519398424432
1.099388157352714
0.990595522050473
0.741342939425438
1.624611360817913
0.982405817882366
0.547626470643773
-1.149260563021673
0.216931752515856
-4.371560294078840
-1.330872318566915
-0.235877833354338
0.286359125004074
-0.841859492999029
-0.436119828356451
-1.125887341630924
2.008275999045320
1.385870812839198
1.678070580410460
2.447203577455997
0.182537613644635
1.808098114183742
1.063704944581711
-0.465608517911951
0.244515888469451
1.271510638638918
0.162441007658825
-0.637041072777486
-0.649697480238919
-1.104719735733820
-1.894360504344772
-0.677991281299547
-0.137158095026272
-0.915825214557036
2.190825202586887
0.023104580703364
-0.143759622287557
0.173908363924653
-1.596697787964316
0.371049416225741
-0.830149483976694
0.077829985132902
-0.575522547445686
-1.054792459892748
-0.546756964240111
-1.748932802276917
-1.340586165479210
-1.716537013201098
-0.590525042091419
0.483524749322849
-0.409049180735653
0.631463177459257
-0.599090558930501
-0.519396544796102
0.785239900835544
-1.138203112959307
-1.717998352542069
2.282672659768505
1.898466682677776
1.831930591107635
1.028017123191796
-0.360550976913704
-0.452268463181026
-0.952129183595165
0.498617030339066
-0.176438499636553
-2.386680924674511
-0.554982360722004
-2.054678617430784
-0.362247841830152
0.941839287302879
-0.070739934198467
1.417245878338995
-1.537866422016124
0.017738036400686
-0.595743326904217
-2.064509894363925
-2.115411468230829
-1.875579002167031
-0.527504070352602
-0.961629285504431
-0.624635961685322
1.043287709470443
-1.119205522353274
1.095331274949738
1.540921883073388
2.505323122773756
0.806665946026109
2.282235236644344
1.360984436390845
-0.305017921222549
-0.653573047611700
-2.167256329638988
-4.004612267111220
-1.571284774962361
-1.240353938359547
-0.650864977894232
-1.154058429090352
0.262888339772648
-1.786041779767093
2.007960517203431
2.172221398052310
0.633170042363747
0.908349196710315
0.620730147914337
0.353647805354781
-0.672022273323968
0.982761912955603
-1.901106891500209
-2.137650244436391
-2.496337957880401
-3.533410924404610
-1.865107356525786
-0.621357792205259
-0.237040741950903
1.830514259977525
3.407180689501523
3.973178334024618
2.431030987758687
2.306281168585876
2.439047661759086
0.660514933710148
0.279268837449808
-1.538106640346676
0.374098420842842
-1.549787785047401
-1.354429936709127
-0.224723089384622
-1.823111119950283
-1.269484023671044
1.709815114692244
1.672987203630330
-0.109755830958847
1.973061160540047
-0.059366421022428
0.695418313058976
0.242947358263149
0.318955024407345
2.041840434652156
0.522092823860421
-0.115479727023466
-0.403502061012833
-3.240038512046362
-1.156935566340267
-2.228347873408904
-1.704717484019349
-1.496751377970425
-0.269684141835122
-1.008245234153647
-1.302058899979741
0.834979199389112
2.455764623195916
2.440124382505143
0.554475373188239
0.919518343058124
1.331577057015864
1.148506897391037
1.239498516622754
0.509385147809572
-0.963836203331091
-1.993237816803608
-2.475934133274905
-1.552835783899851
0.054379224599041
0.095043789433117
-1.357757533747823
-1.273836141299958
0.240445026565945
-0.983965785535331
0.675248709609911
0.825799372411828
0.969970438030730
1.220068168548952
1.075609136208923
-0.042929796420997
1.928145146698273
0.572000160086615
-0.731704407911926
-0.946996003558801
-1.776751936918648
-2.627119598580615
-2.112335370420343
-0.386109853389839
-1.204379070382757
-1.185348783224334
-1.566908042355257
0.034379985170764
1.068991328759810
0.838700952871652
1.505657141964394
-1.020626242131717
1.578261930709290
0.876093983039411
-0.521589162479875
-0.573944583411453
-2.089695885599200
-2.502539945207590
-1.197522481960716
-1.706191836154477
-1.335470515756821
-0.926607668900336
0.196857209100990
-2.048648546107067
-0.191712196252646
0.247809872124250
1.786851737613262
1.368580306335001
1.952993708567963
0.063398206921608
-0.539546248133213
1.401558420171312
0.850864870572675
-1.856355387988857
-1.237182580797000
-1.658596029378360
-0.732393845475308
-0.455769149217817
0.326152742176216
-0.779206788868724
-0.787690381140030
2.024906615049456
2.281595342171184
1.998787941704423
2.220804509697380
-0.228226712567074
1.436891339075012
-1.657933859418161
0.180089722095416
-0.391817711665332
0.966717175079324
-0.848541204834878
-0.592515299161533
-0.255730575998158
1.016674569099517
-0.501959217731003
-0.704891940319646
0.949407810905829
1.462100798220157
1.352501667439883
1.342730072053383
1.174811839987431
1.523648446909013
-0.278191357910585
0.585468919698064
-0.844533095110817
-0.090556392518424
-2.287891933570957
-2.163948001050752
-1.161759065125434
-1.648419505647359
-2.147108181291022
0.230283651203805
-0.703825604220311
-0.429264931168777
1.139654441783405
1.331134979941771
1.636248134765640
2.338080130693718
2.050042198411602
2.161874095126266
1.137570791148253
-0.557753765526912
1.093505382116306
0.832336908952622
-0.766903508456124
-1.834381809733299
-1.016596942053883
-2.885436444917110
-1.581003352792655
-0.133172165976199
-0.847006302414851
0.992326796186519
1.081609048474566
0.570629226722263
-0.267192616287082
-0.448175968414642
0.792065900577702
-1.208129253530958
0.477395548373567
-0.013051915357046
0.295504947961941
0.783850878418159
2.566622541861841
-0.508410049818418
0.845591092995406
1.392169601397277
0.642377061372646
0.980805370449827
0.930992089055656
-0.454594637330385
1.655988575684127
-0.130272467371607
-0.008802693340632
-1.026986456584861
0.122749791062047
0.699491740694426
0.991164783146618
-0.196190252181512
-1.490923956793573
0.999156293064685
-0.520382378150058
0.491694111984864
1.153409075040999
0.293356279432259
0.136451297108900
1.431930261052805
0.024962579451184
-0.483908609724722
1.273060146395358
-1.515744659051800
0.683789080621283
0.851103051706784
0.457075141855659
2.101942409522962
0.302405491667536
1.043239374277297
0.652362865758978
0.325861822028440
0.282218095998296
0.835988603215358
-0.575794701607564
-0.564217217427376
1.089938703786398
0.450979600153517
0.772182461729404
2.114343999010601
-0.404784410384939
2.175659526952182
-1.700008270270443
-0.894296300740304
-0.667773060037581
0.012551498426550
-0.055975014882018
0.152589087630003
0.032688699962483
-0.147377470546727
-0.847418042586973
1.131633461650613
-1.761775756160147
1.387254764503535
-0.185919206340607
-0.609314298008587
-0.498116075139802
-1.515671571431660
-1.665280099900047
-1.365930037751178
-1.647808111024081
-1.647827891654612
-0.953233482497343
0.046562204296289
0.168902494680851
0.052467889245922
-0.353731938952842
0.860316005736588
-1.683069614063194
-0.133027821030790
0.841661710472815
0.789621801753806
0.923660777339727
0.719050909304086
1.499700865700248
-1.100159311502713
1.266695234071579
-0.956603722052512
2.092983222773863
0.465248222182793
-0.067488800567423
-2.043087081831265
0.614506360176899
-0.541287426150089
1.631297513251101
1.872642355744871
-1.047034142058720
-0.070554722715577
1.120820962148666
-0.050533136077407
1.745136257148537
-0.529883454426253
0.528423092641279
0.296289809772980
0.958117896793941
-0.744771680639978
0.003025015948685
-0.731402961065483
-0.592871292671756
-0.509375225369134
-1.187615732903817
-0.645643346839519
0.525069509845861
-1.265776628168972
1.305673800197545
2.726523744940275
1.408560869245181
-0.033599507918796
2.196124110700627
0.034958912723087
1.818391727949678
-1.651760934115342
0.230073522940653
-0.632530941735934
-1.065751488765850
-2.398163417860988
-3.191120192136415
-1.992119522239205
-1.930879542047955
-1.153855870666930
-0.335868851336313
0.216107381703337
0.073903361753140
2.589473055123948
2.298123548604904
0.138653431698729
1.134650587813486
-0.565867845937157
-0.732975579140241
-1.072462911597634
-3.180685383521169
-2.316898472198010
-3.928912677358028
-2.234568107627599
-2.959497988488919
-1.291247116654020
0.153243280688241
1.266491328573576
2.284554426189147
2.215886492985805
1.622114112680115
1.041495211156001
0.229675683020500
-0.162424405604854
-0.067821954775727
0.605080637145460
-1.733689782946535
-0.894327142549622
-1.255113579059231
-1.720311504775494
-1.553175644215163
-2.029901544470749
-0.317569970153382
-0.246304282723742
0.231885484729058
0.188805818284378
0.090784236329576
1.933547596541154
-0.095890533329776
-0.489414239910876
0.414681734899577
-0.051575694719418
-1.832610417613817
-1.281998561043000
-1.219411342332007
-0.706264281179876
1.857571422513758
0.142698779366594
0.890031143326911
-0.348690389702958
-0.548465259840113
0.663656252276922
1.870557299973890
1.022780502770830
0.177072961083517
-1.132560679108850
0.537034016270881
-0.159458614411240
-0.718100791001900
0.329705682708314
-0.380059894248910
0.021833989250246
0.048362751733323
-0.282051231674042
-0.229357062840627
0.664203958466729
1.064218303247358
0.520824206445031
1.693366251439238
-0.027179577615562
-0.693934311304281
-0.295714058554010
-0.622887632535109
0.346837322417769
-1.225103681767332
-0.139092406452541
-1.080895445391888
0.612508638489409
1.355928943292801
0.868929338130306
0.651934313178457
1.160776156180233
0.315190138688211
0.258351265858817
0.317103876006945
1.657896285699859
2.491518376988532
-0.750356316134699
0.187951264098340
-0.375641062064116
-0.832875541510579
-0.540223636882697
-0.070322920639871
0.432506414707075
0.671362910288372
2.883102970128828
2.127452929299162
0.828337506687519
2.127429122896048
0.118161396458150
0.282013622443636
-0.555876274767577
0.372427084234172
-1.448956383047432
-0.139778185047563
0.687227918659018
-1.447712543866608
0.319129340874380
1.059879806936090
2.200385547770044
1.347811189412289
-0.385696730928125
0.046359582977301
1.209967644894423
-0.666656532469046
-0.814898332801333
0.009453576789133
-1.420419000491369
-0.648090144865846
0.648636582959569
-0.233417390559130
0.370912184787584
-0.119792419662432
1.067030139690165
0.156398517267399
0.159356721566023
-0.152298928679289
-0.443666330690706
0.480519147974797
0.241008462317869
-0.131282120363972
-0.296220558069730
-0.485233272620334
0.642459916189919
-0.475720694651479
1.531041532779051
-0.472473002670601
1.918508399988286
0.717159724112254
0.054865876907902
0.372331518058002
-0.522729480337181
-0.576151000189135
-1.202501809981695
-1.203030183447052
-0.047159630575048
1.490400766141878
0.089660453938337
-0.430651666613355
0.736739482038695
1.503783529099938
1.588159114487301
1.917707458778761
0.416102203765292
1.316299242762352
0.291408339867121
0.716962073488113
-2.651383633144377
-0.626622451975894
-0.637289503179435
-3.159491463018409
-1.260872552185592
-1.719810468156548
-0.681555889807327
0.399826294702777
1.303707736475590
0.176221012539459
2.651454251688477
-0.394982375198250
1.770338291303384
-1.645517473505445
-0.273500493740128
-1.511911159925067
-1.828351063148963
0.652420495126305
-0.204582851003903
0.486329955818110
-0.120065621454874
1.290663124938066
1.469931549139760
-0.959640849460895
-0.063027782595689
0.331649482285393
-0.927313195969531
-1.166098453667989
-0.227645176136704
-0.325056785135861
-1.281626013090475
-0.251515886996023
-2.224322973152052
0.324923738054889
-0.120591261960729
0.062583303118946
0.086116068244760
1.646320152865181
0.654822548129986
0.130314617742839
0.123718461303230
0.820139662243675
-0.442210376558880
-0.922535259322162
-0.129934067996050
-1.370966501469294
-2.695050326321208
-0.785418822190374
-0.385694192896814
-1.469874256468493
0.161263033869214
0.427041254136317
1.174126509885023
1.372005578194052
0.001005671954372
0.611983811286913
0.500830421676391
-1.325703656311232
0.210716728026841
-0.549484366904797
-1.183774648202295
-2.743370657755504
0.646040620000862
-0.449743226303420
-1.166986858583086
-0.779091751339824
0.426832911920530
-0.236604689314847
0.863781331600540
0.119854774769531
-0.858951173147002
0.948641236907585
0.609613486153179
-1.087004052079001
0.728002486354300
-0.182186038465877
-0.305104404502111
-1.166136252123863
-0.192580880596350
-1.719520432511499
-0.945797348529404
-1.592177028054101
-1.684399941930108
-0.747647024488509
-0.282387884288762
1.375120968913306
0.118869114657457
1.797986550629610
1.243186302093058
1.769432484226790
0.845655266559977
1.420037642807071
0.438368029414418
-1.065984537761207
0.920610124454025
1.246913162697065
0.388571076036930
1.064253260959678
-0.321394143753695
-2.673935311336515
-0.271200764677773
1.512860583433205
0.255483773087416
-0.875262338537981
0.955176589570337
1.739781614505581
-0.911284048307474
1.112133226356435
0.768787842386052
0.036345750769556
0.630057393978305
0.276877388197624
0.832688584874030
-1.982493271763530
-2.755336020762859
-0.789549481840492
-1.875282176447407
0.880420922282329
0.498908560406238
0.006919220920988
1.418834782145503
1.971775400068786
1.152949379273154
1.347025762407978
1.826674744922963
1.319274554508658
0.548139576134407
-1.230380523441000
0.106992576012874
0.952238802793378
-0.945997742160383
-1.607001545711690
-0.724978469897852
-1.558926787954421
-0.122838400645190
-0.483003986225279
0.816042543812620
0.999922462757688
-0.479742474272967
-0.018729522979835
0.011443380623542
-1.220958406127656
1.340657575331914
1.946452069390138
1.403836052654855
0.043102954752613
-0.196746003780663
0.470698198233355
-0.231227263265300
0.024103249970524
-0.427843294080164
-0.851645238351703
0.330211930472335
-0.645603140704976
-1.978986259422808
-0.409995014885549
0.366864782476795
0.114033214405638
-1.011588346376197
0.299083521196694
1.125454027863040
1.449945362315997
0.374079608135748
1.751108082222725
1.182282768631296
-0.043849814302960
-0.311109371727522
1.282059144999531
-0.209408855662655
-0.476120105364695
-1.434282805953256
-0.382677133357556
-0.746002934793438
0.154866029684959
0.049591053826750
-0.412984898978128
0.326605106402092
0.719806842957356
-0.312789665113620
0.668471540558793
-0.761754729470971
0.154694363418443
-1.333100204517154
-0.764158971364709
-0.368721687752248
-2.055887224721173
-0.905862297215588
0.145091650572725
0.456636734279700
0.635909663606131
0.839067278761933
-0.039088197216475
1.983970368332518
0.004111690539651
-0.661100645539636
-0.351579416177905
-0.299076943865506
0.384751643571696
0.696576540181733
0.626686485039400
-0.384912543657166
0.089824712885189
-1.337299232274984
1.285858478708414
-0.275571333724909
0.313820014578950
1.366683463599092
-0.890827465591917
-2.313476211193314
1.069539157922366
0.064090453590039
-1.580331562535551
-1.328652242417608
-2.927605418272367
-0.879036364659920
-1.534642033712745
-0.445568908990250
1.624131898157869
-0.056427859004843
0.719727201455135
0.413166864155851
1.632960752426928
0.514490592297234
-0.114660570070996
-0.352321346222087
1.071709585050122
-0.313790537307548
-1.611953631552049
1.278561611251548
-1.845078482181443
-0.083457557627031
-0.001079072234775
1.296759196125604
1.360074744439266
2.181521981474441
1.684253239801380
0.742468219570255
1.179987989759323
1.244749459025723
0.970480058370756
-0.495854702542715
0.799355176702002
0.326394572673088
-0.479924293900439
-1.086929669444084
-1.994109481336040
-1.166633125316740
1.006626465632357
-0.068186874141374
-0.241531789994235
0.343896413121927
-0.215359763081185
1.374194683527508
0.529707598729121
0.279413299558204
1.292453022904847
0.576162955380661
-0.130722623121343
2.030249974618648
-0.292661712402337
0.235339600848169
-1.279717109427175
0.074340502066089
1.912578679495598
0.109352665169430
0.588626771433209
-0.957141137575650
0.573081212712763
0.851641004247748
-0.181369598157580
0.447213076051938
1.336468557329807
2.250828084319955
1.742373349644622
1.499340134683770
0.905601731056902
1.135089173048812
0.819745707107376
-1.395660899987943
-0.498270247695013
-0.770713951634064
-1.742502685987213
-1.455650821864338
-0.361237350615633
1.202711134852234
-0.845481826308805
-0.275230566922741
-0.142535312458906
0.701215145255535
2.059406422412878
3.106990696701561
1.220698237425460
1.250610135357174
-1.431064052169413
0.008453355142394
-1.610848359686402
-0.922500067573744
-0.897689587933120
-0.701752857725228
-0.275348040858147
-0.299373822319531
0.794099768412467
0.123053566951523
0.923122182002166
-0.745162471051983
2.762411316376353
2.247757898009106
0.278697479888191
-0.739638731811024
0.681099886275973
0.566183160852983
-0.521494185663417
-0.222964376703609
0.257722063703577
-1.314427981705959
-0.223875954210078
-0.680750923376995
0.043749400135826
0.736011921282216
1.599452612266006
0.015630768818138
0.292313734479155
1.586757939388026
0.017688266143203
0.440491003446205
1.221680641714797
0.928841244592958
2.014470268934594
1.052440954832656
0.452399393869875
-0.044168637127932
-0.690863917176132
0.027571095515844
0.711750435227003
0.344488716535118
-0.428636833163832
-0.126166258700189
0.055219470640515
-0.517001971582189
0.672730248151662
-1.729756921466695
-0.135376867656083
-1.456813890175392
2.026925436921542
-0.263983821175216
-0.723713297859714
0.614196920806180
-0.489121587639913
-0.650769894717328
0.484927464574897
-0.815401443279868
-1.129509882740291
-0.863189050642889
-2.472873293417222
-0.309623201120952
0.982535523216187
-0.455246485938706
-0.112655318423575
0.269047659865369
0.239160799880512
-0.336889228006693
0.580266105087379
0.949389222853779
1.167716042847439
1.332919058433822
-0.556693545616567
1.430353529452013
1.794528026721555
2.014347431498608
-0.771237580958380
1.265631226521891
-0.981428993856804
-1.582131319866346
-1.508519060337993
-1.092635195111532
-0.304026951645067
0.717989873121767
1.194480271197933
2.398706073706536
2.631773969339435
1.230431830574864
1.082265158778248
-1.075650719567003
-0.064063646011206
0.282277304488654
0.545746087423640
-1.180526494662079
-0.912101167559391
-0.737837303418111
-0.898429828861600
-0.460854343853019
1.702303571797853
-0.026067058682871
1.383806302827097
1.223372285287914
0.593601239639106
0.703577694717816
-0.188176548491297
-0.964395160378854
-0.537585265880253
-0.006490777217122
-0.351163833302671
-1.585800959134485
-0.660558807189205
-0.694910513373484
-0.739826483439196
0.107461854431195
-0.913479801948849
-0.673295596746862
-0.596786108160564
0.353689618705418
0.092160605196345
1.507590361248139
0.730884107892280
0.034148085200148
0.720125628723705
-0.542959396657123
-0.496326286598794
-3.072522095656088
-1.472330995603578
-1.734962013643664
-1.815374962956791
-2.658078695861943
-1.319976740123030
-0.349954199494784
0.672404916616801
1.009159226796677
1.947201033859524
0.030441205823673
0.919529313778723
-0.657368536690325
-2.210680514835190
-1.510830836490338
-1.417346225774500
-1.111925367855751
-2.156634710248616
-0.147507301648000
0.872312419511541
-0.873876768995900
-0.327742158689146
0.606240531850675
2.117608616059645
0.359748553496076
-0.123853612420218
-0.189697333755230
1.183017615069147
1.278537724879180
-1.230541537869407
0.511105139877639
-0.059167957818391
-0.444444296345139
-1.354023465842151
-1.222596031816461
-0.434737169327258
-0.556602082026229
0.482746092983717
-0.600519831461381
2.388707758533932
1.627240019898463
1.670849483495596
1.529000257600626
1.556509188950028
-0.278984427013106
-0.077322926375228
0.120581052106508
-1.866580563639321
-1.112262567116785
-0.483226981653373
-0.595503058638751
2.012860953020515
-0.586800079432102
0.805705356714406
-0.411416684055237
-0.076437283678773
-0.003817959347822
0.100484619528273
-0.308485003011369
-0.098351711598392
-0.563331855249428
0.568621847963321
-0.266627442350974
-1.043963158141164
0.250935645083462
0.348420043453000
0.906745281335709
0.071001021655125
-0.230947232892081
0.364263622448039
0.545124379472258
0.116195406678477
0.279176958223021
-0.054275018220908
-1.228076816382902
0.050049440981518
0.234640856601857
1.475983157059990
1.491632201732833
-0.734231965536780
-0.282315457018436
-0.254748218452169
-0.994110572819211
-0.199837710345535
-0.407138844927710
-1.183285016091600
-1.552257127373988
-0.168242660288386
-0.290903881524965
-0.556201212069897
0.786199482096677
0.335087743140399
0.482716116402043
0.905359631023797
0.275363480240748
0.797987799760617
0.022616683452784
-0.373346809427201
0.390677113476191
-0.793149842199704
-1.245895363317520
-2.476606248479585
-0.094251032823638
-1.445425084065900
-0.865036545171141
-0.896120479525866
-0.076109203664469
-1.268014119589157
1.989963364433996
1.628128362366521
1.430862457353272
1.566357391220364
2.381403246555549
0.480328282720729
-0.040571505735733
-1.459318353906517
-2.022140959807488
-1.456161150155208
-0.670967518469797
-0.605008223335039
-0.510836767447647
-1.574888665430588
2.012876889322320
0.185975951871701
0.704828610883789
0.986317951876704
1.208453371958994
1.366880285885900
-0.644604933914746
-0.066113721348529
0.489363601266109
-1.202208533776976
-0.291380960355849
-1.119145699855891
-1.006512405831210
0.622901679330449
-0.401098929355503
-0.125617793968967
-0.080439453258760
-0.629814233766535
-1.329293921345829
1.563211429483509
1.569418992353858
1.549113343563580
-1.535517144167792
0.383069874501745
-0.099003028948576
-1.186044683052631
-1.559036347091882
-0.626879853664705
-0.835049688650285
-1.496675037700056
-1.260841060113210
-0.287036218050876
-2.144308546090777
1.676669786276846
-1.604180250886676
1.742014635336042
-0.450298362713297
-2.597409498540701
0.236309498716339
-0.906528392490195
-1.777098371367999
-0.942698441001008
0.002086779223469
-0.959432233512853
0.326585273835334
1.118238938068088
-0.090178804010092
1.102934348358856
-0.078815779104520
0.619778635671294
1.912779925251622
-0.310048263318355
0.351904172019211
-0.823794865085991
1.415529285963824
1.294432578869019
0.995643356705554
-0.420608520612248
-0.285884241003271
2.051007245834216
0.669949485304976
-1.977561654740358
-0.540052477040414
-1.950784034251258
-1.111061118093747
-1.642365946272802
-1.397686099181511
-0.879375087373732
-0.676592145440138
2.518305985153505
1.277105282859559
0.577155955373319
0.397598242127099
0.965794178006441
0.720301550419026
-0.160784710044597
0.512884093953958
-0.092309180919803
-0.119391820279252
-1.332631652134115
0.061445796770736
0.517485081768336
0.291010026283735
-0.032219334169873
1.728235863012648
1.895444928356457
2.198514651999669
-0.153898120766778
0.585868850665422
0.302125383069780
1.434024741705522
0.456034357201507
-1.262149517669411
-0.479440212005884
-0.479759274707555
0.711389275845849
-0.726695936865568
0.781647655359546
0.596473141177838
0.261133605548124
1.028214061617674
1.766929706964776
0.898075137582654
0.516241367962629
-0.745689361977675
-0.693721434130853
-0.406339201483019
-0.573303821848338
-0.950955211258343
1.051625981821343
1.636975860862776
0.640479324640253
0.386352403722971
0.174936091269533
-0.281777987345911
-0.680278672663377
-1.667478886251025
1.939293280542572
-0.404611315804964
-1.295374592544128
-0.507360058688717
0.718611955241554
0.616075948114740
-1.724732638582411
0.257068616708761
0.721986524235078
-0.119576221414827
0.713400472491767
-0.003861358479512
-0.023980667931447
0.142328356969450
1.432074870115420
-0.314330356463303
-0.443477746947405
-0.865639855067204
-0.397851919562364
-1.620293559909000
0.458565798374096
0.155010019024446
-1.423757369181518
-0.691638565311399
1.520642072744473
0.923895822927698
0.136274747901719
-1.591177725485557
0.776886577096951
-0.840845140930006
1.220864646356302
-0.438778015132989
0.826607044295654
0.461456796059979
-0.133371962435667
1.463770943731772
0.939498147972848
-0.698345676528221
0.773301946952180
-0.036579646635802
-1.273863385922850
0.231622947356423
-0.996787005053934
-1.206983907115830
0.785733555168255
0.479663379760870
-0.470766682568233
0.435691342783765
-0.935072422767091
-0.178061877968727
0.038060710587621
-0.706639318341673
0.961328926138465
-0.425806321304132
-0.698216811396160
-0.662250983076435
-0.317685927750905
-0.662448958311349
0.857891998043102
-0.699279883772265
-2.085123462764626
0.323452427697359
1.340726991316695
1.790105153146590
0.117811309356762
-0.487999926283023
-0.026424427571358
0.138610759742234
0.547081790492209
-1.375187147449039
-0.359381784323435
0.245125640904763
-0.324938002641732
-0.212075977797046
0.130569958600741
-0.656318394697947
-0.249890530658171
-0.519820039672891
-1.315709643801026
1.273072159857336
-1.928644368054293
-0.865114866321694
0.769689894001759
-0.033803325536487
1.167023998415594
0.617004253771275
-1.649575402841800
-1.894720856635587
-0.856982443942960
-0.114144458505676
0.718400804751671
1.955098103714701
0.750653524589337
1.081591364224827
1.799098180882687
1.050246720205282
2.093079272215855
0.477368672119272
-0.029501655306854
-0.335538369477797
-1.927712527053702
-2.650609443228359
-0.579840787894433
-1.075408321107671
-1.374300928436694
0.233963867581375
0.989270115542462
2.459004558958673
1.036246049968818
1.343859525460819
0.537377470379158
1.110972213006103
1.933605219247668
0.669572543639759
-1.287331190946529
0.557750934505837
-1.099371041584516
-2.020780195818595
0.057362873894513
-2.688263334425669
-2.531423954965366
-1.163108202269522
-0.829855040932493
-0.211844679697474
1.196863538648390
3.188549535034076
2.156659913464046
1.620253783122506
0.865532494226192
0.647480991172709
-0.368460032979906
-0.983030620852152
-1.465321055836647
0.174544397496166
-1.548063598247525
-0.157543499977470
-0.925998041526406
-1.503127973634221
-0.491855400369543
-0.621793595209618
1.989024418984642
0.969311306229378
1.784518993036911
2.147513574244646
0.403642327049306
-0.902732355545415
-1.434900730865574
0.974560575045961
0.144182517998128
-1.918822531025250
-1.415972247880096
-0.729811518875639
-0.903202020544968
-0.538919860329953
-1.633793766609935
0.005507547058987
-0.905665715758432
-0.549637253308258
-0.244701228451531
-0.356395159918464
-2.381002820976105
0.662491837458666
0.058108967975945
-0.461836571166670
1.102822063530024
-0.320595075850459
-1.194588992231253
2.231189253960093
-0.396726310245978
-0.965790420416719
-1.696965180803782
-2.575964096963402
-0.650298213433373
0.075622012454938
0.702299051376574
-0.688944311784781
-0.438958056271373
-0.657707296693242
0.043394754306470
0.561248610906067
1.598929400296374
0.778811449144269
1.144386194864386
-0.573204246656167
1.003366656155836
-0.317714335171302
0.607734675765736
-1.652674820424494
-1.062449421324723
-2.331495385133724
-0.711983737824661
-2.446775593058644
-0.167294528494581
0.781376568615455
0.446612823301737
0.438460044026856
0.398330369367020
1.440320696748920
1.769752603949742
0.947946808268028
1.466519438323804
0.835249385137281
-1.019688320737627
0.195625232449211
-0.010218956040221
-2.350056667818081
-1.008314280469690
-1.297003697457258
-2.910732745042290
-1.014719818483940
-1.445641077313065
0.637667921256273
-0.161298899959654
2.142436835152774
1.209680948828724
0.793684570351717
1.827892343971072
0.094066755964381
0.056951878627549
-1.092020093381410
-0.168529573001111
-0.460394729481912
-0.290001883529333
-1.344898237913749
-1.294939543367795
-1.070368822114325
-0.772647463593927
1.467796772577368
1.907420418400360
2.288040835839761
1.935692801787226
1.678223732477020
2.454961740715197
1.506612248033091
2.141737973069395
1.159676702393974
0.615708398514597
-0.575942819854551
0.342694876266119
0.108868916568297
-1.138560193006633
-0.052693343425932
0.158891367977343
0.085673307839724
-0.219880804217771
-0.918436678974004
2.523495750291784
-0.076681654940302
-1.063458894698132
0.166630639898369
0.136938613640987
0.016322645773339
0.146431047892081
0.052004090985204
0.107306999630785
0.843690086338273
0.196165610519608
-1.020854909075963
0.707742164410166
0.081824115394384
-0.119928479884381
-0.755593494167993
1.327282129797728
0.751459409806429
-0.170229588125616
0.468040749826146
0.009632986902522
0.052609866730157
0.068911006358209
0.842273625358514
2.093066495725685
-1.699408117045776
-1.137001539915133
-1.704803054598647
1.059601397324228
-1.313038367878278
-0.986935720840019
0.069645091813476
1.164468257885363
1.104063065697588
-0.023014535685583
0.925082078506837
0.108345912631079
-2.120536968009057
0.431129883910381
-1.321297961021711
0.515760088480754
-0.313550534625400
-1.986418231009166
-1.074404742759173
-1.011059437850963
0.319234498366544
0.185620848004230
-0.458909780389179
-0.000147350573815
0.079056342611860
-0.871739019648475
1.140960020793424
-0.659364170884374
0.256601808201440
-0.148054348138819
-2.506347269596986
-1.010179507399865
-0.914259466478264
-1.355688038763507
-1.512791384912669
-1.538184421843100
-0.945314381955089
2.227280504559723
0.302457153796095
1.676380072051937
2.373148757601118
1.277143098719344
0.742155873589107
1.260733938870723
0.727077029757684
-0.219232276886914
-1.955298158204450
-1.067829056683306
-2.136879011344373
-1.396179776296973
-1.905037737558286
-2.598305478147039
-0.730173249687225
0.973163351737115
0.780045804510245
2.121706299418221
-0.171595729249796
1.338756027646689
0.626588829889065
0.696483987139545
0.901517550409625
0.414813970550067
0.698260159653925
0.085681993905808
-0.090267498164129
-0.046837506252012
-0.258928649548083
0.249353918394159
-0.450653659076293
-0.629748628363659
-1.130835038906871
-0.409498579017114
-0.292659277487477
-0.815374585767284
0.542598038461506
-0.648117085844299
-0.964715379209185
0.666148708528832
0.612411936934986
0.785856442915270
0.122248039355534
-0.286263395168299
-0.231906940405956
-1.934710683091600
-0.549088919650290
-0.028959502247252
-2.125065619228476
-0.465261854190379
-1.930003170327140
-1.032502258835797
-0.341313116787292
-0.575105007316017
1.946615277683371
0.998275978271957
-0.143544719522971
2.175519352212821
1.548178731091656
0.989092965380627
-0.405848219002797
0.785051458926019
0.011152630283107
1.750610198253316
-0.156191636886476
0.343360951517983
-0.659456358383785
0.829683124324132
0.020749055810170
0.443136317416789
0.873014340535010
1.957447058377178
2.332480972060507
0.110644906923133
0.165135913090729
-0.264014570612344
-0.274601674695711
0.845321928833989
-1.485869023870141
-1.247069333980971
-2.646474253441151
-0.765657968417847
-0.199369337010418
-1.713041380747204
1.268387599209069
-1.549311430478811
0.741937838179959
1.239333666886071
0.190933502912877
-0.810417304523739
-1.181334969357075
-0.728197095746001
0.215394258441816
-1.071202245267902
-0.276105145200042
0.705092141976695
0.195042984853585
-0.888440604622296
0.336017500181171
0.937472821318463
0.827964081173685
-1.103164173986132
-0.951246427989997
-2.022803128689236
-1.254458750241120
-0.164141638152423
-2.678551894821946
-0.854430496938244
-0.710884835968355
-0.261558243889660
-2.927073849581473
0.994894774210396
0.433463936092220
0.348462003738997
-0.281912102615318
-0.369054692796753
0.565388821149388
0.398528977662927
-0.270570970596965
0.456917125348115
-0.291599090849107
-0.597544065829983
0.555488371730998
0.832661521641681
-0.753864445279100
-0.080505097913263
0.278437183694632
-0.430980466526687
-0.077640116699227
0.069301774075144
0.233792203950921
0.786611242648689
0.542438009213961
1.665063674337536
1.467843891854306
1.602829235170714
0.887127710782007
-1.087997127108173
0.613889178983794
-1.365907345691270
-0.904787916117684
-1.219304183321470
-0.552743311971962
-1.002200903269570
-2.481283503887580
-2.575181613338188
1.015239160499515
0.301829688109955
0.619273556628302
-0.065892604328757
1.052430450416215
0.825911262548744
2.101557161186515
1.203290248399327
2.941155171000355
1.295614003102026
-1.007308109425701
-0.027732877858848
-2.399434799052086
-0.993621692239203
-0.522102503260761
-1.145061441436872
-1.662171735428335
-0.224162071196102
1.570341095191844
1.656791462887290
1.396147500143543
2.866585704220364
0.698564179707505
-0.380518511694734
-1.007735586121937
0.035898637716958
-0.942381624482414
-0.964337225080748
-1.002310999874392
-1.762558760115058
-2.427621397771217
-0.812102929279981
1.600012181243683
0.276928036488816
0.919545949172224
1.337655160456732
0.300432166755504
1.063684032814545
0.645040961192385
0.644628083798318
-1.660606256826186
-1.495457857751279
0.276686444934809
0.141705607653979
1.448357620083695
0.672974065503573
-0.074218351671196
-0.515727980480335
2.618174452355885
-0.013875419399139
1.110053229063569
0.073001886075322
0.229031061018786
-0.030669415777074
0.746490351212281
0.715033790595422
0.593804365512402
0.999412813189879
1.257173811905108
1.124435855623499
-0.002711656113378
-0.300466805174037
0.967747523525929
-1.533168568328610
-1.429874117740472
0.852875618552171
-0.558542581942598
-0.174906664821246
-1.826259533539439
-1.296793647634326
0.229413021134427
-0.389741564123817
-0.945952470545913
-0.844138440920661
2.538222690330885
1.418064280279903
1.779071187863771
1.527120325369730
0.988639487981301
1.876390109056392
1.347352399722799
0.353463487716772
-0.696500421626902
-1.198662177102406
-0.508520824232739
0.568163112166983
0.522858407457730
-0.845835826571238
-0.136845988340424
0.702992753309771
1.097034614713999
1.434803053406367
1.429473652641680
0.647172664690649
1.452930583579223
0.029168755069088
-1.002364510556543
-1.531096865350460
-1.011500449448292
-1.565871127529129
-1.645103853216369
-0.443048502038197
0.300193775771500
-1.092127923492857
-1.975491063742317
-1.213302912884168
0.587820824215528
-0.692425927272736
-1.139728639625984
-0.060100238058377
1.442560200312685
0.111461349536365
1.690024982129574
0.602130658419607
-0.979283627050367
1.123047317563951
-1.486648643236194
-0.439184542602065
0.772233818440018
-0.525561846120351
0.113734928990973
-0.938146960892563
-0.062603932066272
-0.313822511950597
-1.306904795453683
-0.217018093623436
1.782337933382605
-0.398597745816704
0.950391798200769
0.049074250423055
-1.114667772492876
-0.542123129140969
0.599350612438990
-0.417570471903644
0.049337099317425
-0.524172899956706
0.587638210695713
-1.699624788451979
-2.160117818887009
-1.641755262918211
0.486301640889991
0.430075730975668
-0.845959882577610
0.581521875043323
-1.146621065346626
-1.183397557821965
0.570513925909569
0.834495295256528
1.588393580381528
1.509203572395860
0.423993814948275
0.148645427361600
0.610063215725726
0.539114586189429
-0.851241304661031
-0.187295393145372
-0.746986188784863
0.073991307300980
0.207759406118412
0.409902181762636
0.623755755705583
-0.068095696536680
0.315574940616495
0.922683058315116
-1.147013664836477
-1.579787680545592
0.956870925900960
1.228632193902605
1.265414547301853
-0.990690589979788
0.249381609774015
-0.787896296383918
0.229216897747604
0.683282689886181
0.519422357141211
1.567277520514571
-1.162865047347780
-1.813984575388705
-0.998771509568761
-1.291921137085782
-0.497553763058108
1.845700478878838
0.056025258647864
-0.271644526903781
-0.389008591630287
-0.187705692511233
-0.048051873897954
-0.682610462214761
-0.674859767249901
-0.616613648043584
-1.896233063446246
-0.697763815586153
-0.074353719051820
0.428869442865596
-0.095246489735250
0.561952924029015
-0.187981372127786
-1.990073983875969
-1.667463398037044
-0.531755530287119
0.524356006908783
-1.336308619231397
0.460552115961252
-0.970307137721028
-0.497362789542391
0.239865499412707
1.041174921245762
1.632609341624673
1.462882906180726
0.614169255210747
0.432964683467422
1.529458421789090
-2.130061359366661
0.527880231817458
-0.897198533503266
0.518978860253168
-0.870332355562284
-1.821527292917176
-1.463354492892609
0.324908691862757
1.295857048333011
2.938450882083099
1.462796829859653
0.949976864715646
1.514084829507198
2.247320184824482
1.412827720893367
0.022315350882383
-0.905111412207539
-2.253804891460478
-1.925446540526638
-1.172422675346217
-1.287162021052655
-1.287904052273121
-0.099921174983734
-1.449581966289453
-1.051700460133669
0.212499608044969
0.412784122905462
-0.299142108324147
-1.308889852090205
-1.111664415650533
0.269270991883547
-0.433160355762505
0.067653983865561
-1.071397913652456
0.386771716945292
2.435960446927668
1.745560064448436
1.054204365795161
0.538019306129755
-0.882402792172907
-0.430656030012558
-1.114403464213435
-2.256099122033183
-0.477666217155099
-0.842342178771837
-1.745135059259815
-0.221194675910413
0.356006455513752
0.912554049209794
2.274212563487201
3.730440017288970
1.514943691114979
3.307581892499469
0.272669248792504
1.043489250452449
0.791285372820619
-1.579878984805015
-1.204445942809398
-2.352363228635502
-3.226187056671237
-2.825145428568776
-2.101640049106589
0.930837215718343
0.553112318839865
1.288056806901442
1.308097491655189
1.323318574206673
3.226853383143932
2.487134102670197
3.142572331085404
0.521372554604025
1.929773296914719
-0.571755649371693
-0.935260132226294
-2.257928824771454
-0.489513219323527
-1.154368987443924
-0.017050737328154
-0.041484398831220
-2.638255535059234
-0.646934213883751
1.639355755332350
0.699602579863124
2.155885604711413
1.708500613272451
3.922183665901000
2.392386163933937
4.631366231850512
1.636305817226075
1.185007145974456
-0.282231123398091
-1.481842875768484
-2.240280947235236
-2.263821578790074
-2.708516241606590
-1.991313012808394
-0.055528525334543
-1.588229041238191
0.332931792050670
2.497051259727606
3.433298589319169
4.225856331165911
1.687502184114466
1.932382615783641
2.503614489254685
0.465940260089018
0.194948449231009
-0.811381161609865
-2.658748678864411
-4.584362304842025
-1.629892777993432
-3.362497515304597
-2.412018151008412
-0.629868117074821
0.833957676790427
1.834420219137972
1.447192793223454
2.815731406216440
2.297640046366598
0.689580693936387
1.409558088247137
0.371655770007087
-0.229650525489435
-2.033881173039442
-2.350300072553271
-4.113057830128800
-3.425436955596093
-2.182806561525231
-3.083202438034975
0.001998081273030
-0.327838117781399
-0.012452902234760
1.582447130876930
0.542181484745880
1.715164300638794
1.162169066584040
0.962948034614230
0.565031844962579
-0.316681916991399
-1.356610775838397
-1.056808990146894
-2.149583021608356
-1.067318441221018
-1.094732927969718
-1.392146277523085
0.758025321289224
-1.117106316071717
2.214929365835109
1.919417796536444
1.816254122792562
0.474672223327712
-0.550397696599878
1.549949454600216
1.690557290082637
0.060461736971314
-1.621009209873074
-2.374247780350478
0.364178096874147
0.045041336757683
0.127971528446513
-0.867433482052238
-1.208128221617202
-0.168832514457562
-0.588628259134511
-0.559615069867534
1.570021254416137
0.928142583107385
0.705684001605807
1.161935285279699
2.144295220103666
0.374347680427024
0.654948562665463
0.427057436059016
-0.124694413941376
-1.310693345037061
-0.736511119029242
-2.112609109548352
-1.241268060967040
-0.830835850591971
-0.201795158904605
-1.353440724905508
-0.276008884890072
-0.359390864482694
1.610013148173617
-0.452272288341061
1.797145365696616
3.729222620768175
-1.163631494383974
1.130937053209016
0.623455110958924
-1.131535026940174
-1.350414112932372
-1.609059616959319
-1.797438707700963
-3.101322158807269
-0.553640541910639
-0.574755386888869
-1.691520326422311
-0.214981358576915
-0.416737691114238
0.689531620949420
1.394863040512003
1.566812951289486
1.610224895074334
-0.673821297895391
-0.123201960295365
0.907547768213145
1.055304846872553
-1.183612559401963
-3.980963326565718
0.086798124728004
-0.510579104390636
0.868002728660275
-1.031346290627020
0.382817226316665
2.013726721467772
1.725465391006944
1.181632076369714
0.161881516576319
-0.139652882281081
-0.742577231468845
0.170918666220753
0.997968340089344
-0.753275703834310
-1.988948310202960
0.127229377719127
1.686743183130934
-0.441547209097017
0.131992132006062
2.057335173968792
0.202613971698415
1.469204998101977
-0.724038929596126
1.355400700843826
1.903629570265677
0.279861356963483
0.062474691943812
1.168506102117895
0.024049312657924
-0.048805807317420
0.309237084587660
0.300926174242301
-0.414462917120629
0.325284546891424
0.399650979147285
0.236292986432226
0.755860840010846
-0.554061446535247
0.308787074632859
2.203231568260564
-0.443968294445195
-0.035482464111529
-0.238848351722221
-1.184952108042826
0.979556193019842
-0.108556850576385
-0.688396069600776
0.176430660935075
0.037324622967269
-1.432805950611301
1.549166415673149
0.386165694748479
-0.370332877896316
-0.727382804646203
-0.964788689943000
-0.839679298499184
-1.086444290572864
-1.247334215245355
0.456433978201560
-0.801968141450130
-0.200562308605689
-0.282874389117743
-0.396754839491717
1.265191942662061
0.127692868540994
0.242467620922343
-0.797711997834492
-0.891582733300108
0.171864096142857
-1.358302255027429
-1.596581256733203
-0.234591193723498
-0.783157401085175
0.054232344380765
-0.220420544397153
0.689044708450354
0.880749183839239
0.192535496842971
0.427434640629534
0.250002675199443
0.015718888220635
-0.830561255384246
-0.131737928314523
-0.172931681759739
-1.688314712643412
-1.449213300952236
-0.495600763081554
-0.675549070671711
0.344424039857285
0.885875405160562
1.439159354795392
0.019853972894559
-0.170807102101180
-0.343244658278431
-0.339513879058247
0.010034341206535
0.406322859690917
0.642020003655878
0.214195315483580
-0.607310378167401
-0.769609823755713
-0.505097645935204
-1.697756917379725
-1.587070146841866
-0.920642661384181
0.061670098459022
-0.799004800366456
1.142796225821348
1.681049686930657
-0.612502254742596
-0.887866139865448
-0.203456945569457
-0.457176670879411
-1.708648574278620
-0.247612678366470
-0.740702446963650
-2.670442847961481
0.033987612186975
-1.171018715495832
-0.437102983677752
0.191852704532879
-0.623829245833680
-0.140761536916538
0.621001574923985
1.715062604270054
0.499166226616026
0.641984970912932
-0.826624107215901
-0.863004530912132
-0.029788799934584
0.899936015504332
-0.848722868932620
-1.505697890645195
-0.709351911118423
0.552467008678010
-2.066499810408684
-1.270744835334783
-0.914877588228067
-0.026721278821922
-0.403222683698611
1.435416812731344
-0.755436607281918
1.234992919878905
0.099064058295884
0.234776350269544
-1.840539740505999
-1.169880965870611
-1.262007875956038
-1.789654759200694
-0.413309332858398
-0.251700041954457
1.014062595762920
1.029766237756144
1.684704400047251
2.612734509015838
1.848548682656914
0.729720755986478
1.718568279962959
1.305658856099322
-0.628849680750596
0.866043482406408
-0.386035876448479
-1.002385448117459
-2.041120354150385
-0.140014131966528
-1.255588985694093
-1.380211093360510
0.477942027714287
0.524216963985436
1.285568093885733
0.903226521500623
2.712815133447340
1.349411684644640
0.952878635437349
2.731192573032740
-0.386374595182956
-1.781908041066822
-1.152103467723630
-1.419239036086802
-0.274311040807946
-1.285292370408932
0.353527329731398
-0.530707329691660
-0.407705331986155
0.105785483369322
0.812171230021808
1.001501011601535
0.372596949031603
0.183013130722403
0.969577117664816
2.188031632074175
-1.131406132461535
-0.032745044480482
-0.051835087941743
0.311157300177333
-0.640472875426050
-0.800383200807113
-1.397408331435408
0.855047379433787
-1.679913272521024
-0.516502113397827
-0.647119114498116
1.272677639947571
1.369412095359254
-1.741400173911883
1.370373167001958
1.207969564394560
0.656053091668801
0.549646980413099
-1.620552923735826
-0.945282824438793
-0.096808505072936
-0.392181346444190
-0.908009136358716
-2.050440443728143
1.286027024912956
-0.363791767389048
-1.790434993825360
0.036756752903659
0.451945364413664
-0.332110278825898
-0.321119705737012
1.080289723457259
1.065715337449036
0.443131713446426
1.842880189999616
0.497706601016504
0.738565664549559
-0.786405372139104
1.124795795257294
-0.419727791931610
-0.659007863599524
0.077528449098000
-1.337624450874118
0.202566122455935
0.552667333087640
1.482405341293448
0.723590939072901
1.248169165215886
0.374680603453597
0.318879309335274
0.231000325956715
0.632751383182002
1.462407807975387
0.285602568483815
1.090440654203647
-0.174935553324054
-0.772821750995550
-2.703777356205223
-0.690505213477895
-0.761391000344894
-0.099931970880683
0.843443750752127
0.967883670116803
0.250630812341225
0.918527416890130
0.599772444387151
0.597613381205041
1.893862718744952
2.112230521004638
0.724040993816228
0.924604875193509
0.105197967054080
-2.503986816899263
-1.147184457660340
-1.080430618102819
-1.346520290144700
-0.307484073489898
-1.243179249716108
-2.009610117582850
1.366752980602384
2.180140838442756
2.767228939587024
0.243465000874572
2.098000825749271
0.410498751322394
0.296865792304108
-0.163440549595168
-0.672479385648755
-2.107841128142927
-3.102177681626547
-3.226521524606253
-2.108901527649302
-2.198715399069701
-4.029556787938880
-1.020112349720089
0.455260460215605
-0.111390479865342
0.996650083552976
2.551452627884070
2.184701778070866
2.732442282242279
1.078971964136481
-0.358486317587381
0.012358536682775
-1.938268493535427
-3.910715517034312
-4.246024420249213
-2.753625178991304
-1.283236305739218
-2.353209636580983
-0.055523297080503
2.033249718117363
3.019839223091027
3.138996454649969
3.162432398755631
2.667906197473290
1.805606764533914
1.300164932165945
-0.603598308327560
-3.304117663218622
-1.792963919347072
-2.844358069157645
-2.968311853214074
-2.747731104442931
-0.788695533607544
-0.773218584468111
0.749071535201932
0.737785065064001
3.835680680097861
3.653265960441933
1.193269403285843
0.690300949664243
-0.107851116241507
0.138121256505656
-1.321755400072712
-3.987666561717533
-3.805712465145070
-2.290838386467902
-2.030536469590075
0.343274730548896
1.299017354962425
1.322546221145172
2.244282128130341
1.536464253064889
2.148710777123386
2.491699403577930
1.719430216139702
0.066409968023440
-0.349445737189008
-2.388126169394458
-2.306221202757847
-1.687173248553066
-0.796060529570500
-0.914294331311467
0.927742632427822
-0.054681986661418
0.326840117254218
3.175862530413241
1.704612860325904
0.152420500411293
-1.217485998930605
-0.586965290349014
-2.337866723085176
-0.622684949398119
-1.963996903845446
-0.526613051566091
-0.810020459848366
1.247302878341928
0.605186489041375
1.914742090632131
1.548986396323351
1.206952147044875
0.120678415324779
0.946542045511319
0.096582933506193
-1.279569631370046
-1.999136842554959
-2.366945061852969
-2.967294413017163
-2.357218983720973
-1.137881770375988
-0.332194040651665
1.061912945521772
1.789773375072108
2.755890219482300
0.711679859973139
0.346720962112183
0.409871431265592
-0.976554098622305
-2.027788632266760
-1.333647136771304
-3.801456383955024
-4.722072758801658
-1.715199939284359
-2.099594716593701
-0.578212050664375
0.435766547165810
0.613138851988811
4.338991053680935
1.990878943507007
2.771807995829342
2.760234783870716
1.021968179993339
-1.307261351647073
-0.664674255280098
-1.414136494287900
-1.596190504799128
-0.643278568268854
-2.342675621061598
1.321003155036836
-1.406129649333453
0.495377413158228
1.613742742127294
2.172121726966164
2.675878892036708
2.001161531893062
-0.112773890120372
0.365699312120168
0.169817472001042
-1.699687312945373
-0.554679719131137
-2.131557380430354
-1.793389941060062
-2.136924885460670
-0.103490454844170
-0.184397111464625
1.465808421812413
-0.278874184221428
0.395504167352702
0.717585164473994
2.746747190070606
2.611985894923808
0.687112010643979
1.935705328678004
-1.069710923581403
-1.866900174742658
-1.374936607873578
-1.468614265047201
-0.137473853708922
-0.944378903645701
-1.312707430718368
3.080617785112305
1.491631357175900
3.018715450162790
3.164331850050453
0.429974621863440
1.703733745374505
0.340796353421258
-2.425065995145467
-0.675988305166402
-1.126015914790623
-2.293819776237758
-1.763672804899444
-0.119789525474666
1.036401814822919
0.334270535068628
2.785255108236182
2.367717472317898
2.528204968607466
-0.008609614225916
0.361912425347566
-1.330676884374562
-2.303853360786678
-2.586129102215603
-0.704228078410573
-3.670202713557073
-0.572568922907170
-0.382505806354886
-1.313971985067441
1.380175092362576
2.699433632114591
0.940953488246317
0.753908496091393
0.533954618845833
1.118872607770119
-0.149905597197211
-1.328029860470665
-2.305795752600875
-3.020105770096860
-1.716955424430726
-1.584193644925018
-1.010391906953018
1.948923693519228
-0.711734767887838
3.235990127721323
3.280398639582961
3.016040551366550
2.437245475041688
0.680779820233247
0.184298409341605
-0.304046232387651
-0.646069532067772
-1.697277534211161
-1.248701924833014
-5.440625586573747
-2.404911565063261
-0.262374692869271
-1.104603983614498
-1.136707089226787
0.394629954691935
1.019722490320524
1.288599382787922
2.023004295061068
0.471145752100527
-0.824227095525555
0.755602269078987
-0.806191828063341
-1.206222141559128
-1.176455196369585
-1.158007078538138
-0.668566586909284
-0.738221802941997
1.669449499423749
0.320026783671692
1.009282865323466
-0.200192609319345
-0.099131195970477
-0.423448160728631
-0.629288160066286
-0.447946116048852
-2.304065021272646
-0.355732854777393
-1.405949327788127
-1.244175209069880
0.456324276899651
-0.616482875267355
1.943154967384555
0.276686940443828
0.235427745217574
0.712252423803239
-0.997355540155879
-0.019809068573271
0.165123326323074
-0.734602589423943
-0.223618624022979
0.016269366306821
-0.352021456742315
0.816764314161260
2.724651972003727
1.433894965639277
0.631559826425245
1.936243819345917
4.299657987748283
0.370434880921804
1.217332564691848
-0.591943648182131
-0.457352316059443
2.187836750202537
-1.356473416707609
-1.898321657911517
-1.664351390965005
-2.014447694213998
-0.840487266004920
0.662881307943281
1.715754778019601
1.166980533212489
0.993200572557880
2.048964966010152
0.496827845251076
0.685974760532040
-0.719407998348831
-1.290733128598680
-1.787976989868019
-3.414191277736113
-4.136079868986896
-1.633656303858770
-0.766193682584560
0.141330324939640
0.324440812760953
1.882663248511511
1.669842391514317
2.382627538827348
2.345380117994848
1.983150366442521
-0.225734614292349
-0.535724775343585
-0.936705312075340
-3.099210562138262
-1.869761150431692
-1.988166747076650
-1.454936003965105
-0.639490429982729
-1.728342343331262
0.168119708541594
1.722804185941870
1.935330984335447
1.325976047390444
0.535062204455952
-1.033770763132671
-0.565072764227660
-1.010669795664793
-0.763317048276797
-2.567792221740294
-2.069543882086252
-1.085861961140517
-0.998737404277931
-1.145959803709331
-1.081687304535120
0.932211493441477
-1.273343718354094
0.097212215150503
0.861248094303065
1.164970707947798
0.989395531618700
1.113905036824317
0.082130089759708
0.941079526793774
-0.609293426832860
0.269798596924909
-2.291878332430780
-1.502189838202270
-0.747330434898649
-1.007628669393642
-0.394819046417359
0.532049413041846
-0.371566852924854
1.820317126488495
0.926669803816506
0.997109003873219
1.643326726317047
2.786447085537240
2.669616289003600
0.863838852972891
0.637631214041296
-0.174257812966163
-1.540085294930915
-0.817795582252509
-0.784811153694769
-1.171476480609743
-2.417653785940441
-1.634212751585366
0.132241839702490
-2.141691934612681
-0.360091717887294
1.557525595726762
1.136192614019367
1.763771158552829
2.101708804788549
1.177430130144558
1.460756861509651
1.281811802951238
0.265571658643504
-2.207273345817319
-1.678535997562896
-0.602973262074794
-2.419534266634240
-2.507928772018754
-1.104938480863783
-0.615579808549131
0.716091183574210
-0.059164444410776
2.241045105357140
0.755731398949014
0.076659468596033
1.708449462609748
-0.906408050578154
0.087698967903671
-1.526652321839483
-1.437977979234846
-1.079820939728060
-2.614481637516668
-2.223014686798690
-1.340451039647802
-1.429131375488626
-0.539955796865278
0.022043086818694
-0.247053422974202
0.928781872916358
-0.984856911659273
0.983853922958493
2.360329794585949
0.640356559321769
-0.225924321721626
-0.475720548721990
0.064750271733530
-1.018235436816586
-1.796535406252593
0.864189916872264
-0.486656610763559
-1.162218624932852
0.550442840650138
0.109455212342069
-2.500444471447671
-0.697386587581901
-1.598835066941050
2.440132741175762
-0.629292187459623
0.148040855286005
0.369853966696160
1.091642902916651
1.249232726430546
1.723390096605624
0.242743606703640
0.423939953922957
1.650684983076091
1.899881420370678
0.327880783814409
-0.457982073122669
-0.605587573034831
1.068293094735404
-0.276106091090296
0.367529687311469
-1.352611444472559
0.786277415255580
0.949554349530252
0.322544264158206
2.099858183376564
1.565230833161006
0.463151468290061
0.339740305639152
1.653229599355690
0.962206204777780
1.660535669201758
-0.457081653504640
1.175340417057443
0.227135896561280
-2.542675227741763
-0.946877061598741
-1.553718381107608
-1.443316438159223
-1.370261126143835
-0.989638117441962
-1.245770937249305
-2.303915872181123
-0.613288252082661
-1.257835463379638
0.354303972177664
0.055434352463659
0.629020571259107
0.259368966976977
-0.014261773286051
-0.360797936987530
0.152720354099057
1.749342145238255
-1.412083664790695
-1.266343481533502
-0.540926444194836
-1.333922741828114
-2.194118720458875
-1.237637574653143
-1.904640111200089
-1.741963122221355
-0.039446924017364
-0.574633136960935
0.340018301979681
1.997238290716721
-0.084882505442308
0.961127678585043
0.865688743140998
0.151241214083277
-1.941176449491283
-0.465702164709974
-0.762343405513296
-0.775166477136415
-3.420578286637983
-2.018506240124527
-2.656235715769261
-1.356245870144705
-1.214989602543570
-0.681737327569795
0.409016620304313
1.054169424606252
1.039799372541633
2.172577125578774
1.838633738056404
2.167692810388445
-0.001782878222598
-1.223644713559004
-0.324224472162920
-0.896786576594600
0.094264827982445
-0.712178802055482
-1.900812479170759
-0.892538653335819
-0.814882317699457
1.406616602661513
0.824743450623345
1.396664333602396
1.342466584667020
1.842860552916625
2.176434962368250
2.575535380429402
-0.075761786585097
0.819147167357561
0.656540238911272
-0.301379359182887
-0.076430218147494
0.132946150570760
0.666695825379459
-1.646875189738908
-0.396947107650227
0.464387828293940
0.240823238015522
0.764611610787445
0.349519075238179
0.487093446976988
0.281099783635768
1.256968688727152
3.216722421346224
0.252979739936868
1.543879014206880
1.888229746865296
0.044493157421084
0.534259632461364
-0.197713254296248
-0.906706524876021
0.663362955993249
-0.106279242031844
-1.723362230678847
-1.198086270504115
-0.253240536620474
0.223918910930324
0.200612145004727
-0.255633662545477
-0.271225635848378
1.138552677231482
1.293218679758777
-1.104439332533721
-1.115446567447218
1.114995036914057
-0.541232587357659
-1.581139170214619
-0.945613715416953
-0.246359474504035
-1.481428376579876
0.225502345548874
-1.145805888516140
-1.891906125494403
0.360672671749853
0.285468162682114
-0.139658919110367
0.939322041538326
1.803603112350500
0.415160746838222
0.549481525627149
0.257530179415704
0.573088532775072
1.259899318193459
-0.323895702548410
-1.028969433241362
0.038449416319127
-0.963384795053695
0.086694608779945
-0.653113589253063
-0.079265697434576
-0.048212090439414
0.998965611657794
0.688493409164995
2.400336144487139
1.492675936044308
1.080225115338578
0.698794810514746
-0.870327420145793
-1.373624885087584
-1.922886185027900
-1.964245510681069
-2.094712086247447
-1.868576518097337
-0.969423614029606
-1.285138850751338
0.766828388631064
0.222847804749663
0.824068958681809
1.337747624329379
-0.248769262096049
0.900236510322365
0.896437670800321
-1.414583281932268
0.735514494730729
-1.978742651764066
0.478145237874810
0.265119292027509
-0.061288021716452
-0.501682322252240
-1.857077729290602
-1.015568250798502
-1.364903381949333
-0.108785366422329
-1.450777663318205
1.234081105047189
1.370152136929619
4.758173249901728
1.267902900214174
3.461365859016563
1.222520126200871
-0.401389224846567
-0.156355893552805
-2.127197793439151
-1.136132151331202
-1.259556812209802
-1.945914600863426
-1.464190487826344
-1.646538767929450
-0.097554697380865
0.885648723890145
1.513268963746675
1.056283761305240
1.929467650421798
0.514662973020788
-0.330847095835046
1.091146332084115
-1.791559822889144
-2.854669015534681
-3.237641674510560
-2.068328229098690
-3.105523629791243
-2.437209115478873
-2.206739866751751
-1.103874094057252
-0.375625806401065
0.203036732300395
1.207946891359269
1.894311813978282
3.149934453848640
3.077443000480593
2.551891747223055
-0.134505480941660
0.342547224095082
-0.716884339078875
-1.682435357053902
-2.518963173912718
-3.694014846607305
-0.411520571353677
-2.846353526614172
-1.418357750893832
-0.511078135796426
0.161053318230409
1.274064526213061
1.063714810643614
2.272946172528913
1.974104000334714
2.281370369711746
0.776993139024063
0.919773385643486
-1.158881837443177
-0.804079703506134
-2.506157872654666
-2.763634422224468
0.175594881877996
-0.115456144431000
0.078558124682105
0.330280404934241
1.510051902437247
2.313004007696215
1.677353835785557
2.210754236170958
0.078957935504540
-0.447329487841698
0.341646760985772
0.077637527619841
-2.044505611921269
-1.311799224850628
-1.308480586255281
-2.017329420211094
0.636609684215501
-1.187436069021799
-0.019557939729735
-0.821938604350506
-0.110582905797102
-0.454684226383697
0.572560379183601
0.092785509742871
0.495914353079178
-1.300680247291025
-0.683593385351054
-2.029613054402915
-0.468479623532079
0.190765390364978
-1.256886878042798
-0.866559309294741
-0.636567275875236
0.076656675013786
-0.281424279290449
-1.069744711316428
-0.285225308578829
1.353333932105461
1.093960762906465
0.322389673042056
-0.949721467815424
-1.636921139875387
0.430176780375132
-1.199254135946149
-1.350569974586338
-0.002150593960149
-0.937658749410282
-0.999860049057295
-0.822400510810392
0.176090948897013
1.135620103859342
0.711382681786823
-1.272589671524097
-0.615399809940605
0.161049484962686
0.873239059406364
-2.720218726684475
-2.062942761577379
0.470719278258130
-0.920131687575034
-0.651781373110672
-0.559745387047953
0.198744774053982
-0.594583612764337
1.556108374296281
2.361502256474128
0.962994366802155
-0.453854761194827
-2.108337453210195
0.633355359063634
-0.131829373787482
-0.903839196313462
0.016033724073688
0.423866970304489
-0.200334620948406
0.256432045724982
0.205944500985152
-0.472652953469465
-0.331489419705585
-1.065048567446106
-0.110734430775065
0.942426169486063
-0.518216645216854
-0.384729595802615
0.313431897944376
-0.308571196975866
-0.620633964772166
-0.675157495624869
0.813339548972833
-0.353200934330145
-0.117614905581359
-0.170041896631249
0.722482562560490
-0.314967856327084
0.612331045076240
0.640769367354204
0.690976363380729
0.749415904118731
-0.858398291999078
0.080358532370491
-0.480901588865853
-1.149714477853145
0.886712792054537
-0.771995945370963
1.174307694559809
1.756586128732992
2.626380516684170
2.254967541674712
0.461526142151938
0.471406326802592
0.911561149826759
-0.057609088821723
0.017173482728560
-0.738319234501324
-1.486088446873400
0.498790087037993
0.316863438919375
-2.144636769588143
-1.693309390349313
-1.018308125726475
-0.608504594945408
0.682672560393321
-1.277578618406710
-0.709329124479721
0.501878382357616
-0.383404789688108
0.592011531431975
0.790689106219550
-0.176420647624484
0.800033643937539
-0.409040487233641
0.564551514631663
0.531566959992154
1.093531460250648
-1.282455084376626
0.166109424599570
-1.610441638075953
-1.156726915966393
1.218959970542628
-0.698396460193157
-0.265443206609074
0.714562837450024
0.362641006447743
0.778413502716068
0.761793805500376
0.602378592829812
0.441006295345239
0.074833252158565
-0.220558137947820
0.897284828005270
1.164684718844843
-0.925820543558935
-0.631571559620518
-1.988199558013656
-1.013630707331576
-0.980078010070819
-1.140334794424804
1.280454766941292
-0.100778629585733
0.193812826485487
1.499808771567515
0.640461720005411
0.745179892041161
1.364030743660905
2.996939980553066
2.141520625317475
1.559234867974333
-0.523238379744165
-0.427458560810076
-0.298088204688199
0.139566585439372
-1.170963882985982
-1.738838009682312
-1.391500831538856
0.481775117558655
0.782593917717078
-1.232143070134172
1.795727016866514
1.550166586755852
2.094179957532844
2.498087076112284
0.162651195372231
1.114605017890901
0.169170985404939
0.029501041180443
-1.974815357842157
0.508146525485701
-0.146568610528146
0.425046915602302
-0.507502275167478
-0.549507501628269
0.458456162842178
2.156023936670953
0.855419450740160
1.920596806568313
1.755268330451698
0.716524513458434
2.168823187937792
0.061170547892237
0.234934426912960
1.132404311560882
1.351639769195340
0.139898846383664
0.403858025826026
-0.989888549279524
-0.123348000759461
0.585505337824548
1.181116463720401
-0.891036577841880
0.356893153540190
1.189138265214383
1.509347351836127
0.504220076718959
1.275490802390261
0.371988452329741
-0.330964055243116
0.996309988053608
-0.451881134411254
-0.894077063984341
-0.487051173571851
-1.503882165242994
-2.477746664523166
-2.758994630749781
-0.463985925365648
-0.228279402935272
-1.569042631368514
-0.306776488469685
-0.830426484736173
-1.593241475618321
-0.044989463497065
0.364700843449097
0.114863640153722
-1.858603899766500
-1.592942130722613
-1.410239398071108
0.378243835420941
-0.700415036786364
1.300203103351659
-1.307733893457513
0.402362932073513
-0.683943077663969
-1.111914916992421
-2.329315544615203
-2.089020434761382
0.059666622795217
0.458475267830351
1.997083137285308
2.070863548123303
-0.611540034501468
1.081582102369477
0.602229400458114
-0.069891951671566
-0.147498703577632
-1.311739101807454
-2.945880960830014
-0.012206746469645
-0.754441761763591
-0.049733160298158
0.232904815723500
0.265799465664601
1.484442764764396
1.986672263206088
3.160868045136850
0.501852318411247
0.385339196487359
1.376330183127479
-0.714728190273895
-0.156458676379730
0.244301468469228
0.304980369645863
0.179977932581415
-0.500347885904112
0.165607627422366
-0.102507304047688
-0.687018182551430
-0.609706103542336
-2.010872411616099
-1.987264095916092
-0.094375247384349
0.139964427873867
-0.421756213715685
-0.357994309471733
0.597210187919989
1.215863117652234
0.621208174366886
1.560258691878395
1.701106686183030
1.521754480607278
1.868959126975280
1.737416148977573
-0.192534875028824
-0.688645562222631
-0.391561721536357
-1.528594036938131
-2.258124684339951
-1.926946889358122
-0.462720986987081
-0.352141425523059
0.214326198351301
1.891765288031523
3.040417055103896
-0.918287737762345
2.388510839431224
1.701622147941089
2.642963619458800
-0.295492336526665
-2.344044959585331
-1.966851773796796
-2.614064851910635
-1.553465007465590
-3.403109637706511
-1.062424157127539
-1.077325783406684
-0.188850377960522
1.110809528672040
2.799633046821231
0.788390255029274
0.633559773239101
2.152103195894515
2.743232470301415
0.710453238331578
-0.662552554525998
0.680057116498189
-2.898425398705315
-2.841006610272733
-1.883793283195311
-2.914036896805509
-1.268110029367401
-0.668519706337613
0.248773655766142
0.090558949351615
2.609223019945702
2.275914295462871
1.882236834088741
2.812627528067112
1.016635530416678
1.747789703892004
0.390113057936170
-0.849312543812196
-0.994363574061697
0.805275446245338
-0.333408690781291
-2.959667515000718
-3.384341697505246
-0.369813496504558
0.540188887156865
-0.880524946668125
0.086258829490249
-0.777580040356804
1.514050631983747
1.420630411645432
1.028726562137844
1.976336286068592
-2.235551603089633
-0.795146387617485
0.022390031560533
-1.725281857787898
-0.493265869963296
-1.789436920079347
-2.792484617791659
-2.488410439607599
-1.451044185433838
-0.419989917892744
-0.534073968961992
0.136334166459992
-0.340358370753598
0.097035365722197
0.392428457831104
0.584992882001150
-0.588452942080641
-0.883159252418210
0.335882052902619
0.040210621063108
1.391777353944700
0.873252228111696
-0.898762878211359
0.260845950138896
-0.433694174924499
-0.257490314543502
-0.068724688390249
-0.158160803095866
-1.260608248788004
-1.127078655254961
0.580898412047300
-0.212536676050122
0.043784867190419
2.647992044616570
-0.450021825733377
0.642328620281832
0.850005057231454
-0.997720472940339
-0.191131882853809
0.063288609168206
-0.669346351614446
-0.581616976724008
-0.962875968244593
-0.222751926603578
-2.010867494012964
-0.902074637199021
0.860183569575999
0.597862962114346
1.263610797073053
1.816187611925683
2.724119463046172
2.232353986869146
1.527871642114612
0.250993766950154
-0.048329746574689
-0.727057475678298
-1.597973766804454
0.698815686293195
0.884483449269243
0.109992409849866
1.872249774717724
-0.040814951910636
-0.172441494323297
-0.650799112810981
-0.384589290169613
-0.991726193196184
0.829178754582666
1.645501172669602
-0.615939686106080
1.303404080129523
-1.060282992338263
-0.714214701843744
-0.494274416213605
-0.346673208505282
-0.134066149804534
-0.100216759921430
-0.815049587773790
3.091074546001849
3.207611287567194
1.490039375053256
0.634819781202674
0.767593248190876
0.801371543937240
-0.756900143600115
0.430969765039116
-1.384538710764216
-0.786387859631448
-2.147357290169938
-0.139227938132993
-0.591332892216427
-0.118871047611045
1.083985314580742
0.821620623481943
-0.550581080797870
-0.162793859980641
-1.577997112632451
0.439256844254148
-1.185289452796777
0.551543274355690
-1.569852455465719
1.032924750697364
-1.397044313355108
-0.826993655311807
-0.231279530909186
-1.401508069693533
-0.544983037182405
1.419975534737751
0.224193853547101
1.221236212221592
0.651272776406163
1.114799216966673
-0.376604608308376
2.209113303217775
-0.311676726474582
-2.111199561532081
0.408319314310244
1.203830576021325
-0.474207069487372
-0.352417448886415
0.115226197979592
0.848921883587476
1.361675705858109
-0.146469431391523
0.806037240360642
2.000359124158142
1.383064188206064
0.114935496701945
0.449187033290412
1.368567299442338
0.177359962601737
0.579011179880710
1.972220405670175
1.478006580771080
-0.510669202783120
0.884550335941951
0.000238692022339
-1.024799061460830
-0.054485966530850
-0.148067364237430
-2.202058627419254
-1.073546914083941
-1.378760625571438
-0.881084362601070
-1.374234904880609
-0.229479338787293
0.406736028243732
1.699042588708160
2.079192075336222
1.442271081306122
0.036720893801662
1.089081344594500
0.514233664728193
0.081536334748817
1.187356419231805
-0.338744332313781
0.193307016015843
-1.430698208061948
-0.379441620848855
-0.939759922100234
0.241580503242424
0.261164860473173
0.687529949206108
-0.197638680796958
2.274703843722786
1.772541248469910
-0.761136885922770
0.420384515171554
-0.459252670527501
-1.140331967131543
-1.331385557837091
-0.694630365167245
0.315413969217539
-0.794267220242582
-1.465753240980410
-0.579996667206806
-1.534828469619934
-0.438321356993620
-1.217727133906732
0.924477790348071
1.451802233890704
-0.160090395800676
0.033391812497072
0.268214579827104
-0.043873060977893
2.357512187513060
0.768068067825919
0.138095507530843
0.620152501654291
1.163611212606163
-0.569643799392876
-0.300154601916059
-0.046072506009763
0.929086437857718
0.554606061013230
1.423486304069951
1.043224405492975
-1.124814270709202
-0.103613143189535
-0.272792759492005
0.704610271613357
-0.015352230684247
0.683229821484699
0.538081777060138
-0.384728364934633
-0.984811793812680
-0.091646730431721
-1.106308780031386
-1.666539542155369
-1.035202853054257
0.878342673019904
0.689641248529661
0.665067965329626
-1.004588831290645
0.619698464265715
-0.512542066605310
-0.671708542198438
0.168221195021979
0.524744400506652
-0.202452172048296
0.422565196396306
0.707980069980750
-1.397663236817050
-1.240953334287382
-0.653534678045034
-1.662988238286942
-1.404539095345326
0.836663871591074
0.508476701107286
0.498469988724324
-0.178183798059781
0.636014362504055
-0.138792939523463
0.002756227025792
0.232536828951369
0.622354393201927
-0.687504040188335
-2.419802979671377
-3.243261110238081
-2.509104929763785
-1.121198152283520
-1.213008213654656
0.765281000704131
-0.203097843495239
1.835151666909041
2.293700385221951
0.627834946052920
1.126679543992213
2.144133379253611
-0.189198598624240
-0.562522340412925
-0.582972060544882
-1.174018577247350
-0.800441406596362
-1.660373195933238
-1.735756640505588
0.252237394149653
2.534582400094707
-0.373951619429411
0.623568483253829
-1.214434239215617
0.298493450883360
-1.833432921937324
-0.554082333608662
-1.481881477506454
-1.822925212039486
-1.360607854799794
-1.689529016424957
-2.954800295391536
-0.507535787340015
-0.921593837333792
-1.499825638625235
1.040272352551425
1.168269535240984
1.658217353732284
0.890735726751121
0.952259500255838
-0.228197797686468
-0.399664076729662
-2.992878269996428
-1.015011080860705
-0.814240636677430
-0.607939795556225
-1.616496037216292
-1.207379629595522
0.955527413289335
-0.027941946540783
1.961991004082232
-0.454262991160607
0.860754534015830
0.436659232038136
-1.069247553636528
0.266004000266502
-1.562971075537990
-1.328812059036514
-2.043304423447626
-0.951689110601745
-1.796050357953939
0.835986218364219
0.400852707202644
0.062169904717160
1.659350022284108
1.487835068875978
0.088685187862887
1.238002658536234
0.223960700530914
1.370091069982745
-0.018796217162177
0.106983844113534
-2.994621369840387
-4.560497181995402
-0.694687756001967
-0.568332847804828
-0.887163568623811
-2.474358861317702
-0.114047581221791
-0.880602458479167
0.379564393274144
0.229865909452066
0.929142941886859
0.688786220587116
1.479612824693268
1.081891385976708
0.776395725765566
1.600630168676370
0.620365924817141
1.379407861641944
-0.671643892677559
-0.063697707891462
-2.282423792466558
-0.272937612488229
-0.745896217977069
-0.768120954498451
-0.524871584604421
-0.610780232167458
-0.617960682884478
-0.283179990264991
1.117218519098219
-0.656896339591642
2.462695587879188
0.226062809153479
1.045498983125986
0.920138404286499
0.033924030256393
-0.845883427625941
-1.170465364774332
0.500380736300405
-0.934832808679699
-2.204763621160232
1.143130026721950
-2.161509897562077
0.214284471837808
-2.173907353433163
-0.183411819234816
1.698039885543058
0.345285666479588
1.821172846657739
2.305209807080818
1.615867363411672
1.877245930762645
2.469980614921846
0.292331992894316
-2.307517184254840
-0.553325023882946
-1.862487276412438
-1.607565290220815
-3.065999828245578
-2.020339590269735
-0.082010124523121
-2.659307463897447
-1.243289203220337
-0.453621779158203
0.864324707131367
-0.100754262192484
2.573259976847457
1.340297221268396
3.765753018917636
1.628882053232344
1.116337418236772
-0.307529786171377
-0.621475571734089
-1.304249382585684
-1.597582820661607
-2.716617257133534
-3.293033991422670
-1.594594644883625
-1.942730008468048
1.646460665267072
0.539105509899224
1.451475985455134
3.340001196236491
1.935550758857564
0.759486227425853
2.381248393832219
1.547039238990347
-0.291418452257540
0.267186023043167
0.152726682959186
-1.339707514267296
-1.497055787659166
-2.008273599819956
-1.028772098096282
-1.389293731177271
1.115113032732688
1.094797835969818
0.625520028699093
1.330608134076731
0.582375786797086
0.549081157127480
-1.774212840649681
0.394947365592246
0.271020965146505
-0.216301924994079
-0.177539434535606
-1.563003093019199
-2.561029692381547
-0.286591919933305
-1.028361559786199
-2.693906341814990
0.331573462005948
1.304847254384674
0.852538924862997
2.035502532645863
1.296745122890740
-0.832753597418622
0.836601023888814
-0.004634098012826
1.344683915491841
0.610883716510628
-1.025482007448483
-1.771334274458529
-0.194383316111479
-0.480435899613691
-1.420376056013473
-2.325238503076162
-1.271184244162700
1.743541725134580
0.891554795203174
1.202097456078707
0.243406934815541
