0.526859476174973
1.739516587708675
2.224441901148744
1.955889429331517
0.076934895180100
1.223431235012218
0.451744125342629
-0.057000988696637
-1.204842275842437
-1.075715226789975
-2.619553446605462
-0.685797492684525
-1.664052772347807
-0.712961135841034
-2.967896041360930
-1.088415096499653
-0.941844930322563
-0.294324394971059
-0.402655055963311
0.548726970906780
0.506351353155311
1.140558704722650
2.372572076193128
-0.269227207998004
1.933717365622618
1.642354895411581
-2.724288863595494
-2.062786884487548
-1.369507979482666
-1.247111740555320
-1.743935012058060
-2.095995042631956
0.376832944950272
-0.882095120096786
-1.058313306044340
0.454769603738815
0.933405193632506
2.411571005250659
2.097175124390935
0.907618509937764
2.128723917732296
2.392732135953033
0.882008213041460
1.728862355089738
0.504325732221951
1.896342514817310
1.046336791850925
-0.048802076915196
-1.807317112842036
-0.441870045884740
-0.691984041056050
-1.045916031554704
-0.323586875194563
0.497023815756628
1.349629306397792
-0.402548211692958
1.445800956087373
1.988673357655696
-0.867046108208867
1.042483088028308
1.684581535389728
1.780472009308526
0.829861645964126
0.287960867500151
1.167288229332594
0.579184928120259
-0.717212786102169
-0.491416346509761
-1.283864665896807
1.069474169716740
2.077548984254894
1.882003745326086
0.882613973148135
1.519720732827199
2.640139340098930
3.164908437887922
1.922729129162750
2.764489536904209
0.359691144520870
0.393613476676507
-0.411156333146881
-1.242981688496375
0.413461719045276
-0.732131772791786
-1.023706153300048
-0.530215742835525
-1.313790173471391
-1.907824106789297
-0.097790315923723
0.560155572904651
0.566286230566283
-0.702930154578391
-1.471189931388013
-1.452612368340357
0.643667005718813
-0.288252391779610
-1.779638522588910
0.406788852789782
0.477870624011334
-0.245081623421071
-0.031375629597797
0.032144262858580
1.342555240020452
0.418886343993693
0.675730257954473
-0.453495848715375
1.501331713788179
-1.063182454890075
0.490541099510254
0.526121247750339
-0.197519563076512
-0.175447295625237
0.401509510205509
-2.912604489803605
-1.520606373178354
-0.736493273893982
-0.592728177398132
1.085741698902321
0.741964197786870
1.548119967435675
0.558412323776081
1.007959117468372
-0.369585555668628
2.063941609380623
-0.258187731871795
-2.050295884128015
-2.362356180571910
-2.351980868698764
-1.726941622213910
-2.569790923582794
-2.215246136167054
1.600973975909949
-0.799574313102422
0.126045795824441
-0.817619389344299
0.788799645985572
0.484347177816222
0.752854045931907
-0.813906809045603
0.364992885745637
0.555612482868426
-2.549837461058220
0.542879658212979
-1.591279804247259
-0.570120258254341
-2.671744132556686
-1.661049758981090
-1.809511645040692
-1.554188177190790
0.109306570719170
-1.176469902737617
1.643807132764997
1.933734777795383
1.904013525763968
3.219559736851305
1.242333354070095
0.369845373891920
1.975744369204627
0.849524472725935
-0.146438627649853
0.409265232917104
1.633232561747651
-0.167439235507625
1.241656709619498
0.619200602630470
0.320984536574756
1.936885058138562
1.043884826405402
-1.285189107125222
0.354727542716675
0.489945207492684
-0.931847193958868
-2.387493735587544
-1.362960190907094
-0.501893968277925
-1.516547801481425
-1.828745652593684
0.116348393187707
0.861251788612257
0.252802212641306
-0.728886690540134
1.857463515891118
-0.551873136880261
0.201733565706445
2.085567461966777
1.089422004794322
1.204823003626432
0.299143834444478
-0.877378069036839
-0.656070688590226
-1.243729643896919
-0.963801087922071
-1.468014794733691
-0.732708352401024
0.262278216305208
-0.432381753854168
-2.145765979573370
2.320355927326348
0.360891186802755
0.414276696164278
0.315185418760928
0.591279603215453
-1.033555194675496
-1.621667951260573
-2.166532911193480
-0.422544349861698
-0.998080960892565
-2.200406160224369
-0.462891881722113
0.026767494430985
-0.010790867705493
0.633575204913961
3.068387243712348
2.228851729698668
1.268977014099181
2.580098959143601
0.114760990711610
1.791647120501490
-0.114376952004398
0.393808349881673
-0.576007069784595
-0.718627545497929
1.750130344418545
-1.272155520701277
-0.369893148125313
-1.863637816188771
-0.514521933190072
-0.479680363920161
-0.459805130237452
-0.704345140978804
-0.957681614423759
-0.819233308998150
0.184124547532554
0.911930379472208
1.274862835047210
0.227147920926865
0.915356723299045
0.246950707464542
-0.776449415089773
-0.258112271778023
0.788407214034687
0.162999289296248
-0.011464542410125
-0.809398323313714
0.034787149965707
-0.225670548062534
-0.184965909668140
1.213327195687446
-0.522817676713969
-0.105982689243052
0.374423971901629
-0.491302122630587
-2.259650374049269
-0.569117307849215
-1.577533758968850
0.187292225066659
-2.184031409568354
-1.265052939340315
-1.168604025872323
0.087029273405233
-1.863255940622711
-2.869408655658005
-2.162253723928009
0.626040749198048
0.161358451218013
-0.891264626893072
-1.472063366975009
0.454638449325666
1.555542961640794
1.200760643536778
-0.074345936193158
-0.401347761213146
0.369930430428084
-0.752815426013695
-0.038907449563265
-0.559071256172081
-1.883502551952640
-1.502843227347978
-0.240122255607953
0.216747467369859
-0.518943319539584
-0.432517100044594
-0.605302757959532
0.635845187143710
-1.303578611231389
0.536344946975686
-1.048932788096738
-2.589630825379616
-1.135446320421106
-0.967385952546373
0.469998143053904
-1.100505030321911
-0.183679981062352
-0.093681267263388
-1.121887800222289
-0.686218021719897
0.290804623369607
0.015661425179907
-0.497363620206374
0.680687222184597
0.895394270027158
-0.573998346390156
0.276791154738646
-0.047085297949231
1.846186659712395
2.140773557960522
0.710351558203949
2.400927572784271
1.526261795212790
0.838547043765263
3.118749290156803
1.844473812618062
-0.095049224618409
0.381599850425798
0.214208193161396
1.084275031372935
0.332302685369913
-0.870114416494898
0.740360040101366
0.675663174862922
-0.739746694546007
0.485282447764042
1.626053737257184
0.162246865041784
2.023573516648617
0.179093695078884
0.068497571792239
0.673506037903939
-0.694607875658818
-0.586417216063476
0.609340033217691
-0.873760214971982
1.105591151910887
-0.313611139848997
-0.273879544410113
0.841562571223845
0.931294575881391
0.456786687591148
1.509731583991679
0.036522008312562
1.027595877133576
0.980442090679653
0.056537981500102
1.108702915661977
0.559611788797118
-0.001995028895973
-0.783827838931358
-0.758156180963831
-1.873525297862733
-1.028723079501422
-1.772150436701379
-0.013890849482418
-0.722914831567018
0.792635157736014
-0.488237310258384
0.650947729327686
0.496607397510817
-1.143621546676104
-0.732298136431564
0.109901677329730
0.492442155994555
0.906439397008307
-0.692213581911207
0.185547026618497
-0.528152826713402
-0.065361654548506
1.379012026474882
0.780220906215810
0.698836003903594
0.824233052645831
0.034777381691034
1.986215742669800
1.232672596076794
0.833515422921044
0.663288749353742
0.589254913666058
1.614986725912954
0.408205054480407
0.523632347328270
0.153262306713434
-0.815515736648789
-0.003783561600087
-0.928189454666533
-0.834220035800460
-1.054407613237780
1.803660587932936
1.859678520416234
1.188143296459760
0.561026870958745
1.071581684498757
2.599901227707023
1.916833841084774
-0.558469230410340
0.803161396859545
-0.146832077680164
0.157532277213154
-1.300665944771132
0.257521550887511
-0.923865777029723
-0.162586271314864
-1.227203153569047
-0.872714330408941
2.493167854156912
0.247947628064817
-1.174885147145629
0.352254996236416
-0.931757154958877
2.775425869408782
1.417242572723193
0.480682392591173
-1.219959228110276
-0.399025059322931
-1.047877534066585
-2.268982512865728
-1.556534695738988
-2.245816936657435
-0.834107093503409
-1.264455602841333
0.704839229119140
-2.050866702330888
0.688243986892068
0.638789302977417
-0.276535695993033
0.129444672285531
-1.138472513359283
-0.764312049701284
-0.186546334552102
-1.290172904875656
-3.016455350581730
-1.974597905354849
-1.936424957576537
-0.536868410540292
1.184659391310223
1.584465953415501
1.696750309413265
0.469180767681271
1.603086364705069
1.311449723015437
2.278737541763469
1.131385937155936
-0.942386865851967
-1.227523082329956
-0.672393722818023
-0.968523541731867
0.195460278718606
0.240949415815300
-0.143205793998358
0.148967759112157
0.641395393195648
1.052099853148735
1.842166426020671
2.333091518259740
2.783812323978639
2.000651332456538
-0.249276923407554
-0.884814038011359
-1.183738079793326
-2.730506510962770
-1.573410967936191
-0.658182821258488
-1.134068362777092
-1.093223385069194
-1.259277768929973
1.495101090341869
3.093393881499176
3.738810213171443
3.123614602400364
2.013415780382766
2.171551343448939
1.049342732530701
-0.781622898505709
-0.750388069764568
-2.503875851807114
-1.349154073142654
-3.422048025031336
-2.826537917563323
-1.016274812463561
-0.151279022710778
-0.645648004612057
0.792080441627491
3.001011529256191
3.432697342169293
3.103409192815137
1.595795472106157
0.618639591261829
0.854127510586696
-0.132829854476918
-2.531426492693368
-1.291271938580888
-2.163847846871612
-1.924571126605218
-0.349103283368380
-0.477259583168799
-0.157329213459725
-0.339674054665695
0.164994323947092
1.371079905642172
2.370459022020516
0.687522494362956
-0.214110303022773
-0.486663061160032
-0.918085908220426
0.117675192369297
-1.253745383801864
-3.058198173902428
-1.717562060642428
-2.523179839912131
-2.394407477819264
-0.738717466283341
0.208510667091812
0.855781232508742
2.727333261695687
2.672256670538232
1.716611096812482
2.498841574020571
1.138437947395831
-0.367387411963358
0.873567801649705
-2.377749785894350
-3.120621509738705
-2.590856380057048
-1.586711382805158
-1.632102714932040
-1.219193356983359
1.762783156351542
1.615528021891301
1.783730265617193
2.719335663581078
1.072980991726364
1.738248815208618
1.035632147127288
1.146743845464535
-1.350506959059318
-0.882172251109915
-2.067414148690371
-1.617875465404347
-2.751922213371914
-2.579026657588364
-3.195951810468670
-2.233799043686541
0.536520014209794
1.439545322655076
1.806608453203360
3.183253700273788
2.844804546920206
2.547162451441821
3.887514083813294
1.603448868741196
2.411161820958452
0.334042820028845
-0.659428152948804
-1.896626740962084
-3.095392680696159
-2.960817373185138
-2.102175218041123
-1.159133959880574
-0.580578752580977
1.136193885244136
1.779879765032521
1.876975530616654
1.600879302943779
1.605076251630979
3.382546979669667
1.244206443435462
-0.437706317149401
-0.020602164258462
-0.461508430054232
-0.286800743019571
-1.239205308757705
-2.429651835249810
-1.892159352228228
-0.445927363805408
-2.743606458000496
-1.393234315184346
1.403102352660071
1.776975027155678
2.260520850582780
0.120129743178192
0.515269148232975
2.050975858878950
1.139165467050680
0.673047004549798
0.071593597012377
-0.436287958064419
-2.093595723902531
-0.592404721366161
-1.857043728040690
-1.087402671585241
0.729773899168143
-0.341888847238953
0.633647784299801
1.702683536875009
0.043532715676853
-1.028368763492488
1.345905103248378
1.379367429256003
0.345684033641175
-0.116514488274459
0.458644501558787
0.152977542240858
-0.353197357839460
-0.938204624391770
0.041348069952536
1.408164490647799
2.042004115731479
1.290675813185681
0.810240091675922
2.007924931676150
2.035680413798352
-0.666007512241927
1.425705573152092
-0.734572173830797
-0.449241034586933
-0.598342913500114
-1.302916725009209
0.862567338903355
-0.753739953762847
0.200745305469553
0.417836529384288
0.464296277412691
2.048130350992467
0.482730059616328
0.802481190789222
0.627044220910656
2.292463767747901
-0.097792578671324
0.072422285329206
-1.890521837670969
-1.535592577755002
-1.404604197122975
-1.847435977743919
-0.448280103891317
0.011089366943967
1.054794059426611
-0.844460358500555
1.523209953774090
2.063191046418550
0.791364068070610
2.713701474378168
-1.164716428974229
1.191699468034754
2.803640407012850
-0.384071492553432
-1.327779219349110
-0.443075760947628
-1.218308024089703
-1.472459109323183
-2.273556050664580
-0.531058801781355
0.289851882059808
1.604420792237617
0.597903511568233
1.618063730632988
0.444330392369577
1.487592685479725
0.895167837544747
1.046555956525713
-1.170634880814417
-1.186544900812551
-0.444809577202250
-0.662750292443705
-0.611351165819995
-1.057780488108854
-2.822610914615809
-1.028853767345178
-0.890883912170236
2.385779442862262
1.340906422419795
1.858771855039792
2.036493651785195
1.608712778969179
1.777855589233102
-0.530711410991690
-1.605785510442056
0.487976289254338
1.875960909865350
-1.088698778487329
0.073746833896941
-0.204080624438210
0.066773143564672
-1.402077365358528
1.418714040700379
0.926659941273727
1.938131443664863
0.421378866228311
1.883318762328093
1.289826881376504
0.050633887639598
0.859715210563236
-0.762373254104501
0.446267366369145
-0.543793829465032
-1.144893692503155
0.780209708814274
-1.453386863415135
0.513337054584856
0.917547021663370
0.670207361167406
-1.252695754840934
0.482316169639379
0.237533869393724
0.097128334031587
-0.021450412498848
-0.624536994529723
-0.868014818522353
-1.033156022617145
-0.064559713268098
-0.788722279725402
0.129732763198854
0.056683257230528
0.481384820774849
0.588846943041317
0.524009914936838
1.729842755113667
1.696826159040882
0.937287784069542
-1.206047771565742
-0.114431051143368
-0.704845806377888
-0.832913257377613
-1.261786726290648
-2.618064933214499
-2.596960231769019
-1.705870150730399
-1.618167425380316
-0.823401221674863
1.073936019368129
1.694157057581554
0.592641418073559
1.686647859434643
-0.659487757537371
0.807295133987863
-2.863159753492871
1.313870759605196
-1.132785952760032
-1.678528145631753
-1.276318059342644
-1.990166544698263
-0.951130761241921
-2.158339353274195
-1.086810179612518
-1.451131453416643
-0.408090411760892
1.053365610436032
2.996858467505315
1.196301464284683
1.135178867228151
0.332072338768726
1.535854079497566
-1.356094953016817
-0.715515854890839
-1.890127702882862
-2.509768139748542
-0.842799539118778
-1.113324897920622
-2.025867906920246
0.040995249560876
-1.189026548729696
0.883247899394005
0.847175674023252
1.044452095855151
1.456908440706661
1.419929908379420
0.201191452882666
0.128779241013357
0.481290580695238
-1.033624137742204
-0.139874062842182
0.193069004583896
-0.989903998949137
-1.073988801328404
-0.337989111085723
1.380406125315891
-0.291665800592818
2.783413818889865
-0.010508039078846
2.665235637076759
-0.102483807563712
0.180760992276983
0.432356512441602
0.710491624294976
0.040308825843082
0.354678259080689
0.359534609314104
-0.061070322761316
-1.264925496725204
-1.282639075459095
2.348936505588064
0.390165990760625
-0.765365319761396
0.738497664427503
1.222219318880160
-0.617598554059103
-1.273851199378199
-0.156643510107364
-3.022466477054127
-1.832004912594432
-0.865426394923818
-0.519470757056349
0.996598613306765
-1.152671482198218
-0.362587400476392
0.208772711260899
1.430119644895934
1.175186116433495
0.843196573305910
1.662981267619462
2.191654399868007
0.935574866837777
0.228269343577751
-2.014191554898458
-1.779112916233789
-0.027333588517390
-2.123351949793233
-2.244258722755541
-2.788790882269779
-1.888485277430838
-2.579172377958733
-0.628788344645981
-1.211448770797704
-1.272009788043413
-0.871414710243384
-0.967700435447268
-0.023380124713261
0.262733731495783
0.317360558265768
0.046109260728725
-0.551133126686182
-0.690802818123097
0.178365786854928
-2.821361347032544
-1.276367626864441
-1.841702109390264
-0.723847302835452
-1.154038358337471
-1.525157379000403
0.155837822072095
1.506962174392222
2.018897756613419
1.785475266089510
2.915694160319637
3.650109136463486
2.438134042445701
0.324415585678762
2.041068894447767
0.051210408272888
2.188047937202020
0.066388914592158
-0.395522652406706
-0.962469363039299
-2.038233141687739
-1.791940255114248
-1.248525505602778
0.226801542941308
0.263271375298701
-0.147592292670376
2.766783727917867
2.526442996975245
1.919463768886504
1.475717586587237
2.363518259858202
-0.101736329778341
0.214456933481962
-0.653613588120435
-1.021101634333034
-0.364410935029003
-2.150950881629020
0.220471200290618
-0.167052805929429
-0.837639395427168
0.126510108277489
1.298353804071799
1.171489698921273
1.140925309467565
0.238853979311602
-1.335445112402546
0.867662604417861
0.130635622618530
-0.553978538193796
0.502357301971194
-1.185244028140610
-0.917392727636274
-1.362808841229031
0.359617854114369
-2.052864862203458
0.225440036048765
1.136771939889151
0.410969929729289
1.732629731067745
0.833138907113395
1.798597870271888
2.455084656482378
-1.749618451797197
1.037398666464904
1.523546312472819
-1.319148897349400
-1.707919746535721
-0.539945329271799
-1.661692611899994
-2.920961135213301
-1.086137388404976
-1.486478378004842
-0.777168058222464
-0.082838678608867
1.865581560317153
0.253885936823114
0.271453719632286
2.815395924534546
0.556000055180280
1.375903920908902
0.674224118552710
-0.331268734534334
0.597016876468663
-2.564054415288080
-2.061299862836809
-1.263746105756651
-0.726473924333496
-0.244958083643662
0.495440670104535
-0.279930479015060
-1.194341186278781
1.222014331694359
1.599047718326959
-0.725770545724697
0.351302066297796
0.566624838756977
1.997456869528318
1.683945535341289
-1.031004572696902
0.273689730119838
0.747922465158517
0.936223094459270
-0.328489079105357
-1.770202308599940
-0.604010870705007
1.075327581569366
0.970535656081376
0.531591062178864
-0.135790880202102
-0.731884145968395
1.433406941613547
1.777078173187452
0.949445013709880
0.148522311461471
0.526478680683076
-1.575593982637222
-0.950858708625919
-0.124867687698853
-0.922783581452492
-0.836703448337200
-2.121539168275579
0.464837107649020
-0.307619430828576
-0.304058204680048
1.472810192997468
1.794970387317633
0.487055125635022
-0.627463715654906
-0.523721656256377
1.001027551880781
1.084218733435158
0.766190450573563
0.288226292603066
-0.409102478191556
-1.134937517665257
-1.142412358736210
0.564254581794264
-1.517868977433168
-1.817972707258029
1.115362071545029
-0.117418368685776
1.779677933474172
1.376654154045508
0.095361029425661
0.122080852692241
0.652618093714532
1.323389129767009
-0.497446508980055
1.015991049739414
0.106071876664694
0.067877420892698
-1.482118336716575
-0.079362406257066
-1.544888683181358
0.017210140678909
0.142227798092402
-0.679097819119446
-0.985143523183378
0.722541916807717
0.949508796187953
1.687747807208201
0.928063846320343
0.934293904435660
1.163039938334464
1.959162976235981
2.530043672935704
0.087124544494767
0.325634769144833
-2.464641540614620
-1.968849618193948
-0.584748325836647
-0.384072021121805
-3.348611043782185
-1.023875263012407
-0.975780484009298
0.473417475678124
0.169345384707291
2.885814213186335
1.625820232178502
1.447120464615693
0.659329305463555
1.827299167626828
2.013323501716523
1.830747944515851
1.584529007923682
-0.270376077549263
-0.729338096481882
-2.910174753563641
-1.808218459853714
-0.730263041133782
-0.721553365043514
-1.535201139936297
-0.378166950358083
0.431180622342457
0.533052629436439
1.914183684180912
1.294615832886467
2.293462452899766
3.376841954358706
3.137456104192059
1.551553880398697
0.237784527633497
0.736864121369032
0.045393897779800
-1.688163726835036
-0.440199522607190
-1.745767911011618
-1.513589767398382
-0.127348897779366
0.064399237400582
-1.330341580502278
-0.336943581076947
1.036669508688494
2.700469812720389
2.564922374766105
2.276085999129294
1.969196060714485
1.564441452976203
-0.196529088304430
-0.672167707022460
0.123580065318434
-1.728306227870381
-2.155056203545207
-0.886275576329939
-3.078260910346133
-1.471435037854385
-1.937271762647652
-1.336801385480330
-0.141137396234571
-0.739074815100142
-0.435857264467353
1.415749145109656
0.206827249532022
0.635569065378567
1.207964322348213
-1.212612282247855
-0.273909599024938
-1.685955671265681
-2.357825370174335
-1.646999502516506
-0.027388228787457
-2.214023984452091
-0.683068585817746
0.526751741585803
-1.087141150681465
1.683238703378920
1.394230482096372
0.636947327849350
-0.369872597682343
1.847307980324484
2.632233025238304
-0.284549387179120
0.220596586443095
-0.359597529208079
-1.711107332169480
-1.352079131079839
0.667553793541689
1.805744782301995
-1.002476351194726
0.752142702387744
-0.638221916337064
-0.884360546020391
-0.417806456878638
-1.103127258967018
-1.208592933480361
0.609393860642148
0.557944062662238
-0.432931048766458
-1.028710163055163
-0.759911291600286
-2.124100923965372
-0.313696598352960
-0.734244055112639
2.786794079666135
1.048779885323127
0.290217280311518
1.875223088940260
1.184296759300629
1.258321573812546
1.297774241191239
0.101972580078871
0.307009684135106
0.722340775695201
-0.385708098005722
0.334643042000907
0.391777397556388
-1.117194136204964
1.484136344426114
-0.737391807254041
1.091712064759795
0.580968817904553
1.711293660703063
2.477213364528235
1.078660325926502
2.803062018885342
2.171939232029966
0.874028972273098
1.275068807203113
0.397722868824456
1.204222874807133
-0.081835218096878
-0.215295941371427
-0.178471120185985
-0.253329862251461
0.351453902326592
0.360764492811327
1.060011122701099
1.698732109088581
0.209633360124483
1.500611482751525
1.082424195607564
0.845030234779667
1.912026720623997
0.746226654275880
-0.137181228561045
1.086859932442803
1.449941618008772
1.803456283092816
-2.314425050970909
-0.646213599640759
-1.309978125490953
-0.950995081513308
-1.182609616096942
-1.981021494463003
-0.069368740788010
-0.168119610468513
-2.207508748585674
1.093589579441559
-0.483112942375104
-0.655089900920590
-1.323942724379603
0.125340213720729
0.107300535521246
-1.611371581622201
-1.254936180738640
0.929500098832289
-2.056284789997518
-0.985676890528571
-1.568593051717735
-0.242417213110369
0.533685618822892
-1.164605532318943
-1.476547363952430
-0.939389512759945
-1.333102967317007
-0.553791650683817
0.159971765083356
-1.299823341641172
-1.025491178607889
0.433486383646400
0.313505154904486
-0.313952852981215
-0.190416314303014
0.309954130258857
-0.496700316750406
0.080028391383804
-1.142922992862175
0.612393690914226
-1.362922758124400
-1.207634708464753
-1.123740562801932
0.379761254324987
-1.296296088685586
0.527995441234329
-0.492979887686140
0.386574324169935
0.139185440612314
0.095608188094970
0.029260140596603
0.418885466446468
-0.241958041188332
1.270646708127986
-0.275641273587788
0.763336579420772
-0.067034142036646
-0.352535568934336
1.115106015261236
0.723332229324462
-0.542222633491960
1.784156617097644
1.762760283774468
1.570738328744280
1.907557214573881
-0.281952910880833
0.416634624266923
0.564641378126662
0.658443324308410
-0.007316182923567
0.260860228349018
0.804545590491437
-0.318733371938221
0.850916256372288
-0.066422051337711
0.976125929064166
-0.937322123018396
-0.234158570568356
0.919026155366338
0.184797261088654
0.974656464062517
0.151956761664242
0.677608010715820
0.080316198589172
0.894537127506481
-0.523947758526284
-0.413025699167196
1.484029268728918
0.897726488904989
0.646655818185199
0.185876560956345
0.585670231794313
-0.265460151497588
-0.548497441414838
0.438788635931119
-1.355068395468701
0.699720579518244
1.629816808855511
0.358845239565122
0.042017156978077
-1.764069451802400
-2.620223730011136
-2.167954860751525
-0.813534802703580
-1.773455667952104
-0.088062537533097
-0.124126008704437
2.084444670373722
0.604459226062114
-0.497499527041048
-0.037220824673775
-1.288662709238535
-0.259137706972777
-0.931080799971764
-0.387368018999609
-0.914214088729477
-1.622791950676971
-2.457380369133802
-1.925636160841525
-0.868730094745103
-1.442997046306233
-1.375847649935207
0.224348089268630
-0.688242200865957
0.240769718185342
-0.484038236457174
0.408554998153241
0.779531106666637
0.694054812812597
0.087254351771562
-0.455866410587381
0.131128583380761
-0.835716562013189
-0.927061281113213
-0.688737569435647
1.342294396434475
0.343337498369703
1.990548804555839
1.768620035006107
-0.101043524304312
1.532603770566614
1.787410918242532
0.486431939457452
-1.001927048772913
2.437863233047977
2.468149288069315
0.114313259802920
0.988455474864468
-0.106652332171029
-1.549668359037873
-1.902361097327105
-1.785884917163743
0.908556136900730
0.290838833341668
1.897047234859554
-0.350208552476620
1.055705069031162
0.758127165978652
-0.987871379058727
0.969347750023578
0.927520814634529
-0.738832312296597
-0.972422540218922
1.259604239835108
0.884387343288265
-0.196000167364821
-0.891075710131448
-0.150778023998594
0.915404010390976
1.029152433218429
-1.918965095103687
0.666773299710076
-0.984355517216152
0.791070243948913
1.066591232545757
-1.246677540739511
-0.745886310737180
0.444427819021740
-0.744613792280095
-1.241474217229753
-0.755009872685601
0.844386503276900
-0.145754222736760
0.624629126849383
0.007314048239238
1.112073203020687
-0.080514457526654
1.090999053389599
1.345309042968094
0.484838993987709
0.575642372427681
0.415839522715833
-0.082351775974800
-1.340777142917453
-2.190481832449321
-2.720423433254265
-2.600062063617070
-2.171277977161899
-1.934457092130615
-0.736287854255992
0.563475175675254
0.488054970114636
3.105873243336691
2.004020011673567
1.662456877586706
2.233632580498047
3.283751784008171
-0.074854067362759
0.626058193048291
-0.418978758343448
-1.284835175646920
-1.445683699639365
-2.213697535942931
-2.781855132731825
-2.067303331629917
0.052820559028271
1.288189861893199
1.390103667698561
2.271679972682037
1.393923449201412
3.645769535649585
3.049473719440413
2.462177097401372
2.183385268457687
1.948647329593062
1.324663447397036
-0.941717085406836
-0.639721074645455
-1.233884792837442
-2.095940091096200
-1.873794783639941
-2.487340020899971
-0.743694028391883
0.555010667281699
0.124870527624060
1.119509466258302
2.457151243442896
2.366043458140055
3.229223657659662
2.303141648611282
2.396160953063813
1.066112099671188
-0.913108319462418
0.191871282052549
-1.404227162259023
-2.362941362985674
-1.480199777257737
-1.682938610012426
-1.246850965290082
-0.761857013259603
0.685381883144608
-1.262356748851685
1.048652332500991
1.881893462917071
1.559154641907021
1.555467186106657
2.741129950194788
3.089188394032671
-0.408447506659240
0.241933885841322
0.605382407341635
0.304398106969857
-1.177349853991208
-0.456067612685156
-0.929039850870863
-2.216260439114533
-1.645801927106678
-1.766992063440060
-1.278344753078816
-0.216690986447426
1.748957607768511
0.078187946001508
0.613880865829367
1.238759770556304
-0.107742696633911
0.772867294146248
-0.989965976387592
2.253076492051057
0.097523915333058
-2.338140695197801
-2.628654851073687
-2.788470924731545
-1.500356625151965
-2.014956982860968
-2.465254077469795
-0.372714955794161
-0.561471860585702
2.369647893326929
0.377029281963412
1.703033724666625
0.769202568662576
0.288734124014239
1.072490023790215
0.596880119438247
3.028982412999951
1.142455565825630
-0.943262211955965
-1.744284858577968
-2.274808131216365
-2.008609129340176
-1.397791673288522
-2.351676686625247
-1.775129693068757
0.339712788343181
0.845546684845565
0.096595529790798
0.675736403489357
0.293189495541189
0.336816717118105
-0.140765939338008
-0.997690637751242
0.120422147552370
0.735537571098569
-2.968468105773578
-1.513060298317663
-2.311794393643057
-3.005687661997164
-1.609201202502174
-2.739421057684148
-0.505626581611629
0.717658539683592
-0.576186982752439
-0.278421028811188
2.253099728848256
-0.126857071598961
1.050526279196352
-0.384334858316729
-0.477683789644302
0.628223642580431
-1.046526198776773
0.101247828043043
-1.327745363110976
-2.586811230621906
-1.042407922334688
-0.636940727166903
-1.504716165467076
-0.615483098521260
0.833098840405167
0.620067770288451
1.147853645068946
0.362501865628383
2.917042189425428
0.516709335568450
0.855823923069048
-0.145930088700972
1.760504812307805
-1.471641652458952
0.111421461857134
-0.396251475202669
-0.730106699054904
-0.867074765576536
0.191223281696966
-0.728379718153617
-1.207663739023631
-0.550504182405449
0.434707100244238
-0.241752556923715
2.304643403631362
0.642716371656251
-0.741408836446060
0.341210239129489
0.817984108325646
0.080540457075422
1.436569612881394
0.163805926260843
1.161012242112589
0.257995010364251
0.760028765575215
0.826657404100231
0.356899627092278
0.421568005413605
-1.174579762958361
-1.725765131388688
0.565861591080664
-0.073622498027108
-0.136595034584038
-1.779592700345114
-0.173370071869947
-0.305206961664215
1.514441155367745
1.446923625906904
1.402498548894619
1.195079152491324
-0.151235033157273
-0.555037777512885
0.270187214390191
0.304303857343900
1.077448065663822
0.094117792765456
0.278756955913006
1.037559002723406
0.010492567220519
0.888725479888538
1.855535217713120
1.810212385872658
1.757965979645324
2.773813242429219
1.701063101530447
1.241286224815914
0.267293116912245
-0.670372461236025
-0.880744017360153
0.699035541735829
-1.870274239807093
-0.785502572056230
-0.280071319224964
-2.201772163241060
-1.321376584339394
0.805769134006663
-0.265080604190671
-0.184162377599610
0.404714927466507
0.618921433807625
-0.833716040281799
-0.560763066354663
-0.503320822082952
-0.168757332417069
0.105218823432338
-2.047180355451432
-2.464126684697980
0.222975236756788
0.152923225465009
-0.782072859158094
0.586239714216140
-1.384971534282947
1.334173689565863
0.556868634045977
0.061936303576646
0.370639209302636
0.924060576236581
0.295584122976980
0.596748980505298
0.001877913245972
-0.079206621098874
-1.259579515241280
-0.448257554240973
-1.024245398594556
-0.568757504945545
-1.544423311543292
0.894273692847978
-1.051112402622713
0.520450743681460
1.800810501405225
-0.436292044437706
1.229666141667487
1.150082752546921
1.463448585659302
-0.037334580964289
-0.063458359362879
-1.059828521860112
-1.701219702471398
-1.186749184661880
-1.146131485480133
0.839242636921325
-0.800181856736691
-0.610660386762598
-0.807736035460540
-1.227819758019999
-0.155381630706239
-0.885377396957637
-1.071725654569022
-1.532662405435503
-0.566055613530643
1.982279978005621
-0.824600983070158
0.523109010075301
0.594263857077601
-0.644354793045226
-0.408689306579969
-0.200694301669383
-0.405702731771344
-1.703353862389362
-1.395042426208075
-0.858612611795946
-0.336823019676412
-0.471216563494177
-1.646249920339145
-0.331473040856364
0.719100497695758
-0.718906361422157
-0.449211937366929
-0.318540375835528
0.889846970136986
1.780501527470965
0.272389273874012
0.782006820899938
0.593478639508697
1.276139344588211
-1.282987783270658
0.242789858594807
0.518424140843697
-0.294609488611136
-1.080001659077234
0.878260482444338
-0.255577491174698
0.208066235835988
0.502103863144687
0.771544597692649
1.739640477860563
1.415495143934931
0.702366270003299
-0.315979623495657
-0.119579737482505
0.100610117402447
0.290156465178019
0.302731487601688
0.426489531367149
0.750261013373747
1.050096233775014
-0.755094750516400
0.780953584362996
0.245495284236948
1.293608072193271
-0.130163947933104
0.062059141659837
0.840395278219592
2.788615669794825
-0.118703004988737
1.481925459063911
-1.422512247480907
1.738528638370189
1.562574741928896
1.023685865274145
1.725395023989681
0.023536765541472
0.565025458540588
1.247361657927823
0.555839768370686
1.863713266756482
1.230094867530665
-0.011572908603904
1.132971074672577
-0.916427594771964
-0.995485481178234
-0.157652770764031
-0.004956501445530
-1.106679877608876
0.930015854383780
-0.008225675458865
0.400238366466861
0.834244732972637
0.651236378097606
0.680717373131463
-0.456668468152880
-0.669971319524902
-1.754892602106778
-0.417092523086847
-0.853104604979043
-1.699006313307884
-0.028559172443230
-0.622817818899454
-0.288667653280565
-0.694798765753739
-0.224228993391269
0.432491038763839
0.146258210922925
0.386282704844367
0.582108073272323
-0.138688371190505
0.899614194912823
-0.178348962325673
-0.904048794198160
1.004133376263324
-0.203191684596893
0.097507430799388
-0.397139032404300
0.019694602611353
-0.096464781859504
0.364430424398319
-0.396535515166648
0.997469878213814
0.289570131215956
0.373158852371085
-0.178606816275542
-0.947537087667418
-1.010744259818140
0.232155794434716
-1.896362685586765
0.179196414471494
-0.329515973847659
-0.471399960755830
0.603988967601433
0.811620220871894
-1.326080404961567
-0.330945278672370
-0.331660519702515
-1.162683022968134
0.764224588272977
-1.528521072087696
0.721579999559705
1.185775166495666
-0.273904023569334
0.335669898631044
0.223938191114821
0.116522667109386
-0.591753916957435
0.008719278573679
-0.785756894555731
0.311080934671348
-1.029362396060407
-0.046455099244883
-1.031615452111477
-1.408490396407657
-0.067783739187389
-0.020972140776336
-1.483201755497773
0.586841517402462
-0.695134307447646
-0.612102263386556
1.618443078748335
2.627212299874394
1.850716142175333
0.449305655057440
0.988020019312312
1.964537093364172
1.977698414628790
1.161619750742101
0.579776385979451
0.060230419472144
-0.350201435126449
-1.718575089198683
-0.210353582440067
-0.946206995743899
-1.656859911137920
-1.301101856015945
-0.199212199697116
-1.878211210852377
-0.414041401004000
-0.752451899016139
-0.708169079598498
1.117232279086413
-0.563765807922774
0.373588305983539
-1.031125734106171
0.121958371281128
0.404684227990100
0.359278178210471
0.215666130208790
0.091841311560517
-0.668950713141176
1.022692363210300
0.225205993199306
-0.888394977830877
0.692613418703490
1.347186470272184
-0.033030456522817
-1.327300269747915
-0.316582995084108
-0.552905733478645
-1.138824109638169
-2.859525155182944
-1.405021838475649
-1.772998482924459
0.947766422690293
-2.579781342107554
-0.625419456708547
-0.731953593338107
-1.326236416669526
-0.105455867715635
0.610481070219611
-1.330480518612488
1.303819819254696
-0.439414666316262
1.002713091154489
0.807750689724686
1.351076306796640
0.810904176067070
-0.344835791012153
0.688577426475637
1.818442686038820
2.182744076197477
0.794642524276023
0.789857254621318
0.315478853912754
1.481235957755392
0.173218175930012
-0.666068005801507
0.831367763874563
-0.543488573937706
0.545045721073765
-1.306422945541298
-1.100087095282823
-0.581970839989853
-0.711809020194371
1.696980008890990
-0.818477369473859
1.924532359540708
1.822927356966193
3.056432972398669
0.281838520331039
-0.047899230067981
1.994444652193226
0.929382045225008
1.727921609432500
-0.247051423874134
-1.278093231716791
-0.484162510689831
2.138209152743531
0.708312954805029
0.633504780473855
2.332500915257462
0.448079242214354
-0.215531890845892
-0.803292974836734
0.101083360123424
-0.499971970171857
-0.306031984570706
0.434046017904154
-0.475795061864745
0.751607046059074
0.349330979823191
-0.456054223334199
-1.036607619433366
-1.146603219765486
-1.354016557084691
-1.929805827267349
-1.010996423498544
-1.109521100351819
-1.486410394741677
0.149360930867709
0.143911307078782
-0.758810856053375
1.063169084116951
1.009497335481144
-0.017975439479671
0.706580488777989
1.809211575572773
0.215485296222660
-1.059706977487979
-0.535140596325534
-1.468554779049731
-0.982829499287799
-0.650912615519548
-0.135499861135421
-1.094611786966661
-0.944103243923703
-0.080084023192270
1.766676342288173
1.505550967440608
0.781546478060674
-0.322427640547557
1.539228113276565
-1.199232340301357
-0.132331102685893
-2.377177037285064
0.273477062598007
-1.494027221504898
0.292642493432734
-1.692506155871789
-1.146131372579656
-1.104224536750497
-0.163185536693332
-1.150874696826339
0.591039529246109
-0.833474689187614
-0.674488236342249
-0.123268219350500
-0.609554578748542
0.389938296401284
0.847199889432693
2.982031282592648
1.333286002746685
0.958635702266616
0.956976273041188
1.559376202601795
1.252506410138049
0.595848000589215
0.944017670370309
0.003377113151361
0.441228097523556
-1.261770537292379
0.666003570326717
0.052945137263979
0.655525363302375
0.917099675638839
0.896587009354979
1.274452635680335
2.684515799578032
0.258146464675581
-0.433134105924367
-0.698011229479874
-0.101618936139998
0.336987266834059
-0.713348043925856
0.176703392671710
-1.198651615253834
-2.743450294877876
0.508138240386413
-0.793964850640721
1.076485203366157
0.927640786383841
0.301632208044190
0.090068732803111
-0.564894865134673
0.882246087261047
0.701667782448502
-0.631243801212583
-1.578611078728251
-0.718147447930989
1.401452572416351
0.778807507883235
-0.224530429890384
-1.511414487660922
-2.712929592058844
-0.329020725868015
-0.742044918840883
-0.293897575499179
0.474052029370822
-1.046599232728640
0.175172611267022
-1.431246208149831
0.052771159679084
0.511803579993246
0.594326232980706
-0.230499073245120
0.676415011609854
1.887625083956999
-1.577376381620920
0.375980903818527
-0.932495371826089
-0.007203962862930
2.715425960901436
0.449067633825829
2.101307593389852
0.232001464941475
1.049373683537217
0.715758556802711
-0.026794481815497
-0.225238522985188
1.108968104386101
0.323566604551456
-1.443335185309140
0.561349554684548
-0.347764468494687
1.333627305728228
-1.000550172214246
-1.887102763103786
-0.099365042576511
0.039089958115927
-2.384623940136238
-0.155331856446600
-1.106655954564230
-1.604894074029437
1.094828408130782
0.363171821630185
0.675654642873432
-0.078192940506554
0.054043177469427
-0.138439908273039
-0.209209032975617
-0.878377414283251
-0.811269899695240
0.484761202911675
-0.757935348612100
0.893860141145919
0.944840964530606
0.141266486448404
0.741561140509516
0.487780365629889
-1.399759019686731
-1.288130262548038
-0.247334252287021
1.730367980013781
-0.636936827865909
0.226218303456464
0.906935268837335
-0.641457708806999
0.721097362428901
-1.575673114652204
-1.756773838100794
-2.450241986622580
-2.049874806279738
-0.949182709253395
-0.375030749034615
-0.456927170375819
-0.222416892976245
-1.655585043256432
-2.154457515178509
-0.662026743479995
-1.242471323399000
-0.123961492217552
-0.183741692183353
-0.819851803712952
0.371057806167418
-0.872256588049452
-1.146786197703266
-0.810702561305064
-1.157842056548036
-2.163745829698606
0.259783882686120
0.800409969137589
-0.374574428106699
-1.177764665341333
0.515927349940368
0.386823261841999
0.544953494638802
-0.182683441979353
1.070261977522661
-1.577009866763890
-0.121005620839620
1.776716275694711
-0.644156080124072
1.382247903334330
0.022355190232384
-0.035751399255330
-0.331718225253161
0.794288475866629
-0.583570048477962
-0.071326641889164
0.875562331310953
-1.359113361467837
0.770665647146910
0.011050580062338
1.870839412682651
1.044756898618181
0.544720794630032
1.466096330894241
1.767926947130196
0.434466523557568
0.100017168595237
0.202821426022419
-0.721653374431446
-1.171843479185931
-0.769415440924408
-1.663279505421073
0.988079947632134
0.026825803503421
-1.227445320555795
0.807638035874580
1.560188680017851
0.123171648417159
0.809101308250101
-0.702282705919255
0.837625603413100
-0.310832161717025
1.542170782814249
0.479054605646090
0.313621278507739
1.649074169289060
-1.651196613488746
-1.879350350687858
0.834162043641435
0.942169535407022
2.135595687740273
1.648137883391291
2.820163652829554
1.161996034867112
1.721446192470568
1.818361698351822
1.118044254680755
0.884048911141458
-1.409188591984217
0.235608397103177
-0.138568581308800
-0.812032498867804
-0.081706362532097
-1.168159009991292
0.082681531047343
-0.511506531849527
0.549656225875440
-0.339807459022867
0.036064742192263
-0.368668486006032
0.029068300853407
0.930758599010964
2.500043631858247
1.309414690250921
1.305517256944359
-0.002707959531735
0.303898214018078
-0.821504357696629
0.651843671216053
0.058265258264275
0.018346494098972
0.562084957169728
-0.783450984285774
-0.799904236481617
0.725360474766416
-0.478423708567336
-1.243127568246032
-0.270052178837721
-1.584419010609911
-0.300835200823326
-1.196852941570773
0.259714798734009
-0.874657747939886
-0.159532473304994
-0.707970079507828
0.374202905123915
-0.917956064424586
-1.734171964666612
0.004888389903599
-0.124184878017613
-0.327646870450843
0.552248671240968
0.984085236143864
1.196747982919312
0.007289670323228
0.719351865763531
-1.595028504714016
-0.866103051506725
0.996951914546662
0.575821767182164
-0.588507292446749
0.356864478524713
-0.417114214899097
0.166608484749028
-1.060779867647074
-0.722700913635022
-0.083405444939073
0.361822591990537
0.418963731051348
0.968121392657445
0.212074967930366
1.199537012693000
1.502064906508066
0.445101634589520
0.346350068574702
-0.371246913976347
0.323029845160064
1.329452076056240
0.965284559002833
1.899457703404394
0.572829707845886
0.615044194710399
-1.247101692709471
0.416786720692626
0.300911168142954
1.833626324344414
-0.357927893994272
0.417804497307563
-0.763589162507874
0.133645373627901
1.367263019274977
0.474078250670512
-0.169697912984124
-0.041590155085719
0.311979469221789
0.616753397920726
1.314257702931297
0.512719309474034
-0.262461961552981
0.038237915014514
-0.751615972564980
-0.423055817469044
0.190304207517414
-0.614794395578345
0.199841899639299
-1.912921337115483
-0.317226562687195
-1.210657903167641
0.381283993619295
0.310196341381158
0.078474824841336
-1.440332684179995
0.277330548202589
-0.454071990460394
0.045807168240304
1.558779340064862
-0.547247555266634
0.466818201470483
0.424397024897916
-1.301976877885814
2.301817527542957
-0.709313615139276
1.474890501794667
-0.204092654180459
-1.181759379479372
-0.012335023623288
1.577754095271915
0.955638224309954
0.568438375006789
0.864646144776878
-0.086369567846992
0.436599708841757
-0.055492405562450
0.644037212385143
-0.379823784618804
-1.248866565966122
-1.074870735581755
-0.173593823707446
-0.574016802262222
2.647296953022832
0.061840408831332
-0.995741637869885
-0.726730523918360
-0.367158239742186
-1.745155525660974
-0.927673115484297
-1.345443927913074
1.311448913930656
0.054158828051687
1.061627015372731
1.206131355883242
0.805010394800442
-0.370424252554359
1.565632324484290
1.585259509307031
0.442344644909949
1.610442008944621
-0.309507994051701
1.028463197228646
-1.277293678579823
-0.479856272227876
-3.061973359281834
-1.320855803369418
-1.920087792568652
-2.564766841151520
-1.633932024378497
-0.033127147277765
-1.346494326641434
0.406739837931518
0.264351619378633
1.632345245248218
1.353777623587682
-0.751595344764824
-0.651989696208360
-0.679784787356938
0.376155066039821
-0.085791935301141
-1.163843623436031
-2.148859616277514
-0.963622095288310
-1.034910160396666
-0.777198608455982
0.269280035541476
0.435221050629828
2.042564206676815
1.167299810062238
2.408633215115618
0.682559460097121
0.156742656394888
0.614954097165221
-1.628683237299468
-0.835541911973514
-1.095458494732117
-1.169871364965939
-0.471798332678260
-0.037636296308425
-0.722242358762097
-1.207454667534399
1.184323868767177
0.098273566886490
-0.154052346169142
2.717192810085920
-0.562557797237528
-0.558079638261965
-0.988336058792909
-0.591155217285112
1.083109056938082
-0.904802281402288
-0.153267741844940
-0.287482173427444
-0.381734192610751
-0.400951508413276
1.181549107823209
-0.339925142715133
0.794670694923811
-0.847528650422400
-0.181063834753860
1.430081507057246
0.316042691329719
-0.540133990660365
-1.137838155054900
-0.014768572025101
-0.885237464182654
1.386752767620252
-1.743143373103653
0.926521061192625
-0.559171876151092
0.086335251946433
-0.549803764914572
0.426079446651962
0.484671807790971
1.306892924734409
-0.690054042166485
-0.016803749501315
-0.801460981996759
-1.291251104511985
-0.210565712917793
1.011507595045902
-1.632659481486920
-0.108726680296050
1.345726502869848
-0.351709504855999
0.447315054641388
-0.575757478266947
0.644400957871291
-0.610427772341356
-1.129289846294139
0.160346279661368
0.345890788514957
0.100262048917431
1.422836060507339
-1.086300936414839
-0.103612530954982
0.723074318043110
0.099734878676883
0.556948881591032
0.793964491991696
1.064633620870417
0.422160865545397
-0.400125358852397
0.771213941569562
0.017293019536666
-0.121568493526697
1.189913907773987
0.530777505703806
-0.506101770080625
-0.984383624337561
-0.036838702437757
-0.974055127665917
-1.732299056880932
-0.882636074253506
0.175818255724497
-0.517712188070739
0.463373935797662
-0.232394212446576
1.353816406670798
-0.865375675433216
-0.159776531039432
1.042017941137324
1.617390371200854
2.469864667338606
0.361875922008557
-0.259748452951152
1.907913487606084
0.556792620923671
1.573912898146891
1.509113946116093
-0.078830269266722
1.959487131689060
1.084351249598896
-0.443883476014009
0.352742206594992
0.665360963576392
0.480827792456395
1.356481626997483
0.663132394958549
1.271347825065637
1.193774409026045
0.953961500250570
0.617134597928237
1.315168606097216
-1.045933063790443
-0.867892938950330
-1.214724021323381
-1.276978506729572
-0.898802880601400
-1.279536495035802
0.325832720813824
0.800702327619848
-0.867921607513366
-1.066916269861862
1.845702026226361
0.570583043902630
0.533366552495857
0.835840458845462
0.068598704040813
0.569278784829607
0.642919298679751
-0.014203051214326
-0.229359377706933
0.492577130548833
0.141118853173597
1.622757093233024
0.849998651042924
0.208382094963556
-0.237333829160392
-0.849997420508493
-1.884405536419632
0.251886033479862
0.793605339859627
0.593995641549797
0.850639258152373
-0.634877519175575
-1.964130159836746
-0.023086998313020
-0.495248031474811
-1.643832415839683
-2.285298514533768
-1.200169393797667
-0.258958685398701
-1.691991497604330
1.312652136210612
-0.649645635059077
0.752899168487048
-0.442938792498227
-0.122909405043465
-0.844123121530635
1.545118849635459
2.393008475008937
1.646276300755449
-0.745655810830971
0.711622006165378
1.125622076540781
1.148030802464128
0.196252319300499
0.609169002458539
-0.400766779542267
-1.350963591992388
1.680350199405859
1.044335594301078
1.871708351582869
0.566135144038664
0.465074880955389
0.917911051609850
-0.134455769293614
0.367557304217238
1.790633932010705
1.236908290485666
-0.965038726926193
0.504624177573703
-0.177668726800524
1.762216987903192
1.646561209371345
1.589915174794358
-0.129977975776306
0.049646068233804
0.595153700987831
0.848974477887996
0.978374598312046
0.675307421380736
-0.714045337984235
0.474327862083085
-0.707328998401371
0.326645223790775
2.206894149800513
0.350048380545879
0.678269810893258
0.211116952672353
1.074189445503330
1.340678445387098
-0.384879167328844
-1.171100385841537
0.589692528901229
-1.349456830275912
-0.256136618245502
-0.058729697625103
0.316884884363839
-0.520810330218434
2.207606301812209
-1.268861009141780
0.071771703172193
-0.889755699357743
-0.510248406187964
-1.923028821509668
1.442450674869573
0.711203226905532
-0.553621461104964
0.092021613247652
0.860725050445214
1.362789021939457
0.401058393318922
-0.847165057432275
-0.849694319789278
0.416918823340580
0.323115802406185
-0.789974095898957
-0.622705883554491
-0.699493368177500
0.390823180249199
-0.269058482180019
-0.247951238327610
0.434811911739289
-0.798812019528451
-1.656612832393386
0.826784779986913
0.476734813079685
1.296547591809788
1.727089907699962
-1.129450068069279
-0.852484674091271
-0.371779885911383
-1.465508215906063
-0.295138167321003
0.088134762397243
-0.305873180113794
-2.263740840213193
-0.688827817302902
1.186552988367052
0.657536696207166
0.743725913104151
-0.158889028572124
1.490669920168575
1.639523578961596
-1.214063225522189
0.180279596743388
1.025821069505523
0.221963383316986
-0.609684971359126
-0.202410732446236
-0.942130026456720
0.106997255051639
1.353599830734610
1.949542186503067
1.263541081429097
-0.044713111494739
0.804105367722826
-0.938773983705945
1.870687640683439
1.332108231590106
-0.784093784296477
0.128317147083163
-0.395042790094095
-0.548862141760070
-0.948989424918776
1.712601591342949
-0.476868590815899
0.597337368975523
-0.878038964939335
0.568984359262361
1.402083279767025
0.337148186867155
-0.405749241593259
0.125195535807424
-1.081360105028812
-0.182790051742542
-1.472283606300094
-0.282217252183549
-0.957715309093853
-1.049214280946381
-0.167556389598383
-1.313069979314387
-1.593059510263898
-0.270272330308240
1.911116518106948
-0.435307056990464
0.975126367190559
-0.953828061862141
2.038396382102735
1.543185474817204
-2.149091847995761
-0.285841841962114
-0.301872936429898
0.424032536699276
-1.351934400896527
-0.550605350885545
-0.449191006598824
-0.233853331290322
0.664442836397339
0.456448157398588
2.641198036423068
0.378153401884481
-1.053876967777599
0.639399443884843
-1.265845067318886
-2.665040950272779
0.419959576430783
-2.084781842108533
-1.702683676431498
1.194680246228537
-2.260942349255436
-1.550949448114161
-1.105844733644726
-0.920801318325015
0.774343247521098
-0.319939698632063
1.326326582774807
1.405527813426188
0.689257870019604
2.541471663285876
0.230625660126675
-0.179514065438551
-0.515425172659009
0.707207701181559
0.554895252532834
-0.092074136167861
0.201997504030861
-0.608685905115744
1.053715305818909
1.364732637490958
1.836738560270145
0.474937269051330
0.791256061107687
0.958173371589898
1.419133118021773
2.405883102997644
0.233083369856421
-0.198189280852335
-0.941271337499052
-1.483271978300168
0.227572778688760
-0.810203050204605
-0.094627788585508
-2.599195072579528
-1.023295373685408
-0.610794971098915
-1.098391331117258
-1.402018808446885
0.752458643627391
1.417426077545399
0.885235674520833
0.688507256353249
-0.282821985089084
-1.599216224318575
-0.152587393130794
0.570226223250122
0.267805676262176
0.457607045801062
-1.398764060680128
-1.299722147948129
-0.416065597365157
-2.219549271035067
0.217441085291461
-0.360205850021840
0.014551785559683
-0.345641974624926
0.714030987896112
-0.679249329199806
0.001183333142731
-1.849336254623077
-0.134139645039366
-1.126277416219799
-1.505859464389073
-2.513087267866855
-2.362807001117416
-0.011568456487927
-1.992833162977710
-1.515736115425554
0.068556792106408
-0.482920744850842
0.865070559580470
-0.074987404274461
1.246585058387783
0.626206710007552
-1.566360961243909
0.290624089071580
0.907496862464623
-0.219988010962153
0.891718272850504
1.362278983972291
1.465924592692507
-0.609154442193359
-1.813596968238130
-1.446035190902308
-0.325977664145361
0.477512219617080
0.711395076070967
0.174274893276892
-0.222513834932700
2.661646709161277
1.410970456806770
0.383981600504165
0.022947051671283
0.998755482576266
0.317631138031555
-2.216537233695340
-0.658210865461124
-0.740955073635022
0.418409708026098
-0.658860817080467
-0.887331550095905
1.086235779714996
0.759079895637658
0.760157108395342
0.966225572615552
1.658517669789449
0.308690328064503
1.163554945097169
1.961139031760771
1.448016003554998
1.329670175026739
-0.010666235701137
0.260024951946638
-0.322344718673403
-1.175426251600262
0.211496049043060
0.658973589932059
-0.690215440316020
0.692924804006673
0.543425423574065
0.876729480007667
1.023012465635869
1.409265329940139
0.948677081078859
0.096510381919696
0.076654039510250
-0.254996302979848
0.442909361069165
0.356735724199478
0.123507919501492
0.557098787537385
-0.458459556460581
-0.607215467666206
-0.556095154217850
0.409650125725427
-1.110467655398536
-0.344762877544479
0.126267213961098
2.377917850930501
-0.357861945862661
-0.259908750694992
0.035466616841045
0.060491393161151
0.248717438929564
-0.247588455986139
0.052600437064573
-0.986589721363135
0.494012584475351
-0.543675801401252
0.640047182894516
0.637307412111410
0.264428972826096
0.901720782298468
0.533853249358865
-0.660489062741727
-1.553359754463254
-0.022702681363067
-2.013313928928337
0.164544144472786
-0.059159907477556
-1.211410690998977
0.098612950152457
-1.146597630963473
-1.663640252842015
0.329432721149221
-0.049815583475824
-1.025625171549930
-0.093764827555562
-0.601056047895832
0.025770390739529
0.417581504275181
-0.375957581439267
1.119274888818890
0.141357860947551
0.079246328025221
1.033758096651261
0.271922443028859
-1.052863473083891
-1.195973583583390
-0.699987333045757
-1.104442248645523
-1.069995832240608
0.317960627684778
-1.431009166796783
2.186039389530982
-0.332601700859491
0.537549674680092
-0.304606198657691
-0.433362465061515
-0.773166670595198
-0.800263691443724
-0.930139299301026
0.704365666793738
0.346325329244713
0.265593361460564
-0.950179177406567
0.269255089601767
-1.379651196553175
-1.090593655653802
-0.650476712024596
1.085266750202398
-1.741290016521201
-1.637343165100709
-0.361521226126668
-0.753458915120276
-1.204771583576590
0.378806389037956
0.723527667355003
0.704136038300469
-0.620861340124680
-0.445944103431641
2.468263851479952
-0.369272890685196
-0.311870238230850
-0.646642178360288
1.723503753448122
0.337926304163925
2.041030431499365
-0.243245886657937
2.830457182983956
-0.208077914119284
2.304641766905455
-0.157005961698524
-0.507308746712954
-1.116821825370883
-0.018303451457212
-0.134139047181179
-1.033071235844628
-1.304629860371926
-0.339177070640236
0.075080351118350
-1.904710203789513
-1.785895088046767
-0.833797287916411
0.863968320933145
1.015700259611176
0.513089971256707
-1.874582050164471
0.444718209417444
0.521344272251754
-0.654728930167246
-1.037680574231673
-1.149058910776474
1.367014970910954
-0.856965191546217
0.081433451417375
-0.465321064550932
-0.717944695334529
1.796927509747732
0.702795745748571
-1.951133596430094
1.408077314951450
-1.043870745982041
0.922708979845662
0.511554439580109
-0.838193218385968
0.703258672082168
-0.049445430789760
-2.651488500491901
0.299502989164991
-1.549866285745635
-0.669936039069959
-0.207566161173715
-0.569615060707986
0.511464337999401
-0.425361283182213
-1.114385194160286
0.174678326077960
0.684813365731447
-0.178358114656389
0.178939799139629
0.848609485520185
0.267868111248679
0.043661530711351
-0.391538122665413
-0.774131352106756
0.640760043190220
0.013816201930519
0.624922226300836
0.130320996982829
-0.571396918637848
2.358219229679063
1.009061500694178
-1.764093021712082
-0.834794551362937
-0.239259608382877
-0.268136460256874
-0.556913392452701
0.611653969280516
0.558060224731561
0.491248320766706
1.269195005651274
-0.179742102705406
-1.370449783985623
0.050281200766464
-0.092067404006633
1.191420611867785
1.652409923281456
2.187478251417020
0.283439141513677
-0.763990164334077
-1.293489781248762
0.287594428237485
0.312471043568004
-0.055313953822558
1.464733910855794
-0.550501963952953
-1.198133254745393
-0.363932303119349
0.407769635290982
0.726509446197757
1.498192103651823
-0.202727615036063
1.664598563022479
2.073627761941763
0.336642304446800
-0.068099284132205
-0.225029404300361
-0.001059515770447
0.710032386991504
-0.356152490704750
-0.051710944643924
-1.060617640796577
-0.973670283593891
-0.720066617929709
-0.560255072802853
-1.766590301583392
-3.129249576329791
0.339128466611952
-0.845652548721768
-0.862181215338762
1.050635842995991
-0.171567351771980
-2.004354731776461
-2.062582770444030
-0.984878464005740
0.650556635005007
0.621671611703343
0.222848603446517
-0.110251552921111
-0.822369341633924
0.506259083405628
-0.920440378345396
-1.790765319995377
-1.055488337190234
-1.707353122619944
-1.958377919015420
0.344681822086985
-0.791898841581247
0.413348059581311
0.159439997034466
-0.441773350890168
0.216504709874226
-0.869714902998031
-0.336341914080514
0.910770414290910
0.798122531864002
-0.180017710888791
0.169687617265743
1.585135255393391
1.154456974947771
1.772039738414850
-0.072291783574345
-0.215746528928187
-1.701153132223835
0.080818764844685
1.684823265778386
0.139708667557698
-2.173537694687198
0.350075238841757
-0.068312537120594
1.194593123993207
1.664571082918607
0.147453001209930
0.950197935713578
-0.607125138638033
1.400232164109542
1.357835333176788
-0.119084208857477
-0.027390255103772
0.583412175016020
0.718368641130512
-0.197696136471104
-0.030996632687209
2.743508314551315
0.478267125305374
0.870868162195771
-0.770506061722996
0.964174634277353
1.379159161974571
-0.811887720800142
1.365104413495677
1.053910717342514
1.605357418722204
0.756163984178021
-0.555035230595181
0.210647881125671
0.095770158064359
-0.235335264564483
-1.313232617865991
-1.032158277520842
-0.335837160091472
-0.476587348971870
-0.085936268709082
0.195605754692367
0.163305280542721
0.804475466698971
2.711137851268425
2.255824125476475
0.593605241079563
0.390887418588947
0.063280641267441
-0.317155843852600
-0.229596804395959
-0.583685157431305
0.654103967649881
0.336402966832456
-0.966677875718783
0.128370901780771
1.199005930712583
0.677509821653093
0.507845806303305
-1.258301530570226
-0.062002196035053
0.360721552189636
-0.672308541038657
-0.707559983660501
2.795833171163474
-0.995285010478886
0.008682372846663
-1.905123663873341
-0.265494388601519
-0.825933306786927
-1.945065613072021
-1.431463228586842
-1.751990216954710
-1.697069978106854
-2.087207530424588
0.815511485439562
-0.125468579148116
2.218431774239296
-0.583781047562716
0.421988908202974
2.089958599350155
2.145759742707205
2.118438134295475
1.789828040403418
-1.752896958512080
-1.578888432224850
0.789411500811604
0.993819884023615
0.004773022614788
0.662582576633469
1.070698495689858
0.298432227266816
-0.346643570490032
0.795901755840400
1.620546969237136
1.262904398436667
0.516688612121587
-0.706840654651850
2.519920520690547
1.142222603448204
-1.568452930351092
0.567237754330425
-1.506657057852185
-2.399865151840786
-0.672910859317290
-1.062663716052976
-0.560805797567505
-1.484951625233347
-1.394533933163924
0.890401162423920
-1.060609683686400
0.997166940805149
0.143931036751931
-0.681971315270488
0.708142616987373
-0.429490788640087
0.001508222865529
-0.080912469497516
-0.423216578038400
-2.063194478752593
-0.091073296777539
-0.154380589339220
-0.490010226820648
-0.513823265059507
1.858764485025703
1.209802656776884
-0.048959783006070
0.762229627665042
-1.199071480759520
0.143939842559275
-1.509066713853194
1.013967375655424
-2.603599385296050
-0.119356606791781
1.014636446172963
-1.548509156490463
-0.516069041867231
0.183392032019095
0.624138793075233
1.065841573411375
0.752346347699156
-0.859849244391770
0.023849335510315
0.887701227028534
1.041786339071103
-0.345259962605025
0.623854919793100
-1.131930319692996
-0.019821757330706
-0.654328915465168
-0.573448404227428
0.644855751939481
0.251903638471776
1.371108589940866
2.402700930618095
1.396051551660218
-0.010677220357199
0.360169125841798
1.555606592229612
-0.163872010863118
-1.408428260819472
0.339611788877526
-2.380621392749891
-0.416695197270814
-1.060561811457260
-1.707793470171006
-1.386683301544957
0.461720512087382
-0.422482667787536
1.096565383500829
0.565730174466363
0.387933525307021
-0.092139750457773
0.597130970570242
1.066182803707360
-0.690702064430509
1.137297310555244
0.267269954441064
0.995051950368207
-1.015188300067950
0.823681844728164
3.197240902083249
0.321253576341227
2.282279256496336
-0.736184403217676
-0.119056978152169
1.125206263789194
-0.379349778766663
-0.996966024322949
1.450693810546498
0.039213324987404
0.309183069162685
1.072556997736557
0.859546116150122
-0.381117117390595
-1.993333934610727
0.032732427802631
-1.802422185942097
-1.721654039628500
-2.079731318390398
-1.706073499610420
0.072419894266993
0.567401462081748
-1.310508985613678
-0.027852198279297
-0.689845187982478
-0.156131255404605
0.202849537802264
-0.286480469410619
0.983970800621633
0.136923620930135
0.989636714642893
0.551164204397478
-0.539465270282209
-0.828397921224852
0.209237093109886
-1.378665411307525
0.092846012687527
-0.070835295322485
-0.458211929613819
1.243184491809395
-0.777881542072942
-0.879043903069227
0.546085965454596
1.485527942277576
0.706441569717729
-0.794922516670152
0.923856489502526
-2.032526667927755
-0.773489610810085
-2.358197031306799
-1.043216616963964
-0.662152210291546
0.145016051003576
-1.645661121230518
0.113822017361266
-0.049926756511739
0.529213408406339
1.677928230889115
1.342316823439021
0.280643015643748
-0.692191459555021
0.069610818167005
-0.522593914537606
0.158261013635514
-1.576944739758356
-1.595845179127283
-1.541444703462522
0.910125346324410
-1.824200833618430
0.775761850533759
-1.491353561466073
-0.021682106089898
-0.219480773722277
1.094113640744870
1.261438531832545
-1.811633096197877
0.477045236214381
0.961696943670671
1.096603335429940
-1.960807510533410
0.059096437609763
-1.942527564469718
-1.374158981394536
-0.759754812914600
-1.966721971945861
-0.117664966590545
0.284612751004002
-1.112943539832016
-0.192629104250395
-0.048551688800836
0.192620442157248
-0.263611464084407
-0.931048909838386
0.415184379916070
1.828889465579780
0.182431273459861
0.178896333556893
0.008188991910785
-0.485040284494519
-0.940811192886905
0.342151496966502
-0.849465232709102
-1.144321631443300
-0.510972107607332
0.520609962800811
0.819830657584054
0.041623434887148
0.303590751810068
-0.106289072265198
-1.081890766476529
-0.522629526511926
0.621545703668609
-1.419097110545970
0.825021939296236
-0.280617404832725
0.812115687592612
-0.826037243289733
-1.728430964820628
0.830936858147596
0.287810013849279
0.112438540879780
-0.956042982637378
-1.105301675659292
0.922788429677145
1.339376347059624
1.164237469926735
-0.902017026404047
2.589024036430411
0.526535305830911
1.445722218869493
1.651500638720822
1.503625624257153
0.439042534521952
1.445732498022717
0.594170607608533
0.014752687192106
-1.165085616530410
1.286958403925423
-0.662030909011852
-1.143058059946888
-0.250946047512251
-0.040557071630803
0.360231049050672
2.504270125337739
0.986424833932492
-0.968641819512144
1.413776549992223
1.877583985470294
0.282422890267213
1.893267133417589
0.951875831343635
-0.176992484448757
0.531611201869216
-0.046880365864545
0.175253646157353
-0.523173361081954
-0.613921617873700
-2.340511534419467
-0.416751168583043
-0.262905486311447
0.352584136306879
-1.444415719105873
1.319889029596798
0.940571072657540
2.304144043448360
0.963973762420530
1.742407937346661
0.432047799996156
-0.402459300793985
-1.547616252165466
-0.208055323040296
-1.085024065708298
-0.171999085170844
0.794012770109596
-1.500761483089718
-0.721344772933071
-0.528059745352570
-0.367786596261246
0.640315180728039
1.036090395133030
-0.199305252931343
-0.968676303425183
0.926116145480375
-1.949074950384149
0.349500614741181
-0.283171071137392
-0.712714408416982
0.947352933289014
0.000770463517411
-1.041894262975900
-1.014030778874872
-1.617796277242199
0.486902712213228
-1.810503863363920
0.484285447858138
0.646041793601368
1.145770379476611
0.454014779545989
1.871898965420390
0.629979968534017
1.550932936924512
0.932775894111538
-0.460653248803747
1.000968776653940
-0.174613995411488
1.292093037540871
-0.123046297150700
-0.407026855780380
-0.123989309195594
-0.792647421051161
0.254843315601636
-0.313484784199776
0.924324210764659
-0.166471726512044
0.917893782220702
2.175215708938251
2.538223586161878
0.209355047061872
0.914227031358697
2.305442876985758
-0.601835420074154
0.070628599253618
-0.670483412005594
0.548068164349276
-2.024714854467638
-0.861805085946675
-1.040443119216250
-0.513981399383970
-0.221664643441705
3.242322257120395
3.976985203998766
4.633061709666795
3.447944100044570
3.183355393051299
1.977264437402424
2.557390966102145
-0.175548243232250
-3.101005800396194
-3.999797019219431
-6.368361274133426
-6.382835184880506
-6.683494281439447
-6.111135702456249
-2.484493776417336
2.378673777808831
5.723240280656340
5.844160931001280
7.517900726684127
8.283415582959176
7.803025508701345
5.769921597988936
2.392186893100001
-0.312552771827074
-4.692042810529413
-4.203901380024438
-8.392988275404905
-6.315272414415402
-7.661928690937432
-5.994522820534243
-3.435611759345745
0.990035847863061
1.087589977541089
4.894445826133684
6.280180303776084
8.597956143903744
7.260541991501579
6.446486283361754
3.027534917116605
0.311914278470923
-0.709545632118350
-4.717670643118169
-6.732120411341940
-8.842473554414516
-7.498838357551731
-5.180268012894335
-3.397944722417281
-0.919817776984619
2.280658859885236
5.470861031605319
6.903497491048133
7.054842121870777
8.730926438929780
6.560968790560072
4.661644312475381
1.047358930482746
-0.108958356200682
-0.089053519411787
-4.713462659314944
-4.738738196443875
-6.029485568386929
-6.431849962699844
-4.920279427887512
-5.844691489039924
-0.802845416193352
1.235014928907904
0.643437326522132
3.675926336997841
4.032040759233720
4.763933421206400
4.990171578670461
1.508548387922195
4.231672937951144
1.712523538377540
-0.684749207788906
-0.007559080737197
-2.528199507578759
-2.696396920736317
-4.130464133681555
-4.296139978344521
-2.389052119549794
-1.484300104834623
-1.206662619197169
-0.753872755797654
-0.004213261635163
0.912421527564391
2.000087372802801
2.730130403066084
1.562142172524625
2.879596931225450
-0.325238337005139
-0.496908611696490
-2.555812197356209
-2.262797897436375
-2.522276308237116
-4.271135793633943
-3.512023745835884
-4.077465732399701
-4.481351672832667
-3.656322220168229
-1.389010201186387
-0.052812728685055
-0.310958900506911
2.859327697654588
3.461522188815536
2.865575352893296
3.793193756896145
2.932696964963905
1.411821741905587
1.415098840185064
-0.565019925805765
-1.130921750735793
-2.237322000500120
-3.080376319293973
-4.014136320548588
-2.378631024427789
-1.708395920657590
-0.516690968329881
0.341938541844501
0.805599496232643
1.255168161115053
3.778431671647089
2.333478525220760
2.972134879652941
2.110276426008594
1.160024993309492
-0.183582444710714
-1.291178999959197
-2.247094675144458
-1.027244481213904
-2.695202797165068
-1.434150427476782
-2.150666046352366
1.274004696015256
1.599624299079388
1.065057543633626
1.194598765731944
2.606292698204080
1.827466993715719
1.297611163313785
0.039285924923724
0.341245986570015
-0.156210891163064
-1.116944446570759
-1.104444756986895
-0.647199402319596
-0.110227578711396
-0.138651341472468
0.862199588717544
0.819068367324397
1.429070969759697
1.595408659552681
1.438088861743760
0.782416541630245
0.797119260688438
0.415050266787440
-2.227361206370095
-1.950784260774304
-3.101654939753350
-3.541860264558037
-3.881274166555796
-2.966871857277722
-2.106623479744133
-2.022628271346449
1.643478424114421
1.870612070636203
2.044957139672589
2.850454819607626
1.396721280006816
1.409847685851094
3.069249280864935
1.616662687446565
-0.123923182694743
0.342613135680077
1.323535500608571
0.376771863817111
-1.580190038245623
0.239404244478224
0.419094940931058
0.623320094067621
0.352691409534516
0.782082989826127
-0.502107201329773
0.434437622260434
-0.011111698858711
-0.233351204879030
0.276495499195668
1.051816334204055
0.419291148039498
-0.707209642413415
-0.224849851147284
1.352746182085984
-0.116505455314041
0.561463971247345
-0.237403015000269
-0.493203068949865
0.368263770051426
-0.699908016799485
0.278674418267508
0.904787654871320
-0.151281577663293
0.758512944632535
-0.620912429278743
-0.875168945713483
1.081674366582553
0.080616703993301
0.137472590210426
2.726282833369607
0.660673198151164
2.201331179333122
0.167338364608447
0.104708280156516
-0.810970160902927
-0.697530756907846
-1.878087042786958
1.278498604220046
-0.134629519748177
-2.215803067207105
-0.817483114859219
-0.817910041424186
-0.053617665903444
2.211782056456342
1.612095978707891
2.125189329058738
1.328986059991975
3.684317837485927
1.344843964106935
-0.400067456546541
-0.552295553706153
-0.762638793489940
-0.706751167390712
-2.145354092822281
-1.402128513978461
-2.709538409616064
-0.238811324294334
1.232187837585728
-1.876701215942254
1.527943575982298
0.916011994410445
1.050371073636063
2.416084573933000
0.768695957625354
2.165731780630570
1.611104721890807
0.701183352200244
-1.361877529289348
0.539695949546159
-3.663599124194187
-1.672528523658430
-2.430125276924903
-1.007869044380799
-1.081903332067456
-0.727969716121451
-0.243245838276951
0.620931385039741
-1.342097844977962
-1.234048798977747
-0.137761401923540
0.369766765362040
0.598027027341899
-0.147618606268305
-1.073784566025247
0.300615742207742
-0.331178608672879
-0.251104655165052
0.151417080313166
0.730782546299049
-0.649763024917214
0.571167368243962
0.321574809166584
0.525985123106166
0.923478997530296
0.040407282331210
-1.230521856962461
-0.835889898060975
0.271442593268020
-0.467912189657366
0.912997101743013
1.589061796885471
1.981479459856594
1.230121773336092
1.757160641552693
2.011245856279377
2.349853400630140
2.203394396254390
0.561864907338077
0.339362073961760
-0.973514196749009
-0.008250755595250
-1.114891756997661
-0.470797474627168
1.587505069695788
-2.661663213168988
1.055130567833778
-0.022942464208518
0.975586762561996
1.627282179435164
0.860015518918546
2.346251178685126
2.465609857179496
1.044803433400020
-1.440857490842439
1.826778569166050
-1.595008836112846
-2.622806820373376
0.388144561845043
-0.383307271722861
-1.524047559491053
0.089466975371050
-0.422852240116505
0.836390308763110
0.356393148484499
0.595668364474430
1.683490265668681
0.791859208912362
1.520845507698223
1.601535619993511
1.670026254414372
-1.157565694066335
-1.610394227669882
-1.700496554026743
-1.158609038538502
-1.122105947451963
-3.082108822331143
-0.022712663703895
-1.328518880238595
1.729107227768216
0.136179658641486
1.620215123906396
3.109502327575991
2.334342960418279
1.529521822271065
0.981306853374493
0.732265787570807
-1.450897618670913
-2.250800875812540
-2.826960930546807
-1.625727306042045
-2.488265322663322
-1.816456607790001
-0.865924952769677
-1.585525323187598
-0.922256377844462
0.889989373103304
2.476236222523044
-0.142724609284559
1.620547912466616
0.397880693157364
1.508077093294849
1.052365547620340
0.098542748948306
-0.835261009881000
-0.184952537167650
-0.099071171149055
-0.033730064945526
-1.117931073307252
-1.508234360181080
-1.382184968321865
-2.485466994833413
-3.204872261516711
0.050619589413032
-0.772962487280014
-0.534305428564180
0.819038356764643
2.756794271131106
2.405167536056079
3.091610719474315
1.339494994189395
1.783983306800025
1.175112363027762
0.363221523476788
0.656163054407588
-2.148854320750452
-1.652650784536452
-3.119775430275020
-3.270590024709577
-3.072627562315934
-1.731320880038361
-1.019126325584283
0.813970802522726
1.655572236287228
0.497199542070890
2.858521056072949
4.280307160974505
4.296343968396430
3.154627433045212
0.918443173964633
-0.031788143435863
-2.457088133476129
-1.399623517717942
-4.629755424081009
-3.166393962488778
-2.808146740132669
-3.931096473705120
-3.751767623596471
-2.067238216226391
0.398416280065503
1.180516705180882
2.352899617510314
4.119249064078217
3.590114960001214
2.421970092621712
2.096756296410214
1.858054249426990
-0.828310259958919
-1.393095210315900
-2.402881559057582
-3.102838367026250
-2.391589174387794
-3.367358344166149
-0.141989414325804
-2.368758200149779
-0.367978445865670
1.388068524246325
1.450521127086011
2.184267632576090
2.268658879724029
3.919847243441621
0.970693794112222
1.258395766921156
-0.120391816470423
-0.050265843107494
-2.489726236543005
-1.741587109967138
-1.867848979785534
-2.223391800804395
-2.811515330309872
-0.653593516702161
-0.437244418130246
1.593480055119166
0.355268612164357
0.637738852786079
3.675214453821699
-0.177374988367392
0.185346871973877
0.745727131453913
-0.203712872088670
0.185010828764877
-0.679690762207726
-1.287672611894183
0.103323709785485
0.092944422946002
-0.286193174534539
-0.426800444542577
2.772365402636665
2.564144508189432
-1.532773528692494
2.960407068168588
1.812364900436727
-0.290960687596019
0.502855414601764
0.875812545121058
0.003694599192597
0.591117786634463
0.366615140738380
0.260178329206661
0.583326216160294
0.644961412949762
0.068663196861237
-1.105166198847799
0.995342555783666
0.024671698862251
0.670790131413360
-0.153784744824179
-0.575351456463829
-0.462982256006120
-0.906464081704392
-1.532438319160880
-0.289694917945656
0.298012810733168
-1.327929564485072
0.393601022926336
1.227390328823631
1.660369895285470
0.489290837082422
0.501899813799435
1.504277272049068
1.662894713870782
-0.006787058474561
-1.353636446187251
-1.529892424702074
0.189357530834736
-0.449689712646416
-1.846628177239071
-1.280741148581288
-1.468234218072522
-1.236493657435478
-1.049498820068093
0.405973482375366
-0.202403600834239
-0.334294421610286
0.079006483170320
-0.114224499955336
-0.298911825476735
0.193075933647951
0.627260368429290
2.227055328817072
-2.329107835886911
-0.755516104697649
1.384861295609439
0.965596767769843
0.640099393425837
0.088190638717328
0.735627985100007
0.297293966630598
1.856441238669017
-0.087611786354943
-0.413862599876814
0.696020438573216
0.167372882882345
0.790042023592248
1.931383763769641
-0.333715498923621
1.107995561768454
0.022556770291229
-0.890383146234472
-0.509660541102289
0.720211524886311
-1.198548525253809
1.505184965143321
-1.010756148672018
1.143162794785911
1.146612235369622
1.125286421425321
-0.775370305002620
-1.165948921476278
-1.723768339098955
0.180432497961403
-2.205283973576595
-0.504510425308769
0.205832174749328
-0.383917419526958
0.233637946300565
1.184114079982600
0.405486111633272
1.269528970569370
-0.889433708609369
-0.556936569945066
-0.071058310936453
1.205463951945617
-0.097277837413777
-0.965406347448053
-1.626439548388522
1.030667352339296
0.622024870899349
-0.604744150042556
0.550089195202530
0.661930171976460
1.499864259327493
-0.754037002480402
-0.151353137478435
0.151796112521225
-1.192280270319831
-0.779669285730008
-0.236457027490402
-1.149810617611351
-0.782440291757026
-1.145643297899189
-0.199758462420734
-0.378876460238031
-1.094312385055719
-1.281700341704288
-0.804998188833945
-0.445047770514606
0.044888786356450
-0.704303266920985
-0.002279081891410
-0.094505565525168
1.314485264608710
0.379078898879850
0.274732162121782
0.645041718709118
-0.678123479332341
0.132000914127850
-0.660143728225509
-0.944973475602133
1.011871325002172
-1.276985096078149
-0.966648866210318
0.785000285416660
-0.158878624587906
0.646344073969024
0.897600759272177
1.716435921777469
-0.205135274636026
1.972168137527379
1.156824148788119
-1.022014129375309
-1.333641704422327
-1.206879731312527
-0.920955306554654
-2.751192548136080
0.046961168627833
-1.634764362888040
-0.505650058791404
-0.622852831299390
0.136709285195277
-0.197614920030351
1.423001072920923
1.708394953275360
1.153243913742640
0.256130146016056
1.865711911400472
0.252286023495515
0.260164034521316
-0.321347990184278
-0.201855128528226
-1.306531254729192
-0.612129371736823
-1.469901275051915
-0.843318051387023
1.007447704347981
-1.477721082091093
0.395999901752322
1.464581918691257
1.205234230789519
1.049223359583268
0.188603706993479
2.169061687134844
-0.061905302088142
1.053046563998377
-0.304597469017990
0.470456210071721
-0.008046812991981
-0.466196003285435
-1.259828636499967
-2.004543982374074
-1.106197754956641
0.497651904102061
0.460723053482902
0.611007027793997
0.409927184061184
-1.743461685623943
-0.889740112392787
-1.068437781795243
-0.287880604764610
1.503181692077809
0.140769344542590
0.304859960625286
-0.149392311490777
1.435393710075749
1.419674351740715
1.030443233610308
0.811958980671078
-0.235865622875218
0.511096500275822
-0.817610273369236
0.230673149172395
-1.007867766931161
-0.262351660201766
-0.187196333425346
-2.053731287363832
0.039263159360469
-1.115924838168853
-1.358464163331504
-0.010271618276697
-1.574238666178659
-1.395522758379487
0.521973929348708
1.422165598835102
-1.488440288047223
0.220202014747362
-0.517612939569254
-0.737187453408677
-0.311263770889868
0.065642560771700
0.010559959366484
0.045290549769880
-0.232418445649740
0.067810771172980
0.230737972866330
1.689898117247556
1.057052559033750
1.025990303041651
-0.080186551699408
1.161389459176379
-0.394341849138015
1.161140804886307
1.672017459134824
0.148010341919961
-0.971700106493957
2.506883994587543
-0.719704635496873
-0.490873177161231
-0.070458295633037
-0.721313859449470
-0.997536575749417
-1.665715749609298
0.372630202659499
0.618292508160908
-0.704765252579986
0.655694811266114
-0.895174351653186
0.180835264126411
1.328106746224805
0.816132225009362
-1.499885646477479
-0.589748746184817
-1.281515271351353
0.768223849545580
0.768699238792471
0.240124078859709
-0.926857229276562
0.635038768222404
-0.561688233046401
1.577852925310012
2.609706347368252
0.477903962206650
0.344564508237365
-1.551582596677649
-0.449820783973942
-0.347640281959204
-1.890875880622792
-4.276675740586130
-0.540771393350175
-2.302164831424274
-1.004232136170977
0.148968876855123
0.693665054891221
1.751694390395816
1.076407208844231
3.311883472309272
3.579289061243909
